0.0431807,31.68127984877914,0.240395829185464
0.0458244,27.68599873751387,0.2164514298994875
0.0484682,24.09811768867925,0.1996477021688315
0.0511119,21.02380921198668,0.1899650903884937
0.0537556,18.83444898029967,0.1714321685280935
0.0563993,16.58047115011099,0.1631273379076081
0.059043,14.70970797169811,0.1446032212142675
0.0616867,13.3500330486959,0.142292441560405
0.0643304,12.09645081367925,0.1322440417747668
0.0669742,10.91666746115427,0.1206849770901907
0.0696179,9.801728238762486,0.1152153581103535
0.0722616,9.023018888041065,0.10501572088001
0.07490529999999999,8.250015543146505,0.1001009446157596
0.07754900000000001,7.578642126109878,0.09485130937557375
0.08019270000000001,6.858690607658159,0.08667443555082834
0.08283649999999999,6.370327874583796,0.08459599320364616
0.08548020000000001,5.889681455327413,0.07847212696334734
0.08812390000000001,5.500437939789124,0.07908146617696431
0.0907676,5.122910431465039,0.07570428682986997
0.0934113,4.75047537527747,0.07211851035104683
0.096055,4.420068071587126,0.07018787062225809
0.0986987,4.096107190621532,0.0652852575037051
0.101342,3.824214156492786,0.06289428251786784
0.103986,3.582629342397337,0.05824368691970067
0.10663,3.404659422169812,0.05754457534554542
0.109274,3.206586261792454,0.0555941882547612
0.111917,2.98693172863485,0.05174301899076023
0.114561,2.801305355160932,0.04896083684965803
0.117205,2.665626253468369,0.0474031254248024
0.119848,2.517610769284129,0.04503720534561109
0.122492,2.369836993618202,0.04227271489851658
0.125136,2.248918547447281,0.04112107625537149
0.12778,2.114446271503885,0.03898735505257832
0.130423,2.003728661903441,0.03755708696271488
0.133067,1.943382613068813,0.03672835899544177
0.135711,1.813073725721421,0.03373182046281247
0.138354,1.706207268312986,0.03250670857166044
0.140998,1.654445706159823,0.03152305422354505
0.143642,1.579564846698113,0.03026322196832297
0.146286,1.496078829772475,0.02836605885141005
0.148929,1.396058498890122,0.02676988614215938
0.151573,1.356456873612653,0.02662172709165831
0.154217,1.268150306603774,0.02466545177401912
0.15686,1.225907490982242,0.02411621167467725
0.159504,1.184664381243064,0.02314198348047632
0.162148,1.115959690621532,0.0220837429136659
0.164792,1.070075932991121,0.02150442869185321
0.167435,1.036623899833518,0.02055001992427014
0.170079,1.013984517203108,0.02018609297782549
0.172723,0.9687350527192009,0.01930019173847265
0.175366,0.9321872093507215,0.01879755599097075
0.17801,0.8933567896781354,0.01794614441387484
0.180654,0.8365785682574918,0.01689336082789534
0.183298,0.8425720192841287,0.01708697657852593
0.185941,0.7939590545227526,0.01608725937584933
0.188585,0.7748472794117647,0.01574930006257194
0.191229,0.7365849285516094,0.01507657626222223
0.193872,0.716714927164262,0.01465061139770236
0.196516,0.6787191675915649,0.0140318889817153
0.19916,0.6760213901220865,0.01391709652496691
0.201804,0.6410806943673697,0.01352511621354873
0.204447,0.6162257609600444,0.01284412465532231
0.207091,0.6021578856825749,0.01247392097969762
0.209735,0.5965906007214207,0.01234011160009652
0.212378,0.5772235654827969,0.01202726147169513
0.215022,0.5392624403440621,0.01131409013183775
0.217666,0.5360995130410655,0.01132025450059875
0.22031,0.5403928551609323,0.01146676468058814
0.222953,0.5109159531076582,0.01074839329013319
0.225597,0.4850662583240843,0.0102182293479612
0.228241,0.4847964851553829,0.01028697845638283
0.230885,0.4645775985016648,0.0099025837854114
0.233528,0.4536859961154273,0.009759585640973852
0.236172,0.4451986369311876,0.009536121160281529
0.238816,0.4095761716148724,0.008913708835633073
0.241459,0.4105914664261932,0.008836647792664737
0.244103,0.4067864400665927,0.008654044792567782
0.246747,0.3980342980022198,0.008577671029455362
0.249391,0.3883128496115428,0.008428387535877362
0.252034,0.370822025527192,0.008152633995997131
0.254678,0.3597893215871255,0.007835530232296432
0.257322,0.3583224056603774,0.007801634055256595
0.259965,0.3434290496670366,0.007518045480465062
0.262609,0.3340416072419534,0.00734872159037354
0.265253,0.3298497877358491,0.00734248139230852
0.267897,0.324973978218646,0.007134705511403278
0.27054,0.3146302774694784,0.006944408623118608
0.273184,0.3108009635127636,0.006791635319932586
0.275828,0.3066720491120977,0.006709695594804361
0.278471,0.3006743403163152,0.006685283706687087
0.281115,0.2812965004162043,0.006340902934995879
0.283759,0.2859890885127636,0.006412197074208358
0.286403,0.2810711820199778,0.006180328526780035
0.289046,0.2745563602941177,0.00613058197777312
0.29169,0.2633324687846837,0.005903029320388792
0.294334,0.2699186424805772,0.006043835692467575
0.296977,0.2609035946170921,0.005876321753001196
0.299621,0.2554895664539401,0.005711042858313707
0.302265,0.2440273314372919,0.005523657632808351
0.304909,0.2514051754994451,0.005608568364304465
0.307552,0.2459140496670366,0.00555118178524314
0.310196,0.2436561272197558,0.005464403533778767
0.31284,0.2394126422031077,0.005359151281984081
0.315483,0.2281942445893452,0.005176436635199341
0.318127,0.2240650486265261,0.00507493814787725
0.320771,0.2209356546892342,0.004998320222044499
0.323415,0.2165455833795783,0.004933573729679942
0.326058,0.2177363852663707,0.004911242736375955
0.328702,0.2143374722530522,0.004912713972554821
0.331346,0.2073292552025527,0.004736636982988702
0.333989,0.2126123157602664,0.004784292823589617
0.336633,0.1960976012763596,0.004471185028457259
0.339277,0.1990846094617092,0.004506535360063234
0.341921,0.2026333226970033,0.004616601927619021
0.344564,0.1947608288706992,0.004447090638508489
0.347208,0.1933595581298557,0.004422631159357167
0.349852,0.1864275665926748,0.004275045655288613
0.352495,0.1895809276498335,0.004321048162792994
0.355139,0.178435871254162,0.004129756543073311
0.357783,0.1840556709905661,0.004223461006540443
0.360427,0.1802077052580466,0.004143630033805999
0.36307,0.1743932796892342,0.004005588478550441
0.365714,0.1719644169672586,0.003979553956933954
0.368358,0.1716541125832409,0.003920949370292807
0.371001,0.1661241700887903,0.003852398819798153
0.373645,0.164133109045505,0.003823704200474985
0.376289,0.1618709700332964,0.003751338150485061
0.378933,0.1547106132769146,0.003646865582579019
0.381576,0.1610118895671476,0.003681156625489828
0.38422,0.1572552369589345,0.003649794470126965
0.386864,0.1561746517758047,0.003606979513934494
0.389507,0.1538629669811321,0.003584008983503015
0.392151,0.1526713272752497,0.003583760507126395
0.394795,0.1540041738346282,0.003539900485010261
0.397439,0.1454674451304107,0.00340914501583116
0.400082,0.1491751311043285,0.003440957559496847
0.402726,0.1380222024139845,0.003273408308150908
0.40537,0.1396679400665927,0.003293036380607441
0.408013,0.1432716884017758,0.003304910709047796
0.410657,0.1436393902608213,0.003345550882751041
0.413301,0.1356951186875694,0.003186043684404921
0.415945,0.1333543894977803,0.003162581031305802
0.418588,0.1363994910516094,0.003214261968856247
0.421232,0.1289955692980022,0.003078321982058477
0.423876,0.1330947228079911,0.003187594376961753
0.426519,0.1308361822974473,0.003168270268814142
0.429163,0.1322361642619312,0.003273395646576213
0.431807,0.1249409552580466,0.003211674529145016
0.434451,0.1192342489594895,0.0031604938929941
0.437094,0.1227316675221976,0.003297835644873833
0.439738,0.1224714491537181,0.003303652974749971
0.442382,0.1265501974195339,0.003438743422437744
0.445025,0.1248336548973363,0.003407815685935315
0.447669,0.1214637679661487,0.003367117304842846
0.450313,0.1187943504439512,0.003366186417582908
0.452957,0.1222551361681465,0.003389777805424148
0.4556,0.1181390042314096,0.003292255478460078
0.458244,0.1130188422586016,0.003144266917229578
0.460888,0.1194417213512764,0.003282158057250236
0.463531,0.11868606118202,0.003303316087948256
0.466175,0.1078834690621532,0.00305807079583215
0.468819,0.1053704169672586,0.003070096145906402
0.471463,0.1114074895255272,0.003110337407906021
0.474106,0.1051583480160932,0.003049027929385633
0.47675,0.1080562887069922,0.00310476538512455
0.479394,0.1007657266231965,0.002969263587586186
0.482037,0.1010145932297447,0.003010156856275351
0.484681,0.09818068389289679,0.002812392074195591
0.487325,0.09989318611265262,0.002839311780736998
0.489969,0.1042291288152053,0.002856193529441083
0.492612,0.09912921413706993,0.002754788093480625
0.495256,0.09817611022475028,0.002689027073222059
0.4979,0.105294772891232,0.002787605821134843
0.500543,0.09743886147336293,0.002624335711028175
0.5031870000000001,0.09708732311320754,0.00259680212626469
0.505831,0.1004677697697003,0.002658336663169666
0.508475,0.09753372502774695,0.00259408189249959
0.511118,0.09552850117924529,0.002519655767206395
0.5137620000000001,0.0942079792591565,0.002497084856580265
0.516406,0.09422790149833518,0.002473550349169275
0.519049,0.08810166301331854,0.00237265683417342
0.521693,0.09102334191176471,0.002393328989430385
0.5243370000000001,0.09023251623196449,0.002376432017253883
0.526981,0.08745917251664817,0.002329077280365651
0.529624,0.09091385086015538,0.002358638690520267
0.532268,0.08740066252774695,0.002302181125001047
0.5349120000000001,0.08572397135127637,0.002249364261636213
0.537555,0.08449486556603773,0.002224951997327816
0.540199,0.08972571809101,0.002325836726714236
0.542843,0.08284179127358492,0.002190252840466303
0.5454870000000001,0.08467102504162041,0.002215738767852936
0.54813,0.08275029501942287,0.002136459370521883
0.550774,0.07815520983629302,0.00207808067199381
0.553418,0.08122136445615984,0.002114663898701952
0.556061,0.08111058004994451,0.00211230617090338
0.558705,0.08015433088235295,0.002106221303346
0.561349,0.08130294193951165,0.002078089615973074
0.563993,0.0774626745283019,0.002025443754608764
0.566636,0.07710263207547172,0.00200461613475656
0.56928,0.07804105584073252,0.002033154063861154
0.571924,0.07949980646503885,0.002049283479417798
0.574567,0.07783207262763596,0.002011434937633404
0.577211,0.07759551692563818,0.002001067051961646
0.579855,0.08000423307436183,0.002020555848062045
0.582499,0.07384649854328523,0.001928770576089987
0.5851420000000001,0.07913530937846838,0.002006909132917646
0.587786,0.07895150194228635,0.002020345108833392
0.59043,0.07545666093229744,0.001943609143597869
0.593073,0.0757338417036626,0.001918259871145913
0.5957170000000001,0.07545738200610433,0.00191911866229181
0.598361,0.0751082060210877,0.001917355641849094
0.601005,0.074507952136515,0.001892528841796533
0.603648,0.06984973980299668,0.00180174320306999
0.6062920000000001,0.07086291717536072,0.001815909002017032
0.608936,0.0725366416481687,0.001842410973914026
0.611579,0.07105101671753608,0.001800428920489065
0.614223,0.07102337784406215,0.001798673215015965
0.6168670000000001,0.07266234655937848,0.001823717525964742
0.619511,0.07076744242508325,0.001778967460275853
0.622154,0.07052279009433964,0.001779339312449905
0.624798,0.07288006048834628,0.001806541143989008
0.6274420000000001,0.07116064969478357,0.001767289597530192
0.630085,0.0687748385127636,0.001736749094207705
0.632729,0.06545127656770254,0.001666886550784533
0.635373,0.06763444769700333,0.001702650077716923
0.6380169999999999,0.06592372870421753,0.001660267010457906
0.64066,0.0643346628745838,0.001642487438211111
0.643304,0.06801879834905661,0.001706651305291945
0.645948,0.06444216009988901,0.001635427589426252
0.6485919999999999,0.06736945192841289,0.001681101837036392
0.651235,0.06685892480577137,0.001684530859945017
0.653879,0.06725978461431743,0.001686525514201898
0.656523,0.0636800194228635,0.001614624440434019
0.659166,0.0655207926609323,0.001648139865740767
0.66181,0.06293410405105437,0.001581427055123788
0.664454,0.06298231298557158,0.001598012012759379
0.667098,0.06103153593229745,0.001568484786048885
0.669741,0.06028396781354051,0.001551682742614644
0.672385,0.06070603405937847,0.001548364896866826
0.675029,0.06221391613485017,0.001564615873047667
0.6776720000000001,0.05835905556326305,0.001491687970963089
0.680316,0.05999071052996671,0.00152500453831178
0.68296,0.05846532124028857,0.001484268630503994
0.685604,0.05685755327413986,0.00146779041873897
0.6882470000000001,0.05822027518035516,0.001481205779852459
0.690891,0.05957283566870144,0.001507093969743476
0.693535,0.06097356846559379,0.001522297378908398
0.696178,0.06039738242230856,0.001512335237214458
0.6988220000000001,0.05650289026082132,0.001448512425322871
0.701466,0.05653797336293009,0.001436024065664588
0.70411,0.05605359947280799,0.00143567347421667
0.706753,0.06032663935904551,0.00149244902001833
0.7093970000000001,0.05637198446170921,0.001428733585625524
0.712041,0.05714517931465039,0.001443523402111574
0.714684,0.05476371746670367,0.001392513554772594
0.717328,0.05672442931465039,0.001425868371337968
0.7199719999999999,0.05674505889289679,0.001425900435646735
0.722616,0.05635360738068812,0.001410602872105221
0.725259,0.05414605251109877,0.001374360179976963
0.727903,0.05343110439789124,0.001343732621596896
0.7305469999999999,0.05377263242230855,0.001368322996250282
0.73319,0.05514026907602664,0.001387117807018681
0.735834,0.05374759857103219,0.001351111976608939
0.738478,0.0535255490427303,0.001341693072274278
0.7411219999999999,0.05224003468368481,0.001322282744919485
0.743765,0.0525341320754717,0.001334639738427975
0.746409,0.05613812076859045,0.001373995166919565
0.749053,0.05106721157047726,0.001298917637187326
0.751696,0.04954656534406216,0.001258430409532251
0.75434,0.05354293951165372,0.001340167755213212
0.756984,0.0527619799528302,0.001307046242597113
0.759628,0.05099277157325195,0.001284057588863738
0.762271,0.05172022745560489,0.001293227763891998
0.764915,0.05139774722530523,0.001279516847633998
0.767559,0.04944036605160933,0.001260120748081689
0.7702020000000001,0.04875568930355161,0.001229744924201618
0.772846,0.05033856992230855,0.001254798061066692
0.77549,0.05138811230577137,0.001283071197196081
0.778134,0.05175908074361821,0.001273422883997258
0.7807770000000001,0.04799676255549391,0.001216803004909454
0.783421,0.04887712042175361,0.001224100359890576
0.786065,0.04670273952552719,0.001186439067286273
0.788708,0.05222027497225305,0.001284086775350493
0.7913520000000001,0.04832317778856826,0.001203692666492165
0.793996,0.0450740695754717,0.001152056201740749
0.79664,0.04903225201165372,0.00121511709785397
0.799283,0.04346862964761376,0.001114998310368575
0.8019269999999999,0.0485920536209767,0.001205852315773741
0.804571,0.04672479293840177,0.001166220566434247
0.807214,0.04913067286348502,0.001213699646005671
0.809858,0.0491048996254162,0.001199388500549951
0.8125019999999999,0.04764959642064373,0.001191243864804409
0.815146,0.04711608192286349,0.001165218763091265
0.817789,0.04680070026359601,0.001161797686544251
0.820433,0.04853369700332964,0.001196727048542426
0.8230769999999999,0.04416302830188679,0.001108355817846413
0.82572,0.04573263658435072,0.001143670008457196
0.828364,0.04613943208934516,0.001141303516594192
0.831008,0.04326008823529412,0.001095413007604585
0.8336519999999999,0.04251580271920089,0.001069024143607355
0.836295,0.04388031471975583,0.001097743411064753
0.838939,0.04542427337680355,0.001128207284285537
0.841583,0.04752561750832408,0.001147853194643815
0.844226,0.04306727767758047,0.001089119730033681
0.84687,0.0425480908018868,0.001066271517249497
0.849514,0.04340027413984461,0.001080947667624502
0.852158,0.044272075263596,0.001099977581834062
0.854801,0.04311554384017758,0.001057622037531025
0.857445,0.04003259163429523,0.00101687377099817
0.860089,0.04451425305216426,0.001086314683623458
0.8627320000000001,0.04304175166481686,0.001061893374468522
0.865376,0.0441845506381798,0.001118861623038597
0.86802,0.04385648036903441,0.001106461487069767
0.870664,0.04242048362930078,0.001096423505801066
0.8733070000000001,0.04186379633740289,0.001070473380567916
0.875951,0.04080639768312986,0.001070312726351944
0.878595,0.04069728433684795,0.00106779152503418
0.881238,0.04324079321587126,0.001110015679172578
0.8838819999999999,0.04178119561598225,0.001100164343706717
0.886526,0.03787694034406216,0.001002325657854135
0.88917,0.04160805091564927,0.001084463693928691
0.891813,0.04296654252219756,0.001110756163679966
0.8944569999999999,0.04010383601553829,0.001034459158417957
0.897101,0.04326577899556048,0.001081917423853702
0.899744,0.03990729418701443,0.001016616576823886
0.902388,0.03923794082963375,0.001000409793440948
0.9050319999999999,0.0378212894700333,0.000961509969744689
0.907676,0.03958529696170923,0.0009954285115276436
0.910319,0.04067813582130966,0.001017903298384131
0.912963,0.04018917223917869,0.00100643396648589
0.9156069999999999,0.04045932540233075,0.001011328077651434
0.91825,0.03773916946448391,0.0009466365116750376
0.920894,0.04055304897336293,0.001007911222099184
0.923538,0.04039645692286349,0.00100068689622674
0.9261819999999999,0.03715482956437292,0.0009342597511286561
0.928825,0.03803830750554939,0.0009614051930913287
0.931469,0.0397939436736959,0.000981566258324099
0.934113,0.03905405556326304,0.0009775828196860155
0.936756,0.03750171413706992,0.0009319385515727471
0.9394,0.03688346545504995,0.0009242712692086711
0.942044,0.03662161494173141,0.0009137183771087223
0.944688,0.03612388630688125,0.0009081358595679792
0.947331,0.03830814019145395,0.0009493107938593103
0.949975,0.03706658157602664,0.0009187439080719527
0.952619,0.03565373931742509,0.0008956874622475396
0.9552619999999999,0.03931349334073252,0.00096044248751447
0.957906,0.03823777712264152,0.0009399428878984295
0.96055,0.03513650048557159,0.0008883200905542897
0.963194,0.03628087895394007,0.000888138458431323
0.9658369999999999,0.03520713138179801,0.0008841811045314708
0.968481,0.0358532089345172,0.0008886668711295765
0.971125,0.03514459024694784,0.000870958718518275
0.973768,0.03657451852108768,0.0008950561603387605
0.9764119999999999,0.0367056669672586,0.0008907657411907649
0.979056,0.03694868486403995,0.0009028862526108997
0.9817,0.03627842043562707,0.0008857853008595094
0.984343,0.03727586924250833,0.0008978962821947629
0.9869869999999999,0.03531562208657048,0.0008600602572652096
0.989631,0.0360115704772475,0.0008844102969997858
0.992274,0.03371418354605994,0.0008649911780310067
0.994918,0.0347856740427303,0.0008826900292281841
0.9975619999999999,0.03317651886792453,0.0008615646642032144
1.00021,0.03422392092119867,0.0008884326897735787
1.00285,0.03450887097669256,0.0008903376488051102
1.00549,0.03837199757214206,0.0009812960232866953
1.00814,0.03395443618201999,0.000891044162861578
1.01078,0.03377358171476139,0.0008930173454860393
1.01342,0.03180569804384017,0.0008589183572248235
1.01607,0.03656282796892342,0.0009611008411684016
1.01871,0.03546613880410655,0.0009334299473965298
1.02136,0.03283142438956715,0.0008868698741670233
1.024,0.03402318770810212,0.0009184814240951175
1.02664,0.03244870817147614,0.0008883344570387277
1.02929,0.03343897828801332,0.0009117353213983811
1.03193,0.03328264948668146,0.0009058869490549802
1.03457,0.03245793791620422,0.0008877117953986366
1.03722,0.03331798897058823,0.0009154977051410066
1.03986,0.03267367633185349,0.0008939861742389535
1.04251,0.03292255667314095,0.0009064573539171892
1.04515,0.03195952025527192,0.000871321479893254
1.04779,0.03054099410377359,0.0008349969157790847
1.05044,0.0325931083518313,0.0008674774260050692
1.05308,0.03175261556603774,0.000836409882324821
1.05572,0.03041212333518313,0.0008156192840063097
1.05837,0.03113516349889013,0.0008152685367112037
1.06101,0.02918627039400666,0.0007852446410076049
1.06365,0.03261453454495006,0.0008395812394421904
1.0663,0.02824043902608213,0.0007548781089097551
1.06894,0.03242376588512765,0.000835067255675798
1.07159,0.0293410013873474,0.0007642009575919208
1.07423,0.03360112146226416,0.0008531560550529349
1.07687,0.03188069887624861,0.0008105191395918333
1.07952,0.03175761043285238,0.0008131360407178052
1.08216,0.03044473418423973,0.0007829830334763356
1.0848,0.03035559572697004,0.0007671193140988937
1.08745,0.03090167064372919,0.0007849427497499769
1.09009,0.0326471156354051,0.0008120211607439904
1.09274,0.02877507290510544,0.0007434332334127959
1.09538,0.03027797384850167,0.0007689308383703552
1.09802,0.03168981118201997,0.0007880536578887804
1.10067,0.03032952948113208,0.0007677453168243902
1.10331,0.02994390378745838,0.000750735331768948
1.10595,0.03189778489178691,0.0007909230110916365
1.1086,0.02979301165371809,0.0007490297108289323
1.11124,0.0293496290926748,0.0007408756357504863
1.11389,0.02684758310210877,0.0006950419107544396
1.11653,0.02731943548834628,0.0006904052638230441
1.11917,0.02926283240843507,0.0007380363317766754
1.12182,0.02792576012763597,0.0007060489266408313
1.12446,0.02712534759988902,0.0006954273734580047
1.1271,0.02687071927025528,0.0006849028032316709
1.12975,0.02731611625971143,0.0006896638431087221
1.13239,0.03030281770255272,0.0007489425728830596
1.13504,0.02930353530799112,0.0007272339113411332
1.13768,0.02851135217813541,0.0007127398168079324
1.14032,0.02897066474750278,0.0007227264224163034
1.14297,0.02773281451165372,0.000698469391341871
1.14561,0.02689536854883463,0.0006876184391592946
1.14825,0.02746161521920089,0.0006848820396029523
1.1509,0.02663947204495006,0.0006734577596972203
1.15354,0.02831624791897892,0.0007041833010589073
1.15618,0.02767235647891232,0.0006884997996142464
1.15883,0.02828002025527192,0.0007090881418514182
1.16147,0.02708459205049945,0.000673290076864285
1.16412,0.02806329980577136,0.0007009117370537935
1.16676,0.02705417418146504,0.0006697071785812751
1.1694,0.02658970650665927,0.0006672279824820404
1.17205,0.02616969589345172,0.0006553177685720337
1.17469,0.02680471698113208,0.0006662520034668343
1.17733,0.02424757408435073,0.0006193313653900302
1.17998,0.02568512971698114,0.0006396385200153184
1.18262,0.02518988706992231,0.0006347385081094279
1.18527,0.02382110814372919,0.0006052060142095039
1.18791,0.02543437000554939,0.0006382189829917793
1.19055,0.02573041315205328,0.0006441547547374677
1.1932,0.02459404890399557,0.0006147735156439557
1.19584,0.02597932783018868,0.0006461460566546295
1.19848,0.02416163582130966,0.0006060873006820289
1.20113,0.02501463637624862,0.0006265993942853797
1.20377,0.0247273811736959,0.0006181995559196928
1.20642,0.02535341516370699,0.0006302037550982489
1.20906,0.02353147912042176,0.0005966721510717272
1.2117,0.02439503482241953,0.0006050600785165272
1.21435,0.02342408261653718,0.0005901830102431353
1.21699,0.02298309218923419,0.0005788215051061813
1.21963,0.02425666419256382,0.0006044498645703863
1.22228,0.02634855424528302,0.0006457026674984816
1.22492,0.02264449424250832,0.000569281707240453
1.22757,0.02348576990843507,0.0005876419057647693
1.23021,0.02281091807713652,0.0005705645467700332
1.23285,0.02486062187846837,0.0006105419936980138
1.2355,0.02341038679245283,0.0005849229552137958
1.23814,0.02359534336847947,0.0005858080826002886
1.24078,0.02257281034961154,0.0005696271959615842
1.24343,0.02473686501109877,0.0006076904888426806
1.24607,0.02545156589900111,0.0006176934610575201
1.24871,0.02174977899556049,0.0005474497125176843
1.25136,0.02279673009156493,0.0005655595650066055
1.254,0.02198032574916759,0.0005518193936294083
1.25665,0.02155630688124307,0.0005424528369084922
1.25929,0.02207920442563818,0.0005535609315042388
1.26193,0.0212447114317425,0.0005308755291701578
1.26458,0.02171111341564928,0.0005410278405118796
1.26722,0.02227503204772475,0.0005539915884025186
1.26986,0.02280762173973363,0.000562968175803241
1.27251,0.02261761764705883,0.0005601810745734417
1.27515,0.02193175055493896,0.0005427742807630545
1.2778,0.02295337708102109,0.0005646657456625555
1.28044,0.02086946004439512,0.0005190699412641971
1.28308,0.02008387187846837,0.0005054144042350211
1.28573,0.02074242744173141,0.0005218631345827664
1.28837,0.02166503794395116,0.0005316108828324173
1.29101,0.02164027192008879,0.000540711120275928
1.29366,0.02170818104883463,0.0005331273970257687
1.2963,0.02240172814927858,0.0005480679271077922
1.29895,0.02159926227802442,0.000533415725880395
1.30159,0.01943594700332963,0.0004860001803517198
1.30423,0.01839684531076581,0.0004715152784596194
1.30688,0.01992240399556049,0.0004935955336944523
1.30952,0.01998495657602664,0.0004995597201991582
1.31216,0.01838116023862375,0.0004638776787444013
1.31481,0.01999423668146504,0.0004975442657865096
1.31745,0.01802347558268591,0.0004576069155602435
1.3201,0.0176252871809101,0.0004459149461399299
1.32274,0.01969759149556049,0.0004889227056859053
1.32538,0.02025805126248613,0.0004961891042672672
1.32803,0.01891743084073252,0.0004701153365580741
1.33067,0.01872098515538291,0.0004714852292139368
1.33331,0.01777217792730299,0.0004446783626125806
1.33596,0.01673876241675916,0.0004280288725925345
1.3386,0.01843992203107658,0.0004610270567232649
1.34124,0.0193983939372919,0.0004781722523164088
1.34389,0.02038719214761377,0.0004969898719547744
1.34653,0.01682831291620421,0.0004242872452479902
1.34918,0.0188871526082131,0.0004692726850836105
1.35182,0.01996734406215317,0.0004855768510844233
1.35446,0.01946061230577137,0.000479402808521309
1.35711,0.01861131555216427,0.0004614882312279536
1.35975,0.01761033004994451,0.0004419312064019867
1.36239,0.01624910523029967,0.0004152139836325395
1.36504,0.01624923113207547,0.0004098510632780548
1.36768,0.01749946323529412,0.0004390318278844436
1.37033,0.01748057796892342,0.0004377745522574793
1.37297,0.0163179849472808,0.0004143674456666317
1.37561,0.01789023716703663,0.0004500651301543366
1.37826,0.01763959649001109,0.0004370435969898724
1.3809,0.01858286632907881,0.0004605128698538728
1.38354,0.01651635120699224,0.0004181904543312648
1.38619,0.0177754033018868,0.0004441277667421169
1.38883,0.01756337326581576,0.0004364948925383122
1.39148,0.01408463394839068,0.0003664607118333961
1.39412,0.01671085571587125,0.0004214818948200918
1.39676,0.01523753024417314,0.0003873806545900934
1.39941,0.01666793465593784,0.0004181579979240924
1.40205,0.01668166252774695,0.0004171348741400367
1.40469,0.01650424861265261,0.0004187600320802423
1.40734,0.01584550534128746,0.0004000909036762462
1.40998,0.01689847225305216,0.0004204295096122461
1.41263,0.01527626449778025,0.0003862858636504981
1.41527,0.01596971316592675,0.0004013342033024933
1.41791,0.01441350312153164,0.0003707274912396578
1.42056,0.01504495317702553,0.000383213673105188
1.4232,0.01509032130965594,0.0003826621532525575
1.42584,0.01601484094062153,0.0004010287576651135
1.42849,0.01653509454772475,0.0004129361161021929
1.43113,0.01483553274139844,0.0003782593208258697
1.43377,0.01624848258879023,0.0004056340415609752
1.43642,0.01467097225305217,0.000371352139269413
1.43906,0.01318694055216426,0.0003425771320482415
1.44171,0.01437655438401776,0.0003663939278918324
1.44435,0.01560309406215316,0.000390773019746037
1.44699,0.01520143992785793,0.0003820933409585489
1.44964,0.0132446653718091,0.0003429033579067852
1.45228,0.01366746871531632,0.0003497647264362613
1.45492,0.01430572662319645,0.0003624024426039759
1.45757,0.01321029418701443,0.0003387366550056765
1.46021,0.01395575173418424,0.0003552131264254334
1.46286,0.01419865517480577,0.0003598042431550057
1.4655,0.01386548702830189,0.000353683975077671
1.46814,0.01431792536071032,0.0003606847298002573
1.47079,0.01390691786903441,0.0003548141069902998
1.47343,0.01409385453662597,0.0003556476758678789
1.47607,0.01398103052164262,0.0003561540207573436
1.47872,0.01397226089067703,0.0003517746245473828
1.48136,0.01449635793562708,0.0003658216361719542
1.48401,0.01487041897891232,0.0003748537675022859
1.48665,0.01359734371531631,0.0003447903237881621
1.48929,0.01319543777746948,0.0003356888597906807
1.49194,0.01402903801331854,0.000350512916797257
1.49458,0.01387911188956715,0.0003533222299727194
1.49722,0.01252047835738069,0.0003205597602918879
1.49987,0.0133777618618202,0.000339154506947161
1.50251,0.01321324486681465,0.0003384969832794334
1.50516,0.01315224889012209,0.0003330096978408569
1.5078,0.01288074056603773,0.0003278889149432698
1.51044,0.01221142154550499,0.0003141058956019788
1.51309,0.01313917341842397,0.000332550754118536
1.51573,0.01302188790233074,0.0003319599572965663
1.51837,0.01298645456437292,0.0003273815885310496
1.52102,0.01250372884295228,0.0003185718554883965
1.52366,0.01202248647336293,0.0003064605219951271
1.5263,0.01139635405105438,0.000292502710647143
1.52895,0.01138938138179801,0.0002954758985481264
1.53159,0.01316214248057714,0.0003327959275595747
1.53424,0.01260135307991121,0.0003225171327734889
1.53688,0.01222192862097669,0.0003117406864369665
1.53952,0.0134908743063263,0.0003365602347415263
1.54217,0.01161943368479467,0.0002962477067544823
1.54481,0.0121149990982242,0.0003085891562585247
1.54745,0.01079246503884572,0.0002820417895488177
1.5501,0.01190585106825749,0.0003080284863304366
1.55274,0.01116365094339623,0.0002954990681996653
1.55539,0.01100613866537181,0.0002936846012410688
1.55803,0.01056276068257492,0.0002856319596295577
1.56067,0.01105772405660377,0.0002997240966067522
1.56332,0.01111615392619312,0.0002987642025591973
1.56596,0.01168222891231964,0.0003173913336141006
1.5686,0.01250512749722531,0.000333026363929766
1.57125,0.01270176546892342,0.0003437811061892751
1.57389,0.01309870629855716,0.0003505377476333028
1.57654,0.01222865177580467,0.0003304218221637651
1.57918,0.01063697863485017,0.0002992056421241966
1.58182,0.01035225978079911,0.0002905120130721527
1.58447,0.01016689116259711,0.0002882293752316208
1.58711,0.01128269908435072,0.0003128125241318819
1.58975,0.01117822807991121,0.00031180460995921
1.5924,0.01021540226137625,0.0002944009253428665
1.59504,0.01068421927025527,0.0003003162396305282
1.59769,0.009832995074916761,0.0002837240669289322
1.60033,0.01073600152608213,0.0003041951563013334
1.60297,0.01030372350166482,0.0002940590416422041
1.60562,0.01290573779134295,0.000354820060508007
1.60826,0.01114406749445061,0.0003068567168928418
1.6109,0.01133604252219756,0.0003111424718342201
1.61355,0.009442933060488346,0.0002625028966147339
1.61619,0.01191933171476138,0.0003195733084977684
1.61883,0.009796103565482795,0.0002706559425849551
1.62148,0.009323470588235294,0.000256443022649484
1.62412,0.01211221094617092,0.0003229916130376991
1.62677,0.01019028142341843,0.0002749145808203024
1.62941,0.01052843070199778,0.0002857354050722342
1.63205,0.01115991051609323,0.000297004513530126
1.6347,0.008843942771920093,0.0002429797021903183
1.63734,0.009346741814650389,0.000255337456964422
1.63998,0.009510627011653719,0.0002587318517343325
1.64263,0.008570420019422861,0.0002354214281174216
1.64527,0.009672490912874582,0.0002596057304026383
1.64792,0.00957208081298557,0.0002590021565087517
1.65056,0.01055257637347392,0.0002809076601004264
1.6532,0.008961177927302999,0.0002431581355701091
1.65585,0.01081604529689234,0.000286946090831748
1.65849,0.007692220796337402,0.0002112186368380478
1.66113,0.009236529689234186,0.0002492016060049838
1.66378,0.009627070130410654,0.0002588310137930243
1.66642,0.009890232311320754,0.0002647310303651291
1.66907,0.01044835946170921,0.0002788153753829115
1.67171,0.01009948793007769,0.0002674420613255357
1.67435,0.009286940760266373,0.0002500179902837024
1.677,0.009094723085460598,0.0002447267905067276
1.67964,0.008959003260266368,0.0002410452462468191
1.68228,0.007456074847391785,0.0002051848460448065
1.68493,0.009598259225860157,0.0002554987554834321
1.68757,0.008779760335738067,0.0002365157009312758
1.69022,0.008860465663152055,0.0002372128922741379
1.69286,0.009456301539955603,0.0002515145051519873
1.6955,0.008748983074361821,0.0002366015283343735
1.69815,0.00914593992785794,0.0002446946807430802
1.70079,0.008059075679800222,0.0002206599798193357
1.70343,0.008926467952275249,0.0002369603975098282
1.70608,0.008374661071032187,0.0002254101485438264
1.70872,0.007907803551609326,0.0002133267163164886
1.71137,0.00889147870421754,0.0002375678582912273
1.71401,0.009288419533851275,0.0002468700921012814
1.71665,0.008798702830188682,0.0002353243955515227
1.7193,0.009890310141509432,0.0002605641847842776
1.72194,0.008522142411209768,0.0002278604437308622
1.72458,0.009373536001664819,0.0002479845847852437
1.72723,0.007576588027192009,0.0002049548973015578
1.72987,0.007828352663706992,0.0002113519354679536
1.73251,0.008111228773584908,0.0002193010651592866
1.73516,0.007548212056048837,0.0002027284597362919
1.7378,0.008603607727524974,0.0002292698090134062
1.74045,0.008141992300221978,0.0002175086415725592
1.74309,0.008626430285793562,0.0002294159769640549
1.74573,0.007665067216981133,0.0002069366914355537
1.74838,0.007333043632075473,0.0001970318475418491
1.75102,0.007821645532741398,0.0002120194876788198
1.75366,0.007687942425083243,0.0002050284455700027
1.75631,0.00680847960599334,0.0001850255806921323
1.75895,0.008110379508879023,0.0002171630632882619
1.7616,0.008540645394006662,0.0002259375935951762
1.76424,0.009622061528856829,0.0002515736742348421
1.76688,0.008463218091009989,0.0002221305515238304
1.76953,0.008296212819089901,0.0002203740378970908
1.77217,0.00903502275249723,0.0002376088456072947
1.77481,0.0080632807991121,0.0002150552336010298
1.77746,0.007401106132075472,0.0002000218248408215
1.7801,0.006543488415649281,0.0001770974925302575
1.78275,0.007245841773029965,0.0001955057979820776
1.78539,0.0084788734045505,0.0002212786538788318
1.78803,0.006979108559933408,0.0001873468790500605
1.79068,0.008120911764705878,0.0002158744575457061
1.79332,0.00819432623473918,0.0002145240656873988
1.79596,0.008316146503884569,0.0002212031693559772
1.79861,0.007791548140954497,0.0002051669511514542
1.80125,0.008176146018312984,0.0002157975030254255
1.8039,0.007657497086570477,0.00020411157986791
1.80654,0.005572900180355158,0.0001529340791963522
1.80918,0.005974123959489456,0.0001644990521746862
1.81183,0.007805248543285242,0.0002071173043336173
1.81447,0.007613990011098779,0.0002026443070339747
1.81711,0.007710851970033297,0.0002042875305760426
1.81976,0.006935667869034409,0.000185731395047902
1.8224,0.00644197266925638,0.000175842707158248
1.82504,0.006985792799667038,0.000187501584932691
1.82769,0.007332530868479467,0.000197406511695987
1.83033,0.007621914955604883,0.0002026750109898963
1.83298,0.006593313471143176,0.0001779976421418382
1.83562,0.008848637763596007,0.0002320506799818442
1.83826,0.008016600998890124,0.0002139705084417933
1.84091,0.006864824084350724,0.0001867860141191122
1.84355,0.006521405244173141,0.0001776063244848585
1.84619,0.007460158643174253,0.0002003419284872615
1.84884,0.006046183268590455,0.0001643421192345867
1.85148,0.006653590663152056,0.0001815070502221688
1.85413,0.006014787943951164,0.0001661898844226318
1.85677,0.007422259919533851,0.0001980066017896754
1.85941,0.006862738693118754,0.0001865879973414571
1.86206,0.006400990496670369,0.0001732523351206422
1.8647,0.007242522544395117,0.0001954903526249096
1.86734,0.007502388387902329,0.0002009835174388077
1.86999,0.006477204564372921,0.0001756630915282492
1.87263,0.0065948448945616,0.0001811088771363739
1.87528,0.005277584975027745,0.0001465734786144876
1.87792,0.006042255133185348,0.000166394084324311
1.88056,0.007001610640954495,0.000189418094593969
1.88321,0.006326010266370699,0.0001722095993182557
1.88585,0.006126362097669256,0.0001696479755409103
1.88849,0.006799769492230853,0.0001830221865685361
1.89114,0.005987439789123195,0.0001652465985095834
1.89378,0.006238240704772474,0.0001695810179255593
1.89643,0.006127664608768033,0.0001683273356134309
1.89907,0.00591088693118757,0.0001635093805830982
1.90171,0.00571173321309656,0.0001564644070317683
1.90436,0.006783255757491679,0.0001842375644507902
1.907,0.007265145948945616,0.0001945598569776097
1.90964,0.004981390746392896,0.0001398943634965402
1.91229,0.006927745213651499,0.000187935060457777
1.91493,0.006629332824639288,0.000179780296554683
1.91757,0.005909339483906772,0.000162208163952837
1.92022,0.005407053204772475,0.0001507209642345844
1.92286,0.008220902955049942,0.0002190135644529104
1.92551,0.00459535758879023,0.0001283569567003106
1.92815,0.006746171961709213,0.0001822944453766831
1.93079,0.005073827830188681,0.0001427317942161716
1.93344,0.006643149972253051,0.0001797284921038536
1.93608,0.006691084211986682,0.0001814707074705157
1.93872,0.004869919603218649,0.0001362105701548544
1.94137,0.006622914123196447,0.0001817811341880005
1.94401,0.006139568049389567,0.0001686251607399954
1.94666,0.00689361667591565,0.0001860804302872806
1.9493,0.005297914678135406,0.0001477304662378042
1.95194,0.00585657061598224,0.0001606132781802802
1.95459,0.00598806700887902,0.000164477817614919
1.95723,0.006302207963374026,0.0001729069982982584
1.95987,0.004914239317425084,0.0001371598094450201
1.96252,0.006390938956714761,0.0001755140953372459
1.96516,0.005903383185349611,0.0001617691577550923
1.96781,0.004660064234184236,0.0001308578891333983
1.97045,0.006266909683684796,0.0001711057836533536
1.97309,0.007153228426748055,0.0001930287290355423
1.97574,0.005358615357935628,0.0001493071269653193
1.97838,0.006334800499445062,0.000172808434275697
1.98102,0.007542917314095452,0.0002030822742428763
1.98367,0.006595543077136517,0.0001786208452694905
1.98631,0.004983352524972251,0.0001391571715971727
1.98896,0.005503754925083242,0.0001525883166142433
1.9916,0.005790586639844618,0.000159465632704113
1.99424,0.004569396642619312,0.0001275306886554055
1.99689,0.007625783573806881,0.000202407511322288
1.99953,0.005374522475027744,0.0001482032908309076
2.00217,0.005443461709211989,0.0001500373139662361
2.00482,0.00536972447280799,0.0001482714269313026
2.00746,0.003493826928412873,9.960397831420718e-05
2.0101,0.007066685835183131,0.0001880386299531595
2.01275,0.004597271295782467,0.0001286639365389839
2.01539,0.004996581367924528,0.0001373998409002725
2.01804,0.006295807574916761,0.0001719152865888458
2.02068,0.005027216703662596,0.0001394649039373051
2.02332,0.005757076165371808,0.0001569742328132825
2.02597,0.005405643104883463,0.0001488549277133649
2.02861,0.00635437479189789,0.0001706947302073525
2.03125,0.004591575957269702,0.0001282223031583662
2.0339,0.00478368375416204,0.0001326794613653177
2.03654,0.006063157117092121,0.0001656011688155082
2.03919,0.00483161799389567,0.0001339419581018798
2.04183,0.004689907533296339,0.0001297782166460386
2.04447,0.004190860363485018,0.0001177226029340957
2.04712,0.005654999583795784,0.0001541812145817372
2.04976,0.004004299112097667,0.0001127560459808187
2.0524,0.005312610849056602,0.0001463825691280679
2.05505,0.006387688401775803,0.0001721909477335274
2.05769,0.005586992022752498,0.0001532086103833471
2.06034,0.005288124098224197,0.0001441151227912566
2.06298,0.005596457547169811,0.0001533454022059323
2.06562,0.005099704078801329,0.0001399668995737414
2.06827,0.005953249445061043,0.0001611586799354102
2.07091,0.00529085273307436,0.0001458005331383147
2.07355,0.004714053204772478,0.0001301407395899001
2.0762,0.005050128537735848,0.0001394397461420717
2.07884,0.004716069922308543,0.000130255831944215
2.08149,0.003860166759156495,0.0001085227450457035
2.08413,0.003985796129300778,0.0001127113238762595
2.08677,0.004824221836847946,0.0001324320547850959
2.08942,0.00477649819644839,0.0001335845509056177
2.09206,0.004889159683684795,0.0001353142388225017
2.0947,0.004296945199778024,0.0001203835009740592
2.09735,0.005245267133740286,0.0001443242386898815
2.09999,0.0046000823390677,0.0001280375375546134
2.10263,0.005167599472807993,0.0001438807844843949
2.10528,0.004684734114872365,0.0001287010590871776
2.10792,0.005113095449500557,0.000141826103372144
2.11057,0.004142280591009987,0.0001172359915953519
2.11321,0.004946632699778021,0.0001411129185929961
2.11585,0.004954610294117649,0.0001436281073686181
2.1185,0.005968559100998891,0.0001677848535596813
2.12114,0.004473516717536071,0.0001323640734757106
2.12378,0.0048620221281909,0.0001403663348698877
2.12643,0.0038745332963374,0.0001154766240036934
2.12907,0.005096041481687016,0.000150960809499127
2.13172,0.004408745976692563,0.0001318980872198893
2.13436,0.004021936806326302,0.000122454347886817
2.137,0.00426903392064373,0.0001287711268958349
2.13965,0.003422610016648169,0.000105941224055688
2.14229,0.003752827483351834,0.0001151931046175212
2.14493,0.003781686459489455,0.0001171322360488158
2.14758,0.004270498959489456,0.0001320219612382651
2.15022,0.003840514636514984,0.0001182500971317438
2.15287,0.003507847807991123,0.0001103421230247701
2.15551,0.004604475166481689,0.000141236635190079
2.15815,0.00531383095172031,0.0001620095566262115
2.1608,0.00343689185627081,0.0001084729579439986
2.16344,0.005358823668146505,0.0001623353269213487
2.16608,0.004392495491120976,0.0001355639005364063
2.16873,0.005990253121531633,0.0001772068441599616
2.17137,0.00529461834073252,0.0001565760482388109
2.17402,0.005090662042175361,0.0001498973917348206
2.17666,0.005406627427857936,0.0001588278983266085
2.1793,0.005606051262486128,0.0001628770924913327
2.18195,0.004261012832963377,0.0001262507671319887
2.18459,0.003730877081021087,0.0001114469871256096
2.18723,0.003435371878468367,0.0001032573728090828
2.18988,0.004132709766925639,0.0001220530692700115
2.19252,0.003677664123196449,0.0001091550018165605
2.19516,0.004059563124306328,0.0001192836799984158
2.19781,0.004408455258046614,0.0001295925308425151
2.20045,0.005714393174250833,0.0001627479554888678
2.2031,0.003492471767480579,0.0001039278260804087
2.20574,0.004285172239178689,0.0001251371643802217
2.20838,0.004624958240843506,0.0001345248025387084
2.21103,0.004387864594894562,0.000128309406799921
2.21367,0.00306515885127636,9.209788319476317e-05
2.21631,0.003544455466148722,0.00010541504801684
2.21896,0.003062372988346281,9.108580769302445e-05
2.2216,0.004541934031631522,0.0001310120610801379
2.22425,0.005165713235294118,0.0001483342278740581
2.22689,0.005053141023862376,0.0001453157641444321
2.22953,0.003818346767480579,0.0001114769708678641
2.23218,0.004107785793562711,0.0001210943404069407
2.23482,0.003026612305771366,9.008728954677429e-05
2.23746,0.004083102178135406,0.0001207206518973668
2.24011,0.004838952344617095,0.0001395614906552715
2.24275,0.004694282047724747,0.0001370804840086618
2.2454,0.003682054661487237,0.0001087279730847798
2.24804,0.004451802094894563,0.0001302977280563412
2.25068,0.005445924805771366,0.0001564915410596497
2.25333,0.003333370837957829,9.891401642446066e-05
2.25597,0.00362275034683685,0.0001076183029595076
2.25861,0.00373082443118757,0.0001104138423455854
2.26126,0.005755917869034406,0.0001646886578010826
2.2639,0.003968208795782462,0.0001166671482018563
2.26655,0.003971999583795783,0.0001172352572070706
2.26919,0.003469356201442843,0.0001045737379850238
2.27183,0.005841354814095451,0.0001658747991244193
2.27448,0.004823187153163153,0.0001397778171615104
2.27712,0.003416617092119867,0.0001013794045298594
2.27976,0.004208200471698112,0.0001253176024813123
2.28241,0.00335229730854606,0.0001006097577130606
2.28505,0.004429544950055492,0.0001292804022920484
2.28769,0.003668507630410656,0.0001086631149019518
2.29034,0.004098379786348504,0.0001193241549839362
2.29298,0.002302970102663705,7.034957578953052e-05
2.29563,0.00384672273862375,0.0001131343084296535
2.29827,0.002312312014428411,7.028903556112134e-05
2.30091,0.004177517064372921,0.0001246608487176636
2.30356,0.002699366120976693,8.069915791529486e-05
2.3062,0.004158705049944506,0.0001229328391567946
2.30884,0.003341790233074362,9.9440280235915e-05
2.31149,0.004929704633740289,0.0001442470085427562
2.31413,0.002287264428412875,6.984258787834243e-05
2.31678,0.0052533820754717,0.0001521431017269584
2.31942,0.004721994173140955,0.0001382396800550216
2.32206,0.004911306950610431,0.0001412024023375513
2.32471,0.003639969131520536,0.0001087305443157542
2.32735,0.003936177094894563,0.0001169741577699737
2.32999,0.003712426748057714,0.0001102417220722607
2.33264,0.004783754716981132,0.0001416429676581242
2.33528,0.003448252774694783,0.0001015630891577532
2.33793,0.003430541828523864,0.0001030649306009992
2.34057,0.005032408435072141,0.0001455055038087125
2.34321,0.004104981617647057,0.0001210759351605392
2.34586,0.003858683407325194,0.000115758089219249
2.3485,0.003975133393451719,0.0001174439377792088
2.35114,0.004067410238623749,0.000120032322087431
2.35379,0.002997844894561597,8.981261720165055e-05
2.35643,0.003196279827968925,9.542384418472543e-05
2.35908,0.004676051470588236,0.0001375927419219404
2.36172,0.00272014678135405,8.240378558810737e-05
2.36436,0.004204075471698114,0.0001237569315922332
2.36701,0.002521286071032187,7.613113430439576e-05
2.36965,0.002800055493895674,8.439561170823712e-05
2.37229,0.003290303274139848,9.864680945523565e-05
2.37494,0.001839663013318532,5.667303752684164e-05
2.37758,0.003606270948945616,0.0001087924012675441
2.38022,0.003925150388457269,0.0001150020585789275
2.38287,0.002594066453940066,7.969930642394661e-05
2.38551,0.004586127844062152,0.0001325776138999168
2.38816,0.003371251248612654,0.0001012404550216602
2.3908,0.003778815899001111,0.0001126932865783537
2.39344,0.003671870352386237,0.0001094431267304422
2.39609,0.002662195338512765,8.106036152508329e-05
2.39873,0.004302645116537184,0.0001258719822290152
2.40137,0.00154751366537181,4.809583303433805e-05
2.40402,0.002356487513873474,7.092054929148988e-05
2.40666,0.002279392133740288,6.961498305061586e-05
2.40931,0.003533765260821308,0.0001056564706299478
2.41195,0.003513870491120978,0.0001041919769859908
2.41459,0.003960810349611541,0.0001177014222707656
2.41724,0.003350381312430629,9.96233577826649e-05
2.41988,0.003710284128745839,0.000110429567887168
2.42252,0.003534623682019981,0.0001058319843226503
2.42517,0.00415914227247503,0.0001216840793314632
2.42781,0.003015489456159822,9.132177366379345e-05
2.43046,0.002729655799112098,8.238601997473606e-05
2.4331,0.003258418077136518,9.779946487766416e-05
2.43574,0.003265672308546063,9.785682930015983e-05
2.43839,0.004689907533296339,0.0001376016463592892
2.44103,0.003569466426193116,0.0001064654100237098
2.44367,0.003633376456714763,0.0001079690726254974
2.44632,0.002562744381243061,7.803215601535412e-05
2.44896,0.003312590177580467,9.898676492405823e-05
2.45161,0.004129871254162044,0.0001215883774444526
2.45425,0.00344536161209767,0.0001035481878550021
2.45689,0.004203349819644837,0.0001229501544308512
2.45954,0.003433254439511653,0.0001032458143763646
2.46218,0.002956414053829077,8.942187665689386e-05
2.46482,0.003221382352941175,9.601865071013674e-05
2.46747,0.003463786764705881,0.0001031523626472725
2.47011,0.003906926678690345,0.0001166567984887258
2.47275,0.001917110918423976,5.963687603463573e-05
2.4754,0.003683011514983351,0.0001089559072543939
2.47804,0.00242217390399556,7.395062717078327e-05
2.48069,0.003567674042730298,0.0001066927761422628
2.48333,0.003303770185904549,9.999159776130709e-05
2.48597,0.002560157672031077,7.841476953980991e-05
2.48862,0.003595239664261929,0.000107007351790639
2.49126,0.002117155105438402,6.566330053378981e-05
2.4939,0.003180207894006656,9.529306180739198e-05
2.49655,0.003145768035516094,9.523909965809749e-05
2.49919,0.003507428898446171,0.00010478498150117
2.50184,0.004974076997780248,0.0001447758413956789
2.50448,0.003231557505549388,9.757956151537135e-05
2.50712,0.003747960807436181,0.0001124422668944307
2.50977,0.002246559239733631,6.88240468059118e-05
2.51241,0.002201156770255272,6.739944245721184e-05
2.51505,0.005054761723085463,0.0001477894296237309
2.5177,0.002000100790788014,6.215834164680034e-05
2.52034,0.004917586015538291,0.0001430799202978631
2.52299,0.002913261792452831,8.874674300136442e-05
2.52563,0.004761151914539402,0.0001397090891916955
2.52827,0.002904215177580469,8.836601359427104e-05
2.53092,0.004207353496115429,0.0001244932384963695
2.53356,0.002508869866814653,7.628517419981532e-05
2.5362,0.004362334003884573,0.0001294925346003251
2.53885,0.002650502497225306,8.086057736461621e-05
2.54149,0.001523420643729188,4.76150067333004e-05
2.54414,0.003309289261931186,0.0001000840314765593
2.54678,0.003877744936182018,0.0001159278397254956
2.54942,0.003435536695338516,0.0001034199642676468
2.55207,0.002649282394561597,8.092793244142582e-05
2.55471,0.003493286695338514,0.0001049138725046414
2.55735,0.003495612444506105,0.0001054262716071688
2.56,0.003922467536071031,0.0001177909577482857
2.56264,0.001990319367369591,6.230899625474683e-05
2.56529,0.003201911071032187,9.61688827737205e-05
2.56793,0.002755044464483908,8.430417169264475e-05
2.57057,0.003394639220310768,0.0001020053899362487
2.57322,0.003068359045504993,9.339292665578569e-05
2.57586,0.002847062638734741,8.649938960210606e-05
2.5785,0.003177877566592676,9.607691585578286e-05
2.58115,0.003971342605438402,0.000119688044822693
2.58379,0.002704148099334073,8.283615736731114e-05
2.58643,0.002334083865149833,7.196046015896732e-05
2.58908,0.001727848501664815,5.386860550513044e-05
2.59172,0.003312033920643729,0.0001001625604625021
2.59437,0.002930281423418424,8.972661189336965e-05
2.59701,0.003356117855160932,0.000101071230368332
2.59965,0.002558205049944508,7.838105519536314e-05
2.6023,0.003810669048279688,0.0001142936448190615
2.60494,0.002874989941731409,8.820432446635007e-05
2.60758,0.003747564789123198,0.000114006675250473
2.61023,0.005001269492230856,0.00014712858531554
2.61287,0.003165161487236404,9.649328826235538e-05
2.61552,0.003021924181465038,9.257429557573123e-05
2.61816,0.003024639081576029,9.216823801945976e-05
2.6208,0.002953625901775806,8.992165816019406e-05
2.62345,0.001821430147058825,5.703194694235164e-05
2.62609,0.002737333518312988,8.429311094650951e-05
2.62873,0.003069895047169811,9.3820193841964e-05
2.63138,0.002747240843507216,8.433147561536174e-05
2.63402,0.003930710668701443,0.0001180560769312594
2.63667,0.002413690413429522,7.473592005336866e-05
2.63931,0.00413907581853496,0.0001248699412437403
2.64195,0.003602711362375139,0.0001089650632944446
2.6446,0.003034294603218646,9.202917008953222e-05
2.64724,0.003724311875693676,0.0001118725670017745
2.64988,0.004819291065482795,0.0001433386400204931
2.65253,0.00427390746392897,0.0001283982851174811
2.65517,0.002538269076026637,7.838181205067831e-05
2.65782,0.004156960738068811,0.0001244062165414695
2.66046,0.002686700402330745,8.283767293330217e-05
2.6631,0.001078037389012205,3.424490647564417e-05
2.66575,0.002834156562153163,8.643462977323932e-05
2.66839,0.003592746809100997,0.0001095419770882041
2.67103,0.002450824569922311,7.756568242679679e-05
2.67368,0.002393383601553826,7.700422812810019e-05
2.67632,0.002595925221975583,8.448430776341286e-05
2.67896,0.003895453593229745,0.0001228528088463642
2.68161,0.004255832547169809,0.0001364644098857378
2.68425,0.003025337264150942,0.0001002290029941486
2.6869,0.001921327483351835,6.486454470487995e-05
2.68954,0.002954907810765815,9.81644760573648e-05
2.69218,0.003617531145948946,0.0001189201578802907
2.69483,0.002386953454495008,8.176745086586509e-05
2.69747,0.003419604397891233,0.0001148182345148424
2.70011,0.001370871184794676,4.730305197369114e-05
2.70276,0.003633660307991122,0.0001234661922821901
2.7054,0.003038813332408435,0.0001034420118854055
2.70805,0.002599123127081019,9.037664044995066e-05
2.71069,0.003012470102663708,0.00010294857495369
2.71333,0.0005830236542730326,2.124367685296295e-05
2.71598,0.003000667383462818,0.0001052225195152241
2.71862,0.003255446795227527,0.0001141265207615223
2.72126,0.001528303343507216,5.554596457179043e-05
2.72391,0.003647889497780242,0.0001266163279521563
2.72655,0.002193323390677025,7.71099227572263e-05
2.7292,0.002664182297447283,9.158031124997051e-05
2.73184,0.003588862167036624,0.0001195176862897573
2.73448,0.002816866814650388,9.476780703284671e-05
2.73713,0.00284041731409545,9.387072156329358e-05
2.73977,0.003430230507769146,0.0001134878305037891
2.74241,0.003808851484461709,0.0001237762503289328
2.74506,0.001980153371254162,6.595616929381013e-05
2.7477,0.003850895810210881,0.0001244663325540129
2.75035,0.003236053343507216,0.0001044620446180346
2.75299,0.003662999999999999,0.0001184744748631864
2.75563,0.00245711508046615,7.993551532707699e-05
2.75828,0.002117425221975584,6.943564411072494e-05
2.76092,0.004691924250832408,0.0001484039397844469
2.76356,0.003517169117647058,0.0001121490057195527
2.76621,0.003318681534406217,0.0001062066423826869
2.76885,0.003867910862930079,0.0001230882270111478
2.77149,0.003702961223640399,0.0001176408307679299
2.77414,0.003131271018312985,0.0001006899143764088
2.77678,0.003119566731409546,9.950468174931407e-05
2.77943,0.002220321309655941,7.208291854511026e-05
2.78207,0.003228593091009987,0.0001033745989678124
2.78471,0.002289127774694785,7.501705947353865e-05
2.78736,0.005098223016093229,0.000157495619971313
2.79,0.002716147683129856,8.690706483793548e-05
2.79264,0.003846541897891232,0.0001213603613800048
2.79529,0.003231097391786904,0.0001029251724051021
2.79793,0.003203973571032187,0.0001017855655982216
2.80058,0.003976905174805772,0.0001235609642077815
2.80322,0.00302908913706992,9.717282273626206e-05
2.80586,0.003690785377358491,0.0001168550712920947
2.80851,0.002968983629300775,9.445158273008263e-05
2.81115,0.003804408296337405,0.000118658793420556
2.81379,0.00370956763318535,0.0001162065790156371
2.81644,0.003121636098779132,9.956707767339992e-05
2.81908,0.003021113831853496,9.595386265358842e-05
2.82173,0.003066566662042175,9.726571726721489e-05
2.82437,0.002480091009988904,7.916813608519807e-05
2.82701,0.003092866398446175,9.758629747201364e-05
2.82966,0.00305010328801332,9.709370417038703e-05
2.8323,0.003297546059933404,0.0001031904529435729
2.83494,0.003106232588790237,9.807413861772908e-05
2.83759,0.002387303690344061,7.58093309475909e-05
2.84023,0.002884183060488345,9.14545876368631e-05
2.84288,0.005076986820199778,0.000155685807018532
2.84552,0.002028357727524971,6.455747870686528e-05
2.84816,0.003044499514428414,9.706272405724271e-05
2.85081,0.003264639913984463,0.0001028228427369562
2.85345,0.004429409891786903,0.0001362120702218015
2.85609,0.002435038776359601,7.770097536377594e-05
2.85874,0.003406684586570477,0.0001067129618883693
2.86138,0.001625769630965594,5.31814997354798e-05
2.86402,0.003075363762486124,9.732803858543278e-05
2.86667,0.002335722877358491,7.495155220377864e-05
2.86931,0.003194359253607101,0.0001005783767089253
2.87196,0.003326675152608211,0.0001038577771759105
2.8746,0.002030303482241952,6.605349440737704e-05
2.87724,0.003653793146503886,0.0001143872037178408
2.87989,0.002654192563817979,8.474669142623238e-05
2.88253,0.003258578315760269,0.0001026844439263653
2.88517,0.004222589900110987,0.000131509252774917
2.88782,0.001746360640954496,5.701352216011056e-05
2.89046,0.004141793007769144,0.0001269908062364878
2.89311,0.00262926172308546,8.434152656672856e-05
2.89575,0.002856807436182021,9.095371619091856e-05
2.89839,0.001880986265260818,6.035159612255949e-05
2.90104,0.001381437777469481,4.532502205615949e-05
2.90368,0.003048132352941177,9.549345434366446e-05
2.90632,0.003637121462264149,0.0001136371045423813
2.90897,0.003656043354605995,0.0001148793779868095
2.91161,0.002664086154273029,8.484240336454328e-05
2.91426,0.002092366190344059,6.699685145345603e-05
2.9169,0.00347281277746948,0.0001095238395889075
2.91954,0.004198146642619315,0.0001302445856690938
2.92219,0.002661016440066596,8.357452304588466e-05
2.92483,0.0027114778718091,8.61438170547491e-05
2.92747,0.001799005896226415,5.803331730121502e-05
2.93012,0.003178282741398446,0.000100976527557117
2.93276,0.002891309100998891,9.148296536750291e-05
2.93541,0.001991058754162041,6.359286726346505e-05
2.93805,0.002959898099334074,9.318367778658477e-05
2.94069,0.002749568881798003,8.680505268470625e-05
2.94334,0.002660718854051055,8.521221038265327e-05
2.94598,0.001467918562708106,4.719029721272005e-05
2.94862,0.001466542799667039,4.796841750981955e-05
2.95127,0.002800648376803554,8.910225865174858e-05
2.95391,0.003904273584905663,0.0001209127773055976
2.95655,0.003065859322974475,9.633405892922771e-05
2.9592,0.003740585252497225,0.0001148427049934223
2.96184,0.002562950402330742,8.186653873261763e-05
2.96449,0.002966634988901224,9.468235358331409e-05
2.96713,0.002996979605993342,9.452227901549543e-05
2.96977,0.003156533781908989,9.96709248471752e-05
2.97242,0.002489041481687016,7.923044331085665e-05
2.97506,0.002393672031076583,7.726371681173097e-05
2.9777,0.003886709142619313,0.0001205570444076375
2.98035,0.003864367300221976,0.0001196513005636853
2.98299,0.004891263387902332,0.0001498958458958378
2.98564,0.002566079633740291,8.139944224951114e-05
2.98828,0.002125478357380685,6.837705926340721e-05
2.99092,0.001308742092119866,4.248721340775023e-05
2.99357,0.003856428620976691,0.0001198697617575155
2.99621,0.001948577205882353,6.314462410359563e-05
2.99885,0.002976894839067705,9.404084117971004e-05
3.0015,0.003261032255826862,0.0001024158700317928
3.00414,0.003911333240843507,0.0001215799842263895
3.00679,0.003616034059378468,0.0001125787067533663
3.00943,0.003617455604883465,0.0001132438230293259
3.01207,0.003869870352386239,0.0001191991497493434
3.01472,0.004453367855160933,0.0001373453650147307
3.01736,0.004210356825749165,0.0001302395073339625
3.02,0.002830184933407327,8.951742092183077e-05
3.02265,0.003059664955604881,9.627555387762148e-05
3.02529,0.002334960599334072,7.430234646227741e-05
3.02794,0.002445999098224193,7.815498160976375e-05
3.03058,0.001766569020532741,5.682807702818294e-05
3.03322,0.001904017133740288,6.153329763210807e-05
3.03587,0.002973584766925637,9.374992799385923e-05
3.03851,0.003342689858490566,0.0001035780726055517
3.04115,0.002020906631520533,6.482464916599143e-05
3.0438,0.003212276220865706,0.000100379632170017
3.04644,0.002958037042175361,9.250401761881073e-05
3.04908,0.002504323668146504,7.982110791446849e-05
3.05173,0.003505970726970037,0.0001088723294643324
3.05437,0.003409303343507215,0.0001063266694697932
3.05702,0.001998294672586018,6.369714225012746e-05
3.05966,0.002827103773584905,8.776566574579063e-05
3.0623,0.004173002913429526,0.0001280742135483611
3.06495,0.002241271365149832,7.093754519421336e-05
3.06759,0.0025904336154273,8.153983515371717e-05
3.07023,0.003745559517203108,0.0001156463300509107
3.07288,0.00311406596836848,9.735649789765847e-05
3.07552,0.002820543146503884,8.905109221175983e-05
3.07817,0.001856357588790233,5.975440377032562e-05
3.08081,0.002141806673140956,6.787085264070833e-05
3.08345,0.003538247364039955,0.0001095440713042571
3.0861,0.002392081090455052,7.548942023147483e-05
3.08874,0.004211105369034406,0.0001284620216819513
3.09138,0.002469311528856826,7.805157159761031e-05
3.09403,0.002516934447835739,7.945158715433794e-05
3.09667,0.00247301990843507,7.873513259953775e-05
3.09932,0.002437115011098778,7.637997319075371e-05
3.10196,0.002838341079356274,8.891425658128449e-05
3.1046,0.002832194783573807,8.855900068052403e-05
3.10725,0.002795426886792456,8.762051778508668e-05
3.10989,0.001907901775804661,6.114724210397236e-05
3.11253,0.003200219408990012,9.938871054513681e-05
3.11518,0.002403286348501664,7.605073828658671e-05
3.11782,0.002128303135405104,6.740733617965658e-05
3.12047,0.001528568881798004,4.902913845933514e-05
3.12311,0.001362007699778025,4.410333313746519e-05
3.12575,0.00350075381520533,0.0001077912696684207
3.1284,0.002761234253607103,8.690874018910149e-05
3.13104,0.002102838928967812,6.69198563668218e-05
3.13368,0.002456300152608215,7.831362316798445e-05
3.13633,0.002149733906770256,6.809298769295955e-05
3.13897,0.002122312500000002,6.720724706698174e-05
3.14161,0.003078090108213096,9.666198991285435e-05
3.14426,0.003793573876248614,0.0001178340717474777
3.1469,0.004422608906770256,0.0001347167068118984
3.14955,0.002709841148723643,8.523903171538158e-05
3.15219,0.002867568604328523,8.96119649575738e-05
3.15483,0.003234913360155381,0.0001003956074403757
3.15748,0.003200647475027748,9.964540982082671e-05
3.16012,0.001535241675915649,4.944476542429545e-05
3.16276,0.002745723154827969,8.660421916133102e-05
3.16541,0.003897069714206438,0.0001203371534994818
3.16805,0.003348499653163152,0.0001038667537932147
3.1707,0.003025937014428414,9.467135664534671e-05
3.17334,0.00314329578246393,9.746705104375549e-05
3.17598,0.002693343437846838,8.490028455302717e-05
3.17863,0.00303105091564928,9.448851215162586e-05
3.18127,0.003266702413984462,0.0001013815174530869
3.18391,0.003303793077136514,0.0001024579310954696
3.18656,0.003544441731409546,0.0001091200767393896
3.1892,0.001741374930632628,5.616310927950942e-05
3.19185,0.003176941315205329,9.874435893043724e-05
3.19449,0.00325816398446171,0.0001011757273787093
3.19713,0.002388388734739178,7.55934678110742e-05
3.19978,0.003591123820754718,0.0001102609033151751
3.20242,0.003766626317980022,0.0001154721785667665
3.20506,0.001832601068257491,5.818433735107363e-05
3.20771,0.001492217605438401,4.768296906939632e-05
3.21035,0.002642213582130965,8.259266881935656e-05
3.213,0.004227651151498333,0.000128148153460246
3.21564,0.002797347461154273,8.608558449174775e-05
3.21828,0.002092549320199779,6.592855600126335e-05
3.22093,0.002750376942286348,8.557259034857562e-05
3.22357,0.001898033365704773,6.022981766984104e-05
3.22621,0.002970892758046615,9.172068236338678e-05
3.22886,0.002377771781354053,7.420147537486013e-05
3.2315,0.002672656631520533,8.553028783392693e-05
3.23414,0.0009441648862375146,3.186550472019495e-05
3.23679,0.002480406908990011,8.166247340605549e-05
3.23943,0.003475875624306323,0.0001132304506061531
3.24208,0.002927523029966704,9.79390336034537e-05
3.24472,0.0008400624306326295,2.965986041915015e-05
3.24736,0.002322539816870145,7.913419649924937e-05
3.25001,0.00243182942563818,8.401010782120806e-05
3.25265,0.002393326373473915,8.389922155265356e-05
3.25529,0.003283426748057715,0.0001142992455577263
3.25794,0.002858588374028854,9.952989866347752e-05
3.26058,0.002760398723640396,9.696090167126797e-05
3.26323,0.003177177094894561,0.0001110322323455335
3.26587,0.00340548508601554,0.0001197027498926893
3.26851,0.002872531423418422,0.0001032167104527813
3.27116,0.001149013942841287,4.255280652905114e-05
3.2738,0.00146464511653718,5.410942839627139e-05
3.27644,0.003547245907325195,0.0001269956250224736
3.27909,0.002110278579356269,7.827425109197496e-05
3.28173,0.00212286875693674,7.813947986435555e-05
3.28438,0.0038403109045505,0.0001396176592125372
3.28702,0.002140783435072143,7.763304492062857e-05
3.28966,0.002809987999445058,9.956091522053875e-05
3.29231,0.001270342050499445,4.571338471716215e-05
3.29495,0.00272580091564928,9.443273448627663e-05
3.29759,0.004526654134295227,0.0001508170695277006
3.30024,0.004135706229189792,0.0001379387066914308
3.30288,0.001703849334073253,5.95336867319012e-05
3.30553,0.002395343091009989,8.210531762884338e-05
3.30817,0.002202209766925636,7.55785611440129e-05
3.31081,0.003077680355160931,0.0001040536177599455
3.31346,0.002000988970588237,6.917906708099612e-05
3.3161,0.003106136445615982,0.0001041203957760175
3.31874,0.003617773793007769,0.0001206836242372489
3.32139,0.002202926262486129,7.498660815953447e-05
3.32403,0.003687640122086572,0.0001225061358505805
3.32667,0.002007329841842396,6.814137486931475e-05
3.32932,0.001749931673140954,5.98262404464359e-05
3.33196,0.003941089553274139,0.0001299094123326705
3.33461,0.00418207470865705,0.0001368892897549805
3.33725,0.002836356409544952,9.489718835545949e-05
3.33989,0.00284174500554939,9.492908561444777e-05
3.34254,0.002166103426748058,7.244525599088512e-05
3.34518,0.003821199014983352,0.0001248861160062702
3.34782,0.004229161972807993,0.00013647045529653
3.35047,0.003431803135405105,0.0001118892067117982
3.35311,0.002959364733629301,9.741291981016676e-05
3.35576,0.001658021087680356,5.625206830637065e-05
3.3584,0.002241378953940067,7.476839144238315e-05
3.36104,0.002164187430632632,7.217555195321919e-05
3.36369,0.003078465524417315,0.0001017005912637473
3.36633,0.004014192702552717,0.000129132550686569
3.36897,0.003434534059378471,0.0001121694327640633
3.37162,0.001844170296892345,6.125418910388955e-05
3.37426,0.003377523446170922,0.0001103945958432998
3.37691,0.002822532394561599,9.327059358277873e-05
3.37955,0.001972512278024418,6.569865707953626e-05
3.38219,0.003270708379578247,0.0001060741819137346
3.38484,0.003658353079911207,0.0001178959984886297
3.38748,0.002146776359600446,7.145055418527134e-05
3.39012,0.00324910134572697,0.0001065144649578816
3.39277,0.002922470935072142,9.561807934959468e-05
3.39541,0.001816002635960043,6.053807455257732e-05
3.39806,0.002716999236958934,8.972696958171833e-05
3.4007,0.001818131520532741,6.103120318827264e-05
3.40334,0.001805923626526084,6.063288118842121e-05
3.40599,0.001659190829633742,5.579401943854906e-05
3.40863,0.001514914261931185,5.066056133352957e-05
3.41127,0.001426274833518315,4.806965961983e-05
3.41392,0.001751417314095452,5.856616241227714e-05
3.41656,0.00203331596836848,6.767937966400176e-05
3.41921,0.00323021607935627,0.000105007625025498
3.42185,0.002167602802441733,7.163828627017974e-05
3.42449,0.001903394492230857,6.374426759867379e-05
3.42714,0.002317675430077691,7.600830976277256e-05
3.42978,0.002332831714761374,7.710014487680825e-05
3.43242,0.002190688609877913,7.278133148447575e-05
3.43507,0.00377202178135405,0.000121396628559549
3.43771,0.003102759988901221,0.0001010207997701357
3.44035,0.002827060280244172,9.201786527297395e-05
3.443,0.002449018451720312,8.06786584792529e-05
3.44564,0.003102146503884576,0.0001009301873904937
3.44829,0.002583799736403994,8.393761299226413e-05
3.45093,0.002309855785238625,7.589550892529282e-05
3.45357,0.00326677337680355,0.0001051714127481629
3.45622,0.00232754384017758,7.642103042554023e-05
3.45886,0.001651139983351833,5.525909588475626e-05
3.4615,0.002662781354051054,8.602179034475052e-05
3.46415,0.003670334350721419,0.0001168688320308834
3.46679,0.003160457339067702,0.0001017358586458847
3.46944,0.002557470241398444,8.349493576887483e-05
3.47208,0.002398245699223086,7.840215312967047e-05
3.47472,0.001488081159822421,4.956701938237049e-05
3.47737,0.003285448043840179,0.0001049335458440047
3.48001,0.002105112028301887,6.851973238273593e-05
3.48265,0.001665543146503885,5.466617771307765e-05
3.4853,0.002644569089900111,8.53162056584423e-05
3.48794,0.001680573529411767,5.567709842991448e-05
3.49059,0.002936441453940064,9.477806309166689e-05
3.49323,0.002378195269145394,7.654039078738693e-05
3.49587,0.001868519700332964,6.058448435131045e-05
3.49852,0.001558883740288566,5.159901964169466e-05
3.50116,0.004225245283018871,0.0001327512072283415
3.5038,0.002471165718645948,8.006053900344703e-05
3.50645,0.004361825818534958,0.0001360218444122128
3.50909,0.002760414747502774,8.882066544763865e-05
3.51174,0.00338291204217536,0.0001072649827506451
3.51438,0.003256870629855716,0.0001044168216882365
3.51702,0.001616132422308544,5.299403288505151e-05
3.51967,0.001592572766370699,5.268623994513471e-05
3.52231,0.001948641301331855,6.365736963341404e-05
3.52495,0.003017087264150944,9.726772451090952e-05
3.5276,0.003604235918423976,0.0001134871155810439
3.53024,0.003994474195338512,0.0001249341364584408
3.53288,0.002188639844617091,7.110256191106154e-05
3.53553,0.003726273654273028,0.0001180915837421746
3.53817,0.003110765052719203,9.973202358434514e-05
3.54082,0.001548678829078803,5.085196882275465e-05
3.54346,0.00365356423418424,0.0001154068074393314
3.5461,0.002542172031076586,8.285345114018429e-05
3.54875,0.002114076234739176,6.88975085948166e-05
3.55139,0.003188821864594893,0.0001014566392023679
3.55403,0.002238528995560487,7.289078832508947e-05
3.55668,0.002053952413984461,6.659599224969077e-05
3.55932,0.004020577067147613,0.000126419598964888
3.56197,0.002967275943396227,9.477660377039944e-05
3.56461,0.001712335113762488,5.599673784258141e-05
3.56725,0.001950804522752498,6.389457648272136e-05
3.5699,0.002765961293007766,8.925515509239144e-05
3.57254,0.001437090940621534,4.704489171353329e-05
3.57518,0.0008745915649278545,2.910375595174935e-05
3.57783,0.002195765885127633,7.151036416341375e-05
3.58047,0.001621644630965595,5.341934458939513e-05
3.58312,0.002125130410654825,6.918991725503414e-05
3.58576,0.003540575402330743,0.000111640397176033
3.5884,0.001544988762486125,5.090107254841512e-05
3.59105,0.003236888873473919,0.0001029666483478396
3.59369,0.001607410862930077,5.285734984176765e-05
3.59633,0.002166998473917868,7.007768887178065e-05
3.59898,0.002815257561043286,8.996895749110255e-05
3.60162,0.002823505271920088,9.101880517232785e-05
3.60427,0.002023985502219758,6.62940606837145e-05
3.60691,0.004066338928967813,0.0001269120659167482
3.60955,0.003778083379578244,0.0001188738483646653
3.6122,0.003541479605993337,0.0001122631339723113
3.61484,0.003560520532741397,0.0001133824968492726
3.61748,0.002427340455049947,7.809298129582777e-05
3.62013,0.003304781978357382,0.0001047482163389242
3.62277,0.003445517272475028,0.0001092235681406509
3.62541,0.002034886306881243,6.607412998882175e-05
3.62806,0.002963212749722532,9.530020780249827e-05
3.6307,0.003214176193118757,0.0001023304913456444
3.63335,0.002918712194783574,9.393620735498159e-05
3.63599,0.003230902816315207,0.0001029039856254909
3.63863,0.003809268104883464,0.0001198399646465233
3.64128,0.002535421406770258,8.183137916431969e-05
3.64392,0.00209270498057714,6.812444092189298e-05
3.64656,0.002049497780244177,6.663781498582773e-05
3.64921,0.002692821517758046,8.711134034375687e-05
3.65185,0.002937290718645949,9.409152325988318e-05
3.6545,0.003139179938956714,9.979739392207631e-05
3.65714,0.001175904273029969,3.895300354332591e-05
3.65978,0.002884352455604883,9.250796824010546e-05
3.66243,0.00379395615982242,0.0001194061156154586
3.66507,0.003156380410654829,0.0001005200379136094
3.66771,0.002904844686459491,9.295138370654764e-05
3.67036,0.00233177413984462,7.52134217670069e-05
3.673,0.002129008185349612,6.907203291303495e-05
3.67565,0.001169174250832405,3.852323705728439e-05
3.67829,0.001873819020532739,6.088106169588607e-05
3.68093,0.0005836279827968931,1.966271643947587e-05
3.68358,0.001437139012208657,4.683520200303368e-05
3.68622,0.002869947003329634,9.193772696966688e-05
3.68886,0.002179934309101002,6.996022584579129e-05
3.69151,0.003365443743063264,0.0001061454939590832
3.69415,0.002148259711431743,6.901105697981046e-05
3.6968,0.00202992577691454,6.50397616382209e-05
3.69944,0.002212210946170921,7.153680423803153e-05
3.70208,0.002411302857935626,7.676265608546284e-05
3.70473,0.002778356895116536,8.824298943778818e-05
3.70737,0.001387938887347391,4.490995995948597e-05
3.71001,0.002090143451720309,6.668288942324359e-05
3.71266,0.002591008185349613,8.216049344104753e-05
3.7153,0.002380246323529413,7.652537622694325e-05
3.71794,0.001894533296337402,6.114579139493573e-05
3.72059,0.00383795768590455,0.0001192588793821569
3.72323,0.00178608608490566,5.756158311607209e-05
3.72588,0.002601137555493896,8.289666404500079e-05
3.72852,0.002015227316870145,6.467518960441187e-05
3.73116,0.002814701304106552,8.852534421860285e-05
3.73381,0.002680622780244177,8.528642886098031e-05
3.73645,0.002284815066592676,7.258775225166371e-05
3.73909,0.004104468854051052,0.0001273376444430063
3.74174,0.003040028856825752,9.503042641243041e-05
3.74438,0.002988555632630412,9.410769509691262e-05
3.74703,0.001440781007214203,4.717574691627759e-05
3.74967,0.002507636029411766,8.021369168170821e-05
3.75231,0.004065482796892343,0.0001241260072858547
3.75496,0.003038806465038845,9.559299424429273e-05
3.7576,0.002048078523862377,6.54329210468789e-05
3.76024,0.002315505341287458,7.413947998871696e-05
3.76289,0.002537458726415096,8.041978210510293e-05
3.76553,0.002370526706437291,7.568174201547971e-05
3.76818,0.003462923765260824,0.0001081527979701732
3.77082,0.001497535238623751,4.833289877142437e-05
3.77346,0.003227647683129857,0.0001012851437944583
3.77611,0.002499745421753608,7.948270090179366e-05
3.77875,0.002908596559378469,9.16241875988284e-05
3.78139,0.002242518937291897,7.181291451648668e-05
3.78404,0.001852232588790234,5.970286043034432e-05
3.78668,0.002299277746947835,7.323244858469484e-05
3.78933,0.001683496739733627,5.430354331282469e-05
3.79197,0.002204640815760264,7.291591843061037e-05
3.79461,0.004558534753052167,0.0001462689495868006
3.79726,0.002524472530521643,8.467118204692097e-05
3.7999,0.001486490219200886,5.196021744136639e-05
3.80254,0.003827230854605994,0.0001286027510395664
3.80519,0.002765100582685905,9.593709897513156e-05
3.80783,0.001148530937846838,4.140674522449742e-05
3.81047,0.002312144908435074,8.234353282073498e-05
3.81312,0.002203670227524972,8.031614578466863e-05
3.81576,0.00181133282463929,6.616918420704225e-05
3.81841,0.003481875416204217,0.0001229146334001948
3.82105,0.00193311875693674,7.18845685661462e-05
3.82369,0.001741558060488347,6.479304665346136e-05
3.82634,0.002030852871809103,7.550664956368511e-05
3.82898,0.0001508532186459481,5.876679239021958e-06
3.83162,0.003232223640399557,0.0001189285736704276
3.83427,0.002272598016093228,8.589278033975315e-05
3.83691,0.002334672169811323,8.91941797431689e-05
3.83956,0.001965699847391787,7.572964390504667e-05
3.8422,0.002529744381243063,9.680876610567312e-05
3.84484,0.002831370699223088,0.0001082737639860038
3.84749,0.002081948390677028,7.884261667584215e-05
3.85013,0.00224744055216426,8.276373183230677e-05
3.85277,0.001726919117647059,6.310982525928849e-05
3.85542,0.003044906978357382,0.0001088375449039099
3.85806,0.001563626803551612,5.697828897552468e-05
3.86071,0.001050290926748056,3.841641491340172e-05
3.86335,0.003541101900665929,0.0001222486070267638
3.86599,0.001727143451720311,6.142507006330802e-05
3.86864,0.001463019839067703,5.21046109182186e-05
3.87128,0.002300818326859046,8.104585068040393e-05
3.87392,0.003414144839067703,0.0001168008031004572
3.87657,0.002695426539955606,9.354701868337561e-05
3.87921,0.003689475998890123,0.000125560509119302
3.88186,0.002501487444506106,8.690192591832124e-05
3.8845,0.001577787319644841,5.5895234827605e-05
3.88714,0.003296582339067702,0.0001116423802146588
3.88979,0.003051206645394009,0.0001048062437142727
3.89243,0.00218011286071032,7.583492803863896e-05
3.89507,0.001697387139289679,5.879381542016551e-05
3.89772,0.00261871344339623,8.890709492326606e-05
3.90036,0.003546343992785794,0.0001177708952622295
3.903,0.00223508615427303,7.60269072873679e-05
3.90565,0.002448359184239734,8.289377922624526e-05
3.90829,0.004193181534406215,0.0001367965979751559
3.91094,0.00344077878745838,0.0001143592749865582
3.91358,0.002288681395671474,7.728879707472043e-05
3.91622,0.001944896295782464,6.573733620851571e-05
3.91887,0.002491206992230856,8.415534277848845e-05
3.92151,0.002545727039400666,8.491529268845749e-05
3.92415,0.003127466495560487,0.0001031048050625074
3.9268,0.002761062569367368,9.203899796040915e-05
3.92944,0.003025744728079914,9.937866029132225e-05
3.93209,0.002416712056048833,8.055091975373577e-05
3.93473,0.002344030105438404,7.753243419369612e-05
3.93737,0.00291826352663707,9.570551865167931e-05
3.94002,0.003604121462264151,0.0001169557716255168
3.94266,0.0011521019700333,3.930825861023646e-05
3.9453,0.003146118271365151,0.0001029583151136866
3.94795,0.002744944852941176,9.031720203882223e-05
3.95059,0.002972527192008879,9.78221314840577e-05
3.95324,0.0019341099472808,6.513727860829476e-05
3.95588,0.003666335252497225,0.0001189116222887312
3.95852,0.003334618410099889,0.0001090017518625499
3.96117,0.00271069270255272,8.984298600651965e-05
3.96381,0.002195230230299668,7.304684998532745e-05
3.96645,0.002756060835183129,9.056091204949538e-05
3.9691,0.003742865219200889,0.0001208489240683413
3.97174,0.002756729259156495,9.130404321170101e-05
3.97439,0.002696516162597112,8.950097338537868e-05
3.97703,0.001315066939511655,4.415675836009995e-05
3.97967,0.001836130896226413,6.145777271857962e-05
3.98232,0.002953525180355158,9.644587827099798e-05
3.98496,0.001588985710321866,5.35098895431012e-05
3.9876,0.002629563887347391,8.653068644127901e-05
3.99025,0.0027435759572697,9.01459748850933e-05
3.99289,0.003265951581576028,0.0001070855509452285
