0.0431807,67.52977318951166,0.4760892817138752
0.0458244,58.19994227247503,0.4246305305160692
0.0484682,51.10796299944506,0.3929472206391283
0.0511119,44.9814772891232,0.3834223099829093
0.0537556,39.58385595865705,0.3370707162609611
0.0563993,35.18285683268591,0.3287493742952811
0.059043,31.13070575194229,0.2875881104081513
0.0616867,27.83101952205882,0.2812077004631422
0.0643304,25.18299728981687,0.2620040107000697
0.0669742,22.77449730299667,0.2378427249890755
0.0696179,20.71282937638735,0.2319373454279652
0.0722616,18.70664409614318,0.2064606547118703
0.07490529999999999,17.14994569020533,0.1976182901663547
0.07754900000000001,15.56584849403441,0.1856800442851898
0.08019270000000001,14.22309293840178,0.1703164641098026
0.08283649999999999,13.15390868756937,0.1664040693063057
0.08548020000000001,12.02107733490566,0.1513145936371128
0.08812390000000001,11.04665610016648,0.1512103069022958
0.0907676,10.18994414400666,0.1433632564327619
0.0934113,9.404956437985572,0.1353304233665686
0.096055,8.714447164261932,0.1320384530457812
0.0986987,8.162832981409545,0.1232410793387181
0.101342,7.538170038845728,0.1181432034701781
0.103986,7.031470421753608,0.1081170621729199
0.10663,6.459675168562709,0.103672767623078
0.109274,6.015738731270811,0.09936847704855094
0.111917,5.623243951165372,0.09234510323605587
0.114561,5.244122572142065,0.08692624454671193
0.117205,4.942756733490567,0.08312006693881517
0.119848,4.584794315344062,0.07793029798566556
0.122492,4.34677643590455,0.07319749983929467
0.125136,3.995758988623752,0.06921566355507681
0.12778,3.799973921337403,0.06606051118736493
0.130423,3.592026719617092,0.06343467998775691
0.133067,3.351568108351831,0.06012498745315818
0.135711,3.167043169395117,0.05544008038473273
0.138354,2.965938088235295,0.05321932680236181
0.140998,2.829906118201998,0.0507740769113959
0.143642,2.682080745699223,0.04840743624518492
0.146286,2.503003919950056,0.04478452973944672
0.148929,2.369130432852387,0.04243609501605262
0.151573,2.195890024278579,0.04066077642694731
0.154217,2.123553525249723,0.03861826544212696
0.15686,2.014773681326304,0.03712983523244164
0.159504,1.880745312153163,0.03456517878587007
0.162148,1.774973078523862,0.03283299304821275
0.164792,1.683282592258602,0.03185765835420331
0.167435,1.607625536903441,0.02984441487421747
0.170079,1.51480301054384,0.02846319863217265
0.172723,1.435478344894562,0.02692020398139901
0.175366,1.346721324223086,0.02563720812662507
0.17801,1.300152294672586,0.02462794135574069
0.180654,1.254472658157603,0.02368971209916422
0.183298,1.198065984322975,0.02293672582752547
0.185941,1.121218058407325,0.02141954663929382
0.188585,1.08443814372919,0.02077818657344501
0.191229,1.007499225166482,0.01954786995748959
0.193872,0.9736845720033297,0.01879733962778165
0.196516,0.926340262208657,0.01809313057594486
0.19916,0.897159160654828,0.01749977895401366
0.201804,0.8293411619034406,0.01667205542683648
0.204447,0.8169127337680355,0.01612563591775982
0.207091,0.7999930688124307,0.01566167001339322
0.209735,0.7524279273029967,0.01487166725773857
0.212378,0.7013235724195339,0.01403169340122032
0.215022,0.6617328204772476,0.0132966181256347
0.217666,0.6568111598224194,0.01328135646348061
0.22031,0.6328152885682575,0.0129817393180105
0.222953,0.5984765177580467,0.01217963276879615
0.225597,0.5894511917314097,0.01187382102095445
0.228241,0.5548704377081022,0.01142739450963407
0.230885,0.530121834073252,0.01096159021674788
0.233528,0.5179199375693674,0.01080260364448943
0.236172,0.5058388838790234,0.01052922840736292
0.238816,0.4715225922586015,0.00991240852133848
0.241459,0.4627518854051054,0.009684841028728425
0.244103,0.4450873626526082,0.009254733668050654
0.246747,0.4396647502774695,0.009249172172227657
0.249391,0.4124500513318535,0.008816407421238627
0.252034,0.3937569797447281,0.008524198645602624
0.254678,0.391049359045505,0.00834142218045154
0.257322,0.3644883879023307,0.007897248919960076
0.259965,0.3558800485571587,0.007717036421509748
0.262609,0.349962459073252,0.007600690361575135
0.265253,0.342379532463929,0.007545047676333419
0.267897,0.3260862631798003,0.007149343222556575
0.27054,0.32570871809101,0.007120166881487379
0.273184,0.3111502837125416,0.006793966042960508
0.275828,0.299054762763596,0.006584876390016043
0.278471,0.2838701158435072,0.006407441419194468
0.281115,0.2854427892619312,0.006405591430831341
0.283759,0.287397128190899,0.006431917151509099
0.286403,0.2734912083795782,0.00605531444684794
0.289046,0.2551539809933407,0.005814604885693747
0.29169,0.2484325658990011,0.005657211151562697
0.294334,0.2505077934239733,0.00572467979894288
0.296977,0.2391310571587126,0.005517865297976435
0.299621,0.2335158150665927,0.005350253673544291
0.302265,0.2172949507491676,0.005085159835712734
0.304909,0.2165187090732519,0.005036497043297858
0.307552,0.21280234045505,0.005008952010732612
0.310196,0.2083567029689234,0.004885862364015387
0.31284,0.197346455327414,0.004670407529278209
0.315483,0.194505355854606,0.004624611889227222
0.318127,0.1905380466842398,0.004520148667327875
0.320771,0.1864554389567148,0.004433995111592255
0.323415,0.1844047828801332,0.004404936103954621
0.326058,0.1793418146503885,0.004282130229884874
0.328702,0.1723345338512764,0.004219199627934668
0.331346,0.1668932903024418,0.004060620512928531
0.333989,0.1668046028024417,0.004034615930785103
0.336633,0.1651842286348502,0.00396452861091473
0.339277,0.1558443541897891,0.003799509714061575
0.341921,0.1545683053551609,0.00382366773921383
0.344564,0.1519645719339623,0.003736498001305143
0.347208,0.1511957630410655,0.003727724462965983
0.349852,0.1438441065482797,0.003565610022786712
0.352495,0.1457806154966704,0.003601558492156527
0.355139,0.1411651227802442,0.003508318758397953
0.357783,0.1387317413290788,0.003470219372631206
0.360427,0.1310086105022198,0.003322192695463089
0.36307,0.1387886008601554,0.003417770568007674
0.365714,0.1307031086986682,0.003291487937848324
0.368358,0.1300219434655938,0.003232906576238358
0.371001,0.1244770758879023,0.003158776157710014
0.373645,0.1248401262486127,0.003166052198957046
0.376289,0.1278721111265261,0.003184199310771796
0.378933,0.1201491565621532,0.003065874628980894
0.381576,0.1150814109322974,0.002917223337243822
0.38422,0.118563721281909,0.003006950801978728
0.386864,0.1098941662042175,0.002830060929551306
0.389507,0.1146369868201998,0.002928104512573023
0.392151,0.1086196693951165,0.002836416788719901
0.394795,0.1090011334628191,0.002788293187316385
0.397439,0.1061462145532741,0.002746160529317252
0.400082,0.1037755001387348,0.002680147642515127
0.402726,0.09819235155382909,0.002592505498818814
0.40537,0.09911527566592675,0.002602905316004753
0.408013,0.09579598293562709,0.002505946680446655
0.410657,0.1020180944783574,0.002647717764605645
0.413301,0.09399439033018869,0.002474233499450064
0.415945,0.09545598633462819,0.002516138610011519
0.418588,0.09293368847114317,0.002471649020117374
0.421232,0.09217133719478358,0.002444055327448238
0.423876,0.08979332505549389,0.002438560436868417
0.426519,0.08487949320199779,0.002353730604913128
0.429163,0.08853659642064371,0.002494030664121083
0.431807,0.08808227185072141,0.002528862279520541
0.434451,0.08819582151775807,0.002572658250646094
0.437094,0.08404479876526082,0.00254883757364514
0.439738,0.08355598855438402,0.002541701015500319
0.442382,0.08642999417314096,0.002652497259578708
0.445025,0.0817788414955605,0.002550216018319004
0.447669,0.08088734246670366,0.00255053677634055
0.450313,0.07759164372918979,0.002516166601808879
0.452957,0.08220671982519423,0.002580777316338323
0.4556,0.07459924008046616,0.002402549143619252
0.458244,0.0728518722253052,0.002326052020852652
0.460888,0.07476549909822421,0.002382454424897862
0.463531,0.07018833088235293,0.002306730672090219
0.466175,0.07375861681465039,0.002354874614274624
0.468819,0.07909734884850167,0.002524818378825283
0.471463,0.07100675423140955,0.00227974979474375
0.474106,0.06792724715593786,0.002263130347442868
0.47675,0.06918899125971142,0.002285841018801324
0.479394,0.07021131139012209,0.002318491134936197
0.482037,0.06907512111542731,0.002320346203440922
0.484681,0.06935041336015538,0.002208991850462787
0.487325,0.06255641932574917,0.002060066540707874
0.489969,0.06766908442008879,0.002119290464767291
0.492612,0.06367515961431744,0.002033821637911729
0.495256,0.06392212853773585,0.001999896422718802
0.4979,0.05885768840177581,0.001867090401344884
0.500543,0.06886643777746948,0.00206743969068962
0.5031870000000001,0.05817843229744728,0.001823619349812292
0.505831,0.06127598910932297,0.00189292548839452
0.508475,0.06106506243063263,0.001878627103449456
0.511118,0.06083656444228635,0.001846412192029999
0.5137620000000001,0.06098531624583796,0.001851751949959369
0.516406,0.05886891426193118,0.001787703095810691
0.519049,0.06089596032186459,0.001840205138615566
0.521693,0.0568751177164262,0.001729047319497189
0.5243370000000001,0.05923135571587125,0.0017786073875897
0.526981,0.05686391932574918,0.001730320997315502
0.529624,0.05725684961154273,0.00171372048820304
0.532268,0.05657239948668148,0.001706037498035033
0.5349120000000001,0.0593481216009989,0.001744634142019814
0.537555,0.05906950554938956,0.00173783498445282
0.540199,0.05512726914539401,0.00166250236795865
0.542843,0.05226732332130966,0.001591732223536136
0.5454870000000001,0.05987050409267481,0.001744011293169836
0.54813,0.0560503740982242,0.001630630839571735
0.550774,0.05502320789400665,0.001630702718151259
0.553418,0.05067411417869035,0.001523273683434404
0.556061,0.05214353440621532,0.001555285180247539
0.558705,0.05226770560488347,0.00156644708581788
0.561349,0.05646764920921199,0.001613037815863053
0.563993,0.05430128024417313,0.001583896171810879
0.566636,0.05193782006104328,0.001522847881164016
0.56928,0.05202052379300777,0.001535224436715995
0.571924,0.04836992855160933,0.001450240414347089
0.574567,0.04873305903163153,0.001452284109703129
0.577211,0.05122937305771366,0.001499838548569209
0.579855,0.04690140566037736,0.001392848179452403
0.582499,0.04955301838235294,0.001462009232954349
0.5851420000000001,0.04879524764150943,0.00143367416375654
0.587786,0.05138125638179801,0.001500899753811225
0.59043,0.04613223737513873,0.001378804287620731
0.593073,0.04663643049389568,0.001367061130440725
0.5957170000000001,0.04670892473640401,0.00137429498974987
0.598361,0.04673473002219757,0.001377776527793482
0.601005,0.0466644539400666,0.001365143204591446
0.603648,0.04449303059100999,0.001313306804911533
0.6062920000000001,0.04408763831853497,0.001302596652279617
0.608936,0.04450422211431743,0.001309833509196825
0.611579,0.04406788547447281,0.001288077800612807
0.614223,0.04694944748890122,0.001347265738557289
0.6168670000000001,0.04430441370699223,0.001291045769872597
0.619511,0.04391353218645948,0.001273955316675101
0.622154,0.04610478163152055,0.001322488574663552
0.624798,0.04359954231409546,0.001260592153649872
0.6274420000000001,0.0407850378745838,0.001195691537550914
0.630085,0.0421622018590455,0.001232949840446411
0.632729,0.04227786438679246,0.001225722101224616
0.635373,0.04701535363485015,0.001320369284528958
0.6380169999999999,0.04442604626803552,0.001257900460368085
0.64066,0.04248500485571588,0.001226951018782154
0.643304,0.04538756499722531,0.00128597538953766
0.645948,0.04235576096004439,0.001217334816432599
0.6485919999999999,0.03964242432019978,0.001157308213199438
0.651235,0.04276940552164262,0.001231625002608161
0.653879,0.04022752878745838,0.001174513199104008
0.656523,0.03995746947835738,0.001161750112497125
0.659166,0.04088762950887903,0.001182729445442892
0.66181,0.03933976789678136,0.001133989872026151
0.664454,0.03816904162042176,0.001122303250458579
0.667098,0.04346281298557159,0.001235130215243724
0.669741,0.04037209836293008,0.001168959349261551
0.672385,0.04293028281076582,0.001212802178067463
0.675029,0.040444331645394,0.001154362772734818
0.6776720000000001,0.03781683025804661,0.00109605344181077
0.680316,0.0410940901082131,0.001167419173315832
0.68296,0.04245965739456159,0.001183586400109388
0.685604,0.03646606673140955,0.001070100436507779
0.6882470000000001,0.03785779182852386,0.001090563737026553
0.690891,0.03743607581853497,0.001084074787048852
0.693535,0.03449049618479467,0.001014824200291709
0.696178,0.03602488172863485,0.00104788578002823
0.6988220000000001,0.03815719311875694,0.00109612357569636
0.701466,0.03918486293007769,0.001107045228548403
0.70411,0.03905344894561598,0.001111250900988028
0.706753,0.03300577087957825,0.000969826483874676
0.7093970000000001,0.03899884420088791,0.001100472560475562
0.712041,0.03914990115149833,0.001104132785726553
0.714684,0.03739694096836849,0.001061071908120385
0.717328,0.03725385703385128,0.001057327869371109
0.7199719999999999,0.03504888658435071,0.001011203953683357
0.722616,0.03985553024417315,0.001103289387497262
0.725259,0.03672509246670366,0.001042453929719357
0.727903,0.0393516003745838,0.001080468555994301
0.7305469999999999,0.03506681041897892,0.001008358305340794
0.73319,0.0335165932991121,0.0009710725506745637
0.735834,0.03734964768312985,0.001042096055731168
0.738478,0.03702570928135405,0.001031304953659665
0.7411219999999999,0.03771930216426193,0.001048129035811999
0.743765,0.03328736736958935,0.0009618581722563119
0.746409,0.03701741807713652,0.001020903695301229
0.749053,0.03627091440066593,0.001017268998012973
0.751696,0.03649432824639289,0.001010372363775806
0.75434,0.03458938859600445,0.0009807102431611671
0.756984,0.0332894619173141,0.0009381525315315013
0.759628,0.03571504890399557,0.0009950342067955799
0.762271,0.03652303614039955,0.00100829379772376
0.764915,0.0362385782463929,0.0009962835853141382
0.767559,0.03699834052441731,0.001024130209234675
0.7702020000000001,0.03422376297169811,0.0009526932592843989
0.772846,0.03340759669811321,0.0009341345978914719
0.77549,0.03427687062985572,0.0009595377372616732
0.778134,0.03290712111542731,0.0009190944370768412
0.7807770000000001,0.03671079002497225,0.001003866677611087
0.783421,0.03370249986126526,0.000936546478904532
0.786065,0.03349845886514983,0.0009336213511992414
0.788708,0.03296286584350722,0.0009228055041064782
0.7913520000000001,0.03523623758324084,0.0009589949319465467
0.793996,0.03555204959766925,0.0009707435764501755
0.79664,0.03335258220033297,0.0009203462074696882
0.799283,0.03608867959211987,0.0009744127905197504
0.8019269999999999,0.0363802452136515,0.0009795416830465158
0.804571,0.03494054696170922,0.000945581030146753
0.807214,0.03309568534961154,0.0009132674422681671
0.809858,0.03603629529689234,0.0009601853334832924
0.8125019999999999,0.03411888679245284,0.0009369916855302687
0.815146,0.03259924091287458,0.0008924925291577849
0.817789,0.03235061008601554,0.0008894197500840032
0.820433,0.03348518423973362,0.0009163294788208638
0.8230769999999999,0.03496333976137625,0.0009360058022840945
0.82572,0.03349546469200888,0.0009133989507038133
0.828364,0.03450601644006659,0.0009253765535469159
0.831008,0.03508455341287459,0.0009413706484379491
0.8336519999999999,0.03318249805771365,0.0008923274320550921
0.836295,0.03471665697835738,0.0009267133026380363
0.838939,0.03458802198945616,0.0009268014258810128
0.841583,0.03200687305771365,0.0008623248147375853
0.844226,0.03283542348779134,0.0008950169581748168
0.84687,0.03135826144561599,0.0008534615843465266
0.849514,0.0347621533018868,0.0009205930347281979
0.852158,0.03526091890954495,0.0009333171937825241
0.854801,0.03301787805216427,0.0008707725710539927
0.857445,0.03117054876526082,0.0008468647820230197
0.860089,0.03225048154827969,0.0008593859176941334
0.8627320000000001,0.0300927769145394,0.0008178961622138295
0.865376,0.03145173779134295,0.0008746514124689869
0.86802,0.03330179113485017,0.0009060011619001409
0.870664,0.03461059045504994,0.000946172706017698
0.8733070000000001,0.03237235904550499,0.0008872882436700816
0.875951,0.03508704626803552,0.0009592493391200638
0.878595,0.03137414338235294,0.0008829362422491592
0.881238,0.03403620595172031,0.0009331378579567014
0.8838819999999999,0.03162451623196449,0.0008987013795749256
0.886526,0.02937431270810211,0.0008306377339709312
0.88917,0.03183853093784684,0.0008923763329810646
0.891813,0.03107003794395117,0.0008773208975097561
0.8944569999999999,0.03191179661487236,0.0008751113264546627
0.897101,0.03264564372918979,0.0008818752894563231
0.899744,0.03293847065760267,0.0008837024287302597
0.902388,0.02877637312708102,0.0007965611284105087
0.9050319999999999,0.0313072689372919,0.0008366482023371752
0.907676,0.0306838125,0.0008257857714050765
0.910319,0.03266029869589345,0.0008673406055539788
0.912963,0.03319910564650388,0.0008755014181580622
0.9156069999999999,0.03331222495837958,0.000877722447441964
0.91825,0.03051570387069923,0.0008093753256020928
0.920894,0.03294052400110988,0.0008663297150215122
0.923538,0.02972609829356271,0.0007993667530328881
0.9261819999999999,0.03058170387069923,0.0008093779483157633
0.928825,0.03099430917036626,0.0008273863544280018
0.931469,0.03155635072142065,0.0008282532745742902
0.934113,0.03307498023029967,0.0008660291415416271
0.936756,0.028818543354606,0.0007673276302482984
0.9394,0.03017301526082132,0.0007970694209254683
0.942044,0.03194603503052165,0.0008260857398003627
0.944688,0.03244604363207548,0.0008389332294327089
0.947331,0.02969966349889012,0.000787198331539727
0.949975,0.03139422586015539,0.0008131098585938008
0.952619,0.02886781673140954,0.0007661384753502935
0.9552619999999999,0.03281336778579357,0.0008415920630757199
0.957906,0.03083127323806882,0.0008026716719774286
0.96055,0.0308638291481687,0.0008070785771686493
0.963194,0.0293124445754717,0.0007583237194351903
0.9658369999999999,0.03048746295782465,0.0007950626308087124
0.968481,0.0322749660099889,0.0008221947059274407
0.971125,0.03076419277192009,0.000789159422022463
0.973768,0.03256003738901222,0.0008215823910101187
0.9764119999999999,0.03157832859322975,0.0007974002054050317
0.979056,0.03146106139012209,0.0008022803789000765
0.9817,0.03079352101831298,0.0007849769314843064
0.984343,0.03111840253884573,0.000786222801271175
0.9869869999999999,0.03119229314650389,0.000784542495570401
0.989631,0.03085921198668147,0.0007891995568049905
0.992274,0.02946863831853496,0.0007828599100811121
0.994918,0.03241354723917869,0.0008375437707033147
0.9975619999999999,0.03140812541620422,0.0008269282186657694
1.00021,0.03251220615982242,0.0008550693920300639
1.00285,0.03095905896226415,0.0008213732669900731
1.00549,0.03146974174528303,0.0008486776829332192
1.00814,0.02962822225305217,0.000805103226859886
1.01078,0.03033435724195338,0.0008244353463823977
1.01342,0.03066598938679246,0.0008354046161068812
1.01607,0.02789597863485016,0.0007867045491268669
1.01871,0.03233125326026637,0.0008715494672717039
1.02136,0.03118824597669256,0.0008533233017718337
1.024,0.0304792358490566,0.0008464528810046391
1.02664,0.03103666252774695,0.0008590549469897233
1.02929,0.02966860925360711,0.0008340553312005192
1.03193,0.03093593195061044,0.0008577750406443124
1.03457,0.03066981222253052,0.0008506842878422131
1.03722,0.03088753530799112,0.0008651411847672337
1.03986,0.02880439428412875,0.0008135806030659119
1.04251,0.02786659316037736,0.0008004662916659443
1.04515,0.03025783185349612,0.0008361241061741803
1.04779,0.03003633400388457,0.0008241198539668181
1.05044,0.03049993410099889,0.0008253637996755079
1.05308,0.02917520019422864,0.0007848959286862511
1.05572,0.03072376456714761,0.0008211766360473374
1.05837,0.03008090781076582,0.0007940915317160346
1.06101,0.03018773890122087,0.0008045690073415815
1.06365,0.02824750554938957,0.0007540341307851718
1.0663,0.02764551879855716,0.0007423762385720479
1.06894,0.02743659052441732,0.0007370269495277241
1.07159,0.02860939761376248,0.0007493678914730859
1.07423,0.02895495678412875,0.0007639209381386488
1.07687,0.02950431430355161,0.0007647546055395824
1.07952,0.03039075208102109,0.0007865482777611204
1.08216,0.02871088360155383,0.0007490103339902589
1.0848,0.03035619089900111,0.0007665571479904118
1.08745,0.02760503565482797,0.0007211545349922156
1.09009,0.03024333025804662,0.0007668481873661991
1.09274,0.03302393736126527,0.0008225188313356376
1.09538,0.03057503336570478,0.0007739315265447281
1.09802,0.02752987916204217,0.0007091426455277355
1.10067,0.02910789310488347,0.0007440700044583343
1.10331,0.02997185398168702,0.0007506953237034276
1.10595,0.02925311508046615,0.0007412441702186489
1.1086,0.02866582450055494,0.0007272648028632715
1.11124,0.02900246066870144,0.0007337859109800113
1.11389,0.02650215441176471,0.0006877701893609163
1.11653,0.02707051623196448,0.000685153745114416
1.11917,0.02781271864594894,0.0007100458519970773
1.12182,0.02994893299112098,0.0007433901658508385
1.12446,0.02935992099056604,0.0007372387997931206
1.1271,0.03000775658990011,0.000743309345043822
1.12975,0.02790776304106548,0.0007003305247277387
1.13239,0.02624477455604883,0.0006720163352423446
1.13504,0.0285756856964484,0.0007131813547877601
1.13768,0.02834200284406216,0.0007090372198722527
1.14032,0.02778753142341843,0.0007000146377405426
1.14297,0.02728684753052165,0.0006895085808000683
1.14561,0.02672709510266371,0.0006838574617571128
1.14825,0.02816687118479467,0.0006975226611651971
1.1509,0.0281016952691454,0.0007004497633051819
1.15354,0.02732086847946726,0.0006850361663751053
1.15618,0.02588693195061044,0.0006542266905928761
1.15883,0.02673740302441731,0.0006793831166822619
1.16147,0.02646623120144284,0.0006611712276162101
1.16412,0.02676941870144284,0.0006760814236853467
1.16676,0.02471970345449501,0.000624950879687813
1.1694,0.02716173550221975,0.0006774792695894428
1.17205,0.02446436778579357,0.0006221356145116694
1.17469,0.02482430493895671,0.0006281903259490658
1.17733,0.02776714678135406,0.0006856359874024124
1.17998,0.02631937708102109,0.0006510754098621402
1.18262,0.02556642494450611,0.0006414316083124607
1.18527,0.02684813020255272,0.0006622566849941034
1.18791,0.02583503523862376,0.00064532820573355
1.19055,0.0255162198945616,0.0006396019226584496
1.1932,0.02480206152885683,0.0006182649559573624
1.19584,0.02581956992230855,0.0006426543995870192
1.19848,0.02600744741953386,0.0006403993511401563
1.20113,0.02438041190344062,0.0006140159846649997
1.20377,0.02355752476415095,0.0005953000115929955
1.20642,0.02360406721698113,0.0005963552257087077
1.20906,0.0262143772891232,0.0006472385948392665
1.2117,0.02306482533296337,0.0005791711930660547
1.21435,0.02358132248890122,0.0005927639099746921
1.21699,0.02666141557991121,0.000647470714798337
1.21963,0.02530721150110988,0.0006237623123312782
1.22228,0.0246816834073252,0.000614025419652322
1.22492,0.02274745900388458,0.0005708428094730272
1.22757,0.02295421261098779,0.000576989137136172
1.23021,0.02351866918701443,0.0005836724893462522
1.23285,0.02231001213928967,0.0005615582018643272
1.2355,0.02384573224195339,0.0005927870662578075
1.23814,0.02267200263596005,0.0005677196872496972
1.24078,0.0238659589345172,0.0005939858787765778
1.24343,0.02386225971143174,0.0005908225925297958
1.24607,0.02330814539400666,0.0005772138010100743
1.24871,0.02227625443951165,0.0005572383332314184
1.25136,0.02254680362097669,0.0005603462802003194
1.254,0.02277893215871254,0.0005667798610845276
1.25665,0.0238005403718091,0.000584927555668204
1.25929,0.02274945969755827,0.0005660187931110402
1.26193,0.02177935904550499,0.0005407958481359669
1.26458,0.02285684246670366,0.0005624791278082669
1.26722,0.02298841440066593,0.0005671606647417929
1.26986,0.02128901741120976,0.0005333809341552092
1.27251,0.02139140302441732,0.0005361759742452574
1.27515,0.02093909517203108,0.0005232180287058728
1.2778,0.02215259600443952,0.0005490466516769446
1.28044,0.02140177275249723,0.000528951470275056
1.28308,0.02102522801054385,0.0005234014364448758
1.28573,0.02142962222530522,0.0005348411808930124
1.28837,0.02199103197835738,0.0005373809223261529
1.29101,0.01914890468923419,0.000491222166049462
1.29366,0.01998170144284129,0.0004994231748619301
1.2963,0.0207518426054384,0.000516151176262757
1.29895,0.02057291100166481,0.0005132373795402774
1.30159,0.02187219214761376,0.0005324869920167758
1.30423,0.01979794894561598,0.0004991605598334523
1.30688,0.0209419794672586,0.0005128338471424901
1.30952,0.02069785821309656,0.0005130173499457083
1.31216,0.02006709947280799,0.0004967065318731166
1.31481,0.0200176544117647,0.0004976184219003862
1.31745,0.02019951609322974,0.0005002743870674591
1.3201,0.01993405105438402,0.0004911086179194595
1.32274,0.02055177781631521,0.0005050160755866587
1.32538,0.01862961480299667,0.0004642013967343114
1.32803,0.0215195458518313,0.0005195275679023137
1.33067,0.01958583879023307,0.0004881429835975317
1.33331,0.01928274743340732,0.00047396855144215
1.33596,0.01876692556881243,0.0004683714737943255
1.3386,0.01818919436736959,0.0004557066187861221
1.34124,0.02136948924805771,0.000515291302180829
1.34389,0.01956484753052164,0.0004808581150960616
1.34653,0.01892320400943396,0.0004654283851771856
1.34918,0.01796797807991121,0.000450755435588796
1.35182,0.01813732741398446,0.000449821581438531
1.35446,0.01857348550221976,0.000461765587502308
1.35711,0.01791111854883463,0.0004473387463017689
1.35975,0.01650475221975583,0.000419299174758686
1.36239,0.01607112590177581,0.0004112311482476625
1.36504,0.01776325721420643,0.000439829403973004
1.36768,0.01824663304661487,0.0004535014972973239
1.37033,0.01824377164261931,0.0004525377192050439
1.37297,0.01872735578523863,0.0004620542409597627
1.37561,0.01759578725027747,0.0004438326610802099
1.37826,0.01886940503607103,0.0004606678807032937
1.3809,0.01681566322142065,0.0004250108870778254
1.38354,0.016674415163707,0.0004210676668548608
1.38619,0.01707880022197558,0.0004298794911165826
1.38883,0.01591362506936737,0.0004030394542936947
1.39148,0.01676261050221976,0.0004215739103237555
1.39412,0.01673560113762486,0.0004216561696300999
1.39676,0.01702691495560488,0.0004232652926045071
1.39941,0.01746676997780244,0.0004337552710514006
1.40205,0.0148742395255272,0.0003799167072112542
1.40469,0.01775905438401776,0.0004435985460642188
1.40734,0.01503719304938956,0.0003831853787567522
1.40998,0.01574143493340732,0.0003968278196753117
1.41263,0.01556352656770255,0.0003918622184902931
1.41527,0.01599354293840178,0.0004015065637621412
1.41791,0.01574973300499445,0.0003980570474591161
1.42056,0.01522396261098779,0.0003866102928949849
1.4232,0.01530945907325194,0.0003868611556715767
1.42584,0.01342593417036626,0.0003470555806391217
1.42849,0.01603508136792453,0.0004025620140283545
1.43113,0.01613770047169811,0.0004045540709017934
1.43377,0.01682914157880133,0.0004168822590492924
1.43642,0.01547257741398446,0.000387467832261275
1.43906,0.01501102837125416,0.0003806074762491538
1.44171,0.01399108892896781,0.0003580515466216374
1.44435,0.01395632172586015,0.0003565803685607195
1.44699,0.01537486390122086,0.000385324794740049
1.44964,0.01411618035516093,0.0003610679103699958
1.45228,0.01403375131798002,0.0003571640498649414
1.45492,0.01435111993618202,0.0003630600151969321
1.45757,0.01461773869311876,0.0003678099080610222
1.46021,0.01497960786625971,0.0003760524874810381
1.46286,0.01366904363207547,0.0003484795492931806
1.4655,0.01454908788845727,0.0003675949958252342
1.46814,0.0143202602663707,0.0003604531246645244
1.47079,0.01376224528301887,0.000351511494964549
1.47343,0.01447242973085461,0.0003631556556815311
1.47607,0.01555265094339623,0.0003880684312192798
1.47872,0.01359929404827969,0.0003437713419405165
1.48136,0.01355030910099889,0.0003458971188227655
1.48401,0.01379629370144285,0.0003523524602321414
1.48665,0.01249510800499445,0.0003212600602356048
1.48929,0.01388640961431742,0.0003498219749213735
1.49194,0.01303796212541621,0.0003297081021671095
1.49458,0.0135873631381798,0.0003469491865022437
1.49722,0.01285517105993341,0.0003274004757825922
1.49987,0.01346376422031077,0.0003406840198104677
1.50251,0.01207518437846837,0.0003138704526632673
1.50516,0.01482037874583796,0.000366927703937759
1.5078,0.01361362624861265,0.0003429557385153256
1.51044,0.0121131265954495,0.0003117535351334321
1.51309,0.01236274861265261,0.0003159300464268659
1.51573,0.01267107977247502,0.0003242803206630906
1.51837,0.0125433489872364,0.0003178435411800629
1.52102,0.01407212160099889,0.0003509380232222453
1.52366,0.01230958830466149,0.0003123116299189886
1.5263,0.01154425430077692,0.0002954633368097901
1.52895,0.01308658310210877,0.0003314889930646046
1.53159,0.01229049014983352,0.0003141910979509702
1.53424,0.01229749486681465,0.0003158025463859811
1.53688,0.01141684399278579,0.0002942446585906163
1.53952,0.01339111431742508,0.0003342484107848836
1.54217,0.01214888498890123,0.0003072754292007953
1.54481,0.01292672218368479,0.0003254148582295554
1.54745,0.01118955923973363,0.0002905454466254435
1.5501,0.01141172093507214,0.0002970424755764297
1.55274,0.01223564733629301,0.000318829258860804
1.55539,0.01088669221698113,0.0002907648120178743
1.55803,0.009043286487236405,0.0002499016225997306
1.56067,0.01149414539400666,0.0003094078294627916
1.56332,0.01117036036348502,0.0002997579717188305
1.56596,0.0114659525527192,0.0003122118258605241
1.5686,0.01129406687014428,0.0003056115693978281
1.57125,0.00875753752774695,0.0002506795750975144
1.57389,0.0111927365427303,0.0003072192741782368
1.57654,0.01091167341842397,0.0003000491850725169
1.57918,0.01267752594339623,0.0003462769482759375
1.58182,0.01104366655105439,0.0003066142366427477
1.58447,0.01126042820477248,0.0003140406775484831
1.58711,0.008353971975582686,0.0002417264326658146
1.58975,0.01003499417314095,0.0002843420555387017
1.5924,0.0113827406354051,0.0003223151245378204
1.59504,0.01155513908157603,0.0003205985096391185
1.59769,0.01179323994173141,0.0003306672052003501
1.60033,0.01202784531076582,0.000334431271030434
1.60297,0.01222997488901221,0.0003394344449882745
1.60562,0.01170891551054384,0.0003270034644590717
1.60826,0.009617909059378472,0.0002705945442640872
1.6109,0.009573715246947834,0.0002693357245735899
1.61355,0.008994264913984461,0.0002515395991875183
1.61619,0.009111584766925637,0.0002541841352527055
1.61883,0.01038397329356271,0.0002842033802898527
1.62148,0.008400519006659266,0.0002341447507287844
1.62412,0.01095515073529412,0.0002966976297052853
1.62677,0.01118941502497225,0.0002973570276089122
1.62941,0.01062722925915649,0.0002877778472456255
1.63205,0.01002878607103218,0.0002710571612379895
1.6347,0.01036389768312986,0.0002781870266552409
1.63734,0.01026381034961154,0.0002764088300112005
1.63998,0.008421118826304108,0.0002327701792661763
1.64263,0.01002291447003329,0.0002691498143026238
1.64527,0.01008103072974473,0.0002687403882260006
1.64792,0.01093735966981132,0.0002898725523260881
1.65056,0.009948865912874586,0.0002669651590538723
1.6532,0.009098456645394009,0.0002461777859624276
1.65585,0.01015064296614872,0.0002716919520696937
1.65849,0.007704604952830187,0.000211350964436841
1.66113,0.008784450749167592,0.0002384422691679554
1.66378,0.01088856014150943,0.0002871737297746468
1.66642,0.009419680147058823,0.0002537117102486273
1.66907,0.009576295088790232,0.0002586629371254748
1.67171,0.01000517605438402,0.000265104522302704
1.67435,0.009339109877913429,0.0002510281665278351
1.677,0.009331464206437292,0.0002500043700004074
1.67964,0.007915529342397334,0.0002162625804736831
1.68228,0.009157190968368482,0.0002452926888860045
1.68493,0.01013842362652608,0.0002675217091746931
1.68757,0.008150480369034405,0.0002215312599232591
1.69022,0.009821599819644838,0.0002589697226581696
1.69286,0.008418046822974474,0.0002272778996856393
1.6955,0.01052461015538291,0.0002769398029904129
1.69815,0.007690446725860159,0.0002103106776362854
1.70079,0.009582418493340733,0.0002561025415953367
1.70343,0.008038402608213098,0.0002161684573268889
1.70608,0.008282478079911211,0.0002230700817869938
1.70872,0.008078915510543842,0.0002171889784781035
1.71137,0.008007808476692566,0.0002167354861413552
1.71401,0.008735230022197558,0.0002339609842224738
1.71665,0.01001271642619312,0.0002627221338410926
1.7193,0.008068053620976692,0.0002183593866437147
1.72194,0.007953661556603774,0.0002143956192972985
1.72458,0.009622844408990014,0.0002534309744907372
1.72723,0.007346737167036627,0.0001993109058902105
1.72987,0.008019860710321864,0.0002157014938519614
1.73251,0.008763056603773587,0.0002343359394063413
1.73516,0.007498973016093233,0.0002014061181366294
1.7378,0.008052203731964481,0.0002162560917671289
1.74045,0.009062105369034406,0.0002384994618395034
1.74309,0.008595435557713653,0.000228521525569825
1.74573,0.007198177649833516,0.000195643507917075
1.74838,0.008442627427857934,0.0002227550324272882
1.75102,0.006629355715871257,0.0001830901949718191
1.75366,0.008607986820199779,0.0002261088819750766
1.75631,0.009173464345172033,0.0002399710537794206
1.75895,0.008437106062708101,0.000224583229901655
1.7616,0.006898977802441729,0.0001871869719309131
1.76424,0.008563319159267484,0.0002273540738724916
1.76688,0.008857450887902331,0.000230898943656186
1.76953,0.009308234184239731,0.0002432593840964593
1.77217,0.007986833240843509,0.0002133327639697471
1.77481,0.008716527885682579,0.0002299340369322685
1.77746,0.007999597391786906,0.0002139596333555678
1.7801,0.008322114248057715,0.0002187074060682653
1.78275,0.007764007699778024,0.0002075794612138678
1.78539,0.008676790996115426,0.0002255803486439737
1.78803,0.007523668077136515,0.0002000234892391357
1.79068,0.008012544672586016,0.0002131910690851992
1.79332,0.008144102871809101,0.0002132092661686236
1.79596,0.007300096281908991,0.0001971932144308917
1.79861,0.009047979189789127,0.000233473479246909
1.80125,0.007264456922863486,0.0001944131098710867
1.8039,0.00799303676470588,0.000211748323420551
1.80654,0.008892563748612652,0.000231087908961205
1.80918,0.007066676678690347,0.0001909275014020459
1.81183,0.007373130757491678,0.0001968593189361804
1.81447,0.007218315066592678,0.0001931924946004984
1.81711,0.007277704078801329,0.0001940034137912511
1.81976,0.006212510960044394,0.0001682281769340927
1.8224,0.007859145948945614,0.0002094635477760865
1.82504,0.006841990080466149,0.0001839311613720546
1.82769,0.007126921822974474,0.0001923605199912825
1.83033,0.008747156354051053,0.0002283612310990573
1.83298,0.007493328038290789,0.0001992054397399612
1.83562,0.008622930216426196,0.0002267415864181434
1.83826,0.00825963720865705,0.0002194390597294473
1.84091,0.007033234877913431,0.000190689479060948
1.84355,0.007135256520532741,0.0001922172269974262
1.84619,0.007002311112652609,0.0001893033562202392
1.84884,0.006499315205327415,0.0001751902596722303
1.85148,0.00803649576859046,0.0002141985719341114
1.85413,0.006677077067147612,0.0001823032705457767
1.85677,0.006603623682019977,0.0001783958135642488
1.85941,0.008544145463374028,0.0002259663312068375
1.86206,0.006314919464483908,0.0001710324445706559
1.8647,0.00782034302164262,0.0002089681180273111
1.86734,0.007394959836293006,0.0001982919235728888
1.86999,0.006333722322419535,0.0001720490476062149
1.87263,0.008171432713651498,0.0002185621839656476
1.87528,0.005641418215871254,0.0001555743160298211
1.87792,0.005976534406215317,0.0001646390296196524
1.88056,0.0068173362236404,0.0001848475277361154
1.88321,0.006123995144284128,0.0001671454374376475
1.88585,0.007502468507214205,0.0002028979759948028
1.88849,0.006042390191453941,0.0001645751078147089
1.89114,0.007321380549389566,0.0001974858988881924
1.89378,0.006442384711431741,0.0001743987976444983
1.89643,0.007333506034961154,0.0001973160724643814
1.89907,0.006921076997780244,0.000188077105839304
1.90171,0.005819505133185351,0.0001589981472132602
1.90436,0.006343812777469482,0.0001734293704118854
1.907,0.006888012902330744,0.0001854496499834889
1.90964,0.006825371046059934,0.0001855896945412024
1.91229,0.007093821101553827,0.0001917640237348064
1.91493,0.006233474750277468,0.0001700344144179406
1.91757,0.006824279134295231,0.0001843548503077599
1.92022,0.006471014775249725,0.0001769720478509708
1.92286,0.005935968854051052,0.0001640547923618744
1.92551,0.005999963582130964,0.0001634347621010818
1.92815,0.007628949431187569,0.0002030605022609402
1.93079,0.006171622641509435,0.0001702038676709135
1.93344,0.00744097807991121,0.000198546400411392
1.93608,0.005804232103218645,0.0001596544360346767
1.93872,0.007202032533296338,0.0001934398701157236
1.94137,0.006595604883462821,0.0001809718516137256
1.94401,0.005682659059378467,0.0001571735199765553
1.94666,0.006478186598224197,0.0001759351377891157
1.9493,0.005995135821309657,0.0001650379528645439
1.95194,0.005887565344062154,0.0001612504583732351
1.95459,0.006467844339622639,0.0001760868127145055
1.95723,0.005512620699223082,0.0001531823985415252
1.95987,0.00626077025527192,0.0001705879711881073
1.96252,0.006930050360710322,0.0001884594393922905
1.96516,0.00627946323529412,0.0001708427710403719
1.96781,0.006142958240843507,0.0001679949841448902
1.97045,0.007129771781354054,0.0001917492840881241
1.97309,0.00656297801054384,0.0001787021831796307
1.97574,0.005450546545504995,0.0001515057471800234
1.97838,0.006997822142064372,0.0001886413704221779
1.98102,0.005203067147613765,0.0001456198776669626
1.98367,0.007338020185904553,0.0001961706445409998
1.98631,0.006320749861265259,0.0001723489610375884
1.98896,0.006522368965038847,0.0001775646294883266
1.9916,0.005899480230299668,0.0001620329290541502
1.99424,0.00324969422863485,9.283984871894622e-05
1.99689,0.007041645116537181,0.000188531380426354
1.99953,0.004807850027746947,0.000133796200737544
2.00217,0.00484192591564928,0.0001347721623519667
2.00482,0.005673216426193118,0.0001557120138438014
2.00746,0.005738953177025527,0.0001570834595209828
2.0101,0.005074599264705883,0.000139558767147897
2.01275,0.005073065552164262,0.0001406690744966167
2.01539,0.006010296684239733,0.0001622839404160928
2.01804,0.005593069644839069,0.0001544605381154585
2.02068,0.005211811598224193,0.0001440013160364116
2.02332,0.005462557574916759,0.0001495814686096673
2.02597,0.004615483559933407,0.0001287879384162786
2.02861,0.005874757699778022,0.0001589714713808479
2.03125,0.004662561667591566,0.0001299354582943128
2.0339,0.005118193326859046,0.0001410044860031151
2.03654,0.00426770622918979,0.0001202234282174827
2.03919,0.007133628953940068,0.0001900298535296059
2.04183,0.006775916828523861,0.0001807582632390939
2.04447,0.005949937083795785,0.0001619103411864184
2.04712,0.005647010543840175,0.0001538628828267935
2.04976,0.006053911348501665,0.0001642629846297158
2.0524,0.006515796892341841,0.0001757584700337142
2.05505,0.00611406950610433,0.0001654478286203027
2.05769,0.004563753953940067,0.0001273256454911532
2.06034,0.005785756589900111,0.0001562067865584342
2.06298,0.006428370699223087,0.0001735215212538705
2.06562,0.005378519284128746,0.0001467927140602365
2.06827,0.006039366259711429,0.0001631229772348735
2.07091,0.005437951789678135,0.0001493542564879394
2.07355,0.005400515468923419,0.0001471808019445212
2.0762,0.006146755896226413,0.0001663959576840307
2.07884,0.006557875554938955,0.0001753409026178834
2.08149,0.005823524833518317,0.0001580200411828181
2.08413,0.004917606617647059,0.0001366183699266731
2.08677,0.005226878607103217,0.0001423575114620872
2.08942,0.004189910377358491,0.0001183366688428271
2.09206,0.005126701997780241,0.0001411774760827828
2.0947,0.005776657325194228,0.0001574827074169158
2.09735,0.004460876179245281,0.0001243756949576362
2.09999,0.005557691245837956,0.0001519647835027079
2.10263,0.005855480993340734,0.0001609545463989333
2.10528,0.00471488186736959,0.0001293574790234833
2.10792,0.005488305632630413,0.0001511077634779546
2.11057,0.006174220796337404,0.0001685271664975707
2.11321,0.004481025041620419,0.0001288096117786949
2.11585,0.003705962264150946,0.000109836455763547
2.1185,0.005132182158712544,0.0001462648069862924
2.12114,0.006918391856270808,0.0001960141090237308
2.12378,0.003941680147058823,0.0001155969582490115
2.12643,0.005699468091009985,0.000164329316791245
2.12907,0.005289426609322975,0.0001560265205380216
2.13172,0.005780937985571589,0.0001686718226785225
2.13436,0.004514556118201998,0.0001361147763550424
2.137,0.005038522683129856,0.0001497740524302577
2.13965,0.004407734184239735,0.000133838862231165
2.14229,0.003597762278024417,0.000110665295665534
2.14493,0.00555060640954495,0.0001663674825585988
2.14758,0.001992821379023307,6.429814768248069e-05
2.15022,0.004360466079356269,0.0001328768217674403
2.15287,0.004187717397336295,0.0001299645268345663
2.15551,0.005113255688124305,0.0001553039207576708
2.15815,0.00477867973085461,0.0001469668207585006
2.1608,0.003724703315760265,0.0001168343173672772
2.16344,0.005637822003329633,0.0001698310251504037
2.16608,0.005263689997225304,0.0001597900214207998
2.16873,0.004738903926193121,0.0001431920111888367
2.17137,0.005579133462819088,0.0001640466125765841
2.17402,0.005673358351831297,0.0001652383586887878
2.17666,0.005361691939511657,0.0001575078865013269
2.1793,0.003178298765260825,9.642422515827254e-05
2.18195,0.004111189719755828,0.0001220489751322113
2.18459,0.004321310627081021,0.0001275807007870437
2.18723,0.004912291273584906,0.0001435708621122156
2.18988,0.003836794811320755,0.0001138431315861637
2.19252,0.004681169950055492,0.0001363073440046928
2.19516,0.003354581853496114,9.979888929131642e-05
2.19781,0.003671906978357379,0.00010933382291526
2.20045,0.004164977247502779,0.0001218395073469169
2.2031,0.00482682456992231,0.0001400496528089153
2.20574,0.003005163221420643,8.981933584627146e-05
2.20838,0.005468545921198667,0.000156568766811786
2.21103,0.004553139289678134,0.0001326406786222781
2.21367,0.004128525249722533,0.0001214944667543295
2.21631,0.005632067147613761,0.0001611444380165731
2.21896,0.003947622710876806,0.0001153935478873119
2.2216,0.005380645879578246,0.0001528106151421501
2.22425,0.004048346420643732,0.0001185183663652068
2.22689,0.004553700124861265,0.0001320186487818174
2.22953,0.005678007561043285,0.000160257847487554
2.23218,0.004440212264150945,0.0001299948760948263
2.23482,0.00495645761653718,0.0001422712141354967
2.23746,0.003058879786348502,9.213871199984511e-05
2.24011,0.004651953870699224,0.0001345137496069482
2.24275,0.004400701997780241,0.0001290942499836027
2.2454,0.004283865149833518,0.0001250096493112422
2.24804,0.005239878537735852,0.0001510945072924372
2.25068,0.005979450749167591,0.0001701031988335795
2.25333,0.00304290399556049,9.072245047192506e-05
2.25597,0.003247448598779135,9.70810805702595e-05
2.25861,0.00350175187291898,0.0001039989939881851
2.26126,0.004104201026637072,0.0001208425903660413
2.2639,0.004277194644839066,0.0001249412676774583
2.26655,0.003300096143174251,9.855600692066316e-05
2.26919,0.005033857450055493,0.0001472912737313173
2.27183,0.003701711362375138,0.0001091058936056109
2.27448,0.004758267619311875,0.0001379475634242191
2.27712,0.003477622225305216,0.0001029883616210115
2.27976,0.00386817411209767,0.0001158332293699965
2.28241,0.004759558684794673,0.0001390702722200874
2.28505,0.004054701026637068,0.0001190597347248292
2.28769,0.004167582269700335,0.0001222147884202949
2.29034,0.004691491606548284,0.0001350337336923938
2.29298,0.003021571656492784,9.094436388595468e-05
2.29563,0.003268787805216427,9.710931409339033e-05
2.29827,0.003398249167591562,0.0001010727057076234
2.30091,0.003795164816870145,0.0001139746632010116
2.30356,0.004419985571587124,0.0001278615486763917
2.3062,0.004514915510543843,0.0001324896156125958
2.30884,0.004082367369589346,0.0001197069559011008
2.31149,0.004335219339622639,0.0001281229484592968
2.31413,0.00384109836293008,0.0001137586782491206
2.31678,0.004245549805771366,0.0001251054765756555
2.31942,0.004321260266370701,0.00012733123352445
2.32206,0.002976265330188679,8.860156258969788e-05
2.32471,0.004226030452275251,0.000124761711878857
2.32735,0.004482613693118757,0.000131776886041227
2.32999,0.004413379162042178,0.0001292553327289944
2.33264,0.002983679800221978,9.131612635204892e-05
2.33528,0.002038633601553826,6.165509771083923e-05
2.33793,0.004589639359045507,0.000134836597531676
2.34057,0.0032982602663707,9.835758603664282e-05
2.34321,0.006378424320199776,0.0001806002929186087
2.34586,0.004971265954495003,0.0001460193753606187
2.3485,0.004512161695338511,0.0001318961790955098
2.35114,0.005068535377358488,0.0001467743275116405
2.35379,0.004199359877913427,0.0001229061993998155
2.35643,0.004589119728079911,0.0001334139954758007
2.35908,0.00415019408990011,0.0001232106251200701
2.36172,0.003327565621531631,9.955210557755391e-05
2.36436,0.003546273029966706,0.0001055784787844914
2.36701,0.002563634850166482,7.728440977724435e-05
2.36965,0.004290846975582688,0.0001256746691266702
2.37229,0.004062126942286352,0.0001199361550589939
2.37494,0.0040696352663707,0.0001200060204204009
2.37758,0.003862698529411763,0.0001158738264873585
2.38022,0.003167198806881241,9.405256978132932e-05
2.38287,0.004064850998890123,0.0001213088912074353
2.38551,0.004706375485571588,0.0001356550537103679
2.38816,0.003773427302996673,0.0001123736763453085
2.3908,0.003484503329633742,0.0001044117060478941
2.39344,0.004318456090455051,0.0001270755978579601
2.39609,0.002833169950055493,8.591130009838126e-05
2.39873,0.003745472530521642,0.0001106225018549562
2.40137,0.00333694415926748,0.0001000169020591609
2.40402,0.003294661764705883,9.729464639716909e-05
2.40666,0.00322926380410655,9.674539313089291e-05
2.40931,0.004016083518312986,0.0001189045718730366
2.41195,0.003410333448945614,0.0001012404154323364
2.41459,0.004002289261931189,0.0001187476677332711
2.41724,0.004540107311320755,0.0001319405180624468
2.41988,0.004669220726970034,0.0001364206404108724
2.42252,0.003681493826304109,0.000109836526284254
2.42517,0.004260641995005552,0.0001243246841277324
2.42781,0.003925324361820202,0.0001167486825458025
2.43046,0.003906654273029967,0.000115196507720743
2.4331,0.002673318188124308,8.108967913012e-05
2.43574,0.003307471698113211,9.895148542900465e-05
2.43839,0.00269061022475028,8.191006548344997e-05
2.44103,0.003971253329633739,0.0001174785661446903
2.44367,0.004432578038290788,0.0001296620931003059
2.44632,0.003659806673140953,0.0001090259532844685
2.44896,0.004189530382907882,0.0001230659810485563
2.45161,0.003603121115427303,0.0001070317769912286
2.45425,0.00405747315482797,0.000120456465478312
2.45689,0.004076967327968923,0.0001194342551172739
2.45954,0.003923241259711434,0.0001168106027375352
2.46218,0.004320617022752497,0.000127272328507276
2.46482,0.00334536126526082,9.940072055446247e-05
2.46747,0.003778243618201999,0.0001117698876014563
2.47011,0.005439723571032185,0.0001578286115600694
2.47275,0.003785104120421753,0.0001134619532939501
2.4754,0.003661264844617092,0.0001082706708331436
2.47804,0.002656007838512766,8.065383861633495e-05
2.48069,0.003758083310210876,0.0001118991137465993
2.48333,0.00376759232796892,0.0001129330446261103
2.48597,0.004127039608768035,0.0001225785662046178
2.48862,0.004632990774139843,0.0001351694685046544
2.49126,0.00458265524417314,0.000135443955168038
2.4939,0.002380319575471698,7.237460583591389e-05
2.49655,0.002702158851276358,8.245128766561667e-05
2.49919,0.002540686390122083,7.726542125497025e-05
2.50184,0.002714575055493896,8.232799253369995e-05
2.50448,0.001401014359045503,4.383285423822081e-05
2.50712,0.003305198598779137,9.992000437879741e-05
2.50977,0.003365871809100999,0.0001008208264511164
2.51241,0.004162363068812431,0.0001226819033928381
2.51505,0.004480947211431744,0.0001322676394724332
2.5177,0.004460175707547171,0.0001321224439991292
2.52034,0.003350818534961153,0.0001002695684214744
2.52299,0.00325672183684795,9.847793912254499e-05
2.52563,0.003486499445061044,0.0001046459979446181
2.52827,0.003714381659267484,0.0001111996917702164
2.53092,0.003677993756936738,0.0001098139722644383
2.53356,0.003855995976692565,0.0001141881410222991
2.5362,0.004254653648723639,0.0001264444998404262
2.53885,0.00367044422863485,0.0001097292815129597
2.54149,0.002883114039955606,8.762319372183223e-05
2.54414,0.003118811320754718,9.459326723182421e-05
2.54678,0.002836834836293007,8.643856395463279e-05
2.54942,0.003500135751942287,0.0001051529259456894
2.55207,0.004050294464483906,0.0001203778845699981
2.55471,0.003684405591009989,0.0001101693577637477
2.55735,0.003942930008324083,0.0001178277227598376
2.56,0.002723333240843506,8.361316232064792e-05
2.56264,0.00361729078801332,0.0001096118880223804
2.56529,0.00461326997780244,0.0001348526145365799
2.56793,0.003634640052719202,0.0001092727310278078
2.57057,0.004095500069367372,0.0001213763412851257
2.57322,0.00251086598224195,7.719433054211158e-05
2.57586,0.003316882283573808,9.97949952849454e-05
2.5785,0.003877937222530521,0.0001156112282472069
2.58115,0.003518966079356269,0.0001068777532779297
2.58379,0.002044308337957824,6.339774010939012e-05
2.58643,0.0036603560627081,0.0001099113753484804
2.58908,0.002306721975582687,7.102606302664484e-05
2.59172,0.003805271295782466,0.0001139271180194675
2.59437,0.003344292244728082,0.0001015167696919984
2.59701,0.002765272266925637,8.416317891547824e-05
2.59965,0.002964890677025528,9.005278749362929e-05
2.6023,0.003107679314650386,9.438586241892982e-05
2.60494,0.002920062777469479,8.943715175834702e-05
2.60758,0.004031782325194229,0.0001219037091035652
2.61023,0.004702584697558266,0.0001389785020093564
2.61287,0.003851280382907879,0.0001157946406639148
2.61552,0.003324180008324085,0.0001011599732100937
2.61816,0.002875914747502775,8.781810571540706e-05
2.6208,0.002933687638734742,8.927779388616432e-05
2.62345,0.002188925985016651,6.797496439302565e-05
2.62609,0.00237221836847947,7.351845911018862e-05
2.62873,0.003824252705327416,0.0001151209743678721
2.63138,0.003735317980022198,0.000112423521843643
2.63402,0.002878812777469482,8.814036794907909e-05
2.63667,0.00310067917591565,9.464267969435353e-05
2.63931,0.003486309447835737,0.0001063892154323062
2.64195,0.003089192355715871,9.427938825197194e-05
2.6446,0.00356990364872364,0.000107097738363371
2.64724,0.002760201859045507,8.438189318357921e-05
2.64988,0.004363320615982244,0.0001307533179163864
2.65253,0.00347708657047725,0.0001059534866508292
2.65517,0.003466737444506105,0.0001050642383971736
2.65782,0.003466675638179801,0.0001050075734758311
2.66046,0.004108360363485017,0.0001231823183977157
2.6631,0.004480743479467256,0.0001331243567686693
2.66575,0.004682554869589343,0.0001378432101141663
2.66839,0.003789680077691453,0.0001150242160535778
2.67103,0.003611249791897894,0.0001116701311726399
2.67368,0.003232919533851273,0.000102234312667012
2.67632,0.003412157880133185,0.0001092044863406006
2.67896,0.003168473848501665,0.0001012300490571414
2.68161,0.004311526914539398,0.0001379980900477183
2.68425,0.00218843382352941,7.366702111043795e-05
2.6869,0.00471334815482797,0.0001507200031503799
2.68954,0.003806003815205325,0.0001243174836414591
2.69218,0.003702572072697003,0.0001214248142571175
2.69483,0.00490006735571587,0.0001599383195267782
2.69747,0.003876078454495006,0.0001289254101813804
2.70011,0.00260365559100999,8.758636512340674e-05
2.70276,0.004538436251387348,0.0001515078361124523
2.7054,0.001980437222530522,6.877835583464228e-05
2.70805,0.003745470241398445,0.0001273150097162013
2.71069,0.002249986057158713,7.799211088046488e-05
2.71333,0.004136727178135408,0.0001403327267091037
2.71598,0.002874925846281912,0.0001009795462950537
2.71862,0.003916888942841286,0.0001354800945881277
2.72126,0.004470089900110988,0.0001532646716984484
2.72391,0.002361287805216425,8.396419393557739e-05
2.72655,0.002923347669256381,0.0001012286023836579
2.7292,0.003682750554938957,0.0001240233115708355
2.73184,0.00424556582963374,0.0001395516594438622
2.73448,0.002492932991120976,8.433906814204278e-05
2.73713,0.002371650665926747,7.903460846922836e-05
2.73977,0.004565727178135403,0.0001477861563601069
2.74241,0.003294485502219758,0.0001080245301145623
2.74506,0.003884131589900111,0.000124556814373551
2.7477,0.001972258185349615,6.606769998728288e-05
2.75035,0.003363465940621533,0.0001082256455193862
2.75299,0.003101592536071031,0.0001013136352142925
2.75563,0.003130964275804661,0.0001004515833186019
2.75828,0.002580446170921201,8.377788247366231e-05
2.76092,0.003670906631520531,0.0001182287523973923
2.76356,0.003094642758046614,9.939568673731798e-05
2.76621,0.00155573619589345,5.151360898480703e-05
2.76885,0.004584910030521643,0.0001438579855679657
2.77149,0.0034932317563818,0.0001113279912235127
2.77414,0.001775125763041064,5.858832130831033e-05
2.77678,0.002446518729189789,7.900757200542069e-05
2.77943,0.003077208795782467,9.816187999629693e-05
2.78207,0.002832551886792451,9.132152006026718e-05
2.78471,0.00296029869589345,9.564713239588656e-05
2.78736,0.004110443465593788,0.0001291779132139955
2.79,0.00349053516925638,0.0001099473710196292
2.79264,0.004344792452830188,0.0001357093586383352
2.79529,0.003587903024417312,0.0001134251401673728
2.79793,0.002715131312430634,8.700249674119893e-05
2.80058,0.004003367438956715,0.0001242240182775372
2.80322,0.003692362583240841,0.0001168555402094894
2.80586,0.00208212694228635,6.79876086998596e-05
2.80851,0.002508,8.044232517250711e-05
2.81115,0.002380138734739179,7.624046593418204e-05
2.81379,0.003782201512208656,0.0001182250655134554
2.81644,0.004289249167591561,0.0001337007909758708
2.81908,0.002819052927303,8.981886607851418e-05
2.82173,0.00332665683962264,0.0001049061678766989
2.82437,0.002347779689234184,7.508118017232759e-05
2.82701,0.004330915788013322,0.0001333912676847704
2.82966,0.003495589553274139,0.0001102349399452891
2.8323,0.004209464067702551,0.0001293921704265498
2.83494,0.003527316800776915,0.0001103926583088984
2.83759,0.001297635266370697,4.208876278394126e-05
2.84023,0.004086087194783574,0.0001265457078036806
2.84288,0.00311333115982242,9.895484635516255e-05
2.84552,0.003951564581021085,0.0001211166473542856
2.84816,0.003630309031631522,0.0001143481144028175
2.85081,0.003200727594339623,0.0001008542694969287
2.85345,0.00328970123473918,0.0001032650699596526
2.85609,0.002761788221420644,8.74934695991478e-05
2.85874,0.003004485640954498,9.477713373660778e-05
2.86138,0.00329285106825749,0.0001040898226437312
2.86402,0.003195702968923415,0.0001008223495524099
2.86667,0.00389605792175361,0.0001211982631117569
2.86931,0.003428376317980023,0.0001073798408102636
2.87196,0.003330429314650389,0.0001038849740347272
2.8746,0.003270184170366262,0.0001037278323086396
2.87724,0.003452258740288568,0.0001084079516246531
2.87989,0.002498692425083243,7.996392194383672e-05
2.88253,0.004500771018312987,0.0001384569633395104
2.88517,0.00369421448390677,0.0001161075962872741
2.88782,0.002009586917314096,6.520375587324931e-05
2.89046,0.003920846836847945,0.0001206169880216953
2.89311,0.003834645324639289,0.0001200654405091521
2.89575,0.002562449084350721,8.199071849327416e-05
2.89839,0.001361011931187566,4.409718278334119e-05
2.90104,0.003518560904550503,0.0001105515912414379
2.90368,0.003640740566037734,0.0001126936897965597
2.90632,0.003203698876248611,0.0001008432911427501
2.90897,0.004441739109322975,0.0001374203734738268
2.91161,0.0027843109045505,8.839182803086228e-05
2.91426,0.00323173147891232,0.0001011060149627606
2.9169,0.00244673619589345,7.867865214094495e-05
2.91954,0.003389124722530525,0.0001066615552969959
2.92219,0.00316125853218646,9.825791888426459e-05
2.92483,0.003130204286903439,9.856253198637335e-05
2.92747,0.002986763249167589,9.402096058510911e-05
2.93012,0.002418316731409546,7.792880419294393e-05
2.93276,0.002432477247502774,7.759146007332484e-05
2.93541,0.003368332616537179,0.0001046348118780207
2.93805,0.003375557089345172,0.0001053426824120944
2.94069,0.003795652400110988,0.0001173617001209714
2.94334,0.003315179175915649,0.0001047428929438871
2.94598,0.002511987652608214,7.902462632635198e-05
2.94862,0.004574812708102109,0.0001407169182732961
2.95127,0.002344197211431741,7.51944626596304e-05
2.95391,0.002746320615982244,8.688358915225572e-05
2.95655,0.001240370560488345,4.039065660819699e-05
2.9592,0.002843294741953385,8.871645289223869e-05
2.96184,0.00445987812153163,0.0001373118031411798
2.96449,0.003319434655937847,0.0001051349314002624
2.96713,0.001358805216426194,4.427138191947535e-05
2.96977,0.002656726623196447,8.464584578530667e-05
2.97242,0.003176373612652606,9.968074659412121e-05
2.97506,0.003205234877913432,0.0001017246066914857
2.9777,0.003570054730854607,0.0001113064913541566
2.98035,0.003618103426748058,0.0001124573109327395
2.98299,0.001987487721975582,6.433521520695513e-05
2.98564,0.002027403163152052,6.495628898746835e-05
2.98828,0.00116721933962264,3.82673139161853e-05
2.99092,0.003087660932297447,9.666561210317222e-05
2.99357,0.003087878399001109,9.732689904683121e-05
2.99621,0.003355540996115426,0.0001056614326521552
2.99885,0.002616174805771368,8.316485710757906e-05
3.0015,0.002877489664261931,9.097143375312937e-05
3.00414,0.003754963235294118,0.000116970347590241
3.00679,0.003074290163706992,9.663252838651844e-05
3.00943,0.002862502774694783,9.084793120997936e-05
3.01207,0.003374298071587127,0.000104819957005319
3.01472,0.002484905036071032,7.951514126389763e-05
3.01736,0.001907018174250831,6.162064174088635e-05
3.02,0.00527508296337403,0.0001592804990927102
3.02265,0.002995912874583797,9.431117808281176e-05
3.02529,0.002928553135405103,9.203519813354342e-05
3.02794,0.002565949153718088,8.172712826276102e-05
3.03058,0.002001135474472806,6.401891450016765e-05
3.03322,0.003553009919533848,0.0001110618817456973
3.03587,0.003661534961154273,0.0001138406668261188
3.03851,0.002399365080466148,7.565230918276359e-05
3.04115,0.003389962541620421,0.0001057700864854115
3.0438,0.002561272475027749,8.099299388165531e-05
3.04644,0.002179552025527192,6.916119010011875e-05
3.04908,0.004256670366259712,0.0001310715671251012
3.05173,0.003240569783573809,0.0001010641981951755
3.05437,0.003164893659822419,9.909104439566067e-05
3.05702,0.001758165649278583,5.627346219203021e-05
3.05966,0.002162044811320752,6.794262413619975e-05
3.0623,0.003158509295227527,9.873275870361502e-05
3.06495,0.003079319367369589,9.580752663069233e-05
3.06759,0.002929178066037736,9.151870558614119e-05
3.07023,0.003571082547169814,0.0001105399212891662
3.07288,0.003050954841842398,9.542495938276239e-05
3.07552,0.002329503329633739,7.421159667899847e-05
3.07817,0.003033539192563819,9.529570338930847e-05
3.08081,0.002590177233629299,8.128240952702774e-05
3.08345,0.003137009850166484,9.779189164958357e-05
3.0861,0.002997325263596005,9.339584271909067e-05
3.08874,0.003178367438956715,9.877212874580958e-05
3.09138,0.001963003260266371,6.263715118616845e-05
3.09403,0.003658428620976693,0.0001128614913994184
3.09667,0.003182693881798001,9.984890358865115e-05
3.09932,0.002059913290788015,6.498712232364574e-05
3.10196,0.003419549458934519,0.0001058364608677681
3.1046,0.00194376317980022,6.181377139018538e-05
3.10725,0.003156375832408435,9.816407291227068e-05
3.10989,0.003229710183129857,0.0001007712400309272
3.11253,0.003449115774139845,0.0001065274528146737
3.11518,0.002519253329633739,7.947229924235534e-05
3.11782,0.004964274972253054,0.0001488992004475697
3.12047,0.002409835529966704,7.587594805565286e-05
3.12311,0.0009142346004439503,2.985849023656246e-05
3.12575,0.003370960529966704,0.0001039696025659878
3.1284,0.002922548765260824,9.162203390203229e-05
3.13104,0.001771557019977803,5.671246588110435e-05
3.13368,0.002956816939511655,9.326226819445344e-05
3.13633,0.002088202275249721,6.617360377649239e-05
3.13897,0.003064103565482799,9.517384298788336e-05
3.14161,0.002473120629855714,7.853288180443219e-05
3.14426,0.002345932366814648,7.489058382169831e-05
3.1469,0.003889403440621531,0.0001195583124344277
3.14955,0.003630595172031078,0.0001120985500659807
3.15219,0.002715685280244171,8.505082245360679e-05
3.15483,0.0007005220588235273,2.286326800304096e-05
3.15748,0.002421773307436183,7.649463077546976e-05
3.16012,0.002280133809655934,7.227011952911679e-05
3.16276,0.003178733698668147,9.934120238310612e-05
3.16541,0.003540927927302997,0.0001099930396263304
3.16805,0.001981801539955608,6.309173950881605e-05
3.1707,0.00488120269145394,0.0001473814299822468
3.17334,0.003460201997780246,0.0001065665818456548
3.17598,0.00140834642064373,4.552216179380652e-05
3.17863,0.002945002774694784,9.188564289144333e-05
3.18127,0.00315973168701443,9.818771249128442e-05
3.18391,0.002907248265815761,9.078473966352358e-05
3.18656,0.003190039678135406,9.87941664356411e-05
3.1892,0.003329431256936738,0.0001039583784340156
3.19185,0.003422266648168703,0.0001057822360915767
3.19449,0.003239187153163151,0.0001005432836650367
3.19713,0.002794753884572697,8.767456280614877e-05
3.19978,0.003438439303551612,0.0001057944622079046
3.20242,0.002011189303551607,6.377230199166362e-05
3.20506,0.001837728704217535,5.829447232069449e-05
3.20771,0.004129447766370702,0.0001252366234051375
3.21035,0.0020000458518313,6.326993666116355e-05
3.213,0.003013225513318536,9.337616202686473e-05
3.21564,0.002993342189234186,9.169382767893558e-05
3.21828,0.002294747572142065,7.194802388985191e-05
3.22093,0.004202711154273031,0.0001270950586074006
3.22357,0.003410891995005549,0.0001049831230148416
3.22621,0.002366014844617092,7.386511803611009e-05
3.22886,0.002775049112097669,8.585547679369624e-05
3.2315,0.003070162874583796,9.740574475418837e-05
3.23414,0.003037478773584905,9.814271955207563e-05
3.23679,0.004250448529411768,0.0001351354607787872
3.23943,0.002863397821864593,9.431141229406916e-05
3.24208,0.00196609128745838,6.699486984361688e-05
3.24472,0.002807469963928969,9.511204202385612e-05
3.24736,0.003171598501664816,0.0001062095663547386
3.25001,0.003268320824084351,0.0001109738241692907
3.25265,0.003359496600998887,0.0001154476251862544
3.25529,0.003742281492785792,0.0001290253855354743
3.25794,0.003315153995560487,0.0001143220695456125
3.26058,0.002775758740288567,9.73933079365437e-05
3.26323,0.004417927649833519,0.0001506829143508452
3.26587,0.003564876734184239,0.0001248249984420759
3.26851,0.002716252982796893,9.782701260548908e-05
3.27116,0.001928753399001111,7.023012175289201e-05
3.2738,0.002284883740288566,8.295292488475415e-05
3.27644,0.004497621184794675,0.0001580787120191932
3.27909,0.002314628607103218,8.543412107208432e-05
3.28173,0.002805531076581577,0.0001018020719627239
3.28438,0.00290044270255272,0.0001072977391331908
3.28702,0.002943647613762486,0.0001049888452152805
3.28966,0.002797947211431739,9.907900924864771e-05
3.29231,0.002475595172031079,8.685344308404308e-05
3.29495,0.001596301748057715,5.652682132660682e-05
3.29759,0.00242418604328524,8.401449057394723e-05
3.30024,0.002542796961709214,8.735304189824817e-05
3.30288,0.002982411625971145,0.0001014818752051214
3.30553,0.003427142480577136,0.0001150320518869742
3.30817,0.002084297031076579,7.164509240769864e-05
3.31081,0.002329388873473918,7.986162031116062e-05
3.31346,0.002662408226970037,9.074876563495383e-05
3.3161,0.002655865912874582,8.974756552532959e-05
3.31874,0.002514576650943395,8.564211441503332e-05
3.32139,0.003013665024972256,0.0001008782983757912
3.32403,0.002619878607103218,8.879481183430282e-05
3.32667,0.003184419880688121,0.0001055298662845682
3.32932,0.001534058199223085,5.263932308939756e-05
3.33196,0.002623264220310764,8.863973367448854e-05
3.33461,0.003021122988346284,0.000101024733566997
3.33725,0.00209365038845727,7.104768692094372e-05
3.33989,0.0026249192563818,8.799313300000097e-05
3.34254,0.001303820477247503,4.434472736985407e-05
3.34518,0.002437790302441731,8.176312691400807e-05
3.34782,0.002357208587680356,7.880482868203475e-05
3.35047,0.003316339761376252,0.0001082782490320905
3.35311,0.002500693118756934,8.299911577654362e-05
3.35576,0.003240675083240842,0.0001064440184392096
3.3584,0.001756725790788015,5.913299724895801e-05
3.36104,0.004353344617092122,0.0001390110250845047
3.36369,0.001751540926748057,5.939201904754725e-05
3.36633,0.001058076234739177,3.607490643353735e-05
3.36897,0.003516553343507217,0.0001145767138607394
3.37162,0.00291589199500555,9.473334517917003e-05
3.37426,0.00299345435627081,9.849988438201827e-05
3.37691,0.003370891856270809,0.0001101142224536458
3.37955,0.002251029897336294,7.449652731578593e-05
3.38219,0.002675902608213097,8.773228938538511e-05
3.38484,0.001882954911209764,6.278317522428479e-05
3.38748,0.002641616120976695,8.697942553480965e-05
3.39012,0.002324867855160932,7.756636338413142e-05
3.39277,0.001345752635960043,4.544081376104557e-05
3.39541,0.003575587541620422,0.0001149992922791987
3.39806,0.002725881034961156,8.99326385445684e-05
3.4007,0.001730913637624859,5.816215452907095e-05
3.40334,0.002699597322419535,8.894951602382696e-05
3.40599,0.003287299944506104,0.0001068897164555848
3.40863,0.001937097253052162,6.417066203428476e-05
3.41127,0.003125053759711434,0.0001017185590377183
3.41392,0.002468759850166482,8.130342589811985e-05
3.41656,0.002644626317980021,8.68756748761637e-05
3.41921,0.002584225513318537,8.501484143659154e-05
3.42185,0.00295373349056604,9.604035692875024e-05
3.42449,0.003014443326859045,9.865641227499256e-05
3.42714,0.003304470657602664,0.0001062092682869029
3.42978,0.002003610016648168,6.661125088350797e-05
3.43242,0.002418273238068812,7.990992801953377e-05
3.43507,0.002422354744728078,7.997551228502535e-05
3.43771,0.002820327968923416,9.226172124589389e-05
3.44035,0.002425548071587125,7.951441973162936e-05
3.443,0.003808872086570481,0.0001221022634062089
3.44564,0.001607053759711433,5.383664583704127e-05
3.44829,0.001685914053829078,5.572167414961632e-05
3.45093,0.002103857588790236,6.936162876846048e-05
3.45357,0.00217834107935627,7.160100165550198e-05
3.45622,0.001784403579356269,5.91907476735947e-05
3.45886,0.003198623890122087,0.0001036813785274422
3.4615,0.001709286001664818,5.62487168931009e-05
3.46415,0.003225260127635958,0.0001034938124698139
3.46679,0.001696398238068811,5.618936151079667e-05
3.46944,0.001827812222530519,6.051554448429916e-05
3.47208,0.003741732103218645,0.0001190335804863865
3.47472,0.00410915011098779,0.0001297593037378753
3.47737,0.002539193881798003,8.222871054134291e-05
3.48001,0.00204197801054384,6.649630037168967e-05
3.48265,0.002396505965593784,7.743713744038114e-05
3.4853,0.003119905521642618,9.963921736591169e-05
3.48794,0.002801090177580466,9.064473745602392e-05
3.49059,0.002541086986681465,8.259480080412522e-05
3.49323,0.002822079148168706,8.99602494114151e-05
3.49587,0.002523094478357379,8.067827716901002e-05
3.49852,0.003428245837957825,0.0001092229357390716
3.50116,0.003480639289678137,0.0001108206156540997
3.5038,0.001749153371254162,5.745666210917766e-05
3.50645,0.003135428066037733,9.999885299812291e-05
3.50909,0.003137799597669257,0.0001001361475059053
3.51174,0.003388108351831299,0.0001073336878657465
3.51438,0.003403031145948947,0.0001087064448329914
3.51702,0.001739307852386238,5.684195193841248e-05
3.51967,0.003272292452830191,0.0001045816553490799
3.52231,0.004171723293562708,0.000130409263968867
3.52495,0.003212235016648169,0.0001030828825401688
3.5276,0.004205336778579359,0.0001308188674951696
3.53024,0.003186161903440619,0.0001011145942831213
3.53288,0.002312115149833518,7.486708755617109e-05
3.53553,0.002623740357935627,8.487734046971393e-05
3.53817,0.0008594238346281912,2.884012023871697e-05
3.54082,0.003331244242508324,0.000105451709433454
3.54346,0.004403572558268589,0.0001370502645592532
3.5461,0.003185118063263043,0.0001024105977038494
3.54875,0.002705768798557156,8.707373204573077e-05
3.55139,0.003656054800221976,0.0001151895367212544
3.55403,0.00353126553829079,0.0001120049184159657
3.55668,0.001735626942286349,5.6595089150438e-05
3.55932,0.003534207061598226,0.0001120650002480142
3.56197,0.002812874583795781,9.004923956391672e-05
3.56461,0.002556723987236404,8.21284515717584e-05
3.56725,0.004064924250832411,0.00012764318304812
3.5699,0.001741455049944503,5.732679694340774e-05
3.57254,0.0028055173418424,8.92741064665535e-05
3.57518,0.001809400804661486,5.899234075349277e-05
3.57783,0.001575685904550498,5.193629166271844e-05
3.58047,0.00352560682574917,0.0001117322670840766
3.58312,0.003410633324084352,0.0001081704955622046
3.58576,0.00317813852663707,0.0001008369665414418
3.5884,0.002791105022197556,8.959127011082112e-05
3.59105,0.001381833795782464,4.559276388697641e-05
3.59369,0.002657681187569365,8.547440993552642e-05
3.59633,0.003173800638179799,0.0001005466811523091
3.59898,0.001517871809100999,4.97496855234691e-05
3.60162,0.001893983906770255,6.216132154120584e-05
3.60427,0.002449213027192012,7.946460763317682e-05
3.60691,0.002751443673695893,8.802851271811164e-05
3.60955,0.002551731409544949,8.215912780671254e-05
3.6122,0.001714459420088788,5.632565692404176e-05
3.61484,0.003262408018867924,0.0001044084852274599
3.61748,0.002272000554938958,7.32646727389186e-05
3.62013,0.002355757283573808,7.600805201872987e-05
3.62277,0.003080539470033299,9.826994780789733e-05
3.62541,0.004414109392341844,0.0001367563813977891
3.62806,0.004177111889567146,0.0001311253473179404
3.6307,0.003637366398446169,0.000114774413966609
3.63335,0.001812674250832408,5.962134226120938e-05
3.63599,0.002120906978357384,6.900223860033137e-05
3.63863,0.002495425846281908,8.047856721538565e-05
3.64128,0.002704381589900112,8.692175585159104e-05
3.64392,0.002793817633185351,8.960208395960495e-05
3.64656,0.002728795088790236,8.745382029165607e-05
3.64921,0.003023805840732519,9.709707288900588e-05
3.65185,0.001425382075471697,4.704062632367603e-05
3.6545,0.001677549597669255,5.488500950404086e-05
3.65714,0.003061805285793563,9.752720902923301e-05
3.65978,0.002149841495560486,6.991986906482274e-05
3.66243,0.002390586293007767,7.727410699432409e-05
3.66507,0.001610237930077692,5.286087738124869e-05
3.66771,0.0008134628190899014,2.716061515391101e-05
3.67036,0.001556333657047728,5.096573757124936e-05
3.673,0.004699441731409544,0.0001449378229800674
3.67565,0.001588530174805767,5.183820680145401e-05
3.67829,0.002362249236958934,7.593027530611326e-05
3.68093,0.004124620005549392,0.0001291753540910695
3.68358,0.003032426678690347,9.561706935417793e-05
3.68622,0.003035725305216426,9.685068738771486e-05
3.68886,0.002790969963928967,8.84020146631749e-05
3.69151,0.003438649902885682,0.0001082149411232409
3.69415,0.003064939095449502,9.660928994472286e-05
3.6968,0.002080378052164261,6.653445926105536e-05
3.69944,0.002976388942841287,9.470978907292862e-05
3.70208,0.002054886376248615,6.583439665370909e-05
3.70473,0.002060510751942285,6.634598056227671e-05
3.70737,0.002620590524417313,8.262143991381608e-05
3.71001,0.002874282602663708,9.019647233656088e-05
3.71266,0.00237045116537181,7.543841674629671e-05
3.7153,0.003780548765260821,0.0001181196320771315
3.71794,0.003086372155937847,9.716065767960988e-05
3.72059,0.003662816870144283,0.0001141101241974045
3.72323,0.002533020116537182,8.03377198828062e-05
3.72588,0.002290297516648171,7.339098926623528e-05
3.72852,0.003050735086015536,9.581929199372358e-05
3.73116,0.004224320477247505,0.000129221617542401
3.73381,0.001800019977802444,5.825447038556117e-05
3.73645,0.002468883462819091,7.808499601705366e-05
3.73909,0.003268801539955604,0.0001029651204101844
3.74174,0.002534430216426194,7.995821038439381e-05
3.74438,0.002925787874583796,9.217195978915009e-05
3.74703,0.002745132561043282,8.744130349694679e-05
3.74967,0.003708372710876802,0.0001157621634280037
3.75231,0.003250532047724754,0.0001007097343047805
3.75496,0.0027292025527192,8.631222310826541e-05
3.7576,0.001852404273029965,5.937150212903331e-05
3.76024,0.003822778509988898,0.0001187638052000607
3.76289,0.003077714692008876,9.642883730999253e-05
3.76553,0.00297998286625971,9.390932874095992e-05
3.76818,0.002857450679800225,9.022817355810427e-05
3.77082,0.001414302719200891,4.568925906733891e-05
3.77346,0.003611442078246394,0.0001123987296547607
3.77611,0.002237091426193116,7.145453215242609e-05
3.77875,0.003183657602663707,9.967373623327997e-05
3.78139,0.003430505202552717,0.0001072393871723276
3.78404,0.00320323647336293,0.0001004085324898687
3.78668,0.001767844062153165,5.687664791101201e-05
3.78933,0.001914821795227523,6.142261420933035e-05
3.79197,0.003643766786903439,0.0001170093391282244
3.79461,0.00177771476137625,6.01957637176399e-05
3.79726,0.002534865149833516,8.493433688138987e-05
3.7999,0.0008154451997780258,2.888880240650035e-05
3.80254,0.001929547724750278,6.724944795354778e-05
3.80519,0.003291232658157604,0.0001129256168438585
3.80783,0.002428434655937847,8.519753063413635e-05
3.81047,0.003257552788568259,0.0001137774015007285
3.81312,0.004223638318534961,0.0001478408839451965
3.81576,0.003246521503884572,0.0001151532032300344
3.81841,0.003041471004439512,0.0001082092536190906
3.82105,0.002279694298002222,8.409653918720538e-05
3.82369,0.004149074708657051,0.0001470997072580762
3.82634,0.002052485086015538,7.621652526238132e-05
3.82898,0.002498873265815758,9.260309985372421e-05
3.83162,0.004122715455049946,0.0001490302640367418
3.83427,0.001068120907325194,4.136241142018214e-05
3.83691,0.002843063540510547,0.0001074312371591769
3.83956,0.003611991467813541,0.0001345981148626057
3.8422,0.003168295296892343,0.0001196179448821682
3.84484,0.002857375138734739,0.0001091255474526921
3.84749,0.001261567841287458,4.855574264407753e-05
3.85013,0.003581358421198669,0.0001283853951224328
3.85277,0.003431805424528302,0.0001211114156011002
3.85542,0.003293459975027748,0.0001170575753485831
3.85806,0.002748930216426193,9.771178476874119e-05
3.86071,0.004072652330743618,0.000140138848441004
3.86335,0.002006336362375139,7.13372550675437e-05
3.86599,0.002559873820754717,8.943959852406639e-05
3.86864,0.002990208379578247,0.0001032087779923145
3.87128,0.001716215177580468,6.113517529714726e-05
3.87392,0.002278052996670364,7.961339120520867e-05
3.87657,0.002628584142619311,9.127618329411052e-05
3.87921,0.002753613762486127,9.534749361078481e-05
3.88186,0.003312409336847949,0.0001131479829839969
3.8845,0.002749829841842398,9.50436651363572e-05
3.88714,0.003805774902885684,0.0001275340618471043
3.88979,0.003011238554384018,0.0001034333039390145
3.89243,0.001876646087680354,6.563513248239497e-05
3.89507,0.00341091030799112,0.0001141283899062779
3.89772,0.002164276706437295,7.409070234382151e-05
3.90036,0.00416731444228635,0.0001366691919074908
3.903,0.002451362513873473,8.295589226373838e-05
3.90565,0.001997630826859046,6.819497421701043e-05
3.90829,0.001712115357935626,5.8581271822153e-05
3.91094,0.003450484669811321,0.0001145693280039442
3.91358,0.002958021018312982,9.850046178905717e-05
3.91622,0.001806129647613761,6.117212356985256e-05
3.91887,0.00401457269700333,0.0001315363470935108
3.92151,0.0009615896920088779,3.311274392335545e-05
3.92415,0.002236379508879021,7.497427959115838e-05
3.9268,0.004022689927857933,0.0001307778759096097
3.92944,0.003775798834628193,0.0001221562622166745
3.93209,0.003186452622086569,0.0001045148316357896
3.93473,0.001249616329078801,4.223228990249931e-05
3.93737,0.002166401012763598,7.205791616274879e-05
3.94002,0.00289307401498335,9.509363058517546e-05
3.94266,0.003168377705327415,0.0001036710465307398
3.9453,0.002362070685349612,7.843318311382078e-05
3.94795,0.002070363138179799,6.899254001507924e-05
3.95059,0.002882816453940066,9.49615793080265e-05
3.95324,0.002509412389012209,8.346158964030768e-05
3.95588,0.003232248820754714,0.0001056254325943022
3.95852,0.002848271295782466,9.391217539856044e-05
3.96117,0.001435380965593784,4.87874809283622e-05
3.96381,0.002618466218091009,8.632431811945821e-05
3.96645,0.003735988693118756,0.0001203574155731031
3.9691,0.003310930563263041,0.0001077040127757675
3.97174,0.002839641301331855,9.382087683964919e-05
3.97439,0.003322957616537179,0.0001088606094364737
3.97703,0.002489384850166483,8.155873213465418e-05
3.97967,0.003576871739733628,0.0001155799361621757
3.98232,0.003106644630965594,0.0001010630934914135
3.98496,0.001550684100998892,5.222005898245329e-05
3.9876,0.002516778787458377,8.29394798784494e-05
3.99025,0.003236630202552718,0.0001052393080158002
3.99289,0.002249557991120978,7.521625617538904e-05
