0.0431807,65.60970243479467,0.4635501393444887
0.0458244,56.48353480854607,0.4129916293695887
0.0484682,49.44106927025528,0.3810935264952501
0.0511119,43.749906118202,0.3735238598003514
0.0537556,38.42965715177581,0.3279089485016073
0.0563993,33.90465622225305,0.3174068478826538
0.059043,30.1269023390677,0.2788884539198832
0.0616867,26.89238744658713,0.2722369175037245
0.0643304,24.36852725652054,0.2539556320391222
0.0669742,22.17908491398446,0.2319877928526665
0.0696179,19.83759685696448,0.2226002139408304
0.0722616,18.10247581090455,0.2001554284829914
0.07490529999999999,16.46929779897336,0.1901842827574681
0.07754900000000001,15.0263181804939,0.1795641341394653
0.08019270000000001,13.79467666481687,0.1654703057216001
0.08283649999999999,12.69567429522753,0.1608955016579564
0.08548020000000001,11.59023230160932,0.1462169049733388
0.08812390000000001,10.67685282602664,0.1464178558997294
0.0907676,9.894054368756937,0.1394277163972923
0.0934113,9.080251179938958,0.1309384268625449
0.096055,8.385225466148725,0.1273117934725185
0.0986987,7.820068830466149,0.118373992047445
0.101342,7.281394511653718,0.1143368532084923
0.103986,6.74503930355161,0.1039915435273391
0.10663,6.262341303412875,0.1007066926652878
0.109274,5.827460637486126,0.09644673162187098
0.111917,5.466542022752497,0.08994409151957192
0.114561,5.111889081576027,0.08488241711042352
0.117205,4.764232593645949,0.08033350907721021
0.119848,4.475653499583796,0.07620369577117564
0.122492,4.159633747225305,0.0702840111682701
0.125136,3.899329673973363,0.06767499462835533
0.12778,3.659538502358491,0.06381755212740468
0.130423,3.442583600860155,0.06101312832093395
0.133067,3.249711282602664,0.05844247292470232
0.135711,3.046422400804662,0.05351835172614044
0.138354,2.885219026082131,0.05190221243900493
0.140998,2.702049431187569,0.04869256305399399
0.143642,2.564612099750277,0.04648605328784379
0.146286,2.392040962125416,0.04298611275506466
0.148929,2.312508970588235,0.04153427897018923
0.151573,2.143466127219756,0.03979238620181281
0.154217,2.03453913845727,0.03717793563679666
0.15686,1.934004258462819,0.03580831402323813
0.159504,1.8113187236404,0.03343541423951225
0.162148,1.757662271087681,0.03255739628831614
0.164792,1.66592623127081,0.03157052490168222
0.167435,1.585753880410655,0.02949527897289108
0.170079,1.468434531076582,0.02770477409608998
0.172723,1.410874162042175,0.02652525472373818
0.175366,1.346385967674806,0.02563633963016588
0.17801,1.254523888734739,0.02388648430907537
0.180654,1.233816754994451,0.02336036919645235
0.183298,1.154364104467259,0.02222543772330015
0.185941,1.114708707685905,0.02131839640510626
0.188585,1.053797543007769,0.0202875551090471
0.191229,0.9957690711709213,0.01935923439815712
0.193872,0.9550925423140955,0.01850329093861414
0.196516,0.9050992591564928,0.01775073209653516
0.19916,0.8706481381798004,0.01707661387734167
0.201804,0.8280997703940067,0.01665523085176589
0.204447,0.8129523217258602,0.0160650699752073
0.207091,0.7574920629855717,0.01498435446603317
0.209735,0.732774660099889,0.01455737768192294
0.212378,0.6997717758046615,0.01401040354959224
0.215022,0.6638800180355162,0.01333472675499785
0.217666,0.6434944145394007,0.01306950500225649
0.22031,0.6231169603218646,0.01282666072480568
0.222953,0.5887569006659268,0.01202436524048195
0.225597,0.5720183740288568,0.01160204375899993
0.228241,0.558444445754717,0.01148868228462627
0.230885,0.5376232907880133,0.01108572974273391
0.233528,0.510767801054384,0.01068989341588685
0.236172,0.4920478322697004,0.01030649850419398
0.238816,0.4743359246670366,0.009960758275174583
0.241459,0.4639841204217537,0.009707791559987468
0.244103,0.4402151928412875,0.009181242742924733
0.246747,0.4280183781908991,0.00906390102874704
0.249391,0.40910724472808,0.008765222628995538
0.252034,0.390698711154273,0.008477180330598228
0.254678,0.383403916481687,0.008220007194032847
0.257322,0.368397294672586,0.007962855042469389
0.259965,0.3585821295782464,0.00776352675226099
0.262609,0.3529360301054384,0.007650992096767039
0.265253,0.3459656728634851,0.007606485132696272
0.267897,0.3245502615149834,0.007127035462391836
0.27054,0.3175988124306326,0.006991701604109472
0.273184,0.2971273439234185,0.006570696140059413
0.275828,0.2956572461154273,0.006533025571574212
0.278471,0.2844504085738069,0.006419399692489613
0.281115,0.2885846108490566,0.006459326046790794
0.283759,0.2670999306326304,0.00610212498618345
0.286403,0.2630887458379578,0.005889303475370503
0.289046,0.2566950187291898,0.005841957900793462
0.29169,0.2531307623473918,0.00573629599831569
0.294334,0.2508594027469478,0.00573271403109924
0.296977,0.2390282755271921,0.005518406663862622
0.299621,0.237462721281909,0.005417122903185549
0.302265,0.2299425853218646,0.005294654997697462
0.304909,0.2184841502497225,0.005071071996560935
0.307552,0.2072383976137625,0.004918827082234968
0.310196,0.2109926283296338,0.004931543722724787
0.31284,0.2078032845449501,0.004845479210770798
0.315483,0.199137625554939,0.004703279659559756
0.318127,0.1914454551193119,0.004537255233600268
0.320771,0.1956341820199778,0.004587478736504532
0.323415,0.1925758310210877,0.004542366601940052
0.326058,0.1841700332963374,0.004364296985327555
0.328702,0.1812645178967814,0.004371006119659912
0.331346,0.1776576861126526,0.004244833167443193
0.333989,0.16358568354606,0.003982268545029538
0.336633,0.1628463242230855,0.003927309816904171
0.339277,0.1672053183962264,0.003990513409807482
0.341921,0.1599458677857936,0.003916567248666743
0.344564,0.1586738775665927,0.003852053745474367
0.347208,0.1554601706437292,0.003801483302809183
0.349852,0.1523694880688124,0.003712471106962381
0.352495,0.1457729240427303,0.003603112586415028
0.355139,0.1414492945338513,0.003514815329097278
0.357783,0.1387924717674806,0.003472882138914633
0.360427,0.1370388019561598,0.003428011367698008
0.36307,0.1323612694228635,0.003309683562580484
0.365714,0.1303984721836848,0.003287787185182533
0.368358,0.1367303563401776,0.003348425925122971
0.371001,0.1315872069922309,0.003282390724469775
0.373645,0.123746177164262,0.003148571065342352
0.376289,0.1211826750832408,0.003070042639803878
0.378933,0.1212485079772475,0.003086457227350656
0.381576,0.1183978697280799,0.002976164275174528
0.38422,0.1170170523029967,0.00298165374638581
0.386864,0.1092617501387348,0.002820274787705394
0.389507,0.1163125334350722,0.00295866006179015
0.392151,0.1134506349889012,0.002923330953089534
0.394795,0.1050955230299667,0.00272075249355094
0.397439,0.1128041522613763,0.002863920581372375
0.400082,0.1060732762208657,0.002721945145840271
0.402726,0.1001802948113208,0.002629474214679984
0.40537,0.1039857973085461,0.002690851794615813
0.408013,0.09868359739178691,0.002558686474889093
0.410657,0.09948865912874585,0.002604200953699243
0.413301,0.09640355514705883,0.00251878662509798
0.415945,0.09297929238346281,0.00247274675654959
0.418588,0.09862582221143175,0.002575218618296197
0.421232,0.09149643500277468,0.002433030333625103
0.423876,0.0946224135682575,0.002528180727394312
0.426519,0.09393414289678136,0.002524134251444417
0.429163,0.08653001970033297,0.002456885637458285
0.431807,0.09250710120699222,0.00261615070029939
0.434451,0.0854863695199778,0.002519865371183146
0.437094,0.08354448799944506,0.002539830935049661
0.439738,0.08400580126248613,0.002552373992024131
0.442382,0.07987520435627082,0.002515156883947502
0.445025,0.07709630264983354,0.002450416414298745
0.447669,0.08185303197835737,0.002572640792687664
0.450313,0.07449903829078802,0.002448388196865611
0.452957,0.08062214296614874,0.002547841658046309
0.4556,0.08023430597946728,0.002526817851659687
0.458244,0.08068644214761377,0.002496466524040051
0.460888,0.07448798869311876,0.002377635601347496
0.463531,0.07801887194783574,0.002481386445033654
0.466175,0.07571524486681465,0.002398932574783491
0.468819,0.0727672593645949,0.002386347901043632
0.471463,0.0798482636653718,0.002473446448356708
0.474106,0.07263446274972253,0.002370637714352837
0.47675,0.0774704667036626,0.002471993207462409
0.479394,0.07149914920921199,0.002348859741847118
0.482037,0.07149248099334075,0.002377081645499666
0.484681,0.07344544873751387,0.002300067983969754
0.487325,0.06506179599056604,0.002117814896464063
0.489969,0.06649737382075471,0.002094867493901061
0.492612,0.06913112451442842,0.002153450296162033
0.495256,0.06635340628468368,0.002053457894885214
0.4979,0.06472173529411764,0.001995501776591538
0.500543,0.06147305056881244,0.001912182693043671
0.5031870000000001,0.06391339553274139,0.001947836457258437
0.505831,0.06171973564095449,0.001903442126437495
0.508475,0.06357513179800224,0.001932859616503248
0.511118,0.06240889449223086,0.001880396719436575
0.5137620000000001,0.06631389144006661,0.001963206813037624
0.516406,0.06110335030521642,0.001835635499302251
0.519049,0.0605590013873474,0.001834133472453284
0.521693,0.06289782373751389,0.001855470648629308
0.5243370000000001,0.05580511057158712,0.001707294527388483
0.526981,0.05524962964761376,0.001696839668116603
0.529624,0.05866582783018868,0.001743931535999976
0.532268,0.05799680639567148,0.001736715336546615
0.5349120000000001,0.05655225520255273,0.001687835889114742
0.537555,0.05746890482796892,0.001705869855216655
0.540199,0.05410325277469478,0.001641791528373414
0.542843,0.05715050381520532,0.001695288231108704
0.5454870000000001,0.05795018153440622,0.001705833726221498
0.54813,0.05615095817147613,0.001633557071539179
0.550774,0.0561623900527192,0.001655037076602084
0.553418,0.05756998335183131,0.001666758417348776
0.556061,0.05342159766925638,0.001582762261377016
0.558705,0.05213548584905661,0.001564525927490979
0.561349,0.05505635897613762,0.001585523832139938
0.563993,0.0535081448390677,0.00156854966940098
0.566636,0.05214093396226416,0.001527862611709712
0.56928,0.05057054737791344,0.001505915000636852
0.571924,0.05150621046059935,0.001516741268725079
0.574567,0.05028075811598225,0.001485463015020926
0.577211,0.04550015552164262,0.001380118576986054
0.579855,0.04918496628745838,0.001441275852196403
0.582499,0.05311205556326305,0.00153567137105175
0.5851420000000001,0.04956453038290789,0.001450375602020401
0.587786,0.0517942142064373,0.001510158810748501
0.59043,0.04711113512763596,0.001400249993071682
0.593073,0.04672511112652609,0.001369660555281935
0.5957170000000001,0.05064427087957825,0.001455743623430062
0.598361,0.04939567549944506,0.001433490997000209
0.601005,0.04766512125416204,0.001386581863373678
0.603648,0.04483269069089901,0.001321179655153979
0.6062920000000001,0.0472439500554939,0.001368855475177239
0.608936,0.04957353121531631,0.00141445263463713
0.611579,0.04508636216703663,0.001309952870052001
0.614223,0.04538306915926749,0.001315983679936988
0.6168670000000001,0.04742467175360711,0.001355530601687272
0.619511,0.04538754439511655,0.001304930070627184
0.622154,0.0440147892619312,0.001280350951287512
0.624798,0.04373176206992232,0.001264020824686448
0.6274420000000001,0.04451337860710322,0.001273495999077296
0.630085,0.04647781714761377,0.001322027177123902
0.632729,0.04544706388734739,0.001291231832389493
0.635373,0.04405588360155382,0.001261532330189289
0.6380169999999999,0.04283579238346281,0.001226230978165013
0.64066,0.03967647960599334,0.001168921223689801
0.643304,0.0438928362236404,0.001256439466406725
0.645948,0.04520189650388458,0.00127577670711281
0.6485919999999999,0.0442167105299667,0.001252082349391334
0.651235,0.04247955674250832,0.001226350426353262
0.653879,0.04382248231132075,0.001249408124161903
0.656523,0.04169104536625972,0.001198421016371014
0.659166,0.03872710925360711,0.001138081829586496
0.66181,0.04357061695338513,0.001220979400606762
0.664454,0.04443311279134295,0.001251881218390966
0.667098,0.04318054120421753,0.001230093864875569
0.669741,0.03940997988346282,0.00114951501520551
0.672385,0.04184839740566038,0.001191541263052051
0.675029,0.04225180043007769,0.001191778982318482
0.6776720000000001,0.04187446136237514,0.00118017860946309
0.680316,0.04024287964761376,0.001150658263280072
0.68296,0.03980015406492787,0.001130491513139541
0.685604,0.04010803884572697,0.001146919809933932
0.6882470000000001,0.04221268847114317,0.001180235123218336
0.690891,0.03799327129578246,0.001096338685876261
0.693535,0.03834972898168702,0.001096756354302383
0.696178,0.04159267029689235,0.001163007488717674
0.6988220000000001,0.04270687125416205,0.001189089120388194
0.701466,0.04116026179245283,0.001147485566622345
0.70411,0.03700978842952276,0.001069575738250096
0.706753,0.03895689601831299,0.001095038865099452
0.7093970000000001,0.04000312832963374,0.001121379741045834
0.712041,0.03986566419256381,0.001119241118264651
0.714684,0.04094192293285239,0.001133288166257703
0.717328,0.0386742579772475,0.001086941068844813
0.7199719999999999,0.03930660994728081,0.001099452824264935
0.722616,0.03845623501664817,0.001075849912749821
0.725259,0.03799869193951165,0.001069063096066332
0.727903,0.03971330473085461,0.001088227998583571
0.7305469999999999,0.03794744304938957,0.00106840149580463
0.73319,0.03744866599611543,0.001053463859790274
0.735834,0.03843659205049945,0.001064547579575931
0.738478,0.03798791932574917,0.001051243791536914
0.7411219999999999,0.03638286625971143,0.001021665021097281
0.743765,0.03545864650388457,0.001007942602374319
0.746409,0.03491115004162042,0.0009788039777982385
0.749053,0.03545543715316315,0.001001175193482784
0.751696,0.03374445033296337,0.0009547258157408084
0.75434,0.03474275985016648,0.000984440562152513
0.756984,0.03418125853218646,0.000957110111537746
0.759628,0.03582884121809102,0.0009979043258535459
0.762271,0.03667645317702553,0.001011936891238686
0.764915,0.03778030271920089,0.001027423882408105
0.767559,0.0335718893590455,0.0009547313870257003
0.7702020000000001,0.03567790559100999,0.0009826822541417108
0.772846,0.03475009877913431,0.0009620372398612045
0.77549,0.03329138020255273,0.0009397743962237493
0.778134,0.03520377552719201,0.0009662364561716103
0.7807770000000001,0.03566054030244174,0.0009834775779761957
0.783421,0.03588433185349612,0.0009809911237160772
0.786065,0.03797614407602663,0.001023353236605671
0.788708,0.03734580424528302,0.001011335475454423
0.7913520000000001,0.03571775464761377,0.0009690735479660598
0.793996,0.03524636008601555,0.0009652048536310603
0.79664,0.03543170123473918,0.0009625308755357306
0.799283,0.03530085495283019,0.000959407686414156
0.8019269999999999,0.03352106166759157,0.0009232462495012043
0.804571,0.03471914296614872,0.0009417313045339015
0.807214,0.03401879716981133,0.0009323878377864073
0.809858,0.0374148510682575,0.0009872975485522744
0.8125019999999999,0.03366843312985571,0.0009284682423751817
0.815146,0.03480160634017758,0.0009368892526777795
0.817789,0.0344344676054384,0.0009316496098147834
0.820433,0.03177367549944506,0.0008822088088718224
0.8230769999999999,0.03385414511653718,0.0009147221898858068
0.82572,0.03673807637347392,0.0009775362863206126
0.828364,0.03461401727247503,0.0009280155506194099
0.831008,0.0321881487236404,0.0008843250719030506
0.8336519999999999,0.03300531992230855,0.0008893205777522007
0.836295,0.0320981060627081,0.000875471264174404
0.838939,0.0356269176609323,0.0009475347047655283
0.841583,0.03252352816315205,0.0008730530388155325
0.844226,0.03322892376526083,0.0009033669519463134
0.84687,0.03338695109600445,0.0008943343520550896
0.849514,0.03431190566037737,0.0009123946896970784
0.852158,0.03360837798279689,0.0009017014846037281
0.854801,0.03241098571032186,0.0008594256720968989
0.857445,0.03488682581853497,0.0009203840938700777
0.860089,0.03467869187014428,0.0009069956062923774
0.8627320000000001,0.03348518881798003,0.0008854859816817093
0.865376,0.03070523182574917,0.0008597778162485842
0.86802,0.0355364331992231,0.000950635654214396
0.870664,0.03116452150388457,0.0008765992172128469
0.8733070000000001,0.03197263235294118,0.0008796846488195088
0.875951,0.03396077476415094,0.0009372623975717215
0.878595,0.03406901366537181,0.0009386200876246487
0.881238,0.03014703142341843,0.000853792909578105
0.8838819999999999,0.0329506968645949,0.000926720764527947
0.886526,0.0321958172863485,0.0008897407301673771
0.88917,0.03484410391231964,0.0009539314406865299
0.891813,0.03293077462541621,0.000916241732106102
0.8944569999999999,0.0335506256936737,0.000908494595789287
0.897101,0.03180638249167592,0.0008656260298209704
0.899744,0.03081077642896782,0.0008417307559366821
0.902388,0.03180479155105439,0.0008584017479065506
0.9050319999999999,0.03134213228357381,0.0008378145297603479
0.907676,0.03290281985294118,0.0008699853332982438
0.910319,0.03381848057713652,0.0008902993850151165
0.912963,0.03164760661764706,0.0008456957576695666
0.9156069999999999,0.03328152781631521,0.000877627778205618
0.91825,0.03216096538568258,0.0008419590885964775
0.920894,0.03207125235849057,0.0008499647179068515
0.923538,0.03263543652885682,0.0008569597029180702
0.9261819999999999,0.0328426708518313,0.0008536430753883812
0.928825,0.03226536771642619,0.0008527319409887955
0.931469,0.03344938693118758,0.0008650461875002583
0.934113,0.03016962506936737,0.0008098491450683001
0.936756,0.03308528586293008,0.0008504167164244759
0.9394,0.03235986043285239,0.0008398723307454066
0.942044,0.0313106202136515,0.0008143659734921179
0.944688,0.03115976241675916,0.0008147325471846176
0.947331,0.03106164601831298,0.0008142946932404788
0.949975,0.03415863970588236,0.0008655849469741303
0.952619,0.03159297211431742,0.000819633763474919
0.9552619999999999,0.03380313887347392,0.000860616179393561
0.957906,0.03266440309378468,0.0008380317201254756
0.96055,0.0335695727663707,0.000859061153369234
0.963194,0.03230052864872365,0.0008154590456108411
0.9658369999999999,0.03464526609322974,0.0008737409999845806
0.968481,0.02994850721420644,0.0007783416814644743
0.971125,0.03132585203940066,0.000800257839950032
0.973768,0.03278315822697003,0.0008261860110401697
0.9764119999999999,0.03221621566315205,0.0008096925057073114
0.979056,0.03374947495837958,0.0008451975163031776
0.9817,0.03257862506936737,0.0008187370858599095
0.984343,0.03064604196725861,0.0007778166434166783
0.9869869999999999,0.03108147669256383,0.0007829256962115947
0.989631,0.03216163152053274,0.0008141087274470541
0.992274,0.02879298071587125,0.0007699283135182944
0.994918,0.03171282373751387,0.0008246333507674803
0.9975619999999999,0.03345054980577136,0.0008666186961623155
1.00021,0.03063109628190899,0.0008188213956221818
1.00285,0.03172577788568258,0.000836847687583157
1.00549,0.02911865198390677,0.0008017068031136011
1.00814,0.03057598793007769,0.000824641720889103
1.01078,0.02933130923973363,0.0008045408756747563
1.01342,0.03024401241675916,0.0008273286691171722
1.01607,0.03162681451165372,0.0008641913717186118
1.01871,0.03089771274972253,0.0008432951156545792
1.02136,0.0302328346281909,0.0008343741134039316
1.024,0.03004281451165372,0.0008379316330733602
1.02664,0.02967429085738069,0.0008314423977381232
1.02929,0.03071927101831299,0.0008563620371782759
1.03193,0.03383391613485017,0.0009166882811157045
1.03457,0.02958124257769146,0.0008286238214639568
1.03722,0.03195863894284129,0.0008877181547842011
1.03986,0.03059865482796892,0.0008515182306622221
1.04251,0.0309494240427303,0.0008659691233671925
1.04515,0.02906192522197559,0.0008118631027337035
1.04779,0.03027680639567148,0.000829486735477753
1.05044,0.03250339761376249,0.000865567232997688
1.05308,0.02809386417869034,0.0007634775007872196
1.05572,0.03082448598779134,0.0008236361170651802
1.05837,0.02995468555771365,0.0007920620309582805
1.06101,0.02949578274139844,0.0007912899897925187
1.06365,0.03141947488901221,0.0008166351487584442
1.0663,0.02978612368201998,0.0007853257127017485
1.06894,0.02820028780521643,0.0007527877259758888
1.07159,0.03055153551609323,0.0007873826694270811
1.07423,0.02864267459766926,0.0007582124557456387
1.07687,0.02844081055771366,0.0007445237617700767
1.07952,0.02868075416204217,0.0007538413834596187
1.08216,0.03024072752497226,0.0007789519404442549
1.0848,0.02891120477247503,0.0007396122432715797
1.08745,0.02972911306881243,0.000762621628136564
1.09009,0.02766861605160933,0.0007179987220638898
1.09274,0.02899590461986681,0.0007475484244876697
1.09538,0.02930997232241953,0.0007504717495080169
1.09802,0.02864880258046615,0.000731045332934633
1.10067,0.03000989920921199,0.0007615965541190882
1.10331,0.02822188797169811,0.000718139472780875
1.10595,0.02934838838790233,0.0007434677850300509
1.1086,0.02994597086570477,0.0007517517688732025
1.11124,0.02947431763318535,0.000743084049845592
1.11389,0.02779463915094339,0.0007132588372652321
1.11653,0.03102229827968924,0.0007589364965432117
1.11917,0.02726623626526082,0.0006999711983102662
1.12182,0.02847604245283019,0.0007163287341425396
1.12446,0.02974046483074362,0.0007447504829019982
1.1271,0.02962203933129856,0.0007366156278028611
1.12975,0.03025255771365149,0.0007442370688163938
1.13239,0.02610799944506104,0.0006697543892317713
1.13504,0.02897570997502775,0.0007210334741844553
1.13768,0.02866007651220866,0.0007153882282215483
1.14032,0.02911938908157603,0.0007253610746864688
1.14297,0.02690270976692564,0.0006825932662510891
1.14561,0.02644551005826859,0.0006788104197211841
1.14825,0.02700649174528302,0.0006761998731000496
1.1509,0.02686854460321865,0.0006776843726902672
1.15354,0.02666533226970033,0.0006730230049576285
1.15618,0.02792727323806881,0.000693130903283548
1.15883,0.02736134933407325,0.0006916549161861066
1.16147,0.02698453447558269,0.0006712965559046609
1.16412,0.0271067896781354,0.000682853537449047
1.16676,0.02469930736681466,0.0006249181407529553
1.1694,0.02624329349334073,0.0006605486252632501
1.17205,0.02758686917314095,0.0006817787329348912
1.17469,0.02691919603218646,0.0006682727454326535
1.17733,0.02601649403440622,0.0006532209991807566
1.17998,0.02585154897336293,0.0006426635001330502
1.18262,0.02527843035516094,0.0006363157573884804
1.18527,0.02412157845449501,0.0006109246480724465
1.18791,0.02477434711431743,0.0006254922130819294
1.19055,0.02571134475582685,0.0006436772205798053
1.1932,0.02629580597946726,0.0006466966098260907
1.19584,0.02537721975582686,0.0006346717853265871
1.19848,0.02558070907325194,0.0006328077797434908
1.20113,0.02624046184794673,0.0006495797718642116
1.20377,0.02361571427580466,0.0005967704663065916
1.20642,0.02468137437569367,0.0006173671893288792
1.20906,0.02440796150110988,0.0006134671130570236
1.2117,0.02286686195893452,0.0005756748375493562
1.21435,0.02439338894284129,0.0006086506889121245
1.21699,0.02664720012486127,0.0006475825007272137
1.21963,0.02588091155660377,0.0006347968913788202
1.22228,0.02344036057158713,0.0005906331517133059
1.22492,0.02601925700610433,0.0006329634286223513
1.22757,0.02509039948668147,0.0006178611971727067
1.23021,0.02469021954772475,0.0006061171682488499
1.23285,0.02471567459766925,0.000607723787942648
1.2355,0.0230590750554939,0.0005780664265866016
1.23814,0.02365215940621532,0.0005867807010646935
1.24078,0.02468489275804662,0.0006097840201289207
1.24343,0.02122718132630411,0.0005403149820059206
1.24607,0.02510902150388458,0.0006112705001464603
1.24871,0.02218288110432852,0.0005557577648759281
1.25136,0.02213038922031077,0.0005526562882307589
1.254,0.02478283060488346,0.0006048856411614824
1.25665,0.02183519076026637,0.0005477721638383176
1.25929,0.02330301546892342,0.0005768871423455235
1.26193,0.02183546545504995,0.0005421887783457887
1.26458,0.02132759371531632,0.0005335146554461011
1.26722,0.02134562513873474,0.0005359356146779378
1.26986,0.02117289019145394,0.0005314304168567152
1.27251,0.02431729162042176,0.0005920256707715375
1.27515,0.02012240468923419,0.0005075224273597067
1.2778,0.02077900763041065,0.000522826378572837
1.28044,0.02237879342397337,0.0005479026385407173
1.28308,0.01997058317147614,0.0005030896151876695
1.28573,0.01954855812985572,0.0004981348628998925
1.28837,0.02155371788290788,0.0005293978540408136
1.29101,0.01925012971698113,0.0004935481212373705
1.29366,0.02164346753607103,0.0005317996167209652
1.2963,0.01889435647891231,0.0004798872331206022
1.29895,0.01912355264983352,0.0004849969458784759
1.30159,0.02054495851831299,0.0005074965759256141
1.30423,0.01929690566037736,0.0004895131452527039
1.30688,0.01969669644839068,0.0004891142919919337
1.30952,0.02008707436182021,0.0005014627777965128
1.31216,0.01984020158157603,0.0004925857363627402
1.31481,0.01829041939511654,0.0004637970990562165
1.31745,0.01935533324084351,0.0004840678781404831
1.3201,0.01936444852941177,0.0004803305371049009
1.32274,0.01954229737791343,0.0004858114336251415
1.32538,0.01863584121809101,0.0004645961332585722
1.32803,0.02061527351553829,0.0005027774789700843
1.33067,0.0193352942563818,0.0004835229062902242
1.33331,0.01775631430355161,0.0004442815065488392
1.33596,0.0198552434100999,0.0004898594670482
1.3386,0.01911088693118757,0.0004741279942115394
1.34124,0.01899605764428413,0.0004702684935744101
1.34389,0.01827337000554939,0.0004559159580539881
1.34653,0.01773656832685904,0.0004423999089738809
1.34918,0.01742099209211986,0.0004400607128640507
1.35182,0.01814392008879024,0.0004502145098839005
1.35446,0.01846605695061043,0.0004599250941490269
1.35711,0.01945423938679245,0.0004777863997401825
1.35975,0.01827326012763596,0.0004549990043341029
1.36239,0.01823958941453941,0.0004552536363171881
1.36504,0.01792573917869035,0.0004432882116155168
1.36768,0.01750635349611542,0.0004390889462904242
1.37033,0.01941719908435072,0.0004756190679931173
1.37297,0.01582989809933407,0.0004042817071853937
1.37561,0.01858198730577136,0.0004636897133236848
1.37826,0.01630403045227525,0.0004102857835604847
1.3809,0.01756857873196449,0.0004403899511598288
1.38354,0.01801286549667037,0.0004480276991883899
1.38619,0.01706110529966704,0.0004297767894148547
1.38883,0.01701908844339623,0.0004256007598351705
1.39148,0.01808261050221976,0.0004480632999670107
1.39412,0.0181764897336293,0.0004506039422286562
1.39676,0.01751282713651498,0.0004331251588811896
1.39941,0.01574349514428413,0.0003993291620234245
1.40205,0.01695331277746948,0.0004224918507040935
1.40469,0.0171380839345172,0.0004314775677034823
1.40734,0.01613759746115427,0.0004059509257042831
1.40998,0.01745154730854606,0.0004312988796278934
1.41263,0.0151955957963374,0.0003845576494809264
1.41527,0.01461537631798002,0.0003734196699377837
1.41791,0.01483616682852387,0.0003794844090592658
1.42056,0.01715829460321865,0.0004259197076717959
1.4232,0.01451298154827969,0.0003706425562883898
1.42584,0.01565093902608213,0.0003935833159555939
1.42849,0.01564739546337403,0.0003949279234604181
1.43113,0.01687949084350721,0.0004196331788200395
1.43377,0.01431978183962264,0.0003661313124829512
1.43642,0.01508853121531632,0.0003798677295793338
1.43906,0.01527484981964484,0.0003862505397051694
1.44171,0.01436204134295228,0.0003660241455675209
1.44435,0.01280198557158713,0.0003322830546768138
1.44699,0.01417801872918979,0.0003609304932163826
1.44964,0.01333897724750277,0.0003448530647783698
1.45228,0.01429297162874584,0.0003627698567636337
1.45492,0.0142276446309656,0.0003607183383973373
1.45757,0.01545212409822419,0.0003850136667728314
1.46021,0.015516315690899,0.0003871672230623603
1.46286,0.01510166849334073,0.0003782921607156741
1.4655,0.01604189379855716,0.0003980984516944964
1.46814,0.01343359128745838,0.0003422073897350293
1.47079,0.01223485072142065,0.0003191276814199622
1.47343,0.01315899951442842,0.0003360695451836854
1.47607,0.01205754897336293,0.0003151046789547708
1.47872,0.01239269721143175,0.000318501861329534
1.48136,0.01431306784128746,0.0003619787191049728
1.48401,0.01485590593784684,0.0003744880872558687
1.48665,0.01343703641786904,0.0003413776956964885
1.48929,0.01482909343784684,0.0003693285507169366
1.49194,0.01364197017203108,0.000342478338522984
1.49458,0.01287166877081021,0.0003320148450656142
1.49722,0.01387135862930077,0.0003488049682940603
1.49987,0.01251341183407325,0.0003208646598001456
1.50251,0.0138136589900111,0.0003510415892846082
1.50516,0.01376882422308546,0.0003457348180622087
1.5078,0.01261652996670366,0.0003222379999310853
1.51044,0.01221856360987792,0.000314200775666663
1.51309,0.01265294076026637,0.0003222710961528504
1.51573,0.01162884198113207,0.0003020491812145346
1.51837,0.01301314574084351,0.0003278777546096152
1.52102,0.01222202934239734,0.0003125262423280013
1.52366,0.01190766405382908,0.0003039552722149894
1.5263,0.0109123647336293,0.000281924865087923
1.52895,0.01127286501109878,0.0002928769205752583
1.53159,0.01379982352941177,0.0003459338352279003
1.53424,0.01295806714761377,0.0003299910039248112
1.53688,0.01277541571864595,0.0003233610551188613
1.53952,0.01234484766925638,0.0003126466543834225
1.54217,0.01186903967813541,0.0003015215066715796
1.54481,0.01210149327136515,0.000308245144736379
1.54745,0.01310287708102109,0.0003316206912702031
1.5501,0.01157953655660377,0.0003008854738134669
1.55274,0.01119311195893452,0.0002961003943347572
1.55539,0.01107918458657048,0.0002952722969196211
1.55803,0.01076880466148723,0.0002902895009238889
1.56067,0.01236499653163152,0.0003290838648229464
1.56332,0.01294468264428413,0.0003392427621838
1.56596,0.01212659350721421,0.0003273890638656719
1.5686,0.01038095851831299,0.0002847656881390607
1.57125,0.01301423078523862,0.0003506982016255219
1.57389,0.01073237097669256,0.0002966968154074388
1.57654,0.01154997253052164,0.0003149528119908291
1.57918,0.01173168312985572,0.0003248359260976263
1.58182,0.0111322785099889,0.0003088703419308297
1.58447,0.0106567406354051,0.0002999346820974492
1.58711,0.009204404134295229,0.0002630266597395689
1.58975,0.01199393423973363,0.000330709763966869
1.5924,0.01054496732796893,0.0003023815730505943
1.59504,0.01038599230022197,0.0002931281869658209
1.59769,0.009721949708657049,0.0002809264397908843
1.60033,0.01093968770810211,0.0003090110323167871
1.60297,0.01012166953385128,0.0002895764882873271
1.60562,0.01132351872918979,0.0003181534075709648
1.60826,0.009884317216981133,0.0002771510169299069
1.6109,0.009683272683129854,0.0002721378300526434
1.61355,0.01004854349334073,0.000276780736492525
1.61619,0.008098693534961156,0.0002296118257649006
1.61883,0.01075659676748057,0.0002929915603352392
1.62148,0.009637996115427301,0.0002638047857310878
1.62412,0.01156982609600444,0.000310809204177179
1.62677,0.01013447259988901,0.0002735802066346182
1.62941,0.009358963443396227,0.0002583948449198426
1.63205,0.01073742993895672,0.0002874249216852286
1.6347,0.01081487784406216,0.0002885961455687968
1.63734,0.009787283573806881,0.0002655782269330851
1.63998,0.00998587187846837,0.0002696907341040009
1.64263,0.009745564303551607,0.0002629326798710948
1.64527,0.009911933199223084,0.0002650455912008402
1.64792,0.01015285425915649,0.0002723143929505017
1.65056,0.009608633532186458,0.0002592907452622779
1.6532,0.008360122849611542,0.0002289054178855049
1.65585,0.01033903780521643,0.0002761381157739668
1.65849,0.009810026012763593,0.0002607484537727206
1.66113,0.009287302441731411,0.0002503341272997928
1.66378,0.009969614525527191,0.0002666313333581944
1.66642,0.01023309718368479,0.0002724804372670861
1.66907,0.009910278163152054,0.0002665105923697895
1.67171,0.009203250416204218,0.0002469373633833793
1.67435,0.009170058129855715,0.0002472606585862024
1.677,0.01097990760266371,0.0002873278072346268
1.67964,0.01058109884850166,0.0002779014354913335
1.68228,0.007903392411209765,0.0002159288489233469
1.68493,0.008214964969478357,0.0002233084703146559
1.68757,0.007920354814095452,0.0002161835991679152
1.69022,0.00828060786625971,0.0002236415334155613
1.69286,0.009320442078246392,0.0002483584974474276
1.6955,0.009332801054384018,0.0002501025329202498
1.69815,0.007707592258601557,0.000210848165339382
1.70079,0.01109408677857936,0.0002902162713883331
1.70343,0.008934205188679246,0.0002370937562131221
1.70608,0.007273455466148727,0.0001991460057679173
1.70872,0.008378973779134297,0.0002243430114303821
1.71137,0.007294014081576029,0.0001997950674623089
1.71401,0.009838724750277469,0.0002592928866362428
1.71665,0.009248996254162043,0.0002456229327137874
1.7193,0.008859655313540509,0.0002370042933871013
1.72194,0.007851887139289681,0.0002121212334564621
1.72458,0.01044738658435072,0.0002719876397131588
1.72723,0.007625025874028857,0.0002060679839747169
1.72987,0.008460951859045506,0.0002261456359266803
1.73251,0.009644575055493897,0.0002546222229671997
1.73516,0.009501841356825753,0.0002475794122605394
1.7378,0.00937316516370699,0.0002468232740572083
1.74045,0.007455873404550503,0.0002013168759669239
1.74309,0.008216608559933409,0.0002198731529968715
1.74573,0.009106871462264151,0.0002403646740995438
1.74838,0.007321369103773585,0.0001967181275314798
1.75102,0.007970575887902334,0.0002155039675547761
1.75366,0.009035160099889014,0.0002359280311537869
1.75631,0.007032813679245282,0.0001903840573875941
1.75895,0.007741166828523864,0.0002084536374611573
1.7616,0.007191344617092121,0.0001943091242773849
1.76424,0.008779778648723643,0.0002324615454004902
1.76688,0.006687568118756936,0.0001805203966750958
1.76953,0.008303950055493895,0.0002205116474700027
1.77217,0.009453451581576029,0.0002469930833533152
1.77481,0.007895076026637074,0.0002110925731101102
1.77746,0.008351481409544951,0.0002222669869735642
1.7801,0.006936393521087681,0.0001864826264849591
1.78275,0.006667059864039954,0.0001815774044052274
1.78539,0.007144154342397338,0.000190375529334501
1.78803,0.007235627705327413,0.0001933822497957602
1.79068,0.008304339206437292,0.0002200732586045809
1.79332,0.007935174597669254,0.0002085472213459559
1.79596,0.007870019284128746,0.0002107762506350277
1.79861,0.008329354744728082,0.0002174439365242673
1.80125,0.008643813887347394,0.0002264315959324286
1.8039,0.007549656492785796,0.0002015496365925473
1.80654,0.006563335113762485,0.0001770930680315764
1.80918,0.008657159475582687,0.0002282200528567632
1.81183,0.009269509087125418,0.0002403971272342734
1.81447,0.007814379855715873,0.0002072742877443366
1.81711,0.006181328523862375,0.0001678869131400927
1.81976,0.008448938540510546,0.0002208604432503644
1.8224,0.007290962680355162,0.0001962171704691347
1.82504,0.006034593437846836,0.0001645303576586209
1.82769,0.006359058337957828,0.0001739319453851419
1.83033,0.006588421614872364,0.0001781290908729447
1.83298,0.006620691384572696,0.0001786225362914276
1.83562,0.007904099750277472,0.0002103211662247489
1.83826,0.008063413568257492,0.000215020006800702
1.84091,0.008054435627081025,0.0002149538191238198
1.84355,0.007912024694783575,0.000210627277352858
1.84619,0.008618821240288569,0.0002272167964598735
1.84884,0.006843828246392898,0.0001835456876114135
1.85148,0.007682116606548281,0.0002060353604833829
1.85413,0.00671335966981132,0.0001832939402203739
1.85677,0.006350904481132075,0.0001723955160278481
1.85941,0.007894194714206436,0.00021104252227814
1.86206,0.007490521573251942,0.0001991441857260505
1.8647,0.007074249098224196,0.0001914374155981161
1.86734,0.006769502705327413,0.0001834908666900232
1.86999,0.00646598786071032,0.000175358865386791
1.87263,0.007475882630410654,0.0002023134417618514
1.87528,0.005715631589900111,0.0001575157102128669
1.87792,0.006596886792452831,0.0001799403814328137
1.88056,0.006619853565482801,0.0001801901347571287
1.88321,0.004976846836847944,0.0001386356110840421
1.88585,0.005502118201997778,0.0001539834666591614
1.88849,0.006077940274694782,0.0001655433721631247
1.89114,0.007635081992230854,0.000205034826009142
1.89378,0.008298245560488344,0.0002181867740444048
1.89643,0.005998992993895671,0.0001651219662560049
1.89907,0.006996686736958935,0.0001900090963941
1.90171,0.00664487139289678,0.0001791626810070617
1.90436,0.007967945685349616,0.0002122743035169678
1.907,0.005318979189789123,0.0001471393130711332
1.90964,0.006231526706437293,0.0001712313541401749
1.91229,0.005729435002774692,0.0001585758980711633
1.91493,0.00547465330188679,0.0001513783181227577
1.91757,0.005583757491675919,0.0001540921223387403
1.92022,0.006467832894006659,0.0001770008734350998
1.92286,0.006560098293562708,0.0001795066323806501
1.92551,0.006693499236958935,0.0001803445928675175
1.92815,0.006754206784128743,0.0001824532093369741
1.93079,0.006897457824639291,0.0001880362960163797
1.93344,0.006131782741398447,0.0001672911173015364
1.93608,0.005859102386237516,0.0001611101062220618
1.93872,0.006697235086015542,0.0001814898877831967
1.94137,0.007279572003329633,0.00019759966978091
1.94401,0.006461029619866815,0.0001764645784829338
1.94666,0.00643675346836848,0.0001750362666637153
1.9493,0.008377861265260822,0.0002219694877019188
1.95194,0.005729661625971141,0.0001574450997897107
1.95459,0.007147965732519422,0.0001925499475484538
1.95723,0.005253743756936734,0.0001467396575030581
1.95987,0.005619449500554939,0.0001548898286654308
1.96252,0.005910658018867925,0.0001636310645569753
1.96516,0.005988515677025528,0.0001638324577355039
1.96781,0.006472958240843507,0.0001761525238484452
1.97045,0.006023232519422863,0.0001651014032146606
1.97309,0.005726280591009989,0.000158254646147868
1.97574,0.006172787805216427,0.0001695738468624294
1.97838,0.005939720726970034,0.0001630967716629509
1.98102,0.00564903412874584,0.000156965506587278
1.98367,0.005137531839622642,0.0001426191891790576
1.98631,0.006785533435072142,0.0001837083808395441
1.98896,0.005628580812985571,0.0001556810393654648
1.9916,0.007175002566592673,0.0001930244331035654
1.99424,0.004732931603773587,0.000131687403829489
1.99689,0.006351199778024418,0.0001721078857926475
1.99953,0.0048999185627081,0.0001362184245809898
2.00217,0.006066309239733631,0.0001653924419149501
2.00482,0.005708514705882352,0.0001566808079424
2.00746,0.006745137278024415,0.0001816611329023814
2.0101,0.006582810973917871,0.0001765313358950184
2.01275,0.005145882561043289,0.0001425913050077216
2.01539,0.004948051956159825,0.0001361560194721215
2.01804,0.005936895948945619,0.0001630810512308305
2.02068,0.005858099750277468,0.0001601473366697283
2.02332,0.005650471698113207,0.000154320104334597
2.02597,0.006924842605438401,0.0001858052536326427
2.02861,0.006757535169256382,0.0001802771802169534
2.03125,0.003621033504439513,0.000102917472139207
2.0339,0.005076554175915648,0.0001400447278469505
2.03654,0.00532081735571587,0.0001471761576993913
2.03919,0.006865000346836849,0.0001837880388720424
2.04183,0.005793081784128743,0.0001572087863035981
2.04447,0.00671507651220866,0.0001805119823388607
2.04712,0.005663057297447279,0.0001543505404293151
2.04976,0.005784596004439512,0.0001577748323187482
2.0524,0.00660976539955605,0.0001781226072093918
2.05505,0.005544123612652606,0.0001515914343877361
2.05769,0.005556912943951163,0.000152434339500957
2.06034,0.005146106895116537,0.0001405664580397207
2.06298,0.005165346975582686,0.0001425764964671643
2.06562,0.004152854051054384,0.0001158871057706176
2.06827,0.003967938679245281,0.0001112194919228008
2.07091,0.005183584420088788,0.0001430847718041243
2.07355,0.005022443881798004,0.0001378706151439486
2.0762,0.004487095796337404,0.0001251242362517541
2.07884,0.00504547475027747,0.0001385172484664414
2.08149,0.005820823668146507,0.0001580493271255543
2.08413,0.004702749514428411,0.000131232143022477
2.08677,0.005224040094339622,0.0001423730498483852
2.08942,0.005211958102108767,0.000144614082706117
2.09206,0.005912764012208657,0.0001607005676816345
2.0947,0.005303152192008877,0.0001458679843444711
2.09735,0.005272530591009987,0.0001449776153790347
2.09999,0.005857200124861263,0.000159422453616447
2.10263,0.00452005230299667,0.0001273009076584559
2.10528,0.005495427094894562,0.0001488167962675194
2.10792,0.004968812014428414,0.0001381535100992075
2.11057,0.004622057921753605,0.0001296668402973413
2.11321,0.005418306534406214,0.0001532505739632813
2.11585,0.004299554800221978,0.0001261052443751788
2.1185,0.004334674528301886,0.0001253891967795002
2.12114,0.006188092882907881,0.0001775996137751323
2.12378,0.004642632561043286,0.0001345278727037326
2.12643,0.004552274001109875,0.0001339934477054896
2.12907,0.006858895255271922,0.0001970460854393915
2.13172,0.005576107241953386,0.0001633705571528786
2.13436,0.004525749930632628,0.0001365073252479526
2.137,0.005996474958379581,0.0001754127585383431
2.13965,0.00488780910099889,0.0001472190782280774
2.14229,0.004237686667591567,0.0001288957348515563
2.14493,0.004723729328523863,0.0001437661252438877
2.14758,0.004563048903995558,0.0001402943807648851
2.15022,0.00486684302164262,0.0001470505137263659
2.15287,0.005736377913429522,0.0001732841315312218
2.15551,0.005585616259711431,0.0001683575276651513
2.15815,0.004859142411209769,0.0001493166474483006
2.1608,0.003899111612097669,0.0001219854665352568
2.16344,0.004883945061043286,0.0001491597369870653
2.16608,0.003604121462264151,0.0001128617736332615
2.16873,0.004660661695338514,0.0001411119326102683
2.17137,0.004271334489456159,0.0001286171418263301
2.17402,0.00479829522752497,0.0001419955457190094
2.17666,0.003798678620976693,0.0001148804230143392
2.1793,0.004198515191453939,0.0001250482679488544
2.18195,0.005379318188124307,0.00015621070712262
2.18459,0.004206579772475026,0.0001245299350064874
2.18723,0.004143535030521642,0.0001228790993113699
2.18988,0.004839156076581578,0.00014107836723644
2.19252,0.00505010793562708,0.0001461777781808018
2.19516,0.005789339067702554,0.0001649190787971665
2.19781,0.004524262000554938,0.000132692297655992
2.20045,0.00506416773029967,0.000145849959880654
2.2031,0.004150709142619312,0.0001219889106215291
2.20574,0.005554376595449502,0.0001585475920051582
2.20838,0.004717873751387346,0.0001369715353252711
2.21103,0.005068306465038847,0.0001463896642809278
2.21367,0.004954463790233076,0.0001437245848281517
2.21631,0.005749544950055495,0.0001642694607498789
2.21896,0.004888063193673698,0.000140565124019534
2.2216,0.004551983282463929,0.0001312535929979226
2.22425,0.0052169667036626,0.0001496428324624072
2.22689,0.004359742716426195,0.0001269159072597119
2.22953,0.005242089830743617,0.0001491615341841618
2.23218,0.003805209489456163,0.0001127861134470178
2.23482,0.003921430563263041,0.0001147538954511161
2.23746,0.004052038776359602,0.0001198486951096151
2.24011,0.005094120907325196,0.0001462266618150269
2.24275,0.005767743479467256,0.0001652214560528224
2.2454,0.003880086709211987,0.0001141348573107807
2.24804,0.004607988970588237,0.0001344622001313013
2.25068,0.003180196448390675,9.525526921367428e-05
2.25333,0.00295028607103219,8.817084244572344e-05
2.25597,0.004842486750832411,0.0001406436071703029
2.25861,0.003492320685349611,0.0001038002370726025
2.26126,0.004325009850166481,0.000126905988366453
2.2639,0.003481289400665928,0.0001032661145348634
2.26655,0.004612381798002221,0.0001345347550861499
2.26919,0.005152296684239732,0.000150529427411803
2.27183,0.004045606340177578,0.0001185601793336506
2.27448,0.004419111126526082,0.0001289803793270463
2.27712,0.00338610307991121,0.0001005132376785982
2.27976,0.004899424112097671,0.0001440431515237748
2.28241,0.00401525027746948,0.0001189951318931397
2.28505,0.005227510405105436,0.0001503831028519609
2.28769,0.004367537180910102,0.0001276897930582579
2.29034,0.003861867577691457,0.0001129052368747789
2.29298,0.004340770463374029,0.0001275489945468611
2.29563,0.004063296684239734,0.0001190042331332632
2.29827,0.004474503329633742,0.0001305435510444896
2.30091,0.005463889844617092,0.0001592645200762268
2.30356,0.003899736542730298,0.0001139534165055165
2.3062,0.00435888887347392,0.000128353151749758
2.30884,0.004898394006659267,0.0001416084446132512
2.31149,0.005427657602663709,0.0001573932553417737
2.31413,0.005007818673695897,0.000145301697980643
2.31678,0.004488128190899,0.0001317484704243104
2.31942,0.003030423695893455,9.154648805234643e-05
2.32206,0.004941843854051054,0.0001419769695685285
2.32471,0.004216919741953387,0.000124589138356827
2.32735,0.003757511029411764,0.0001120163960036328
2.32999,0.003599138041065484,0.0001070869136000265
2.33264,0.004537445061043289,0.0001349286883070397
2.33528,0.003846926470588234,0.0001124471335323844
2.33793,0.00422218930355161,0.0001249547659757755
2.34057,0.004666766786903441,0.0001357873480785436
2.34321,0.00467984912597114,0.0001365671526726051
2.34586,0.005176508740288565,0.0001515857905127389
2.3485,0.003198113415649276,9.586693644020794e-05
2.35114,0.003639023723640398,0.0001082307188104939
2.35379,0.003465054938956714,0.0001028700974432656
2.35643,0.003561074500554943,0.0001055639689373252
2.35908,0.004140694228634849,0.0001230248352468958
2.36172,0.002145233490566037,6.571837985156795e-05
2.36436,0.002434010960044395,7.406313024995902e-05
2.36701,0.002553196448390675,7.703212094105183e-05
2.36965,0.003672852386237513,0.0001088671828142604
2.37229,0.003176007352941179,9.54109732931442e-05
2.37494,0.003050632075471695,9.174850634938744e-05
2.37758,0.003254936320754714,9.883621507446682e-05
2.38022,0.004324190344062152,0.0001257452653214367
2.38287,0.004779332130965596,0.0001408583019103072
2.38551,0.004925581922863482,0.0001415087851283697
2.38816,0.004102374306326304,0.0001215005185158318
2.3908,0.00326410654827969,9.827910008270605e-05
2.39344,0.004769344686459489,0.0001392819089369745
2.39609,0.003309719617092119,9.9508792405363e-05
2.39873,0.004168868756936739,0.0001222356917147964
2.40137,0.003621321933962262,0.0001080228804790444
2.40402,0.004326712957824636,0.0001254244586728072
2.40666,0.004442453315760267,0.0001302085706025037
2.40931,0.003922778856825749,0.0001164137535381267
2.41195,0.003236451650943396,9.645629668706029e-05
2.41459,0.004392538984461709,0.0001294690275050523
2.41724,0.0051076496254162,0.0001470194135997669
2.41988,0.004076154689234185,0.0001204685355407369
2.42252,0.002894630618756939,8.772641404956135e-05
2.42517,0.003837932505549393,0.000112930136562539
2.42781,0.004867825055493897,0.0001423983414947326
2.43046,0.002905986958934519,8.739010719480845e-05
2.4331,0.002578640052719202,7.841143573144504e-05
2.43574,0.003672930216426196,0.0001091928330053638
2.43839,0.004363684586570478,0.0001287684680134106
2.44103,0.003474605160932298,0.0001038003967984387
2.44367,0.004198469408990014,0.0001234206482672276
2.44632,0.003671069159267479,0.0001094047457837064
2.44896,0.003219010821309654,9.634344587652926e-05
2.45161,0.002983363901220866,8.97208454981879e-05
2.45425,0.003203103704217538,9.66956613498001e-05
2.45689,0.002927094963928968,8.767181822308969e-05
2.45954,0.004573947419533854,0.0001346557854954332
2.46218,0.003366670713096556,0.0001010129710700514
2.46482,0.003646999028856826,0.0001078156388969114
2.46747,0.002949397891231966,8.867897372471205e-05
2.47011,0.004023053898446171,0.0001198403866896306
2.47275,0.002830493965038849,8.645442456116296e-05
2.4754,0.00464707574916759,0.0001350473105406937
2.47804,0.004334530313540513,0.000127601271382739
2.48069,0.003027921684239735,9.146580151988878e-05
2.48333,0.004431598293562708,0.0001312793941339873
2.48597,0.004244494519977801,0.0001258704540354131
2.48862,0.003335767549944503,9.975583844987974e-05
2.49126,0.00376566717536071,0.0001130651403709895
2.4939,0.002137306256936733,6.533721027004161e-05
2.49655,0.002372731132075471,7.291657486681864e-05
2.49919,0.004402155591009986,0.0001293342367204052
2.50184,0.002450135543840181,7.47388813681722e-05
2.50448,0.003967922655382906,0.000118149843986606
2.50712,0.003864706090455048,0.0001156682320340891
2.50977,0.002701385127635959,8.200528424168863e-05
2.51241,0.004216592397336295,0.0001242324935064401
2.51505,0.005107800707547172,0.0001491713711077888
2.5177,0.003915913776359601,0.0001172379517989931
2.52034,0.002275869173140957,6.958662106493239e-05
2.52299,0.002646807852386239,8.103413913788081e-05
2.52563,0.004007183407325196,0.000119184048402667
2.52827,0.002915752358490567,8.868050102012595e-05
2.53092,0.00290626165371809,8.81089006746409e-05
2.53356,0.003846656354051056,0.0001140002050292615
2.5362,0.003024043909544952,9.203083843285535e-05
2.53885,0.003787830466148725,0.0001130595315274851
2.54149,0.001874869728079911,5.816852123186843e-05
2.54414,0.003278111403995562,9.918144202485176e-05
2.54678,0.004909773238068811,0.0001440169853651997
2.54942,0.002292531700887905,7.053940890733645e-05
2.55207,0.003127869381243061,9.464720872807018e-05
2.55471,0.003271012832963374,9.863463883017687e-05
2.55735,0.004103237305771367,0.0001223279623681945
2.56,0.004834522891231964,0.0001427489814327753
2.56264,0.004104484877913431,0.0001233234092059717
2.56529,0.002797308546059933,8.466231338941999e-05
2.56793,0.003538336639844618,0.0001066354614927212
2.57057,0.003512162805216429,0.0001052838689201123
2.57322,0.005146791342952273,0.0001507577238529288
2.57586,0.004415112028301888,0.0001302507358512116
2.5785,0.003168011445615984,9.577867473514974e-05
2.58115,0.004328400041620421,0.0001295640910345905
2.58379,0.004597046961709212,0.000135878261225533
2.58643,0.002944478565482796,8.968298941714819e-05
2.58908,0.004172220033296335,0.0001240468932019985
2.59172,0.004673718854051055,0.0001378096155274446
2.59437,0.004309935973917871,0.0001285848028596994
2.59701,0.003113585252497223,9.418491479808236e-05
2.59965,0.004787444783573809,0.0001406507332846699
2.6023,0.004462016162597116,0.0001322059746993505
2.60494,0.003960446379023307,0.0001189919211175153
2.60758,0.003432627219755828,0.0001050328735929294
2.61023,0.004183617577691454,0.0001248980419297335
2.61287,0.004419051609322975,0.0001315538871674308
2.61552,0.004257661556603773,0.000127387119910337
2.61816,0.003681342744173142,0.0001107704795617546
2.6208,0.004426401983906769,0.000131088730448112
2.62345,0.002411886584350723,7.461014429931258e-05
2.62609,0.003810382907880136,0.000114934529906631
2.62873,0.00325387187846837,9.907309920487251e-05
2.63138,0.003252610571587128,9.885438211191154e-05
2.63402,0.002566004092674806,7.909399487363253e-05
2.63667,0.003581486612097667,0.0001083802727201609
2.63931,0.00314742764983352,9.673259951212626e-05
2.64195,0.002476829009433962,7.654822185960958e-05
2.6446,0.003923412943951166,0.000117004184352545
2.64724,0.002147655382907882,6.649367978231575e-05
2.64988,0.004114080882352941,0.0001239275693230885
2.65253,0.002991082824639289,9.206031216109187e-05
2.65517,0.003434071656492785,0.0001042018659975184
2.65782,0.003433941176470587,0.0001041436232932317
2.66046,0.004485516301331853,0.0001336428544938938
2.6631,0.003040793423973363,9.285238241459863e-05
2.66575,0.003972194159267479,0.0001185302155458906
2.66839,0.00360455868479467,0.0001098566475352995
2.67103,0.003620818326859046,0.0001120138840724011
2.67368,0.002986380965593784,9.494772750505065e-05
2.67632,0.002681675776914537,8.711009465816719e-05
2.67896,0.003200017966148726,0.0001022378552730066
2.68161,0.005652357935627082,0.0001767089544600573
2.68425,0.004311481132075472,0.0001393483913789732
2.6869,0.002514095935072143,8.385679351024603e-05
2.68954,0.004476808476692564,0.0001445270376200274
2.69218,0.004065970380133185,0.0001325233833583277
2.69483,0.003352574292452832,0.0001126782798899836
2.69747,0.00456473827691454,0.0001500063412091009
2.70011,0.003856218021642621,0.0001267606236132747
2.70276,0.003352899347946728,0.0001145180265001426
2.7054,0.002332229675360711,8.0477210020272e-05
2.70805,0.004247955674250832,0.0001431496822402271
2.71069,0.003457567216981134,0.0001171332817926382
2.71333,0.002803976761931189,9.760992166157378e-05
2.71598,0.004828692494450613,0.000163615320333038
2.71862,0.002317409891786903,8.275038799456447e-05
2.72126,0.002371742230854607,8.470997240425563e-05
2.72391,0.003779491190344059,0.0001308349928927434
2.72655,0.002706888179800222,9.418582791519417e-05
2.7292,0.004059196864594897,0.0001358197138470766
2.73184,0.003993396018312985,0.0001319575272740498
2.73448,0.003116627497225307,0.0001042242899384544
2.73713,0.00212552413984462,7.122136432282914e-05
2.73977,0.002369611057158713,8.001717094016054e-05
2.74241,0.00243034149556049,8.109570291951655e-05
2.74506,0.002870690968368477,9.39171631033432e-05
2.7477,0.003169996115427305,0.0001037706027628075
2.75035,0.003588624098224199,0.0001150492031043583
2.75299,0.003430173279689235,0.0001114123240073552
2.75563,0.00254288852663707,8.257068006397351e-05
2.75828,0.004624907880133186,0.0001445733891763241
2.76092,0.003140402330743617,0.0001022351763813494
2.76356,0.001697133046614871,5.607682215539378e-05
2.76621,0.002040137555493895,6.69313302224845e-05
2.76885,0.003121725374583795,0.0001007561426031637
2.77149,0.002879060002774694,9.28961116860138e-05
2.77414,0.00331293583518313,0.0001061416422658121
2.77678,0.00442198626526082,0.0001376197968485255
2.77943,0.004195857519422863,0.0001311456038892454
2.78207,0.002650429245283017,8.580855651239128e-05
2.78471,0.003418100443951167,0.0001095268626112739
2.78736,0.003741642827413987,0.000118472500330881
2.79,0.004432005757491675,0.0001372707161705963
2.79264,0.002448139428412871,7.934377064720323e-05
2.79529,0.002494365982241953,8.059422212294212e-05
2.79793,0.003853878537735849,0.0001209223103902672
2.80058,0.003293739248057713,0.0001036294719188013
2.80322,0.004640792105993338,0.0001443911423015982
2.80586,0.002978364456159825,9.55850280476958e-05
2.80851,0.003869845172031077,0.000121006379355611
2.81115,0.004071045366259712,0.0001263238865682023
2.81379,0.003562125208102106,0.000111880400695192
2.81644,0.003088672724750276,9.856034604800539e-05
2.81908,0.00259632124028857,8.313688096679081e-05
2.82173,0.003195993687569365,0.0001010994868875922
2.82437,0.004013414400665929,0.0001243947564494518
2.82701,0.002785780521642623,8.840788895857504e-05
2.82966,0.00373603905382908,0.0001173515105477708
2.8323,0.002151153163152052,6.883242032925642e-05
2.83494,0.00307322343229745,9.70751455002977e-05
2.83759,0.003679559517203107,0.0001139685853118609
2.84023,0.002597928204772475,8.282496839741893e-05
2.84288,0.002426685765815759,7.82307517333695e-05
2.84552,0.002674073598779132,8.401648986209191e-05
2.84816,0.00308128572419534,9.814646191574099e-05
2.85081,0.003574175152608212,0.0001118849863965968
2.85345,0.002818164747502777,8.932989068398829e-05
2.85609,0.003206290163706993,0.000100767416196472
2.85874,0.003780956229189789,0.0001175708974979257
2.86138,0.002885844963928967,9.200657395810199e-05
2.86402,0.002857599472807991,9.080167279513915e-05
2.86667,0.001708365774139846,5.551420282838683e-05
2.86931,0.004057793632075471,0.0001256784928586044
2.87196,0.004302162111542731,0.0001318823997201848
2.8746,0.0031386740427303,9.987045266160434e-05
2.87724,0.002866815482796891,9.110713062538878e-05
2.87989,0.002667652608213098,8.513773610543094e-05
2.88253,0.003248757977247503,0.0001023749767700054
2.88517,0.003332510127635959,0.0001055303285885778
2.88782,0.002504998959489457,8.052358092068334e-05
2.89046,0.004667352802441731,0.0001417045226931553
2.89311,0.003243250346836847,0.0001027683590549831
2.89575,0.003447538568257491,0.0001084960474920663
2.89839,0.003085362652608212,9.666934003020854e-05
2.90104,0.004431074084350723,0.0001369603878939002
2.90368,0.003333013734739181,0.0001038319633145027
2.90632,0.002751413915094338,8.742208895835571e-05
2.90897,0.004175422516648169,0.0001298980910448516
2.91161,0.003527749445061045,0.0001104683354131128
2.91426,0.00308174812708102,9.675097948710752e-05
2.9169,0.002155811528856828,6.977666505544209e-05
2.91954,0.003211946587125417,0.0001014891557202021
2.92219,0.003283451928412877,0.0001018814653602831
2.92483,0.003920661417869032,0.0001216923005627325
2.92747,0.003632181534406215,0.0001130033733992263
2.93012,0.00221648473917869,7.175925911974587e-05
2.93276,0.002858254162042175,9.04774511985523e-05
2.93541,0.002522066662042172,7.968864108570159e-05
2.93805,0.002538447627635959,8.056004819878352e-05
2.94069,0.003397299181465038,0.0001059014974620318
2.94334,0.00241926213928968,7.783729627766552e-05
2.94598,0.003785655799112101,0.0001163164134673665
2.94862,0.003389184239733632,0.0001066503630886223
2.95127,0.002097246600998891,6.764764886606744e-05
2.95391,0.003233171337402888,0.0001013875013317764
2.95655,0.002666682019977802,8.442554562365478e-05
2.9592,0.00183907928690344,5.856426329786257e-05
2.96184,0.004516213443396227,0.0001389877947342093
2.96449,0.003814343091009991,0.0001197474060395613
2.96713,0.002536728496115425,8.072307971267412e-05
2.96977,0.003583111889567148,0.000112197572163262
2.97242,0.002342926748057716,7.478252126487109e-05
2.97506,0.003190309794672587,0.0001013418945055204
2.9777,0.003579279897336295,0.0001116422854332536
2.98035,0.002629362444506104,8.335239007828791e-05
2.98299,0.003264360640954497,0.0001030928953207746
2.98564,0.00257919630965594,8.177889381568885e-05
2.98828,0.003495861958934518,0.0001094690207111503
2.99092,0.002163953940066592,6.902492134010796e-05
2.99357,0.003187226345726968,0.0001003253227266144
2.99621,0.002720675568812429,8.678990033069967e-05
2.99885,0.003538920366259711,0.000110575703336038
3.0015,0.003091316662042175,9.738539800145943e-05
3.00414,0.0039012839900111,0.0001212675867021877
3.00679,0.002537010058268592,8.06366794911985e-05
3.00943,0.00236395463374029,7.581404853624042e-05
3.01207,0.001524823876248613,4.915469657600628e-05
3.01472,0.002194071933962262,7.06632042180893e-05
3.01736,0.002214149833518312,7.114699272766837e-05
3.02,0.003340911209766925,0.0001046079582597388
3.02265,0.0035275846281909,0.0001099861466135119
3.02529,0.004137759572697,0.0001271692715926591
3.02794,0.002733833448945613,8.683863398225719e-05
3.03058,0.001414387416759156,4.581883165748797e-05
3.03322,0.0043614137763596,0.0001343671825912101
3.03587,0.0032375435627081,0.0001015343298299645
3.03851,0.002001561251387349,6.364858517170201e-05
3.04115,0.00239822280799112,7.633284689962913e-05
3.0438,0.003247643174250835,0.0001013968371908074
3.04644,0.003977818534961158,0.0001219828788267192
3.04908,0.004039478357380688,0.0001249634060107382
3.05173,0.002846176748057714,8.950246792534617e-05
3.05437,0.003941295574361819,0.0001216627014594726
3.05702,0.003620527608213099,0.0001117749816304019
3.05966,0.002705757352941175,8.417956654960624e-05
3.0623,0.004411644006659271,0.0001347805282803551
3.06495,0.001622979189789121,5.200141798824106e-05
3.06759,0.001978230507769145,6.302639563642773e-05
3.07023,0.003602649556048834,0.0001115170585012958
3.07288,0.001853583171476135,5.942054011441249e-05
3.07552,0.003465228912319642,0.0001080230560367762
3.07817,0.003425391301331855,0.0001068576239998541
3.08081,0.004863230785238621,0.0001463030949656088
3.08345,0.002606368201997784,8.214522529851127e-05
3.0861,0.002159826650943396,6.846499984862352e-05
3.08874,0.002737276290233074,8.584455198905615e-05
3.09138,0.003394208865149836,0.0001053380789450193
3.09403,0.00344487631798002,0.0001067712781176879
3.09667,0.003168661556603774,9.949600659893202e-05
3.09932,0.002292694228634849,7.204341414164409e-05
3.10196,0.003406730369034407,0.0001055294903351011
3.1046,0.002889514428412872,9.023336597963232e-05
3.10725,0.003232489178690344,0.0001004448413111203
3.10989,0.002648158435072144,8.361274117987492e-05
3.11253,0.003749494519977805,0.0001152215127436833
3.11518,0.002928113623751387,9.168169451270632e-05
3.11782,0.003034017619311873,9.437610279603318e-05
3.12047,0.002305817771920088,7.279466416641556e-05
3.12311,0.002217773515538291,7.056406209454103e-05
3.12575,0.003115906423418424,9.663406576366469e-05
3.1284,0.003514607588790235,0.0001089959738324667
3.13104,0.002879904689234185,9.023206715061454e-05
3.13368,0.002694735224750279,8.549009309298248e-05
3.13633,0.002760769561598221,8.637303806308814e-05
3.13897,0.001576837333518313,5.048109943065299e-05
3.14161,0.001803208726415093,5.807852354763034e-05
3.14426,0.002013002289123197,6.473606120074618e-05
3.1469,0.001824934794672585,5.84537789817404e-05
3.14955,0.004736859739178692,0.0001433778842250897
3.15219,0.003503441245837958,0.0001081298473762746
3.15483,0.003067601345726968,9.549041337082078e-05
3.15748,0.002362782602663707,7.476455948494706e-05
3.16012,0.00486521774417314,0.0001469133863673971
3.16276,0.002894149902885684,9.100353403300232e-05
3.16541,0.003011293493340732,9.455995524139889e-05
3.16805,0.002731466495560491,8.572465667652459e-05
3.1707,0.003529956159822421,0.0001093518245346124
3.17334,0.00201137014428413,6.375187423906938e-05
3.17598,0.001686930424528304,5.424780186051542e-05
3.17863,0.002998820061043287,9.352423236026565e-05
3.18127,0.001692117577691455,5.419137563322006e-05
3.18391,0.002360262278024416,7.455265599347714e-05
3.18656,0.002886707963374029,8.997870713014026e-05
3.1892,0.003180043077136515,9.964063438777503e-05
3.19185,0.003431720726970037,0.0001061193585804247
3.19449,0.003937529966703661,0.0001206791379961732
3.19713,0.002177926748057716,6.921174427150579e-05
3.19978,0.002849928620976695,8.873917823247329e-05
3.20242,0.002062923487791342,6.538335293889149e-05
3.20506,0.0015358528718091,4.905170531032456e-05
3.20771,0.001593763110432853,5.081160445827036e-05
3.21035,0.001807255896226414,5.742919322762737e-05
3.213,0.003243763110432851,0.00010013616518106
3.21564,0.003627841356825747,0.0001098580434302223
3.21828,0.002721073876248613,8.464740384990883e-05
3.22093,0.002279115149833515,7.156243449460368e-05
3.22357,0.003309598293562708,0.0001021241327929426
3.22621,0.002352898168701444,7.351953964714449e-05
3.22886,0.002806158296337403,8.681795929733984e-05
3.2315,0.004000622780244175,0.0001247570920489692
3.23414,0.003428232103218647,0.0001100014262658786
3.23679,0.003437420643729193,0.0001110444551702163
3.23943,0.002397629925083241,7.974843165314144e-05
3.24208,0.002380102108768037,8.047623230266309e-05
3.24472,0.003620360502219758,0.0001208111908283526
3.24736,0.001867759711431742,6.420839155908166e-05
3.25001,0.004442892827413987,0.0001476392051879981
3.25265,0.002628877150388454,9.170388464906521e-05
3.25529,0.002912268312985574,0.0001020988971683472
3.25794,0.003374533851276359,0.0001163083076435894
3.26058,0.002472083657047724,8.731597377001779e-05
3.26323,0.003000113415649278,0.000105188040496749
3.26587,0.003223202205882352,0.0001136720958506478
3.26851,0.004664754647613761,0.0001619555039472089
3.27116,0.003011325541065484,0.0001073832131862535
3.2738,0.003205088374028854,0.0001143592470087091
3.27644,0.003446959420088788,0.0001236168999476187
3.27909,0.001826175499445058,6.81153829730213e-05
3.28173,0.00337916245837958,0.0001213452849356425
3.28438,0.006372653440621532,0.0002213142843169624
3.28702,0.003963818257491676,0.0001387525976511935
3.28966,0.003168579148168698,0.0001114615492795148
3.29231,0.003419125971143177,0.0001178485993721192
3.29495,0.001789366398446173,6.315131130264072e-05
3.29759,0.002213540926748058,7.708657323974163e-05
3.30024,0.002760927511098779,9.449898351673198e-05
3.30288,0.003857474750277473,0.0001291516900831408
3.30553,0.002726098501664816,9.281275197153409e-05
3.30817,0.004755314650388455,0.0001554233864778639
3.31081,0.003120395394006658,0.000105390571314411
3.31346,0.003315998682019978,0.0001116505743287197
3.3161,0.002583918770810213,8.749447033496329e-05
3.31874,0.002778283643174252,9.418546098530489e-05
3.32139,0.003432093854051055,0.000114035652999181
3.32403,0.002958554384017759,9.966331424484095e-05
3.32667,0.003926347599889011,0.0001283779220938449
3.32932,0.003971914886237514,0.0001299654959818333
3.33196,0.004186575124861264,0.0001373411460252275
3.33461,0.002670360640954494,8.997003826103332e-05
3.33725,0.002726318257491679,9.13979560814366e-05
3.33989,0.002655479051054387,8.90175238964095e-05
3.34254,0.002506038221420644,8.323479305634077e-05
3.34518,0.001505659336847944,5.14957699025581e-05
3.34782,0.004070525735294121,0.0001317153212089229
3.35047,0.002632189511653719,8.714852239078128e-05
3.35311,0.00194010973917869,6.51674195035815e-05
3.35576,0.001049443951165368,3.605518421606418e-05
3.3584,0.00369233969200888,0.000119722125962084
3.36104,0.002664177719200885,8.793997300553148e-05
3.36369,0.004208308060488346,0.0001360208002320501
3.36633,0.002998943673695895,9.834218922244469e-05
3.36897,0.001867583448945617,6.291033377123922e-05
3.37162,0.003745012416759158,0.0001198332710090475
3.37426,0.002607210599334073,8.650408770962344e-05
3.37691,0.004212465108213094,0.0001355049232889461
3.37955,0.002281406562153165,7.550185647855561e-05
3.38219,0.003405629300776916,0.0001101417970197417
3.38484,0.002646125693673692,8.694144694487469e-05
3.38748,0.004008749167591566,0.0001286309415534537
3.39012,0.002379440552164262,7.934761089466164e-05
3.39277,0.003273530868479464,0.0001063487369352151
3.39541,0.004231375554938955,0.0001344970165458982
3.39806,0.002585191523307435,8.558288261887192e-05
3.4007,0.002832634295227523,9.313843192440038e-05
3.40334,0.0013298615427303,4.508470981542768e-05
3.40599,0.002907442841287456,9.530222438819066e-05
3.40863,0.002962807574916757,9.623458977470583e-05
3.41127,0.003621999514428416,0.0001168518100505652
3.41392,0.003183332547169812,0.0001034461737377909
3.41656,0.004410913776359601,0.0001401498529168911
3.41921,0.002760075957269702,9.053792347343016e-05
3.42185,0.00142856624583796,4.792224505680187e-05
3.42449,0.002506624236958938,8.291278323041222e-05
3.42714,0.002905796961709212,9.417589216282602e-05
3.42978,0.003145539123196448,0.0001022784439390405
3.43242,0.004342693326859046,0.0001383567821567982
3.43507,0.004344050776914542,0.0001382918459228182
3.43771,0.00253654536625971,8.34977880617954e-05
3.44035,0.003636540024972254,0.0001165141816546082
3.443,0.004324176609322975,0.0001373758694142039
3.44564,0.002631342536071036,8.639039826541207e-05
3.44829,0.002311851900665927,7.549464077121093e-05
3.45093,0.002562666551054383,8.375933403807844e-05
3.45357,0.003185509503329632,0.00010269728745604
3.45622,0.001862027746947838,6.170479950092781e-05
3.45886,0.002941120421753608,9.587424465999007e-05
3.4615,0.003450491537180912,0.0001097537232516618
3.46415,0.003399164816870145,0.0001087753195495478
3.46679,0.002224503537735846,7.29337141333792e-05
3.46944,0.003857921129300776,0.000122788988934907
3.47208,0.004242683823529412,0.0001337778005152273
3.47472,0.00290356048834628,9.391836346299183e-05
3.47737,0.002075554869589344,6.78859995792949e-05
3.48001,0.002496025596559379,8.059759146453245e-05
3.48265,0.002847234322974476,9.12403246773592e-05
3.4853,0.00308085307991121,9.852629232715982e-05
3.48794,0.002571353773584905,8.364151528828345e-05
3.49059,0.003376754300776913,0.0001080423555401975
3.49323,0.003175863138179803,0.0001006045343223144
3.49587,0.002322315482796892,7.459973683491784e-05
3.49852,0.002327978773584906,7.583648493314861e-05
3.50116,0.003324704217536075,0.0001062390276816528
3.5038,0.001731664470033297,5.693729959194399e-05
3.50645,0.001911800152608212,6.252274092626783e-05
3.50909,0.003215309309100997,0.000102516807663714
3.51174,0.002502309239733632,8.069346170118496e-05
3.51438,0.003387510890677025,0.0001083088675950723
3.51702,0.001930337472253051,6.287512694831686e-05
3.51967,0.002526061182019981,8.197532019190686e-05
3.52231,0.002990146573251942,9.565376970489472e-05
3.52495,0.002913046614872367,9.408819473583833e-05
3.5276,0.003249650735294121,0.0001030031111476369
3.53024,0.003287272475027745,0.0001041833537975212
3.53288,0.003529837125416202,0.000111668129148823
3.53553,0.003362325957269699,0.0001072788555877448
3.53817,0.004126403232519421,0.0001297186729477839
3.54082,0.003062638526637069,9.751503949756364e-05
3.54346,0.0007988605022197553,2.67317978121017e-05
3.5461,0.003828842397336297,0.0001216626265323403
3.54875,0.001309165579911208,4.337242094888972e-05
3.55139,0.002786004855715871,8.932668347268951e-05
3.55403,0.002673782880133186,8.62899220300114e-05
3.55668,0.002230741398446169,7.205774088897859e-05
3.55932,0.003308522405660378,0.0001054286349091657
3.56197,0.003026403995560488,9.653404970852698e-05
3.56461,0.003587928204772478,0.0001130383993186927
3.56725,0.003581827691453941,0.0001135723941871669
3.5699,0.00308490482796892,9.89069682700374e-05
3.57254,0.003321531492785793,0.0001047093251495721
3.57518,0.002441473501664817,7.86339351858485e-05
3.57783,0.003373199292452829,0.0001072987156654017
3.58047,0.004775880133185352,0.000147968908914483
3.58312,0.001464294880688123,4.83204972474542e-05
3.58576,0.003392949847391787,0.0001072697824146828
3.5884,0.0008110065899001116,2.713330468542573e-05
3.59105,0.002086123751387347,6.787771648555903e-05
3.59369,0.003615725027746946,0.0001142039264205919
3.59633,0.0008070166481687011,2.683840834289009e-05
3.59898,0.001034669950055495,3.427791130179735e-05
3.60162,0.002368725166481686,7.704047194425883e-05
3.60427,0.002873982727524974,9.251172143374431e-05
3.60691,0.003328005133185351,0.0001053320247427655
3.60955,0.001559089761376247,5.125754885096127e-05
3.6122,0.002695717258601551,8.686237610226548e-05
3.61484,0.002124347530521643,6.95952868219332e-05
3.61748,0.002279119728079914,7.352838205068021e-05
3.62013,0.003737678066037738,0.0001174763436760999
3.62277,0.001699014705882352,5.576549682001404e-05
3.62541,0.003040269214761378,9.673817943876918e-05
3.62806,0.004046563193673693,0.0001274173520618666
3.6307,0.003692419811320756,0.0001164601591089208
3.63335,0.005183227316870144,0.0001597882458027402
3.63599,0.002243855785238625,7.286448910571363e-05
3.63863,0.002988846351276361,9.551049850523095e-05
3.64128,0.002549201928412874,8.223787113852832e-05
3.64392,0.00238447662319645,7.714924868613768e-05
3.64656,0.00308441037735849,9.822340329384855e-05
3.64921,0.002984890746392896,9.597961458295831e-05
3.65185,0.002951025457824639,9.448821005019574e-05
3.6545,0.002532859877913431,8.147949236428313e-05
3.65714,0.002884100652053277,9.224311391185769e-05
3.65978,0.003407760474472807,0.0001081623961499374
3.66243,0.003391207824639289,0.0001075372484562585
3.66507,0.004468414261931189,0.0001387879542046955
3.66771,0.003056819575471699,9.750382132406002e-05
3.67036,0.003773166342952279,0.0001183045171559302
3.673,0.002830235294117647,9.051411778873055e-05
3.67565,0.001869259087125414,6.068173229902127e-05
3.67829,0.003402197905105436,0.0001072072390371546
3.68093,0.002331252219755828,7.566624958575445e-05
3.68358,0.003336147544395116,0.0001046410173530545
3.68622,0.003866791481687013,0.0001214563501518219
3.68886,0.001991161764705885,6.413826977635966e-05
3.69151,0.003836293493340734,0.0001198866918663977
3.69415,0.002594753190898999,8.259675570247413e-05
3.6968,0.00257945269145394,8.171731257145393e-05
3.69944,0.004363116884017756,0.0001352843805049062
3.70208,0.002582918423973365,8.193052901129961e-05
3.70473,0.003492769353496115,0.0001093736299708197
3.70737,0.002785086917314096,8.757541886931146e-05
3.71001,0.002325900249722532,7.383590999518806e-05
3.71266,0.002061877358490568,6.606897998024103e-05
3.7153,0.003947105369034407,0.0001230047711421053
3.71794,0.002557287111542732,8.140781491620147e-05
3.72059,0.003783476553829076,0.0001176667392539581
3.72323,0.002833032602663706,8.937289448718203e-05
3.72588,0.002229727316870144,7.158168923672102e-05
3.72852,0.002992064858490566,9.414182234049243e-05
3.73116,0.002939138041065484,9.219561749158396e-05
3.73381,0.002966786071032187,9.384119286128491e-05
3.73645,0.00263372322419534,8.307670757445002e-05
3.73909,0.002233064858490567,7.185167819185313e-05
3.74174,0.003141253884572698,9.798239522296583e-05
3.74438,0.004167499861265263,0.0001282690371159072
3.74703,0.002433994936182017,7.806326114212975e-05
3.74967,0.003627108837402884,0.0001134707463100224
3.75231,0.003304028856825751,0.000102323658107438
3.75496,0.003029192147613764,9.529052400582612e-05
3.7576,0.003427275249722532,0.0001065325797415833
3.76024,0.003012177094894561,9.510497715691695e-05
3.76289,0.001366583657047724,4.435803321340339e-05
3.76553,0.00182373758324084,5.887255039584628e-05
3.76818,0.00234608344894562,7.488539020745249e-05
3.77082,0.002543811043285239,8.036140574366226e-05
3.77346,0.003553481478912321,0.0001107854635421448
3.77611,0.003898422586015535,0.0001205865585276514
3.77875,0.002650612375138733,8.390706871846684e-05
3.78139,0.002506271711986679,7.982121032545113e-05
3.78404,0.001865523238068815,6.010335190947276e-05
3.78668,0.00340968562708102,0.00010622550209053
3.78933,0.001606792799667035,5.190204124903276e-05
3.79197,0.002839849611542728,9.270340009941113e-05
3.79461,0.00247373869311876,8.262432043052222e-05
3.79726,0.00218813165926748,7.387531139006099e-05
3.7999,0.001503770810210877,5.253533876485341e-05
3.80254,0.002702424389567146,9.278620067540202e-05
3.80519,0.002971533712541622,0.0001026591530934874
3.80783,0.003008406908990009,0.0001044030877776839
3.81047,0.00221819929245283,7.913285472689964e-05
3.81312,0.004284986820199776,0.0001499067244883015
3.81576,0.002409801193118759,8.69492335164373e-05
3.81841,0.001872548557158714,6.825824922772665e-05
3.82105,0.003523992993895674,0.0001268714973798325
3.82369,0.002210301817425086,8.142864042049742e-05
3.82634,0.001107544187014428,4.196748387146191e-05
3.82898,0.00277757401498335,0.0001024294998421739
3.83162,0.001761226206992233,6.672706149404094e-05
3.83427,0.003524473709766926,0.0001299360689319568
3.83691,0.004325568396226416,0.0001589671695799403
3.83956,0.00374121247225305,0.0001391561245452728
3.8422,0.003393132977247503,0.0001276225725871422
3.84484,0.002421022475027749,9.331769854955362e-05
3.84749,0.002761154134295228,0.0001031317038642277
3.85013,0.003314240635405105,0.0001194901831919763
3.85277,0.003091252566592674,0.0001098828238119266
3.85542,0.00407695817147614,0.0001428355681853922
3.85806,0.003862291065482799,0.0001344515796224556
3.86071,0.001912727247502771,6.869743806600064e-05
3.86335,0.002700604536625973,9.474948591326687e-05
3.86599,0.003053660585460602,0.000105720549644157
3.86864,0.002389015954495003,8.348576462064847e-05
3.87128,0.003301691662042175,0.0001139943961914021
3.87392,0.00197982602663707,6.964902484962268e-05
3.87657,0.003493781145948943,0.0001193540432797656
3.87921,0.002892884017758048,9.995637273862018e-05
3.88186,0.003050854120421755,0.0001048122962790595
3.8845,0.002268862167036625,7.92273892651058e-05
3.88714,0.001896646157047726,6.604236550371059e-05
3.88979,0.002196363346281907,7.674740975964503e-05
3.89243,0.0015088457963374,5.321068900267471e-05
3.89507,0.001583388804106546,5.496335981026825e-05
3.89772,0.004009103981687017,0.0001324982527085043
3.90036,0.002949798487791342,9.9082166300865e-05
3.903,0.001380686945061043,4.778885003293636e-05
3.90565,0.002464566176470588,8.339979066053104e-05
3.90829,0.003343779481132076,0.0001108246666834951
3.91094,0.00256232776082131,8.66244108510416e-05
3.91358,0.003318763942841285,0.0001098114787926583
3.91622,0.002185368687569366,7.349137346198778e-05
3.91887,0.004299042036625973,0.0001401912949533313
3.92151,0.003159669880688121,0.0001041130785067964
3.92415,0.001615843992785791,5.489380792361446e-05
3.9268,0.003628892064372919,0.0001189272209860664
3.92944,0.001827892341842399,6.147198838300235e-05
3.93209,0.003610398238068813,0.0001175254197313942
3.93473,0.003046539123196449,9.937267290404378e-05
3.93737,0.003252292383462819,0.0001059523879973975
3.94002,0.002204894908435072,7.350982430957694e-05
3.94266,0.003077156145948946,0.0001009265167065257
3.9453,0.001971202899556049,6.601050207326747e-05
3.94795,0.004225389497780244,0.0001351267304234033
3.95059,0.002889065760266373,9.521351219834373e-05
3.95324,0.003277298765260819,0.0001074248464082758
3.95588,0.002330586084905659,7.757610387043412e-05
3.95852,0.002953502289123197,9.72405216143339e-05
3.96117,0.002379593923418422,7.937649940735516e-05
3.96381,0.002210269769700332,7.351097054600179e-05
3.96645,0.001627800083240845,5.471570153144401e-05
3.9691,0.002414830396781352,8.000088877941284e-05
3.97174,0.001146608074361821,3.925025449699781e-05
3.97439,0.00236569207824639,7.9027381020686e-05
3.97703,0.003030144422863485,9.829452324221609e-05
3.97967,0.001534003260266368,5.165741474047616e-05
3.98232,0.003501609947280796,0.0001131168255253232
3.98496,0.003459355022197558,0.0001122020177827558
3.9876,0.003105747294672586,0.0001012287728952791
3.99025,0.002297242716426195,7.614389375416633e-05
3.99289,0.003207464483906769,0.0001052685735767243
