0.0431807,68.55193537042176,0.4827722793672055
0.0458244,59.57110417591565,0.4339441419444997
0.0484682,51.77270148446171,0.3976760084981314
0.0511119,45.66109507491677,0.3888900426148327
0.0537556,40.29188176331854,0.3426980969397169
0.0563993,35.88415261514984,0.3349764529505136
0.059043,31.86288180632631,0.2939416282183118
0.0616867,28.17615062638735,0.2845066157138456
0.0643304,25.67433469270255,0.2668633299459485
0.0669742,23.24736148168702,0.2425000755290964
0.0696179,20.95274780036071,0.2344958397654303
0.0722616,19.12882708726415,0.2108713356187277
0.07490529999999999,17.28991870629856,0.1991453101435967
0.07754900000000001,15.80004182089345,0.188335735188299
0.08019270000000001,14.45055395394007,0.1728915637693025
0.08283649999999999,13.24479832408435,0.1674952330178665
0.08548020000000001,12.21950997918979,0.153663601283352
0.08812390000000001,11.190955559101,0.1530807846154048
0.0907676,10.33216278995561,0.1452561614040246
0.0934113,9.567822975166484,0.1375348369733327
0.096055,8.788079100998891,0.1330945713245689
0.0986987,8.229922604051055,0.1241923578149109
0.101342,7.560820912874585,0.1184770062924164
0.103986,7.036115052719201,0.1081812494496642
0.10663,6.579746547586016,0.1054795640070443
0.109274,6.102887940482797,0.1007217157425454
0.111917,5.666393923418425,0.09300575685847194
0.114561,5.336788568257492,0.08836100840154469
0.117205,4.967655526498335,0.08350721232214378
0.119848,4.644526696032186,0.07887658655545114
0.122492,4.297393181187569,0.07242464217359904
0.125136,4.043049984739179,0.06997218869526302
0.12778,3.827438821448391,0.06649815827648854
0.130423,3.582973237375139,0.06328541655954992
0.133067,3.359840999583796,0.06026013337096678
0.135711,3.169133138873474,0.05547140564311316
0.138354,2.982934827968924,0.05349589022111677
0.140998,2.784746295782464,0.05003493032340135
0.143642,2.660171547586015,0.04804618386442205
0.146286,2.474019042036626,0.04431169621364894
0.148929,2.305545457824639,0.04141490345534841
0.151573,2.237888109739179,0.04135873054054327
0.154217,2.091937300221976,0.03810311101841508
0.15686,1.965514268174251,0.03631903383972796
0.159504,1.884006854883463,0.03461680816167806
0.162148,1.749666821587126,0.03242063115347794
0.164792,1.698034617785794,0.03210407557706138
0.167435,1.584754907047725,0.02947245774157808
0.170079,1.531849653163152,0.02874204370332736
0.172723,1.41671096836848,0.02661380077117575
0.175366,1.358180903856826,0.02582375891059593
0.17801,1.287136340177581,0.02441377910088005
0.180654,1.240970722807991,0.02347003447527399
0.183298,1.175943439927858,0.02257312179165393
0.185941,1.136807445199778,0.02167055898167595
0.188585,1.073160549389567,0.02059466395894452
0.191229,1.023172164955605,0.01980375992274564
0.193872,0.9724802642896783,0.01877663616398301
0.196516,0.9238277205882353,0.01805086727934253
0.19916,0.897397000554939,0.01750226865740147
0.201804,0.8374643444783574,0.01680583165441998
0.204447,0.822189162735849,0.0162100895832018
0.207091,0.7555543201997781,0.01494824961898231
0.209735,0.7598858906770256,0.01499097532575491
0.212378,0.6875387014428412,0.01380866103315502
0.215022,0.6807986986681466,0.01360220421326009
0.217666,0.6390986112652609,0.01299362357197202
0.22031,0.6141722114317425,0.01267555259159469
0.222953,0.6067855771365149,0.01231391341325603
0.225597,0.5837654675360709,0.01178299406417118
0.228241,0.5524519790510545,0.01138703168549864
0.230885,0.5315250665926748,0.01098313521958416
0.233528,0.5162539137069923,0.01077453280301899
0.236172,0.4985954113485017,0.01040971791283146
0.238816,0.4677283705604883,0.009850382239230248
0.241459,0.457005499445061,0.00959050136287843
0.244103,0.4479366342952276,0.00929843807268918
0.246747,0.4100723390677026,0.008769006976531208
0.249391,0.4190335696448391,0.008921830949062789
0.252034,0.3927584642064373,0.008506965721039437
0.254678,0.3772315246947836,0.008115978412515025
0.257322,0.3756345865704773,0.008075179473813577
0.259965,0.3619622488901221,0.007814713009627773
0.262609,0.3496039823806881,0.007594042977582785
0.265253,0.3371701748057713,0.007458649226761458
0.267897,0.3228208289400666,0.007095566887218208
0.27054,0.3248088637624861,0.007104798902946432
0.273184,0.3024230015260821,0.006652847923428595
0.275828,0.2882391134850167,0.006410680890010938
0.278471,0.2803228905382908,0.006348355349671557
0.281115,0.2800143625138735,0.006315936791936116
0.283759,0.269174334073252,0.006133091906708873
0.286403,0.2576880174805772,0.005798487048209968
0.289046,0.2553986882630411,0.005817797974860361
0.29169,0.2497923050776915,0.005678730661957195
0.294334,0.2383420192841287,0.00552364322418515
0.296977,0.2381398668146504,0.005500806984245126
0.299621,0.2232465794950055,0.005180233199473046
0.302265,0.2221881804938957,0.005164929421849304
0.304909,0.21592056118202,0.005025909760296371
0.307552,0.205811106409545,0.004892285448112248
0.310196,0.2055078891509434,0.004837915154721957
0.31284,0.2038865947558269,0.004778182276381326
0.315483,0.1915719818257492,0.004575210082090768
0.318127,0.1901312466009989,0.00451270083583684
0.320771,0.1928568804106548,0.004539183045181474
0.323415,0.186168323390677,0.004433644811436325
0.326058,0.167934564372919,0.004089858176688339
0.328702,0.1737364386792453,0.004242212743176545
0.331346,0.1649860157463929,0.004027444611214185
0.333989,0.1675689181465039,0.004046835797176767
0.336633,0.163513077136515,0.00393608486969075
0.339277,0.1516583490566038,0.003728346468254412
0.341921,0.1587762402885683,0.003894438213066928
0.344564,0.1477233760405105,0.00366334079060335
0.347208,0.1413040725582686,0.003558024931858263
0.349852,0.1474123231132075,0.003626087430317855
0.352495,0.1421960088096559,0.00354006177018267
0.355139,0.1373671240288568,0.003442500765523011
0.357783,0.1394672595033296,0.003482317738906746
0.360427,0.1337088831159823,0.00336849248866061
0.36307,0.1321668541897891,0.003304264345916445
0.365714,0.1241284721836848,0.003176703498818188
0.368358,0.1247700767896782,0.00314206020888054
0.371001,0.1301125309378468,0.003255151843828419
0.373645,0.1219280639567148,0.003114866719740099
0.376289,0.1192365083240844,0.003034133530647761
0.378933,0.1230420360016648,0.003115478060205246
0.381576,0.1140892133740289,0.002899458320159235
0.38422,0.1091866256936737,0.002842559833414374
0.386864,0.1125097412597114,0.002875577481782948
0.389507,0.1158031119589345,0.002947902417029407
0.392151,0.1071264743340733,0.002809301084274854
0.394795,0.1079606811875694,0.002769568389894765
0.397439,0.1029168340038846,0.002688470326418616
0.400082,0.1041093687569368,0.002685605184349089
0.402726,0.1023242189234184,0.002665922768857278
0.40537,0.0999785269145394,0.002617918903318068
0.408013,0.09701526151498335,0.002527316401928278
0.410657,0.09495768312985571,0.002521220121610559
0.413301,0.09262904279966704,0.002449130403705352
0.415945,0.09303869513041065,0.002472154098435531
0.418588,0.09011742598501667,0.002419881265746074
0.421232,0.0940165536209767,0.002476998144426611
0.423876,0.08580404716981133,0.002363955219742139
0.426519,0.08658843812430632,0.002385688502528893
0.429163,0.08991986778579358,0.002519913196327285
0.431807,0.07883215392619311,0.002343862344705364
0.434451,0.08582669346559378,0.002524960818091529
0.437094,0.08161269693396227,0.002497968020708294
0.439738,0.08053743625138735,0.002477991832969155
0.442382,0.08316577316870144,0.002583477592077259
0.445025,0.08197891086293008,0.002554052274776252
0.447669,0.07959641433129856,0.002522203833941056
0.450313,0.0769570987791343,0.002501643752414494
0.452957,0.07913938630688125,0.00251385384121163
0.4556,0.07795633081298556,0.002475753383920986
0.458244,0.08050981340177579,0.002491002941491451
0.460888,0.07303741710599333,0.00234413917859671
0.463531,0.07342512819089901,0.002378769709495617
0.466175,0.06703495837957824,0.002204199893785052
0.468819,0.06967387562430631,0.002314809191838261
0.471463,0.07057468222807992,0.002269745386399202
0.474106,0.06672216114039956,0.002235101535898507
0.47675,0.06621608407325195,0.002217192977092832
0.479394,0.06783847495837959,0.002263914333136268
0.482037,0.06674028412874584,0.002265686475113414
0.484681,0.07036003114594895,0.002230939717978446
0.487325,0.06475796066870144,0.002109482044698754
0.489969,0.06548954155105439,0.002071333364791365
0.492612,0.06385790031908992,0.002037487084060438
0.495256,0.06451681985294118,0.002012443055987225
0.4979,0.06498335918423974,0.001999669193358801
0.500543,0.06582801588512764,0.002003643345086592
0.5031870000000001,0.0629723140954495,0.001926535592558602
0.505831,0.06083787382075471,0.001883192019790783
0.508475,0.05869515607658157,0.001827328900077499
0.511118,0.06315496552441731,0.00189460015029037
0.5137620000000001,0.05940538630688125,0.001818010224024116
0.516406,0.0602102488901221,0.001815642505508599
0.519049,0.05554746975582686,0.001726054602529018
0.521693,0.06177766419256382,0.001831177430495081
0.5243370000000001,0.06000059267480577,0.001794287294026086
0.526981,0.05591294887624862,0.001709794342729459
0.529624,0.05846871143174251,0.001738607215158051
0.532268,0.05563809385405106,0.001686074281785231
0.5349120000000001,0.0528119881381798,0.001607720421840033
0.537555,0.05492692508324085,0.001651709923815133
0.540199,0.05367859753052166,0.001631599656113018
0.542843,0.05459543028579356,0.001640802878004256
0.5454870000000001,0.05244097162874584,0.001589690070972216
0.54813,0.05113619887624862,0.001528653889470874
0.550774,0.05141470276082132,0.00155493988022814
0.553418,0.05384173418423974,0.001589336897381768
0.556061,0.054585227663707,0.001605630595017809
0.558705,0.05348748779134296,0.001591661049859783
0.561349,0.05157954710044396,0.001513316533529868
0.563993,0.04976096462264152,0.0014895613057084
0.566636,0.05346798446170922,0.001553936099422448
0.56928,0.04884839421476139,0.001468587128645888
0.571924,0.05072861820199779,0.001499503498214971
0.574567,0.04778739934794673,0.001432053587215242
0.577211,0.05151821462264152,0.001505499910905684
0.579855,0.04702849778024418,0.001395267661733594
0.582499,0.04611464088512763,0.001389463722109569
0.5851420000000001,0.04881717744173141,0.001433868581132816
0.587786,0.04800612735849057,0.001430717243920806
0.59043,0.04636483518312986,0.001383478736694013
0.593073,0.04503422738623751,0.001333244185547253
0.5957170000000001,0.04980310966981132,0.001437652421121028
0.598361,0.05122530299667036,0.00146954579890533
0.601005,0.05174397253052165,0.001468165302428102
0.603648,0.04760058400388457,0.001377602729438083
0.6062920000000001,0.04218022641509435,0.001261903778666654
0.608936,0.04487391551054384,0.001317313299464044
0.611579,0.04369642945338512,0.001280081860159072
0.614223,0.04604549562985571,0.00132860063907827
0.6168670000000001,0.04581562416759156,0.001321882516012906
0.619511,0.04541590663152054,0.001304547001433593
0.622154,0.04520618632075472,0.001303919277336312
0.624798,0.0428117634572697,0.001244046900731415
0.6274420000000001,0.04538029245283019,0.001290121096997606
0.630085,0.04161265205327414,0.00122122686570238
0.632729,0.04495831319367369,0.001280407193018176
0.635373,0.04389596545504994,0.001257338950113885
0.6380169999999999,0.03984136743895672,0.001163119564878293
0.64066,0.04390080466148723,0.00125573217219233
0.643304,0.04285192612375139,0.001234225345679428
0.645948,0.04058120976692564,0.001180358730738468
0.6485919999999999,0.04227189435349612,0.001211648085776233
0.651235,0.03938983559933407,0.001160910431703732
0.653879,0.03973932748335184,0.001164026281973262
0.656523,0.03979340801886794,0.001158096765734972
0.659166,0.04204810051331853,0.0012064482158045
0.66181,0.04122978246392897,0.001172751516165811
0.664454,0.04041421365149834,0.001169163438429386
0.667098,0.04046277968923418,0.001173342474467953
0.669741,0.04174774694783574,0.001197141279238301
0.672385,0.03972585370421753,0.001147003955203519
0.675029,0.03847250381520533,0.001113329254681342
0.6776720000000001,0.04436976588512764,0.001229067846236973
0.680316,0.03893949868201998,0.001122873944719041
0.68296,0.03852069443673697,0.00110331437684725
0.685604,0.04084703648723641,0.00116118153846562
0.6882470000000001,0.03966228475305217,0.001127693994488968
0.690891,0.03688721274972254,0.00107233534343836
0.693535,0.04009374327136514,0.001131635770086825
0.696178,0.03699327240566037,0.00106806386500696
0.6988220000000001,0.03834833490566038,0.001099879656289856
0.701466,0.03642321892341843,0.001049884161783894
0.70411,0.037557484045505,0.001080187116583324
0.706753,0.03809771940899,0.001076714613577937
0.7093970000000001,0.04124296323529413,0.001145307263960345
0.712041,0.03793641405382909,0.001079144310240075
0.714684,0.03933250908712542,0.001100262562303541
0.717328,0.03940890628468369,0.001100962959173626
0.7199719999999999,0.03456508039678136,0.0010008046663682
0.722616,0.03716420810210877,0.001048808039149268
0.725259,0.03731905126248613,0.001054429112841126
0.727903,0.03549625908712542,0.001002413935533051
0.7305469999999999,0.03675723633462819,0.001043263788970325
0.73319,0.03525602934239734,0.001007501889748711
0.735834,0.03627513325471699,0.001020058130029166
0.738478,0.03651800464761377,0.001020827130555476
0.7411219999999999,0.03350195893451721,0.0009612733264774632
0.743765,0.03466118465593784,0.0009905973246887765
0.746409,0.03601997842674805,0.001000639709923287
0.749053,0.03438749250832408,0.0009783735007216469
0.751696,0.03650858948390677,0.001010471226525261
0.75434,0.03561072669256382,0.001001537499840566
0.756984,0.03654065781076582,0.001004238027704753
0.759628,0.03419140850443951,0.0009637048521266235
0.762271,0.03583458233906771,0.0009942549960655354
0.764915,0.03382453759711432,0.0009472221422779017
0.767559,0.03419208150665927,0.0009668635504503406
0.7702020000000001,0.03462124632352941,0.0009606065672899856
0.772846,0.03480645699223086,0.0009624506069396792
0.77549,0.03472231111265261,0.0009684560567052186
0.778134,0.03555801734184241,0.0009725932438753137
0.7807770000000001,0.03602677712264151,0.0009900649437660834
0.783421,0.03183535363485016,0.0008979426100805563
0.786065,0.03385414282741398,0.0009406886810738818
0.788708,0.03450140843507214,0.0009539900704118451
0.7913520000000001,0.03232296205604884,0.0009000442994037813
0.793996,0.03374510731132076,0.000934287090063089
0.79664,0.03652136965871254,0.000983252873387892
0.799283,0.0337042144145394,0.0009267588739798386
0.8019269999999999,0.0343531350582686,0.0009392681034996408
0.804571,0.03340772717813541,0.0009148407068629951
0.807214,0.03225834697558268,0.0008960605062006805
0.809858,0.03402305722807991,0.0009205145376136158
0.8125019999999999,0.0334246872918979,0.0009228482001821203
0.815146,0.03448799646226415,0.0009300064246726547
0.817789,0.03192533677857935,0.0008806169911671684
0.820433,0.03121043673695894,0.000869993511548892
0.8230769999999999,0.0331865910099889,0.0009007819432544432
0.82572,0.03281685412042176,0.0008996252539904224
0.828364,0.03359359482519423,0.0009072342148065778
0.831008,0.03303567369589346,0.0009006905866924612
0.8336519999999999,0.03198860585460599,0.0008683590827175307
0.836295,0.03218287229467259,0.0008765079741239169
0.838939,0.03445678655660377,0.0009240599203747024
0.841583,0.03246508684794673,0.0008712411691781268
0.844226,0.03514455362097669,0.0009403127933322619
0.84687,0.0300427023446171,0.0008265952836802693
0.849514,0.03261559669811321,0.0008784754823995073
0.852158,0.03453338977524973,0.0009190736530762992
0.854801,0.03194526359600443,0.0008496399873366774
0.857445,0.03475437715038846,0.0009171398543263137
0.860089,0.03338732880133186,0.0008814338364482178
0.8627320000000001,0.03472504661487236,0.0009086717779953129
0.865376,0.03368576179245283,0.0009196441571347108
0.86802,0.0357261099472808,0.0009536154326242559
0.870664,0.0324937924528302,0.0009032956238294153
0.8733070000000001,0.03224091759156493,0.0008844619263246326
0.875951,0.03068570331576027,0.0008693696009422942
0.878595,0.03311177101831299,0.0009185235599103112
0.881238,0.03083420331576027,0.0008675216463390332
0.8838819999999999,0.03270544020532742,0.0009209678609734078
0.886526,0.0325793827691454,0.0008968799644679286
0.88917,0.03147737597114317,0.0008847304647067103
0.891813,0.03175601949223086,0.0008914095946924785
0.8944569999999999,0.03103416967258602,0.0008570832315575855
0.897101,0.03056315968368479,0.0008398633609015052
0.899744,0.0331241414400666,0.0008871892350189508
0.902388,0.03312373855438402,0.0008837649665933299
0.9050319999999999,0.03172315683962264,0.000844694882508109
0.907676,0.03321757429245283,0.0008754308179579115
0.910319,0.03256919159267481,0.0008653985502702318
0.912963,0.03165742695615983,0.0008452485315424065
0.9156069999999999,0.03234115600721421,0.0008586919273547511
0.91825,0.03134631222253052,0.0008255085045914914
0.920894,0.02859551637069922,0.0007801239481992807
0.923538,0.03013324174528302,0.0008073303625524371
0.9261819999999999,0.0310821977663707,0.0008190183778437644
0.928825,0.03050471150110988,0.0008175515445427844
0.931469,0.03068804051054385,0.0008111710035481909
0.934113,0.03298575020810211,0.0008641561701904877
0.936756,0.03057654418701443,0.0008017408583927504
0.9394,0.03015074209211988,0.0007964810328343221
0.942044,0.03147513949778025,0.00081691151735087
0.944688,0.02955366779966703,0.000782765041832596
0.947331,0.03006562562430632,0.0007942485552011661
0.949975,0.03174730022197559,0.0008196904539579532
0.952619,0.02977389747502775,0.0007838246863162967
0.9552619999999999,0.03326498890122087,0.00084991683283515
0.957906,0.03165881416481687,0.0008183613417719063
0.96055,0.02917141169533852,0.0007738389051707575
0.963194,0.02959446455327414,0.0007636192511341788
0.9658369999999999,0.03040191842397336,0.0007932614156850176
0.968481,0.03228293215871254,0.0008221896377164192
0.971125,0.02957103308823529,0.0007661570189665783
0.973768,0.02944813464206438,0.0007625923534748655
0.9764119999999999,0.0315257703246393,0.0007962713233186083
0.979056,0.03174617168423973,0.0008074781877982633
0.9817,0.02986866946448391,0.000767292127217785
0.984343,0.0340635426609323,0.0008401261180285435
0.9869869999999999,0.02935087666481687,0.0007497433378034276
0.989631,0.03360938748612653,0.0008402119755252192
0.992274,0.03350104328523863,0.0008601904165055795
0.994918,0.03126861938124306,0.0008154689063032164
0.9975619999999999,0.03177951276359601,0.0008339693776677904
1.00021,0.03001390288568257,0.0008059682224881916
1.00285,0.03017281381798003,0.000805693292059318
1.00549,0.02854840850443952,0.0007893722513252011
1.00814,0.031230631381798,0.0008370538138745208
1.01078,0.03044993507214207,0.0008266072734095044
1.01342,0.02959522912042175,0.0008134650814081225
1.01607,0.03075323931742509,0.000845835203519242
1.01871,0.03098170067980022,0.0008443524806797612
1.02136,0.02891049972253052,0.0008064647281664004
1.024,0.03038510710321865,0.0008443555008305636
1.02664,0.03158529668423973,0.0008700680656804225
1.02929,0.02768151297169812,0.0007918196304405154
1.03193,0.02787340559100999,0.0007935951271187941
1.03457,0.02675117667869035,0.0007678886768953088
1.03722,0.02901100367647059,0.0008255976725750106
1.03986,0.0289266334628191,0.0008160050934836422
1.04251,0.02953598203385128,0.0008358321878900001
1.04515,0.02988555174805772,0.0008283122372927179
1.04779,0.02970205334350721,0.0008171378815961006
1.05044,0.02976553759711432,0.0008104060606641162
1.05308,0.02957877261376248,0.0007928239915592024
1.05572,0.02757432019977803,0.0007575280065685984
1.05837,0.03108736660654829,0.0008135809054904354
1.06101,0.02953973390677025,0.0007915612993327146
1.06365,0.03170840801886793,0.0008215564421995866
1.0663,0.03036772121254162,0.000796069538917404
1.06894,0.02875024965316315,0.0007631528575077105
1.07159,0.02772769603218646,0.0007318578819837868
1.07423,0.0280545759572697,0.0007459952699952853
1.07687,0.02966533122918979,0.0007677123415523101
1.07952,0.0303996338790233,0.0007865694313654313
1.08216,0.02917694908435072,0.0007579151955026006
1.0848,0.03042268992785793,0.0007676597030525514
1.08745,0.02809818146503884,0.0007306449577914322
1.09009,0.02948043417036627,0.000752281131912846
1.09274,0.02969127157325194,0.0007602649272298533
1.09538,0.0288684233490566,0.0007414731602457409
1.09802,0.02821123668146504,0.0007221261491520426
1.10067,0.02822147592952276,0.0007269390868667578
1.10331,0.0281650490427303,0.0007165097869659531
1.10595,0.02791086480299667,0.0007155482110295496
1.1086,0.02971312125416204,0.0007468349626717592
1.11124,0.02764745997502775,0.0007078621431311947
1.11389,0.02715407380688125,0.0007003418849027634
1.11653,0.02901874320199778,0.0007216507295053536
1.11917,0.02990941814650389,0.0007494007988744442
1.12182,0.02793411542730299,0.000705542353422475
1.12446,0.02665092681742509,0.0006856165069324182
1.1271,0.02834862298834628,0.0007123171609280047
1.12975,0.02631254175915649,0.0006698304251306874
1.13239,0.02764152885682575,0.0006986400291185691
1.13504,0.02707582928690344,0.0006847995430915732
1.13768,0.0274774010127636,0.0006926288050900418
1.14032,0.02756949243895672,0.0006957580144570321
1.14297,0.02779601720310766,0.0006990022993393524
1.14561,0.02770864823806881,0.0007025177164752646
1.14825,0.02714040545227525,0.0006782076178309712
1.1509,0.02857643652885683,0.0007091261890057982
1.15354,0.02525797932852387,0.000645496721259147
1.15618,0.02726573952552719,0.000680237582891677
1.15883,0.02677283865149833,0.0006799303543308148
1.16147,0.02700843292175361,0.0006712325358239077
1.16412,0.03026935072142065,0.0007407146692732481
1.16676,0.02491418736126526,0.0006285745918067719
1.1694,0.02474634427025527,0.0006313356726415668
1.17205,0.02698789719755827,0.00067009553128823
1.17469,0.0250450679800222,0.0006323101345075706
1.17733,0.02471812624861265,0.0006278674429715865
1.17998,0.02558449986126526,0.0006371324523690282
1.18262,0.02750235932297448,0.000677583759221105
1.18527,0.02444068222807991,0.0006166097888371175
1.18791,0.02506806451165372,0.0006306341769963569
1.19055,0.02605826137624861,0.0006497405872007693
1.1932,0.02569294249445061,0.0006349518987524176
1.19584,0.02458236750832408,0.0006190453583045253
1.19848,0.02726836514983351,0.0006634992713375249
1.20113,0.02396422641509434,0.0006058911061656781
1.20377,0.02675996233351832,0.0006556702040944754
1.20642,0.02345435855993341,0.0005933436725127338
1.20906,0.02340951463651499,0.000593735107665676
1.2117,0.02695379384017759,0.0006520078262903126
1.21435,0.02491086813263041,0.0006179787518302115
1.21699,0.02519601047447281,0.0006202790517641082
1.21963,0.02544094207824639,0.0006261372718532101
1.22228,0.0231029667036626,0.0005836473965615995
1.22492,0.02186252975860156,0.0005534898045647956
1.22757,0.02452983899833518,0.0006068841797117075
1.23021,0.02493872676193119,0.0006102864876052599
1.23285,0.0244345015954495,0.0006019896324790944
1.2355,0.02239358115982242,0.0005647372494791925
1.23814,0.02404833795782464,0.0005938150943268349
1.24078,0.02453005646503885,0.0006064092807211161
1.24343,0.02451516342952275,0.0006029769211462408
1.24607,0.02435786861820199,0.0005968572758349298
1.24871,0.02250734142619312,0.0005615826478739276
1.25136,0.02439490434239734,0.0005951603170619268
1.254,0.02278486098779135,0.0005667842881011965
1.25665,0.02227836501109878,0.0005559004100685091
1.25929,0.02268101491398446,0.0005646011761988172
1.26193,0.02278048418423973,0.0005597810658659808
1.26458,0.02334955334350721,0.0005716491790033536
1.26722,0.02328915940621532,0.0005727343339825648
1.26986,0.02197992057436182,0.0005466313896589292
1.27251,0.02240173043840178,0.0005555304110286358
1.27515,0.02077583490566038,0.0005199387262012726
1.2778,0.02300485946170921,0.0005650975577228773
1.28044,0.02014948501664817,0.0005045243661570843
1.28308,0.01944140656215317,0.0004922181269250561
1.28573,0.02185171365149834,0.0005428774347709464
1.28837,0.01965010592397336,0.0004921925273990279
1.29101,0.02137828177025527,0.0005351314791662513
1.29366,0.02050691786903441,0.0005095583681835937
1.2963,0.021258700263596,0.0005258186267007937
1.29895,0.02036432609600444,0.0005090783508059193
1.30159,0.02042562652608213,0.0005048021094641087
1.30423,0.02047820768590455,0.0005124091716511213
1.30688,0.02282460016648169,0.0005480818709373776
1.30952,0.01963584239733629,0.0004922392381424969
1.31216,0.0205634500554939,0.0005061921981413953
1.31481,0.02067829536625971,0.0005102858543499052
1.31745,0.01954407144839068,0.0004873978974623086
1.3201,0.01890188540510545,0.0004708956571700212
1.32274,0.02037224188401776,0.0005014780603877705
1.32538,0.02030653489178691,0.0004966407633575002
1.32803,0.02033751130688124,0.0004971000840002309
1.33067,0.01963821392896782,0.0004890703271886006
1.33331,0.01840937826026637,0.0004568484617877724
1.33596,0.01987614310488346,0.0004898809425020456
1.3386,0.01798928523862375,0.0004516424124524574
1.34124,0.01772541114039956,0.0004448525809881028
1.34389,0.0186825736681465,0.0004636105249073162
1.34653,0.01737630611820199,0.0004348824983950334
1.34918,0.01808879800221976,0.0004530715665214348
1.35182,0.01896651650943396,0.0004659096355710205
1.35446,0.01803407651220866,0.0004510385281438766
1.35711,0.01762339865427303,0.0004415314818369861
1.35975,0.01569801942286348,0.0004026428633887796
1.36239,0.01785252157325195,0.0004472224745399521
1.36504,0.01743520296892342,0.0004332559486080565
1.36768,0.0175520672863485,0.0004396569304372483
1.37033,0.01932444381243063,0.000473464562386172
1.37297,0.01693437715038846,0.0004264591665605468
1.37561,0.01687276768867925,0.000429153786705157
1.37826,0.0183031446309656,0.0004496166083497543
1.3809,0.0170709233490566,0.0004300778217149244
1.38354,0.01818949424250833,0.0004511504348652208
1.38619,0.01634250374583796,0.0004148928211100794
1.38883,0.01730490836570477,0.000430957338619183
1.39148,0.01636794277192009,0.0004135194105024433
1.39412,0.01734643077136515,0.000433828356563361
1.39676,0.01720640510543841,0.0004267413405991435
1.39941,0.01614413748612652,0.0004071791724089351
1.40205,0.01675454821032186,0.0004181914088160013
1.40469,0.0178763948390677,0.0004458337053127122
1.40734,0.01535004751664817,0.0003895660474909922
1.40998,0.01498325443951165,0.0003811994768621328
1.41263,0.01747231194506105,0.0004299685784100738
1.41527,0.01556099021920089,0.0003926319458968325
1.41791,0.01612652268312986,0.0004056274584765048
1.42056,0.01520821344339623,0.0003862103059265987
1.4232,0.01559619464483907,0.0003926350874891438
1.42584,0.01591311230577136,0.0003985866891788906
1.42849,0.01662867390399557,0.0004144073562233351
1.43113,0.01456422586015538,0.0003722619259974953
1.43377,0.01616891266648169,0.0004036477290131759
1.43642,0.01504668604328524,0.0003787127688435852
1.43906,0.01432484080188679,0.0003663080859893644
1.44171,0.01611594464483907,0.000401586260238527
1.44435,0.01552441689789123,0.0003888025777281525
1.44699,0.01471635183129856,0.0003717901464967139
1.44964,0.01578815593784684,0.0003953920571750957
1.45228,0.01472096899278579,0.0003713188816289909
1.45492,0.01461125589622642,0.0003683481485077894
1.45757,0.01555824784961154,0.0003868488822178848
1.46021,0.01509145442563818,0.0003782572090628664
1.46286,0.0129510143590455,0.0003332296938518786
1.4655,0.01434258608490566,0.0003632608938864365
1.46814,0.01227170102663707,0.0003172054249202285
1.47079,0.01330162791342952,0.000341740676277085
1.47343,0.01527158552996671,0.0003793067467171197
1.47607,0.0142238378190899,0.0003608514806072348
1.47872,0.01423003905382908,0.0003567383290175509
1.48136,0.01203935044395116,0.0003135796908206211
1.48401,0.01289522613762486,0.00033324017133189
1.48665,0.01381474174528302,0.000348974640265548
1.48929,0.01283018528024417,0.0003276635144728834
1.49194,0.01356034003884573,0.0003405201353635893
1.49458,0.01279180126248613,0.0003300485422591967
1.49722,0.01401694686459489,0.0003515278836685964
1.49987,0.0125171202136515,0.0003206900429957888
1.50251,0.01277991384572697,0.0003289679496673226
1.50516,0.01338390815760266,0.000337507893578397
1.5078,0.01284894464483907,0.0003268983277041582
1.51044,0.0149677547863485,0.0003710087060306682
1.51309,0.01415231645394007,0.0003531448396389221
1.51573,0.01267726040510544,0.0003243476757662827
1.51837,0.01269069984739179,0.0003208783956529019
1.52102,0.01236954044117648,0.0003154162173359122
1.52366,0.0124164445754717,0.000314505792521965
1.5263,0.01204053620976693,0.0003060224486804896
1.52895,0.0127213077136515,0.0003237462580539234
1.53159,0.01081267799667037,0.0002821439563350403
1.53424,0.01429592230854606,0.0003574244286345463
1.53688,0.01091767778856826,0.00028331963630042
1.53952,0.01377971587125416,0.0003421425922800399
1.54217,0.01164948987236404,0.0002966009397394978
1.54481,0.01196306999167592,0.0003050578953468943
1.54745,0.01183241370699223,0.0003044290650034827
1.5501,0.01189731263873474,0.0003075427892770057
1.55274,0.01164722821864595,0.000305912125454448
1.55539,0.01218386965871254,0.0003194987952167776
1.55803,0.01101932630410655,0.0002957492515375479
1.56067,0.01152465940621531,0.000310036095223499
1.56332,0.01257901810488346,0.0003310149340201988
1.56596,0.01101771933962264,0.0003018484805905861
1.5686,0.01039297641509434,0.0002848197134695465
1.57125,0.01151274909822419,0.0003164258603262285
1.57389,0.00983356964483907,0.0002752131841282268
1.57654,0.01060014664261931,0.0002927236374682979
1.57918,0.01332168521087681,0.0003606671113423464
1.58182,0.01000552629023307,0.0002819310710426309
1.58447,0.01275172329356271,0.0003483755690053586
1.58711,0.0104261320754717,0.0002923501434331016
1.58975,0.01141631978357381,0.0003170690757106952
1.5924,0.01153959135682575,0.0003259699814552681
1.59504,0.01187307540233074,0.0003279158597572843
1.59769,0.01040429155105438,0.0002974301815400225
1.60033,0.009345817008879024,0.0002699828389167265
1.60297,0.009922470033296337,0.00028448126354089
1.60562,0.01081705022197558,0.0003058929898461451
1.60826,0.01032891072419534,0.000287496820680187
1.6109,0.009537341079356271,0.0002684044451694985
1.61355,0.0107218432991121,0.0002922143049299973
1.61619,0.01041750665926748,0.0002850057287362199
1.61883,0.01067949909822419,0.0002909841783325142
1.62148,0.01047652483351831,0.0002830379398151045
1.62412,0.01056732748335183,0.0002877427382864723
1.62677,0.01025183594617092,0.0002760577705657108
1.62941,0.0094588836709212,0.0002605518647867196
1.63205,0.01007978773584906,0.0002721789004138932
1.6347,0.009446348432297452,0.0002569380126540385
1.63734,0.009604176609322975,0.0002611086780768973
1.63998,0.009932283504439513,0.0002682434086176659
1.64263,0.009311020047169809,0.0002526440296756586
1.64527,0.008725755341287457,0.0002373220070393891
1.64792,0.0100986478218646,0.0002708604490904614
1.65056,0.008224354952830189,0.0002264859384686194
1.6532,0.01038677518035516,0.0002756866605022612
1.65585,0.009210614525527194,0.0002499597328665643
1.65849,0.008827282533296336,0.0002379150557101082
1.66113,0.009654706714761376,0.000258612240740984
1.66378,0.00926957776082131,0.0002503160397956927
1.66642,0.009531732727524974,0.0002562478438120194
1.66907,0.009730925360710322,0.0002621792685286161
1.67171,0.01034048682019978,0.0002725949025907385
1.67435,0.009659655799112099,0.0002583529281911778
1.677,0.009359483074361819,0.0002505998254378394
1.67964,0.009059472877358492,0.0002431384598667999
1.68228,0.009331416134850164,0.0002492624021971475
1.68493,0.008797317910654832,0.0002368007169189045
1.68757,0.008797821517758047,0.0002367037129430083
1.69022,0.009909433476692564,0.0002608954796057532
1.69286,0.009451997988346283,0.0002511690203030625
1.6955,0.008787875277469477,0.0002372773578070124
1.69815,0.008023788845726972,0.0002182229448683138
1.70079,0.009010481062708102,0.0002428570181828895
1.70343,0.008105451026637069,0.0002176990355599135
1.70608,0.007715714067702557,0.0002096086383142342
1.70872,0.008267127219755827,0.0002215550821372455
1.71137,0.008502373543285242,0.0002283077747203715
1.71401,0.01012637597114317,0.0002655274919463093
1.71665,0.008815298973362933,0.0002354761718370159
1.7193,0.008218014081576023,0.0002218520644944168
1.72194,0.008877025180355163,0.0002358222730482954
1.72458,0.008404733282463928,0.0002254576817151737
1.72723,0.007775055008324081,0.0002094565880834456
1.72987,0.007504533296337406,0.0002034523752350321
1.73251,0.009892075055493896,0.0002599862023783641
1.73516,0.00823211050221976,0.0002185098898718702
1.7378,0.007499334697558266,0.0002031437403723451
1.74045,0.0077425631936737,0.0002079382680374694
1.74309,0.008820845518867923,0.0002336555994886182
1.74573,0.008020751179245281,0.0002151092273040842
1.74838,0.009175719131520533,0.0002393698852387026
1.75102,0.008020524556048837,0.0002165093062996044
1.75366,0.007684256936736963,0.0002047405390363704
1.75631,0.008042683268590454,0.0002140523280643073
1.75895,0.007790131173695893,0.0002094411343316103
1.7616,0.00833954592119867,0.0002210882234144318
1.76424,0.008373001456714763,0.0002229166639780208
1.76688,0.007548186875693676,0.0002007750889247173
1.76953,0.009314735294117646,0.0002433571541702026
1.77217,0.009048986403995561,0.0002376915956967457
1.77481,0.008625626803551611,0.0002278113867039505
1.77746,0.007673557574916761,0.0002062703956714816
1.7801,0.006829995074916761,0.0001837962063009897
1.78275,0.00740003711154273,0.0001989702836242846
1.78539,0.009429248682019978,0.0002423278055068944
1.78803,0.009001342882907881,0.0002337734267430919
1.79068,0.006732901914539401,0.0001828637468650757
1.79332,0.008055490912874585,0.0002111406031224632
1.79596,0.007642434655937846,0.0002052620192421028
1.79861,0.008032272336293009,0.0002104966769991901
1.80125,0.007826688471143173,0.0002075213341044619
1.8039,0.007404159822419532,0.0001979734870986985
1.80654,0.007629997849611544,0.0002021751489962668
1.80918,0.006877755341287459,0.0001863610102863795
1.81183,0.007322609808546062,0.0001956317503081458
1.81447,0.007802705327413986,0.0002068376484802036
1.81711,0.007840782602663705,0.0002070974360290106
1.81976,0.007279585738068814,0.0001936693322050716
1.8224,0.007436756936736956,0.000199510005358641
1.82504,0.007155393937291899,0.0001913338283580018
1.82769,0.007487023793007773,0.0002008657103014813
1.83033,0.00698283754162042,0.0001874216200153127
1.83298,0.007500195407880135,0.0001993264702365658
1.83562,0.008008964483906769,0.0002125877548141084
1.83826,0.007350305910099893,0.0001981038898721117
1.84091,0.007453449223085462,0.0002006686613247113
1.84355,0.006889793840177578,0.0001863144618060786
1.84619,0.008314184725305219,0.0002200512177147672
1.84884,0.007756043840177581,0.000204822715731602
1.85148,0.008219785862930082,0.0002184081861060971
1.85413,0.008849294741953385,0.0002333391623957657
1.85677,0.005841460113762488,0.0001598088693900198
1.85941,0.007667045019422863,0.0002055483971198612
1.86206,0.007575402261376248,0.0002009684472164168
1.8647,0.007025353426748057,0.0001901142462864452
1.86734,0.006429110086015539,0.0001751112940964721
1.86999,0.006148623820754717,0.0001675092365495664
1.87263,0.008079638873473917,0.0002163774210001372
1.87528,0.007149401012763596,0.000192232477903897
1.87792,0.006626874306326306,0.0001805231701630618
1.88056,0.006863668077136515,0.000185924397712976
1.88321,0.005783076026637069,0.0001587257364111955
1.88585,0.006502762624861265,0.0001787500903545451
1.88849,0.006183972461154275,0.0001679958156995558
1.89114,0.007427321170921198,0.000199961438207632
1.89378,0.005580117785793561,0.0001532376404203347
1.89643,0.005912715940621531,0.0001628558020955551
1.89907,0.005599108351831298,0.0001555667155562681
1.90171,0.006327118201997781,0.0001713598995768974
1.90436,0.006488485363485019,0.0001769203395727628
1.907,0.0051570237236404,0.0001429482128182061
1.90964,0.006301963027192011,0.0001728227699181924
1.91229,0.005663645602108766,0.000156807808819575
1.91493,0.006163610710321865,0.0001682934944040198
1.91757,0.005811433684794674,0.0001596267319504539
1.92022,0.006245238554384018,0.0001714161317065956
1.92286,0.006296643104883463,0.0001729237894670774
1.92551,0.007301398793007769,0.0001946369489924586
1.92815,0.007035059309100997,0.0001890162017355766
1.93079,0.006337057574916762,0.0001742428466920202
1.93344,0.007083027885682573,0.0001900583911615536
1.93608,0.006767769839067703,0.000183137269921721
1.93872,0.005876538637624863,0.0001613396106775796
1.94137,0.005426870144284127,0.0001519014001688906
1.94401,0.007545730646503886,0.0002023002180607891
1.94666,0.00561548473917869,0.0001547241685473766
1.9493,0.005651469755826862,0.0001564669357587514
1.95194,0.005798701581576023,0.0001590262033437212
1.95459,0.005598664261931188,0.0001546576672395761
1.95723,0.005891928412874582,0.0001626212080261715
1.95987,0.006055802164261933,0.0001655426722090809
1.96252,0.006391099195338511,0.0001753444305382903
1.96516,0.006133417175360711,0.0001672491158384684
1.96781,0.005720019839067701,0.0001575225429129996
1.97045,0.005685930216426192,0.0001566324597816802
1.97309,0.006125206090455046,0.0001679880251853245
1.97574,0.005144925707547169,0.0001437477287233101
1.97838,0.006621581853496117,0.0001795837741389641
1.98102,0.005915968784683688,0.000163494774809403
1.98367,0.006593963582130966,0.000178406435035404
1.98631,0.005005076304106547,0.0001395714779700541
1.98896,0.005891761306881245,0.0001620910864332634
1.9916,0.005423525735294117,0.0001501612295087682
1.99424,0.005440659822419536,0.0001494021338103481
1.99689,0.006303586015538289,0.0001708176226984768
1.99953,0.007265750277469477,0.0001939188725977492
2.00217,0.006172501664816871,0.0001678504084943114
2.00482,0.005816675776914538,0.0001592273103800121
2.00746,0.004738812361265262,0.0001319500278884391
2.0101,0.005610345657602667,0.0001528277411068078
2.01275,0.005292684031631522,0.0001461639671130964
2.01539,0.00613079612930078,0.0001651684998537069
2.01804,0.007375609877913432,0.0001976231410577265
2.02068,0.00684233115982242,0.0001838331592292035
2.02332,0.005699184239733631,0.0001553957533415659
2.02597,0.006818993548834629,0.0001831383053379474
2.02861,0.005900693465593783,0.0001595707508641285
2.03125,0.004881401845172033,0.0001354762627723546
2.0339,0.006166909336847945,0.0001668104991130609
2.03654,0.00606274507491676,0.000165427109956635
2.03919,0.006167870768590458,0.0001669154310862722
2.04183,0.00467221261098779,0.0001292012759489834
2.04447,0.006896603981687016,0.0001846904509058039
2.04712,0.006449806048834628,0.0001733270266084598
2.04976,0.005585785654827969,0.0001527529398576726
2.0524,0.005409303412874585,0.0001486490300143295
2.05505,0.006706677719200888,0.0001796517992846536
2.05769,0.005338049875138735,0.0001468701140147181
2.06034,0.006260703870699222,0.0001676438260830873
2.06298,0.004051825887902334,0.0001140165539589778
2.06562,0.004966431326304106,0.000136490822025744
2.06827,0.006311817702552717,0.0001696693601395843
2.07091,0.005099001317980022,0.0001408449085249752
2.07355,0.005332871878468371,0.0001454796643538723
2.0762,0.005925786834073253,0.0001609862522384915
2.07884,0.005131797586015537,0.0001405607518186157
2.08149,0.004990329772475028,0.0001373440013793118
2.08413,0.005957028787458379,0.0001624857567925854
2.08677,0.004824404966703662,0.0001323054720236199
2.08942,0.006211503745837956,0.0001692661380111507
2.09206,0.006466846281908989,0.0001739717472101626
2.0947,0.006216146087680354,0.000168151978775295
2.09735,0.00395713172863485,0.0001113324783695516
2.09999,0.004696339969478358,0.0001303603157607735
2.10263,0.005246574223085463,0.0001457306896073162
2.10528,0.004834053620976697,0.0001323207287291609
2.10792,0.005896433407325194,0.0001611636711498792
2.11057,0.005301057644284129,0.0001468338334358556
2.11321,0.006255095518867921,0.0001742354374652863
2.11585,0.005667122780244175,0.0001620686831124422
2.1185,0.005748643035516093,0.0001620522635684812
2.12114,0.005588319714206437,0.0001619260417272382
2.12378,0.004472390468923418,0.0001298837763059285
2.12643,0.004077944783573806,0.0001209667645804218
2.12907,0.005019081159822419,0.0001487385897867148
2.13172,0.0040710545227525,0.0001224283089800809
2.13436,0.004034916134850164,0.0001226978687180091
2.137,0.005246832894006659,0.0001553632748602342
2.13965,0.004173648446170923,0.0001272523272471805
2.14229,0.004665226206992234,0.0001406948252026978
2.14493,0.006376476276359601,0.0001883882174397904
2.14758,0.003378473432297446,0.0001060823382857735
2.15022,0.00443944082963374,0.0001350625371710106
2.15287,0.004688920921198668,0.0001441687599589691
2.15551,0.004733581714761377,0.0001447168425395867
2.15815,0.002971325402330745,9.449011756838749e-05
2.1608,0.006024173349056604,0.0001813876239456605
2.16344,0.00456065219200888,0.0001399786712390503
2.16608,0.004978259225860153,0.0001518661046793553
2.16873,0.006378900457824643,0.000187275462232744
2.17137,0.003699809100998889,0.0001124962012945602
2.17402,0.005358901498335184,0.0001569006703237992
2.17666,0.005414982727524973,0.0001588925192434062
2.1793,0.00381128711154273,0.0001142357289925087
2.18195,0.004419145463374032,0.000130430882259412
2.18459,0.004289262902330743,0.0001266834076288262
2.18723,0.005470356617647057,0.0001582803634486212
2.18988,0.004562538429522755,0.0001335668033241532
2.19252,0.005171866398446172,0.0001492618478947745
2.19516,0.003923016925638182,0.0001154481785985472
2.19781,0.004983643243618202,0.0001448481468553791
2.20045,0.00421584156492786,0.0001231877886536533
2.2031,0.005190840940621534,0.0001496130685983642
2.20574,0.004086636584350722,0.0001196557850637873
2.20838,0.00343562139289678,0.0001020581104377365
2.21103,0.003935900110987791,0.0001159318830760112
2.21367,0.004242638041065486,0.0001245663706418003
2.21631,0.004938623057713652,0.000143014312440681
2.21896,0.00387496594062153,0.0001133985840648285
2.2216,0.003932271850721422,0.0001145716719324985
2.22425,0.004594073390677027,0.0001331374490625897
2.22689,0.002373997017203106,7.169560373211448e-05
2.22953,0.003784925568812431,0.0001104595033648879
2.23218,0.003928890815760267,0.0001160898247989025
2.23482,0.004801461084905662,0.0001381738541611952
2.23746,0.004885302511098776,0.000142197864249422
2.24011,0.00411048466981132,0.0001200135021009482
2.24275,0.003911195893451717,0.0001157560614985534
2.2454,0.003483106964483907,0.0001031331813522788
2.24804,0.005498709697558271,0.0001578084253261747
2.25068,0.004191668423973362,0.000123078628977344
2.25333,0.002328880688124307,7.038969143243567e-05
2.25597,0.003986011306881246,0.0001174924154920809
2.25861,0.004755664886237517,0.0001379898914243825
2.26126,0.004176697558268593,0.0001227885845628301
2.2639,0.003624771642619309,0.0001071462725049704
2.26655,0.004399928274139842,0.0001287266235330083
2.26919,0.005276161140399556,0.0001536860041157973
2.27183,0.004685324708657048,0.0001356208833627453
2.27448,0.005346801193118757,0.0001533699452663618
2.27712,0.004042440482796891,0.0001184326842613261
2.27976,0.004366722253052163,0.0001295290116201342
2.28241,0.005294183407325194,0.0001532005058962453
2.28505,0.00398174667036626,0.0001170516313486036
2.28769,0.003573646365149837,0.0001059358977842563
2.29034,0.003448703731964483,0.0001015207751961915
2.29298,0.004338527122641506,0.0001273855291007394
2.29563,0.003813805147058824,0.00011212335642641
2.29827,0.00334589692008879,9.959414169830502e-05
2.30091,0.004208900943396226,0.0001253993831759992
2.30356,0.004613622502774695,0.0001329739791110719
2.3062,0.003705710460599336,0.0001103599850263711
2.30884,0.004688824778024419,0.0001359510467991065
2.31149,0.005106859877913428,0.000148811668611189
2.31413,0.004731773307436185,0.0001378565025951686
2.31678,0.00348132602663707,0.0001040379059610601
2.31942,0.004289326997780245,0.0001264389632024356
2.32206,0.004341864664261929,0.0001259839722074671
2.32471,0.005282369242508326,0.000152966671614488
2.32735,0.003483136723085463,0.0001042909466629202
2.32999,0.004876903718091011,0.0001416045972094083
2.33264,0.004086648029966706,0.0001224412854140878
2.33528,0.004496991675915647,0.0001297985668499285
2.33793,0.004283789608768036,0.0001265318150870388
2.34057,0.002745643035516094,8.273322603120415e-05
2.34321,0.004781234392341841,0.0001391597521901355
2.34586,0.003677133046614869,0.0001105777069062658
2.3485,0.004252872710876801,0.000124882341458804
2.35114,0.004577175083240842,0.0001336901863042485
2.35379,0.003132491120976691,9.351104375221835e-05
2.35643,0.003414181465038849,0.0001014078064161475
2.35908,0.003866869311875696,0.0001153872750231892
2.36172,0.004696346836847948,0.0001369635105307146
2.36436,0.003133360987791343,9.399298448577051e-05
2.36701,0.003611870144284129,0.0001067102090419982
2.36965,0.002916205604883464,8.761280121514189e-05
2.37229,0.004113838235294122,0.0001213225632422639
2.37494,0.004310771503884569,0.0001265326813690964
2.37758,0.003042597253052161,9.269379150715255e-05
2.38022,0.003422252913429521,0.0001011148854005359
2.38287,0.002926630271920091,8.924054968117167e-05
2.38551,0.004797894630965593,0.0001380409365397147
2.38816,0.003593570893451724,0.0001073572096979108
2.3908,0.003662848917869036,0.0001093643140244333
2.39344,0.003201982033851275,9.619969630205543e-05
2.39609,0.004050319644839069,0.0001200035452134108
2.39873,0.004145817286348503,0.0001215137726682288
2.40137,0.002969333865149833,8.961114288735061e-05
2.40402,0.004221367508324084,0.0001225069490065491
2.40666,0.003176568188124306,9.524304531761908e-05
2.40931,0.002873170088790232,8.691303598908304e-05
2.41195,0.00372840711709212,0.0001099978376257693
2.41459,0.003319352247502775,9.974336363252105e-05
2.41724,0.003954709836293005,0.0001161471261538282
2.41988,0.003032108490566038,9.133237667409835e-05
2.42252,0.003545062083795784,0.0001060179273274799
2.42517,0.004249631312430636,0.0001240033952750184
2.42781,0.003914542591564928,0.0001164279456019319
2.43046,0.003091428829078799,9.25588077449479e-05
2.4331,0.003833422932852386,0.0001136990687092849
2.43574,0.002651523446170922,8.032536516204248e-05
2.43839,0.002596298349056604,7.917011115277849e-05
2.44103,0.003769970726970032,0.0001119161180336665
2.44367,0.00347867751109878,0.0001035746010198617
2.44632,0.00303842418146504,9.15719493752088e-05
2.44896,0.004136834766925638,0.0001216109178936064
2.45161,0.003277287319644843,9.793106124329792e-05
2.45425,0.002992435696448391,9.063064726156104e-05
2.45689,0.004024592189234182,0.0001179895699844426
2.45954,0.003572021087680357,0.0001070313750131097
2.46218,0.00275829044117647,8.36679588087472e-05
2.46482,0.004701231825749165,0.0001362189194458546
2.46747,0.003012211431742511,9.038547686573831e-05
2.47011,0.003812065413429523,0.0001139145196716188
2.47275,0.004652658920643728,0.0001372415537516773
2.4754,0.002905648168701442,8.714950514296832e-05
2.47804,0.00279330944783574,8.457957889922273e-05
2.48069,0.002647446517758046,8.049827900093047e-05
2.48333,0.004682371739733628,0.0001379614899841129
2.48597,0.003968243132630412,0.0001181860705393702
2.48862,0.003023714275804659,9.089438311377653e-05
2.49126,0.003935108074361821,0.0001176818621476753
2.4939,0.003338088720865704,9.962711222760382e-05
2.49655,0.003242185904550498,9.78789838292017e-05
2.49919,0.003454618826304104,0.0001032072869188305
2.50184,0.002788582408435073,8.443403032869867e-05
2.50448,0.002072391301331853,6.394604925814672e-05
2.50712,0.004074870491120978,0.0001213820586891159
2.50977,0.003481678551609324,0.0001040411029769085
2.51241,0.002277270116537181,6.95554264129336e-05
2.51505,0.003623350097114316,0.0001086453005470474
2.5177,0.003061132283573807,9.306750317659431e-05
2.52034,0.004069923695893453,0.0001201331406411354
2.52299,0.003481078801331857,0.0001047933658531276
2.52563,0.003751511237513875,0.000112019721454411
2.52827,0.002767668978912323,8.435071967486128e-05
2.53092,0.004216487097669257,0.0001246188122654001
2.53356,0.003761088928967818,0.0001115512447895918
2.5362,0.004671342744173141,0.000137753806920852
2.53885,0.003786937708102108,0.0001129436765342991
2.54149,0.002915115982241953,8.852298238013976e-05
2.54414,0.004341409128745839,0.0001286620523218879
2.54678,0.003272386306881244,9.885564541328334e-05
2.54942,0.00316933455882353,9.579357818172909e-05
2.55207,0.004653982033851275,0.0001367793469569166
2.55471,0.003864422239178689,0.0001151416711864836
2.55735,0.004463636861820202,0.0001320883210930872
2.56,0.004297357241953385,0.0001280291335179606
2.56264,0.002957702830188682,9.074470724071457e-05
2.56529,0.003979961154273029,0.0001176759397703331
2.56793,0.004116065552164262,0.0001226170321752555
2.57057,0.003490439026082135,0.0001045909851308816
2.57322,0.003704163013318534,0.0001112858500322492
2.57586,0.002284510613207549,7.010376585958273e-05
2.5785,0.0034859477663707,0.0001046705801634859
2.58115,0.003594667383462817,0.0001089981008640713
2.58379,0.005171387971698112,0.0001511749888365749
2.58643,0.003180166689789124,9.634561502679003e-05
2.58908,0.003446774001109876,0.0001037887448813572
2.59172,0.002767497294672588,8.449022580871393e-05
2.59437,0.003095258532186459,9.438449214963324e-05
2.59701,0.003240517133740288,9.770778095323594e-05
2.59965,0.003571783018867928,0.0001072165439826969
2.6023,0.002138762139289679,6.619536693957e-05
2.60494,0.003445668354605991,0.0001044507337489684
2.60758,0.002738130133185352,8.485156021530265e-05
2.61023,0.003525311528856826,0.0001064686966475998
2.61287,0.00225834822419534,7.001964842569284e-05
2.61552,0.004235502844062156,0.0001266739367684073
2.61816,0.00370263158990011,0.0001112769544434474
2.6208,0.003438050152608215,0.0001036069339350018
2.62345,0.002905925152608214,8.894919883278328e-05
2.62609,0.003378081992230857,0.00010264507877592
2.62873,0.00278190045782464,8.541023293885676e-05
2.63138,0.003960270116537182,0.0001186708986862777
2.63402,0.003512396295782465,0.0001062178881873112
2.63667,0.004393759087125415,0.0001308544108967555
2.63931,0.003497526151498333,0.0001066873037416286
2.64195,0.003892880618756938,0.0001169854022403211
2.6446,0.001849742022752499,5.736443033666016e-05
2.64724,0.002835559794672588,8.654151635162206e-05
2.64988,0.003680520948945616,0.0001116803567775397
2.65253,0.003724998612652609,0.0001129508784888461
2.65517,0.003886539747502774,0.0001168381393321708
2.65782,0.0034991582963374,0.0001059052538888942
2.66046,0.003882607033851278,0.000116879954756815
2.6631,0.00297706423418424,9.094416034053908e-05
2.66575,0.001828178482241955,5.682505420884191e-05
2.66839,0.00354048612652608,0.0001079484872027601
2.67103,0.00461960855993341,0.0001401909205538286
2.67368,0.004517895948945613,0.0001394400809664475
2.67632,0.002783518867924526,9.016341520862694e-05
2.67896,0.003842162805216424,0.0001211722043628044
2.68161,0.004694863485016647,0.0001491847333131715
2.68425,0.003845255410654828,0.0001252702107885642
2.6869,0.003024272821864598,9.978986829732456e-05
2.68954,0.003871655868479466,0.0001262824084413716
2.69218,0.003437606062708101,0.000113277564272853
2.69483,0.002836766162597117,9.622035320515898e-05
2.69747,0.002764709142619312,9.391901028719057e-05
2.70011,0.003138074292452833,0.0001044648383434931
2.70276,0.003770481201442843,0.0001276559706148814
2.7054,0.003816382699778026,0.0001278873363501618
2.70805,0.003734688471143175,0.0001269484983348936
2.71069,0.00296112506936737,0.0001011939177888114
2.71333,0.004237105230299667,0.0001434443969444852
2.71598,0.00258235301054384,9.120699127375303e-05
2.71862,0.0037377650527192,0.0001296977085366297
2.72126,0.003891765815760269,0.0001348487767466315
2.72391,0.002549110363485014,9.028704761084602e-05
2.72655,0.004314493618201996,0.0001455146362935594
2.7292,0.00396319103773585,0.0001327385017954885
2.73184,0.003200283504439509,0.0001072648460854632
2.73448,0.003641111403995559,0.0001204542883761674
2.73713,0.00148157089345172,5.025253805310791e-05
2.73977,0.003070883948390674,0.0001021989811499525
2.74241,0.003532416967258601,0.0001152786172916087
2.74506,0.003509264775249722,0.0001133117849742069
2.7477,0.00352483310210877,0.0001145146600131145
2.75035,0.003811218437846839,0.000121578830111453
2.75299,0.004005429938956714,0.0001285959572373945
2.75563,0.003572559031631524,0.00011363993167863
2.75828,0.003527387763596007,0.0001124295512415065
2.76092,0.003684687153163151,0.0001186178824329303
2.76356,0.003702382075471701,0.0001175269978534701
2.76621,0.001713182089345172,5.653279903975412e-05
2.76885,0.003364876040510546,0.0001080058130012948
2.77149,0.004557880063817982,0.0001423995163847222
2.77414,0.003151186390122088,0.0001011906299061702
2.77678,0.002506562430632629,8.083411434952711e-05
2.77943,0.002571335460599338,8.281795520283055e-05
2.78207,0.002916860294117644,9.386583871460082e-05
2.78471,0.003826022197558268,0.0001215496742417734
2.78736,0.003911037943951167,0.0001233436741290768
2.79,0.003340254231409544,0.0001054927718744484
2.79264,0.004192954911209767,0.00013130769333058
2.79529,0.002266437985571588,7.350426803160831e-05
2.79793,0.001693243826304108,5.536167405621978e-05
2.80058,0.004108300846281909,0.0001272094338417033
2.80322,0.002696548210321865,8.698555158912894e-05
2.80586,0.002095609877913429,6.839531178865334e-05
2.80851,0.002963993340732517,9.420796747006161e-05
2.81115,0.003613129162042178,0.0001129855077708526
2.81379,0.002032853565482795,6.575375190837015e-05
2.81644,0.003837078662597114,0.0001205981827736782
2.81908,0.002808820546614873,8.949280769928411e-05
2.82173,0.002574862999445063,8.237505171021911e-05
2.82437,0.00300432311320755,9.483216666036151e-05
2.82701,0.001123590940621536,3.685539165500314e-05
2.82966,0.004086938748612656,0.0001274278650188706
2.8323,0.003109380133185349,9.755693334368954e-05
2.83494,0.002938737444506108,9.299284409945324e-05
2.83759,0.002519088512763594,7.970801574025143e-05
2.84023,0.003592117300221974,0.000112256060912409
2.84288,0.004258808407325194,0.000132425557753751
2.84552,0.00326407221143174,0.0001013172813531267
2.84816,0.002599081922863486,8.350979089333699e-05
2.85081,0.00312205043007769,9.850550442782647e-05
2.85345,0.003142235918423975,9.889658586895929e-05
2.85609,0.003324614941731412,0.0001041661844235147
2.85874,0.004054254647613765,0.0001253208625567154
2.86138,0.002890835252497225,9.20821231823104e-05
2.86402,0.002608519977802439,8.322499837289387e-05
2.86667,0.004410858837402887,0.0001358813975513248
2.86931,0.002018367993895671,6.497522958674344e-05
2.87196,0.003846008532186459,0.000118792722841457
2.8746,0.003585190413429522,0.0001130132083681698
2.87724,0.003099550638179799,9.797729255515748e-05
2.87989,0.003202208657047727,0.0001010570843399747
2.88253,0.003848325124861266,0.0001197990040348163
2.88517,0.004076612513873472,0.0001271818249493203
2.88782,0.00429935106825749,0.0001334439551606753
2.89046,0.002996590455049941,9.380730002647739e-05
2.89311,0.004377304869589344,0.0001356447021274931
2.89575,0.003451338512763595,0.0001085202033734876
2.89839,0.004003301054384016,0.0001231956098588727
2.90104,0.002374457130965595,7.626780324623337e-05
2.90368,0.002837990843507216,8.918271385365634e-05
2.90632,0.002411044187014429,7.706073853117716e-05
2.90897,0.002638940135960042,8.449353045699134e-05
2.91161,0.003806404411764706,0.0001184744702980287
2.91426,0.002926682921753607,9.208469265482395e-05
2.9169,0.004497241190344061,0.0001389785981264289
2.91954,0.003332148446170922,0.0001049610428532645
2.92219,0.003533859114872365,0.0001090482325150691
2.92483,0.003785511584350721,0.0001176992975561833
2.92747,0.003657613693118758,0.0001136484474909356
2.93012,0.003010970726970033,9.587695571583286e-05
2.93276,0.002839460460599336,8.984240000391803e-05
2.93541,0.004459191384572697,0.0001357154192890261
2.93805,0.002634361889567146,8.337909969908992e-05
2.94069,0.002404506451165373,7.635355774485608e-05
2.94334,0.003860265191453942,0.0001206846090722742
2.94598,0.001870209073251946,5.957528554507363e-05
2.94862,0.003094574084350723,9.785576934365527e-05
2.95127,0.004504007838512763,0.00013863486777007
2.95391,0.002462995837957825,7.834041142186699e-05
2.95655,0.003128283712541619,9.808018310476334e-05
2.9592,0.001866342744173139,5.935183363866334e-05
2.96184,0.003111836362375138,9.824129268356144e-05
2.96449,0.002453115982241956,7.901424403277723e-05
2.96713,0.00242891079356271,7.739679535893914e-05
2.96977,0.002692391162597113,8.570447497142206e-05
2.97242,0.002620597391786904,8.311836287594086e-05
2.97506,0.003631721420643731,0.0001142910742992781
2.9777,0.002212375763041066,7.080842475395854e-05
2.98035,0.003154601761931185,9.890298249506398e-05
2.98299,0.002161987583240846,6.972249584110165e-05
2.98564,0.002447709073251943,7.774922417086487e-05
2.98828,0.003614049389567147,0.0001128259482529884
2.99092,0.002214337541620422,7.050402097414266e-05
2.99357,0.002328736473362931,7.449624480132298e-05
2.99621,0.002335667938401777,7.502150920173442e-05
2.99885,0.003861709628190899,0.0001198339572600369
3.0015,0.004417611750832411,0.000135630573667707
3.00414,0.002102719894561598,6.764003979198905e-05
3.00679,0.003586161001664818,0.0001116006906813935
3.00943,0.002001609322974472,6.461109806314842e-05
3.01207,0.001530661140399555,4.929701214368093e-05
3.01472,0.002474810002774691,7.919213339006489e-05
3.01736,0.002150672447280799,6.913919034707728e-05
3.02,0.00433787014428413,0.0001331924075032975
3.02265,0.003598661903440621,0.0001119607469709504
3.02529,0.004026325055493897,0.000123900058469184
3.02794,0.003195091773029964,0.0001005005985764605
3.03058,0.00281246940899001,8.852990765734991e-05
3.03322,0.003018041828523862,9.529655129917041e-05
3.03587,0.001351189303551608,4.39689317451773e-05
3.03851,0.003245012971698113,0.0001006373219002435
3.04115,0.002993394839067702,9.40927720492604e-05
3.0438,0.002618798140954495,8.270153818936403e-05
3.04644,0.003107905937846839,9.681251146560061e-05
3.04908,0.004087115011098777,0.0001262227339003052
3.05173,0.002089209489456163,6.66450357392614e-05
3.05437,0.003131976068257493,9.810323721986851e-05
3.05702,0.002440026775804663,7.70130547407377e-05
3.05966,0.00201826498335183,6.359305365634629e-05
3.0623,0.001883353218645953,6.03672235698372e-05
3.06495,0.002596154134295228,8.151629349833592e-05
3.06759,0.002540072905105435,7.995458648063717e-05
3.07023,0.004091858074361823,0.0001253889683682201
3.07288,0.003999430147058821,0.0001228153932535692
3.07552,0.002161847946725859,6.909042868625397e-05
3.07817,0.003540923349056604,0.0001101289360142158
3.08081,0.002247564164816869,7.099982338469303e-05
3.08345,0.002587872086570477,8.152605451679564e-05
3.0861,0.003342776845172032,0.0001034482640085778
3.08874,0.003460066939511653,0.000106930341888553
3.09138,0.004062930424528302,0.0001244042041995483
3.09403,0.003358164331298557,0.0001041727360662663
3.09667,0.003603709420088789,0.0001121272129480638
3.09932,0.00258776220865705,8.078363299704626e-05
3.10196,0.00356442806603774,0.0001099937103080668
3.1046,0.001198040094339621,3.868226966917615e-05
3.10725,0.003190552441731411,9.914171073979675e-05
3.10989,0.002357485571587129,7.480282032695492e-05
3.11253,0.002925021018312988,9.123383682509065e-05
3.11518,0.002842523307436179,8.90795582617276e-05
3.11782,0.006000286348501666,0.0001767132233154623
3.12047,0.003431494103773584,0.0001059121214184831
3.12311,0.002631578315760268,8.298241731802147e-05
3.12575,0.004901697211431745,0.0001469264829845604
3.1284,0.003897944159267484,0.0001199136792657819
3.13104,0.003758149694783575,0.0001156963092231731
3.13368,0.002226838443396229,7.125710112451905e-05
3.13633,0.002763974334073252,8.639806390046652e-05
3.13897,0.002184095935072143,6.900913265502213e-05
3.14161,0.003094526012763596,9.705028074237947e-05
3.14426,0.002766467189234184,8.75619791611846e-05
3.1469,0.002921241675915648,9.146062501399127e-05
3.14955,0.003463603634850166,0.0001072609911721476
3.15219,0.001683222044950056,5.381129958762683e-05
3.15483,0.003250044464483907,0.0001007356500579083
3.15748,0.003863898029966704,0.0001186713870498855
3.16012,0.003590038776359601,0.0001108980086712098
3.16276,0.003574019492230855,0.0001108311474696348
3.16541,0.003821849125971142,0.0001180643446058377
3.16805,0.00284725034683685,8.908504849703483e-05
3.1707,0.002662721836847947,8.382057573339789e-05
3.17334,0.003359915510543844,0.0001036530242498459
3.17598,0.003433943465593788,0.0001066058777531583
3.17863,0.003091323529411766,9.61599523775424e-05
3.18127,0.003941535932297451,0.0001206377458851502
3.18391,0.003695919880688122,0.00011365081241459
3.18656,0.002131572003329636,6.738322338647737e-05
3.1892,0.002438184031631521,7.745518261827761e-05
3.19185,0.003301835876803552,0.0001022763984736697
3.19449,0.002163505271920088,6.858486950485979e-05
3.19713,0.003386560904550501,0.0001050050444304931
3.19978,0.003604812777469482,0.0001105426253552684
3.20242,0.003253015746392899,0.0001006117398579191
3.20506,0.002379724403440621,7.465171752447285e-05
3.20771,0.002703850513318536,8.423523172209574e-05
3.21035,0.002279479120421755,7.16935580304651e-05
3.213,0.00329000339900111,0.0001013920385864534
3.21564,0.002058235363485018,6.42123156761783e-05
3.21828,0.001076936320754718,3.461629820609354e-05
3.22093,0.002962944922308547,9.171278968293122e-05
3.22357,0.004242530452275247,0.0001285412258634388
3.22621,0.003396967258601556,0.0001039124577674449
3.22886,0.002589859045504995,8.040132295310654e-05
3.2315,0.003267050360710322,0.0001032347152954677
3.23414,0.004199712402885685,0.0001327020084604124
3.23679,0.003371310765815761,0.0001089594214836302
3.23943,0.002580256173695891,8.544282363007819e-05
3.24208,0.003720017480577138,0.0001224503262366133
3.24472,0.0030574651082131,0.0001030549552717771
3.24736,0.002350604467258602,7.996606092728885e-05
3.25001,0.003682560557713655,0.0001240252305876212
3.25265,0.004136951512208656,0.0001400472784600687
3.25529,0.001816616120976695,6.506187965736978e-05
3.25794,0.003691302719200886,0.0001263628496046151
3.26058,0.002793384988901221,9.795799743788771e-05
3.26323,0.002931142133740289,0.0001028260960201244
3.26587,0.003066626179245282,0.0001083911820848569
3.26851,0.004330817355715872,0.000151170235321872
3.27116,0.002823709003884576,0.0001009795329427609
3.2738,0.003488527608213098,0.0001237034509910497
3.27644,0.002081978149278579,7.662657177264337e-05
3.27909,0.0019998512763596,7.426988748318735e-05
3.28173,0.001621917036625974,6.02500990514446e-05
3.28438,0.002704539539400666,0.0001004198269637419
3.28702,0.003455953385127634,0.0001220332977984304
3.28966,0.002844301956159819,0.0001006084634981229
3.29231,0.002078821448390679,7.349964798291309e-05
3.29495,0.003491329495005551,0.0001190639333679818
3.29759,0.003964559933407326,0.00013333750395758
3.30024,0.00397494110710322,0.0001328388170621309
3.30288,0.003103803829078801,0.0001053417356114798
3.30553,0.003573394561598222,0.0001195828547395665
3.30817,0.003979897058823528,0.0001318357514639106
3.31081,0.002895420366259708,9.814176798096354e-05
3.31346,0.002444964414539405,8.368446794586095e-05
3.3161,0.003080658504439514,0.000103214820659772
3.31874,0.00322917223917869,0.0001084205682380095
3.32139,0.002848710807436182,9.564340778356422e-05
3.32403,0.00225082616537181,7.683989452176578e-05
3.32667,0.002490083032741396,8.36307761384551e-05
3.32932,0.002764608421198668,9.250867163818015e-05
3.33196,0.002638692910654826,8.911565361190259e-05
3.33461,0.002070793493340732,7.056031211401905e-05
3.33725,0.002585468507214208,8.685006635313707e-05
3.33989,0.002740794672586015,9.164807830098661e-05
3.34254,0.002714188193673697,8.970838988736888e-05
3.34518,0.002731141440066591,9.105453408501777e-05
3.34782,0.003805124791897894,0.0001236435289643592
3.35047,0.002763882769145397,9.119730987499246e-05
3.35311,0.001925230438401775,6.463501640556307e-05
3.35576,0.002382551470588232,7.957145369201853e-05
3.3584,0.003254224403440624,0.0001063131924301397
3.36104,0.001921794464483906,6.434773383399766e-05
3.36369,0.002829912527746949,9.385585558688026e-05
3.36633,0.003324708795782465,0.0001082516082446542
3.36897,0.004295587749722532,0.000137896116291433
3.37162,0.003098655591009989,0.0001002956267449615
3.37426,0.002468901775804662,8.207689342738359e-05
3.37691,0.003973251734184237,0.0001282812459252547
3.37955,0.002558665163706996,8.414450164921201e-05
3.38219,0.00184749181465039,6.158402671403093e-05
3.38484,0.001897467952275247,6.323559434152536e-05
3.38748,0.002971158296337403,9.71755774783134e-05
3.39012,0.00403193569644839,0.0001300823073722717
3.39277,0.001888240496670367,6.302402524876103e-05
3.39541,0.002750335738068811,8.987421178719467e-05
3.39806,0.002422709558823529,8.040118141869051e-05
3.4007,0.002183507630410653,7.267632281274429e-05
3.40334,0.003376193465593785,0.0001097661278860361
3.40599,0.00313214317425083,0.0001021326624717671
3.40863,0.002193822419533848,7.228587885718487e-05
3.41127,0.001647264497780243,5.520893927686569e-05
3.41392,0.002531779411764708,8.325805710344514e-05
3.41656,0.003934226761931188,0.0001260203273213405
3.41921,0.00221130445338513,7.327990431089512e-05
3.42185,0.002506347253052165,8.219428430096743e-05
3.42449,0.002661758115982242,8.770214301560382e-05
3.42714,0.003103119381243065,0.0001001052765715923
3.42978,0.003055828385127634,9.945518847974803e-05
3.43242,0.002868864248057714,9.393395770102972e-05
3.43507,0.002509181187569366,8.268138547424885e-05
3.43771,0.002906765260821307,9.490857059259288e-05
3.44035,0.003401538637624862,0.0001093842941470739
3.443,0.003291736265260825,0.0001065506093674029
3.44564,0.001960721004439513,6.519477656618267e-05
3.44829,0.002818984253607102,9.106595022555946e-05
3.45093,0.003021933337957826,9.779738384101424e-05
3.45357,0.0027156669672586,8.828872772929069e-05
3.45622,0.002277846975582687,7.478928354606212e-05
3.45886,0.002275695199778025,7.511438782011744e-05
3.4615,0.002354985849056606,7.647005234904196e-05
3.46415,0.001910891370699224,6.293045512735342e-05
3.46679,0.001805204841842395,5.964700184909419e-05
3.46944,0.001794253676470586,5.943370646614899e-05
3.47208,0.00340328523862375,0.000108953045702785
3.47472,0.003096213096559376,9.968698362745579e-05
3.47737,0.003445251734184239,0.0001095908515111046
3.48001,0.002572688332408435,8.288042949389488e-05
3.48265,0.002712771226415098,8.709087480425214e-05
3.4853,0.002711319922308546,8.726727075234984e-05
3.48794,0.002790903579356269,9.031510777794291e-05
3.49059,0.002389134988901222,7.787645963778925e-05
3.49323,0.003364326650943399,0.0001061037162769511
3.49587,0.001981213235294117,6.402780106901913e-05
3.49852,0.002287804661487234,7.452776722705799e-05
3.50116,0.00255789372918979,8.291231217286641e-05
3.5038,0.001292690760266373,4.285860929097664e-05
3.50645,0.004006622572142061,0.000125649074772462
3.50909,0.002153911556603771,7.008713685911956e-05
3.51174,0.001874105160932299,6.115120428907863e-05
3.51438,0.002855793354605995,9.219237794349964e-05
3.51702,0.003619893521087679,0.0001139414877186206
3.51967,0.003685341842397336,0.0001168301476539171
3.52231,0.002575815274694784,8.300676206375677e-05
3.52495,0.002330258740288571,7.608434328538171e-05
3.5276,0.00281810523029967,9.00093686250164e-05
3.53024,0.002920577830188681,9.314725863196229e-05
3.53288,0.002395095865704772,7.740918591941149e-05
3.53553,0.003815022960599333,0.0001205817196167713
3.53817,0.00285065198390677,9.177093721633337e-05
3.54082,0.003850692078246393,0.0001206679906563697
3.54346,0.002483890954495003,8.018991899912074e-05
3.5461,0.002633782741398447,8.559588875978267e-05
3.54875,0.00164441682852386,5.405554123839757e-05
3.55139,0.001844946309655937,6.02409613185668e-05
3.55403,0.003123664261931186,9.983951287763979e-05
3.55668,0.002492365288568258,8.002571988457541e-05
3.55932,0.002612674736403997,8.43301272234563e-05
3.56197,0.002163084073251944,7.014906764091682e-05
3.56461,0.003591888387902332,0.0001130633299555511
3.56725,0.002369942980022199,7.688813095416892e-05
3.5699,0.002481331714761373,8.044497344860321e-05
3.57254,0.003763446725860157,0.0001175577639292686
3.57518,0.002030919256381798,6.590176592268037e-05
3.57783,0.003749622710876803,0.0001183189553280263
3.58047,0.002439028718091012,7.89390447659374e-05
3.58312,0.003121425499445061,9.953334675218032e-05
3.58576,0.004061946101553829,0.000126693157360712
3.5884,0.003948050776914537,0.0001239166933403251
3.59105,0.002046338790233076,6.658320032711036e-05
3.59369,0.00313370435627081,9.982324050118401e-05
3.59633,0.002837917591564927,9.047385208348252e-05
3.59898,0.002647945546614873,8.481539009628429e-05
3.60162,0.002188296476137624,7.137498545458931e-05
3.60427,0.004432829841842398,0.0001383717529862378
3.60691,0.003968433129855719,0.0001239631410728896
3.60955,0.002379154411764706,7.685245816035789e-05
3.6122,0.001472979814095448,4.862799013837131e-05
3.61484,0.00402244270255272,0.0001268422181605675
3.61748,0.003093017480577138,9.811756141101321e-05
3.62013,0.001461749375693674,4.802153191685004e-05
3.62277,0.002862225790788014,9.168001202633519e-05
3.62541,0.002860870629855715,9.127695745546825e-05
3.62806,0.002332605091564926,7.590029427780186e-05
3.6307,0.003093287597114315,9.861517515139219e-05
3.63335,0.003077096628745835,9.862525160611901e-05
3.63599,0.002250402677580468,7.300829719830717e-05
3.63863,0.003340707477802442,0.0001059399304917277
3.64128,0.002462444159267481,7.951299261026053e-05
3.64392,0.003777682783018871,0.0001188426498807202
3.64656,0.001745708240843509,5.705813658457691e-05
3.64921,0.003916472322419531,0.0001235739838938579
3.65185,0.0006454205743618224,2.165310411498311e-05
3.6545,0.003294519839067703,0.0001043155075707991
3.65714,0.001707951442841288,5.589328811769957e-05
3.65978,0.002764585529966704,8.87888735312665e-05
3.66243,0.002795875554938957,8.962630810654714e-05
3.66507,0.002364481132075472,7.641465497847484e-05
3.66771,0.002232437638734742,7.233235392197964e-05
3.67036,0.003454772197558272,0.0001088931446455634
3.673,0.003453105715871255,0.0001090060318144268
3.67565,0.003770696379023308,0.0001177975810511314
3.67829,0.003910131451165372,0.000121929305261191
3.68093,0.001830199778024418,5.997146737806654e-05
3.68358,0.003407613970588237,0.0001066501463820342
3.68622,0.003253924528301887,0.0001033448239781764
3.68886,0.002736076789678136,8.674074506949075e-05
3.69151,0.002765670574361821,8.817272830125398e-05
3.69415,0.002462991259711431,7.854462868976955e-05
3.6968,0.002918380271920088,9.176095739921353e-05
3.69944,0.002805597461154271,8.955912074950074e-05
3.70208,0.001547781492785795,5.009601019948131e-05
3.70473,0.003112133948390675,9.809784624013726e-05
3.70737,0.002187122155937844,6.954306981602558e-05
3.71001,0.00337553190899001,0.0001048746902364271
3.71266,0.003420426193118758,0.000106612809747708
3.7153,0.003298093160377362,0.0001039961682177163
3.71794,0.003120892133740288,9.816089910371534e-05
3.72059,0.002003555077691454,6.451526672414098e-05
3.72323,0.002837015677025526,8.941917600458956e-05
3.72588,0.00313857789955605,9.886735909791248e-05
3.72852,0.002593047794117648,8.216871360097564e-05
3.73116,0.002741930077691456,8.627456811408883e-05
3.73381,0.002857503329633741,9.050586039606578e-05
3.73645,0.003509564650388456,0.0001087501198116189
3.73909,0.001921492300221975,6.217327618840278e-05
3.74174,0.002325181465038847,7.365096385656669e-05
3.74438,0.0023783211709212,7.573462727342089e-05
3.74703,0.002462151151498334,7.885759295904908e-05
3.74967,0.00354014504716981,0.0001108463817559204
3.75231,0.004188752081021089,0.0001274703183756861
3.75496,0.00336917272475028,0.0001051998698303907
3.7576,0.00351936667591565,0.0001091145404458373
3.76024,0.003289138110432851,0.0001032094991215715
3.76289,0.00230934759988901,7.34536451499685e-05
3.76553,0.001762542452830188,5.692366559755554e-05
3.76818,0.002057882838512764,6.601801453447801e-05
3.77082,0.0006648758324084368,2.181898087656728e-05
3.77346,0.001881851553829081,6.061732315054346e-05
3.77611,0.003454378468368477,0.0001076773219540004
3.77875,0.003105667175360711,9.735958129126316e-05
3.78139,0.001783984669811321,5.76071635328781e-05
3.78404,0.003148137278024417,9.876755747294153e-05
3.78668,0.002875953662597114,9.046096831247629e-05
3.78933,0.003118763249167591,9.764882416699664e-05
3.79197,0.002847060349611544,9.285010168271517e-05
3.79461,0.002877540024972255,9.525925031402377e-05
3.79726,0.0022235672863485,7.495700940985131e-05
3.7999,0.002360752150388456,8.097702183813795e-05
3.80254,0.003827551331853495,0.0001284848438259051
3.80519,0.002337744173140954,8.172764290779785e-05
3.80783,0.002884794256381796,0.000100275016459446
3.81047,0.003219026845172033,0.0001124930003333572
3.81312,0.003604247364039957,0.0001276290641410666
3.81576,0.002745089067702553,9.830770912378663e-05
3.81841,0.003744163152053273,0.0001313780131406488
3.82105,0.001974132977247505,7.327333921180582e-05
3.82369,0.00321405944783574,0.0001159749051362943
3.82634,0.002681261445615983,9.829965922639781e-05
3.82898,0.003943401567702553,0.0001421037331735926
3.83162,0.002218691453940067,8.320815148880381e-05
3.83427,0.001436413360155381,5.517979500099637e-05
3.83691,0.001447989456159826,5.628577026195825e-05
3.83956,0.003309895879578244,0.0001240317567871013
3.8422,0.002189992716426193,8.430444641814897e-05
3.84484,0.002580414123196448,9.90667001918308e-05
3.84749,0.002376718784683684,8.93821612603901e-05
3.85013,0.003272418354605992,0.0001179823396104455
3.85277,0.003649935973917872,0.0001282461565455768
3.85542,0.003196469825194232,0.0001138025043665632
3.85806,0.003108505688124306,0.0001096949470615061
3.86071,0.002799258879023305,9.868239488231587e-05
3.86335,0.001416024139844621,5.095671681982276e-05
3.86599,0.004182495907325195,0.0001416039314412348
3.86864,0.001634360710321866,5.794362316024561e-05
3.87128,0.003587191107103222,0.0001230726374721235
3.87392,0.002568748751387344,8.923879857464372e-05
3.87657,0.002645409198113208,9.181111612655047e-05
3.87921,0.001606119797447279,5.691058149984548e-05
3.88186,0.002664656145948948,9.217520388258312e-05
3.8845,0.002497751595449503,8.6748447758941e-05
3.88714,0.002197894769700335,7.599971529283991e-05
3.88979,0.002763784336847946,9.538602469036878e-05
3.89243,0.002501345518867922,8.635796323598529e-05
3.89507,0.002040847183684793,7.012848975374083e-05
3.89772,0.002930743826304109,9.879351827201425e-05
3.90036,0.004283922377913428,0.0001401607737630369
3.903,0.001930060488346283,6.599385191551952e-05
3.90565,0.002013357103218648,6.869606896464836e-05
3.90829,0.001473847391786904,5.066832277930023e-05
3.91094,0.001527204564372917,5.269165245135576e-05
3.91358,0.001277211709211983,4.39929158162259e-05
3.91622,0.001771403648723638,6.002677059463758e-05
3.91887,0.002038670227524973,6.943760620749842e-05
3.92151,0.00234625284406215,7.849556774367057e-05
3.92415,0.001801560557713652,6.092012239123196e-05
3.9268,0.002034952691453937,6.876191840364232e-05
3.92944,0.002158968229744728,7.206194578616413e-05
3.93209,0.002293786140399557,7.656765017849304e-05
3.93473,0.001901748612652608,6.340148520535238e-05
3.93737,0.00333291530244173,0.0001083234954948874
3.94002,0.003972395602108767,0.0001278934381040474
3.94266,0.00328024715593785,0.0001070772531697808
3.9453,0.002772670713096562,9.130575597332033e-05
3.94795,0.003304086084905661,0.0001074300204572666
3.95059,0.002209356409544951,7.374853551622212e-05
3.95324,0.002082101761931188,6.983854884352666e-05
3.95588,0.001310062916204215,4.449857447584149e-05
3.95852,0.003826413637624862,0.0001237907927023504
3.96117,0.003475191176470588,0.0001133671173587156
3.96381,0.002389370768590454,7.911714574499723e-05
3.96645,0.001686021642619312,5.655833440271133e-05
3.9691,0.001302444714206436,4.411311500744428e-05
3.97174,0.002927818326859047,9.654642441146027e-05
3.97439,0.003806031284683684,0.0001235141236701667
3.97703,0.00238220810210877,7.819710335786491e-05
3.97967,0.002737862305771363,8.990095775717735e-05
3.98232,0.002975271850721417,9.701799485485206e-05
3.98496,0.001882149139844617,6.293605629201903e-05
3.9876,0.002215781978357379,7.344868562422911e-05
3.99025,0.002596431118201997,8.547591726477622e-05
3.99289,0.002434793840177582,8.108644528472438e-05
