0.0431807,3.574988020255272,0.04470462589460709
0.0458244,3.24586589900111,0.04090426556752529
0.0484682,2.939046933962264,0.03967427893581064
0.0511119,2.701364983351831,0.03657496511670087
0.0537556,2.519563505826859,0.03542079068474595
0.0563993,2.310310634017758,0.03245331446710661
0.059043,2.223337549944506,0.03199517961816228
0.0616867,2.041391102247503,0.03073419416249728
0.0643304,1.918121818118757,0.02885489482036725
0.0669742,1.832142190621532,0.02831964293480861
0.0696179,1.741214531770255,0.02715839885591665
0.0722616,1.634186805632631,0.02570001556448862
0.07490529999999999,1.568739079495006,0.02523636482148361
0.07754900000000001,1.506020400249722,0.02443363425165006
0.08019270000000001,1.427228482241953,0.02358847593949062
0.08283649999999999,1.384936656492786,0.02336290661035621
0.08548020000000001,1.325839370144284,0.02295908908386135
0.08812390000000001,1.290847741398446,0.02332364286493713
0.0907676,1.230860535516093,0.02278161369234405
0.0934113,1.19812151845172,0.0228798426468029
0.096055,1.152398731964484,0.02236137912777054
0.0986987,1.115200663152053,0.02197532372453762
0.101342,1.087193103496116,0.02153492807158278
0.103986,1.064800534128746,0.02112037184679076
0.10663,1.004216851415094,0.02062889602106707
0.109274,0.9812570373196448,0.02035282774920171
0.111917,0.9689654758601554,0.02009780454119973
0.114561,0.931166557991121,0.0193738248102972
0.117205,0.9221920276082131,0.01953174322660203
0.119848,0.8910527642896782,0.01871697954778331
0.122492,0.8796752497225305,0.01850748364120613
0.125136,0.8548949417314096,0.01828991502222101
0.12778,0.8254313852663706,0.01786146015853805
0.130423,0.8053023924805772,0.01763199849421
0.133067,0.7733201824361821,0.01694302810542915
0.135711,0.751488722946726,0.01633836050925048
0.138354,0.7453677219755828,0.01638402797925584
0.140998,0.7337166342952275,0.01612546040726459
0.143642,0.7280046080743617,0.01596198782645911
0.146286,0.7029301477524973,0.01517639622759556
0.148929,0.6699506811875695,0.01478677061430445
0.151573,0.6757075742230856,0.01500333914734756
0.154217,0.6663258546059934,0.01462136591198656
0.15686,0.6570294735016647,0.01452024333400754
0.159504,0.648669160654828,0.01415762946890878
0.162148,0.6146437708102109,0.0136985878644031
0.164792,0.6080770775527192,0.01354395238073976
0.167435,0.623038168701443,0.01366054959109328
0.170079,0.5839507491675916,0.01292083299752633
0.172723,0.5827440149833519,0.01285079877469054
0.175366,0.5633916072419534,0.01257003326435184
0.17801,0.549577641509434,0.01216773286363712
0.180654,0.5510081603773586,0.01213503471154539
0.183298,0.5290232609600444,0.01180427415262231
0.185941,0.5292672814927858,0.01167244072266112
0.188585,0.5130736806326305,0.01139090557006008
0.191229,0.5102057526359601,0.01126037181941269
0.193872,0.5020370622918979,0.01110131500141088
0.196516,0.49746730854606,0.01099288360531001
0.19916,0.4765217855160933,0.01060520304286021
0.201804,0.4748418208934517,0.01068806832035172
0.204447,0.4646278905382908,0.01030936620336152
0.207091,0.4685857158712542,0.010272907526378
0.209735,0.4503900249722531,0.009914438855061736
0.212378,0.4398523668146504,0.009759514636972225
0.215022,0.4361042480577136,0.009610043591055087
0.217666,0.4271917300221976,0.00951306174006364
0.22031,0.4314241814650389,0.009645334708311484
0.222953,0.4106335862930078,0.009078098265033103
0.225597,0.4069650374583796,0.008952663097558865
0.228241,0.3966931693951165,0.008825303598161562
0.230885,0.3902410696448391,0.008678251937461074
0.233528,0.3848017008879024,0.008619382627509274
0.236172,0.3879389671198669,0.008583049399013703
0.238816,0.3802243472530522,0.008433186283847156
0.241459,0.3798453371254162,0.008329796012793669
0.244103,0.3632903523862375,0.007959167574911035
0.246747,0.354127999445061,0.007857162011675481
0.249391,0.3485578759711432,0.007777038332942015
0.252034,0.3341456936736959,0.007546803023526429
0.254678,0.3466286945061043,0.007620145981580623
0.257322,0.3368756104328525,0.00745519208081537
0.259965,0.3367150513318535,0.007409137740114535
0.262609,0.3334636036348502,0.007340115806297999
0.265253,0.3265584864039956,0.007288863880356225
0.267897,0.3187484787735849,0.007034333811362936
0.27054,0.3154967105993341,0.006959115041839921
0.273184,0.3033143860987791,0.006671919065914036
0.275828,0.3056659794672587,0.00669433245323154
0.278471,0.2993944915371809,0.006665097122609841
0.281115,0.3036449812708102,0.006705548626242484
0.283759,0.2981516578801332,0.0066102689828412
0.286403,0.2871311778579356,0.00627809863946904
0.289046,0.2910451435904551,0.006394122006608304
0.29169,0.2859668611265261,0.006268261289891272
0.294334,0.2808613380965594,0.00622100467111038
0.296977,0.279337903718091,0.006173913325426106
0.299621,0.2774672093507214,0.006064465381140934
0.302265,0.2600044956992231,0.005780304099131156
0.304909,0.2699875908712542,0.005906674376851778
0.307552,0.2757069880688124,0.006025595768935217
0.310196,0.2580309052441732,0.005694915357735125
0.31284,0.2523086466426193,0.005565303011764236
0.315483,0.2528169693396227,0.005568016855899861
0.318127,0.2534459448529412,0.005546784598200411
0.320771,0.2410987096281909,0.005319100615602848
0.323415,0.2463286785516093,0.005407602173035477
0.326058,0.2398841100166482,0.005262919731929044
0.328702,0.2412985363485017,0.005341233619446156
0.331346,0.2445602416065483,0.005334795879197421
0.333989,0.2404091387347392,0.005221851111875815
0.336633,0.231940989872364,0.005035441184019142
0.339277,0.2249457269700333,0.004911873420952714
0.341921,0.2245697384850167,0.004963566973523843
0.344564,0.227951100790788,0.004973905097068619
0.347208,0.2218888089622642,0.004872174012447899
0.349852,0.2206428163152054,0.004818099552595609
0.352495,0.2235921707130966,0.004852201023655662
0.355139,0.2182943132630411,0.00476047782887028
0.357783,0.2055958624445061,0.004565453738656055
0.360427,0.2112836514289678,0.004634002876325586
0.36307,0.2133015066592675,0.004614932864494399
0.365714,0.2116119849472808,0.004602930398275091
0.368358,0.2101957364733629,0.004522084035610049
0.371001,0.2002457259988902,0.004387190649990892
0.373645,0.1960407165649279,0.004327647710686358
0.376289,0.198280802164262,0.004326417411440134
0.378933,0.1900186446309656,0.00420498880948376
0.381576,0.1966278766648169,0.00423527842917942
0.38422,0.1922532523584906,0.004195195633680181
0.386864,0.1894493923418424,0.004128176678045117
0.389507,0.1861784275804661,0.004090819981203838
0.392151,0.1908115305216427,0.004184904293896182
0.394795,0.183269286209767,0.003997112532472469
0.397439,0.1839119415233074,0.00401113128894488
0.400082,0.1840730202552719,0.003983743788070042
0.402726,0.183285332963374,0.003983620712232424
0.40537,0.181066023446171,0.003941590856946367
0.408013,0.1752791474750277,0.003801532469126436
0.410657,0.1750756215316316,0.003834781922551375
0.413301,0.1699174875832409,0.00372512777701812
0.415945,0.1734283066731409,0.003791095494628426
0.418588,0.1665784442980022,0.003689626864296926
0.421232,0.1664490584766926,0.003671664612344293
0.423876,0.1624778165926748,0.003653695049219676
0.426519,0.1663874787735849,0.003742699537914955
0.429163,0.1634091234739179,0.003780993128124948
0.431807,0.1602947232935628,0.003811680266149851
0.434451,0.1591551840316315,0.003852022931025449
0.437094,0.1604228821448391,0.003959541637814218
0.439738,0.1645641440760266,0.004050633741699589
0.442382,0.1538951016925638,0.003930764824906135
0.445025,0.148167832200333,0.003834311714486002
0.447669,0.148844565690899,0.00387036169757619
0.450313,0.154886292036626,0.004038594788783335
0.452957,0.1489213840871254,0.003884567133711709
0.4556,0.1435720785932297,0.003764690271954404
0.458244,0.1395581582963374,0.003634304083577622
0.460888,0.1468659208518313,0.003781940665293583
0.463531,0.1534625352386237,0.003940004834837522
0.466175,0.1460481430355161,0.003766197405395696
0.468819,0.1463850951026637,0.003840975220167503
0.471463,0.1375559835599334,0.00359744354072487
0.474106,0.143127851345727,0.003760361863873047
0.47675,0.1417606748057714,0.003741470737954947
0.479394,0.1433284929938957,0.003776833673820312
0.482037,0.1376256392896781,0.003717840351571271
0.484681,0.1441770892758047,0.003672740970322762
0.487325,0.1328083969894562,0.003447617586138408
0.489969,0.1347533962957825,0.00341076081281179
0.492612,0.1278956410238624,0.003277458236466705
0.495256,0.1334613876942286,0.003320264717439469
0.4979,0.1292843261653718,0.003209055048154782
0.500543,0.1336282510405105,0.003257036581265142
0.5031870000000001,0.1269627615149834,0.003121338034119109
0.505831,0.1269322772613762,0.00311826058984774
0.508475,0.1281938748612653,0.003129536940027723
0.511118,0.1301952575610433,0.003115031923930688
0.5137620000000001,0.1277272439650388,0.003073669892264545
0.516406,0.1295007490288568,0.00307609607076311
0.519049,0.1239002992508324,0.002994233760369052
0.521693,0.1192843532880133,0.002881001716338005
0.5243370000000001,0.1190982452830189,0.002871645897053836
0.526981,0.1263683838096559,0.002995929878677173
0.529624,0.1206214507491676,0.002863055577230793
0.532268,0.1189262840593785,0.002840460382876804
0.5349120000000001,0.1108812063679245,0.002682349632775768
0.537555,0.1190640137347392,0.002812778112621303
0.540199,0.1163773156215316,0.002777721108809464
0.542843,0.1150507847530522,0.002741118488658566
0.5454870000000001,0.1138368810349611,0.002713357065577806
0.54813,0.1155895527885683,0.002686926330440797
0.550774,0.1096389175221976,0.002616541682309959
0.553418,0.1047145671476138,0.002516745319842118
0.556061,0.111517964900111,0.002625372431182088
0.558705,0.1113233756936737,0.002635383105853511
0.561349,0.1035067044256382,0.002453036518118335
0.563993,0.1072299976415095,0.002527891087186852
0.566636,0.1068807140677026,0.002507669991883895
0.56928,0.1029845096420644,0.002456474612997298
0.571924,0.1087590129023308,0.00253937947811326
0.574567,0.102212081645394,0.002423605923676718
0.577211,0.1045218321309656,0.002453324934352963
0.579855,0.1019495535516093,0.002385452143511301
0.582499,0.09907380362097667,0.002357199118178471
0.5851420000000001,0.1016725742230855,0.002382674636548253
0.587786,0.1000030342674806,0.002373797180032153
0.59043,0.09909540607658159,0.00234238247640405
0.593073,0.09260170380133187,0.002202203618347129
0.5957170000000001,0.0948927246809101,0.002244590918270797
0.598361,0.09836182907880134,0.002305633226916703
0.601005,0.09659778496115427,0.002261032973710399
0.603648,0.09756658081298557,0.002265256233774101
0.6062920000000001,0.0987073310210877,0.002279159848924817
0.608936,0.0955104422863485,0.002223913354629754
0.611579,0.09201627198945617,0.002149922173055335
0.614223,0.09502030209489458,0.00219560195302657
0.6168670000000001,0.09289762333518313,0.002157891884307212
0.619511,0.09059862028301886,0.002107158104961484
0.622154,0.09166865718645952,0.002129141439003027
0.624798,0.08676373002219756,0.002036287289585827
0.6274420000000001,0.09042691773029965,0.002082981269848016
0.630085,0.09336716370699225,0.002140543810421582
0.632729,0.08888091030799111,0.002056904353464411
0.635373,0.08765759142619313,0.002034051340554578
0.6380169999999999,0.08664597065760266,0.00200350455147384
0.64066,0.08933200263596004,0.002057410768897239
0.643304,0.08373287368201997,0.001968350925211077
0.645948,0.08249253745837959,0.00193818371814041
0.6485919999999999,0.08640227518035516,0.00199418795744942
0.651235,0.08499663221420645,0.001985736156749381
0.653879,0.08339590559100998,0.00195508211828234
0.656523,0.08710441107103219,0.002002614593985737
0.659166,0.087567818881798,0.002011241904631136
0.66181,0.08199350402330743,0.001897882484753186
0.664454,0.08285984558823528,0.001928982350866547
0.667098,0.08590340885127636,0.001983748389775064
0.669741,0.08189338235294118,0.0019161722919737
0.672385,0.07845076768867923,0.001847823415892917
0.675029,0.07890567598501665,0.001843095270755299
0.6776720000000001,0.08033862132352942,0.001859598956026633
0.680316,0.07748146594062154,0.00181911705805985
0.68296,0.07857661910377359,0.001820690389960163
0.685604,0.0787001836847947,0.00183642536737645
0.6882470000000001,0.08078645165094339,0.001857350867615387
0.690891,0.07639546469200889,0.001789114735781191
0.693535,0.07882879807158714,0.00181728398284858
0.696178,0.07869109357658159,0.001814665764223036
0.6988220000000001,0.07256347017203109,0.001722023884139996
0.701466,0.07652073695893449,0.001770383702747853
0.70411,0.07571309309100999,0.00176640075255265
0.706753,0.07771360592397338,0.001777944106199267
0.7093970000000001,0.07388551664816871,0.001722208731863766
0.712041,0.07421961188956715,0.001729089927112567
0.714684,0.0715181535099889,0.00167562889217422
0.717328,0.07188247662319647,0.00167970565919588
0.7199719999999999,0.07368866807713652,0.001708290776544706
0.722616,0.07113529994450611,0.001657626246197016
0.725259,0.07083794970865706,0.001655306366590191
0.727903,0.07305328530799113,0.001669608099472398
0.7305469999999999,0.07103001172308546,0.001658799450367282
0.73319,0.06597585661764706,0.00157140564637944
0.735834,0.07072353017480577,0.001634656891127767
0.738478,0.06967426019700333,0.001611169752698538
0.7411219999999999,0.07064959836293008,0.001630321097351343
0.743765,0.0675571211154273,0.001589357204984587
0.746409,0.07004520803274139,0.001602515288464721
0.749053,0.06700971850721421,0.001568377571903271
0.751696,0.06916446559378467,0.00158793463827055
0.75434,0.06658789719755827,0.001558946591640923
0.756984,0.06842024646226416,0.001566538068977308
0.759628,0.0645416797308546,0.001512951869615482
0.762271,0.06407036757769145,0.001501362119869621
0.764915,0.06386145074916759,0.001488652270392034
0.767559,0.06420065531354051,0.001511402084588931
0.7702020000000001,0.06525681097391788,0.001507881014940401
0.772846,0.0639295750554939,0.001482454401977409
0.77549,0.06345341682852386,0.001486116039123347
0.778134,0.06643384836293009,0.001515561150072382
0.7807770000000001,0.06068715794950056,0.00143361206599316
0.783421,0.06455260113762486,0.001486651286361064
0.786065,0.05813036299944507,0.001383166016793192
0.788708,0.05915741703662598,0.001400974281356797
0.7913520000000001,0.06007931333240844,0.001402151085618373
0.793996,0.05923838561320755,0.001395501488859221
0.79664,0.05999616779966703,0.001399646673879957
0.799283,0.05959779168978913,0.001392197762639777
0.8019269999999999,0.05816834870976692,0.001367951669387634
0.804571,0.06013626213928969,0.001392082660435055
0.807214,0.05779580535516094,0.001359884167731364
0.809858,0.05521752240566038,0.0013025943589708
0.8125019999999999,0.05894831936736959,0.001382245894533861
0.815146,0.05411892182297448,0.001284865513012788
0.817789,0.05660670886514983,0.00132790431819233
0.820433,0.05922252885682574,0.001375496681445854
0.8230769999999999,0.05741519741953386,0.001333282983956347
0.82572,0.05721000270532742,0.00133826087570931
0.828364,0.05489017778856826,0.001289823698092403
0.831008,0.05828637361265261,0.001350795128853922
0.8336519999999999,0.05515730244173141,0.001285400627530617
0.836295,0.05669450589622641,0.001314615364706561
0.838939,0.05561835703385128,0.001300809456021483
0.841583,0.05547214844617093,0.001279830317792492
0.844226,0.05305250173418424,0.001261353358075592
0.84687,0.05451391003052165,0.001270659028352905
0.849514,0.05238641037735849,0.001234651280467497
0.852158,0.05007497967536072,0.001200103796114229
0.854801,0.05199173349056604,0.001207972493344343
0.857445,0.0513206701581576,0.001212826471147805
0.860089,0.05366861695338513,0.001239945529788822
0.8627320000000001,0.05174339567147614,0.001209707727309498
0.865376,0.05158711723085461,0.001247827181094741
0.86802,0.04965228849889013,0.001208394808490751
0.870664,0.05004672044950056,0.001232547015970184
0.8733070000000001,0.04955204550499445,0.001207025917472684
0.875951,0.05230342737236404,0.001275515875315874
0.878595,0.05160653586293008,0.001263786240398567
0.881238,0.05152391682852387,0.001256672849145623
0.8838819999999999,0.04985113318534962,0.001246538086096391
0.886526,0.04910918715316316,0.001207260571545097
0.88917,0.05168797599889012,0.001264510912370134
0.891813,0.04769781680077691,0.00119635975761337
0.8944569999999999,0.0519057769145394,0.001242866912052672
0.897101,0.04745134919533853,0.001155338325184787
0.899744,0.04663207429245283,0.001136140088650714
0.902388,0.04977619415926748,0.001184986692104743
0.9050319999999999,0.04704080181742509,0.001124191484087021
0.907676,0.04657616474750278,0.001118139838147838
0.910319,0.04399981381798002,0.001076751306233531
0.912963,0.05140489157880133,0.001198600546612427
0.9156069999999999,0.04567065170643729,0.001102734989187661
0.91825,0.04496203988623752,0.001073677154122186
0.920894,0.04433527566592675,0.001074218668355187
0.923538,0.04475137645671477,0.001076712424855646
0.9261819999999999,0.04389055167869035,0.001053216136962262
0.928825,0.04210564449223086,0.001034190412438526
0.931469,0.04551972752497226,0.001080721304149294
0.934113,0.04450022301609323,0.001073128912583647
0.936756,0.04484815142896782,0.00105971234664334
0.9394,0.04440872905105438,0.001056152878744704
0.942044,0.04286265753329634,0.001023601941800557
0.944688,0.04199274035793563,0.001012346809766723
0.947331,0.04147218916481688,0.001005196926830009
0.949975,0.04295356548279689,0.001021534348738791
0.952619,0.04320921933962264,0.00102866043904577
0.9552619999999999,0.04285639220310766,0.001021828127692078
0.957906,0.04355888977524972,0.001032006738198506
0.96055,0.04207698466981132,0.001011757094583766
0.963194,0.04147876810488347,0.0009785687642293818
0.9658369999999999,0.04106522655382908,0.000987996449734776
0.968481,0.04166504092674805,0.000990613276826231
0.971125,0.04056830140122087,0.0009664202341599497
0.973768,0.04097796746670367,0.0009716460607812086
0.9764119999999999,0.0413745855299667,0.0009711159133345397
0.979056,0.04067093652885682,0.0009675836852923592
0.9817,0.03828827060210876,0.0009211588576506628
0.984343,0.04210369873751387,0.0009802297996763191
0.9869869999999999,0.03945948446170922,0.0009321663615052921
0.989631,0.0380384288290788,0.0009203040831915987
0.992274,0.03937724542175361,0.0009679203465762588
0.994918,0.03798557068534961,0.0009410699800733556
0.9975619999999999,0.0386270814372919,0.0009623768797573967
1.00021,0.03986702164261931,0.0009922329794166932
1.00285,0.03642493576581576,0.00092623543752653
1.00549,0.03987961410932298,0.001008998255281741
1.00814,0.0390957839900111,0.0009873432812200077
1.01078,0.03793900763041066,0.000971984745558528
1.01342,0.03420563769422864,0.0009062387799760088
1.01607,0.03708119991675916,0.0009711018726998411
1.01871,0.03615022038013319,0.0009466494367800218
1.02136,0.03804222419533852,0.0009873913226416378
1.024,0.03609436348501664,0.0009590136877351033
1.02664,0.03819113394839068,0.001000306761677846
1.02929,0.03816347676193119,0.001003839692493333
1.03193,0.03609765295504995,0.0009613065658477923
1.03457,0.03724987395948946,0.0009817494050115892
1.03722,0.03645884912597114,0.0009778453554356858
1.03986,0.03384547849611543,0.0009175642946520021
1.04251,0.03426721052996671,0.0009335487816148325
1.04515,0.0356981391509434,0.0009450448255291884
1.04779,0.03650452629023308,0.0009518264848970221
1.05044,0.03264532325194228,0.0008686275759843741
1.05308,0.03442674639289679,0.000887738081893748
1.05572,0.03546527122641509,0.0009130629051703918
1.05837,0.03398862423695894,0.0008698178289885302
1.06101,0.0366657744173141,0.0009285642020389555
1.06365,0.03241061945061043,0.0008358367038850874
1.0663,0.03193453447558269,0.0008271157772417173
1.06894,0.03148627837125417,0.000817326285407386
1.07159,0.03480935044395116,0.0008670189126198187
1.07423,0.03305321982519423,0.0008430836679550138
1.07687,0.0328760554245283,0.0008291860126834014
1.07952,0.03196273876248613,0.0008171216069468194
1.08216,0.03198941162597115,0.0008122628928538055
1.0848,0.02969060543840178,0.0007546906446912252
1.08745,0.03061612541620422,0.0007796866761022529
1.09009,0.02907129918146505,0.0007452987728437471
1.09274,0.03259197981409545,0.0008153391005568675
1.09538,0.0324282388318535,0.000808976416373711
1.09802,0.0298008038290788,0.0007530929188722693
1.10067,0.03151270858768036,0.0007899127765767782
1.10331,0.03053836619034406,0.0007618915850871447
1.10595,0.03009207873196449,0.0007576756398355442
1.1086,0.03018671795227525,0.0007564812764656259
1.11124,0.03105207290510544,0.0007726338086272877
1.11389,0.02979512680355161,0.00075148890448387
1.11653,0.03339623349056604,0.0008015789387551412
1.11917,0.02904728856825749,0.0007340992753545175
1.12182,0.0296546890954495,0.0007386069732558256
1.12446,0.03052334496392897,0.00075947567872458
1.1271,0.02997113061875694,0.0007433022592440486
1.12975,0.0272199730854606,0.0006879391768144708
1.13239,0.03060445546614873,0.0007545747355742698
1.13504,0.02898507248890122,0.0007214431384392596
1.13768,0.02900722204495006,0.0007220835255472691
1.14032,0.02997462839900111,0.0007413931449832382
1.14297,0.03088118299112098,0.0007567768270481617
1.14561,0.02780167820477248,0.0007050586055291351
1.14825,0.02739639809933407,0.0006837602945073252
1.1509,0.02933441100166482,0.0007238665337049232
1.15354,0.02623071933962265,0.0006649532515778426
1.15618,0.02502123134017759,0.0006381284660110752
1.15883,0.02759415316315205,0.0006962904862879355
1.16147,0.02796050215038846,0.0006896867816939568
1.16412,0.02774898029966704,0.0006951482207947731
1.16676,0.02449191280521642,0.0006211154451209384
1.1694,0.02947008733351831,0.0007206889053341874
1.17205,0.02724363804106548,0.0006756118055424363
1.17469,0.02582948182574917,0.0006479747018649128
1.17733,0.02550965926748058,0.0006437819651647082
1.17998,0.02493203107658158,0.0006254263016048355
1.18262,0.02705907061598225,0.0006700990789911698
1.18527,0.02508587160099889,0.0006296577806248978
1.18791,0.02451455452275249,0.0006206994761517422
1.19055,0.02596111098779134,0.0006486195137814445
1.1932,0.02427050423140955,0.0006086825357370938
1.19584,0.02403279481132076,0.0006091447414889342
1.19848,0.02479331936736959,0.0006181946388408042
1.20113,0.02654079481132075,0.0006553923143839807
1.20377,0.02484710231687014,0.0006205678195569551
1.20642,0.02549991904827969,0.0006330563332172726
1.20906,0.02346768125693674,0.0005955226356066653
1.2117,0.02351436334628191,0.0005883584201091917
1.21435,0.02403736161209766,0.0006020601904922378
1.21699,0.02409066155660378,0.0006001327137510487
1.21963,0.02571037187846837,0.0006318420451600654
1.22228,0.02240588290788013,0.000570678902927807
1.22492,0.0256972689372919,0.0006272213458095036
1.22757,0.02522616738346282,0.0006205983108509425
1.23021,0.02434481374861265,0.0005998391658555963
1.23285,0.02368822454217536,0.0005885503604913551
1.2355,0.02486175957269701,0.000612524517182377
1.23814,0.02495904273029967,0.0006115224774055175
1.24078,0.02400841107103219,0.0005972304668782464
1.24343,0.02308027233629301,0.0005764880777056903
1.24607,0.02135579800221976,0.0005400761885828448
1.24871,0.02296676845172032,0.0005710154312883827
1.25136,0.02166377434794673,0.0005437908480999804
1.254,0.02331863873473918,0.0005775907237592666
1.25665,0.02280561875693674,0.0005666199974802847
1.25929,0.02157209496392897,0.0005437974535101232
1.26193,0.02091839692008879,0.0005246034583477997
1.26458,0.02170122440344062,0.0005409192509015854
1.26722,0.02191987458379578,0.000547244458819929
1.26986,0.02336191003052164,0.0005735290207968433
1.27251,0.02219051304106548,0.0005520998384064421
1.27515,0.02061365052719201,0.0005173460812044606
1.2778,0.0210040513318535,0.0005273923581932515
1.28044,0.02132041731409545,0.0005278701135774626
1.28308,0.02210191710599334,0.0005445604979520043
1.28573,0.02132098043840178,0.0005332255394916553
1.28837,0.01979830375971143,0.0004956495703295074
1.29101,0.02043069922308546,0.0005172129402436322
1.29366,0.02120210169256381,0.0005235391433780065
1.2963,0.02078997939789123,0.0005173636896173815
1.29895,0.02120770775527192,0.0005259875899979845
1.30159,0.02130359683684795,0.0005222003419581298
1.30423,0.02152264303551609,0.0005331893179138354
1.30688,0.01949486445615983,0.0004853343602870265
1.30952,0.02030813498890122,0.0005059372159637494
1.31216,0.01853528690344063,0.0004670270332072737
1.31481,0.01796806506659268,0.0004574637180460085
1.31745,0.01763459933407325,0.000449799716958913
1.3201,0.01934860779689234,0.0004801817459754786
1.32274,0.01975770387069923,0.0004901651657828888
1.32538,0.02040986591287458,0.0004991678859961375
1.32803,0.02023475256659268,0.0004956881365151116
1.33067,0.01910837347391788,0.000479221003956887
1.33331,0.01769512604051054,0.0004432109669623249
1.33596,0.01988580320477248,0.0004906135147532742
1.3386,0.01882009961154273,0.0004685905261190951
1.34124,0.01834450450887902,0.0004576414764322827
1.34389,0.01682028038290788,0.0004269431799436424
1.34653,0.01832945123473918,0.000454258125631745
1.34918,0.0174499723917869,0.0004407927062455029
1.35182,0.02042770962819091,0.0004943798227868039
1.35446,0.01813138713928969,0.0004534723269133174
1.35711,0.01633981860432852,0.0004160872574300769
1.35975,0.01871018507214207,0.0004637317094184459
1.36239,0.01788131874306326,0.0004482964796695073
1.36504,0.01762096531631521,0.0004374226843633633
1.36768,0.01846345879578246,0.0004581826551380227
1.37033,0.01731406714761376,0.0004345147854399969
1.37297,0.01714193195061043,0.0004311141137940823
1.37561,0.01893130750554939,0.0004707025897679663
1.37826,0.01789492529134295,0.00044213435229107
1.3809,0.01668953253329633,0.00042284822117937
1.38354,0.0163065759572697,0.0004139893150600786
1.38619,0.01478976859045505,0.0003831566258786888
1.38883,0.01740015878190899,0.0004333294395877776
1.39148,0.01824568763873474,0.000451411157746271
1.39412,0.01589286043285238,0.0004048761300118507
1.39676,0.01551179009433962,0.0003930767046455816
1.39941,0.01723552275249722,0.0004295693759269552
1.40205,0.01516967376526082,0.000386400304769344
1.40469,0.01696491176470588,0.0004281419269966866
1.40734,0.01579223744450611,0.000399066055949162
1.40998,0.01675821767480577,0.0004176983217928847
1.41263,0.0163631630826859,0.0004084153637218161
1.41527,0.01574073217258602,0.0003967418759720707
1.41791,0.01619691322142064,0.0004075060871978907
1.42056,0.01558420192841288,0.0003943668933711375
1.4232,0.01531918784683685,0.0003874190820593467
1.42584,0.01720536813263041,0.0004248426878861712
1.42849,0.01547841238901221,0.0003916094640650128
1.43113,0.01578011653718091,0.0003976923518420215
1.43377,0.01626111854883463,0.0004059494530444019
1.43642,0.01576466953385127,0.0003937427020040763
1.43906,0.01530199882075472,0.0003869370540300212
1.44171,0.01508215371809101,0.0003810425301777185
1.44435,0.01529385640954495,0.0003845530243973122
1.44699,0.01575071503884572,0.0003932902447276805
1.44964,0.01475262527746948,0.0003746551266636071
1.45228,0.01519433677857936,0.0003814242492813482
1.45492,0.01474265156770255,0.0003714611699442968
1.45757,0.01492585467536071,0.0003744613183604684
1.46021,0.01403161327691454,0.0003568499015878051
1.46286,0.01357019929245283,0.000346726686284999
1.4655,0.01409023314372919,0.0003584297410893386
1.46814,0.01460608018867925,0.0003666653481176162
1.47079,0.01274891911764706,0.0003303375786062034
1.47343,0.01324740545227525,0.0003380468520008292
1.47607,0.01422644741953385,0.0003613125883705029
1.47872,0.01392157970310766,0.0003507811997351834
1.48136,0.013642400527192,0.000348151463401904
1.48401,0.01405773446170921,0.0003581397937275513
1.48665,0.01417340156770255,0.0003567845772583133
1.48929,0.0129358054245283,0.0003302691023993163
1.49194,0.01273595810210877,0.0003236616888382517
1.49458,0.0147580894145394,0.0003715308236093394
1.49722,0.01402168534961154,0.0003520208842540536
1.49987,0.01343098397613762,0.0003403179460065144
1.50251,0.01350057561043285,0.0003446058459987451
1.50516,0.01379466842397336,0.0003463838554399336
1.5078,0.01301763013318535,0.000330823685978433
1.51044,0.01396079238346282,0.0003509092587833007
1.51309,0.01271925665926748,0.000323781468701029
1.51573,0.0130544621254162,0.0003326980487893027
1.51837,0.01261259496392897,0.0003195980956193382
1.52102,0.01272149313263041,0.0003232237799375673
1.52366,0.01288541724472808,0.000324705126875924
1.5263,0.0123904057991121,0.000313787807137562
1.52895,0.01400429259156493,0.0003508301504066309
1.53159,0.01244019880688124,0.0003176649096288385
1.53424,0.01246862971698113,0.0003197469936314505
1.53688,0.01442177601276359,0.0003573589101568766
1.53952,0.01212722072697003,0.0003081499628221896
1.54217,0.012217993618202,0.0003090232961466219
1.54481,0.01350259690621532,0.0003376443656044941
1.54745,0.01222307547169811,0.0003131501613646454
1.5501,0.01218846621809101,0.0003141705771260338
1.55274,0.01251720948945616,0.0003252218450540931
1.55539,0.01168493236681465,0.0003088821357249704
1.55803,0.01129665357935627,0.0003023500459271202
1.56067,0.01306201165371809,0.0003445157976410055
1.56332,0.01229001630133185,0.0003250422330891805
1.56596,0.01210569381243064,0.0003270299678516817
1.5686,0.01031548959489456,0.0002833356962630872
1.57125,0.01224689379855716,0.0003335772300815413
1.57389,0.01226461847946726,0.0003319764478422653
1.57654,0.01038105466148724,0.0002879059645386334
1.57918,0.01194473182574917,0.0003298671298982657
1.58182,0.01236975561875693,0.0003374787672054438
1.58447,0.01089622870421754,0.000305735283495926
1.58711,0.01212960599334073,0.0003323973179897083
1.58975,0.01102332311320755,0.0003082075747168714
1.5924,0.01015261161209767,0.0002929074766924795
1.59504,0.009981595796337403,0.0002834661367410387
1.59769,0.01119696913152054,0.0003168609163981241
1.60033,0.01171052705327414,0.0003273401224105208
1.60297,0.01159687208657048,0.0003249862845325766
1.60562,0.01175179078801332,0.0003283101026624765
1.60826,0.009907231340177581,0.0002777934832862026
1.6109,0.01037653364317425,0.0002887732924240021
1.61355,0.01150724146781354,0.0003104901102910564
1.61619,0.01188579605993341,0.000318870778133092
1.61883,0.01055897676193119,0.0002885291661797208
1.62148,0.01053352400110988,0.0002846670060909324
1.62412,0.01218962909267481,0.0003247595528107486
1.62677,0.01052392112930078,0.0002825937460738395
1.62941,0.009621823460044397,0.0002646926041399641
1.63205,0.00892883948390677,0.0002455465148063551
1.6347,0.008983647960599335,0.0002463344147007003
1.63734,0.009508239456159823,0.0002591641163413444
1.63998,0.01191839546337403,0.000313196617263675
1.64263,0.009471602039400662,0.0002566743744396664
1.64527,0.01090195609045505,0.000287478865132667
1.64792,0.008755573460044396,0.000239898260194278
1.65056,0.01035161424805771,0.0002764027319950509
1.6532,0.009876277816315206,0.00026439408865555
1.65585,0.01061576990843507,0.0002824896813185291
1.65849,0.009791850374583798,0.0002604238054586572
1.66113,0.008930702830188679,0.0002421020265195147
1.66378,0.0107032785099889,0.0002833040496954921
1.66642,0.00987983969200888,0.0002645346556995005
1.66907,0.01020667383462819,0.0002733745487985368
1.67171,0.01097374986126526,0.000286989628962423
1.67435,0.009380955049944508,0.0002522318839567205
1.677,0.01026080244173141,0.0002713987095656097
1.67964,0.009155616051609325,0.0002456421514470294
1.68228,0.009094972599889012,0.000244082579372068
1.68493,0.009199173487791345,0.0002463864216698692
1.68757,0.009513744797447281,0.0002535093457585559
1.69022,0.01102126061320755,0.0002858614449985918
1.69286,0.007676645602108771,0.0002098801095030053
1.6955,0.009026424805771366,0.0002431044845084719
1.69815,0.008931929800221979,0.0002397874386210324
1.70079,0.008649783920643731,0.0002346969038384724
1.70343,0.01013439248057714,0.0002642634249629319
1.70608,0.008240907602663708,0.0002223029841775079
1.70872,0.009166546614872364,0.000242586424001008
1.71137,0.009593209420088792,0.0002536611921746318
1.71401,0.008876468923418422,0.0002374490429080311
1.71665,0.01009636098779134,0.0002648383103765635
1.7193,0.008576467882907876,0.0002305072315035495
1.72194,0.008931414747502777,0.0002373395710083182
1.72458,0.009383905729744728,0.0002482587748918078
1.72723,0.008831485363485015,0.0002343210800009337
1.72987,0.008382434933407325,0.0002243957757974468
1.73251,0.008683372225305219,0.0002327107590086758
1.73516,0.01003614560210877,0.0002595352066537122
1.7378,0.008854426956159822,0.0002350835124362004
1.74045,0.008667895463374032,0.0002297150802366916
1.74309,0.01034812562430633,0.0002682350010406768
1.74573,0.008392207200332963,0.0002240223116497837
1.74838,0.00883846261098779,0.0002320113983185318
1.75102,0.008132851831298559,0.0002194021203666641
1.75366,0.007600635266370702,0.0002030136419031565
1.75631,0.01043474833518313,0.0002681661275550432
1.75895,0.008318987305771366,0.0002220562783807701
1.7616,0.008590113346281908,0.0002271083980319259
1.76424,0.008624072488901222,0.0002289671304977825
1.76688,0.007872120699223087,0.0002085587892367859
1.76953,0.009410237513873473,0.0002457795507803651
1.77217,0.007752472807991123,0.0002080438662557013
1.77481,0.00811229092674806,0.0002162285329392138
1.77746,0.008530490843507214,0.0002264741560114905
1.7801,0.007535159475582687,0.0002006927260699689
1.78275,0.008469172100443949,0.0002241392680506073
1.78539,0.007721700124861265,0.0002039450416350241
1.78803,0.007812051817425086,0.0002069268209158365
1.79068,0.008756166342952272,0.0002305013539333619
1.79332,0.007290877982796893,0.0001936599810846769
1.79596,0.007022700332963375,0.0001907418269705695
1.79861,0.008749614872364043,0.000227016093696077
1.80125,0.006708131312430633,0.0001813538619008196
1.8039,0.008957627497225305,0.0002339724321247014
1.80654,0.007412760058268592,0.0001973279741003535
1.80918,0.007420002844062156,0.0001995188512834023
1.81183,0.007124463304661487,0.0001911715421847448
1.81447,0.007160720726970037,0.0001920121889096973
1.81711,0.007682237930077693,0.0002036540025131281
1.81976,0.006810109461709214,0.0001827713461475873
1.8224,0.007214368618201996,0.0001944642351701234
1.82504,0.008108561945061044,0.0002137846443945069
1.82769,0.005751021434517205,0.0001589866721170868
1.83033,0.008152625277469478,0.0002150104437151553
1.83298,0.006971087472253055,0.0001870645455826156
1.83562,0.005593046753607105,0.00015469416645482
1.83826,0.007127551331853496,0.0001930214913258212
1.84091,0.008371753884572697,0.0002223901334192299
1.84355,0.006939994311875691,0.0001877319203705199
1.84619,0.006044999791897892,0.0001662155173191253
1.84884,0.007192507491675916,0.0001918749143174785
1.85148,0.007094956506659269,0.0001921721207273114
1.85413,0.005846491606548277,0.0001620300938514313
1.85677,0.007104186251387347,0.0001905279579641255
1.85941,0.006458731340177578,0.0001768134438016872
1.86206,0.006391101484461712,0.0001730401665952405
1.8647,0.007781633948390678,0.0002082587008883454
1.86734,0.006770853288013317,0.000183586581869259
1.86999,0.00797216225027747,0.0002110544014799806
1.87263,0.005651771920088788,0.0001577465199117261
1.87528,0.006399827622086569,0.0001744077258095141
1.87792,0.008217998057713654,0.0002184185291029793
1.88056,0.007537860640954496,0.0002021877674676776
1.88321,0.006102523168701441,0.0001667775870941312
1.88585,0.007917234739178691,0.0002128938466531094
1.88849,0.006943778232519421,0.0001864865488480178
1.89114,0.006036221004439513,0.0001664810814588876
1.89378,0.0070612262763596,0.000189400968584189
1.89643,0.007411610918423974,0.0001993543915049241
1.89907,0.006174822835738068,0.0001700690826276331
1.90171,0.006087263873473917,0.0001657180869364833
1.90436,0.006243366051609325,0.0001711339196171648
1.907,0.006171288429522753,0.0001683019884021642
1.90964,0.00522685342674806,0.0001461774398854519
1.91229,0.007034578593229745,0.0001905274843666927
1.91493,0.006599963374028856,0.0001790993301119783
1.91757,0.007059394977802443,0.0001901595121374115
1.92022,0.005123591079356272,0.0001435579204052607
1.92286,0.007228957200332961,0.0001957025846425361
1.92551,0.00586261619034406,0.000160215976485684
1.92815,0.00582315170643729,0.0001598315269072788
1.93079,0.007056460321864594,0.0001919339458692516
1.93344,0.00732627011653718,0.0001960329206146231
1.93608,0.005938031354051056,0.0001631174760530111
1.93872,0.005904832200332967,0.0001622237703110325
1.94137,0.006533958795782465,0.0001796367800316362
1.94401,0.005659447350166482,0.0001567425935504309
1.94666,0.008356847114317429,0.0002203926120126554
1.9493,0.005052406215316316,0.0001415175660598634
1.95194,0.006716639983351829,0.0001815861487153229
1.95459,0.006368381936736959,0.0001738321848602486
1.95723,0.007271285377358489,0.0001963482706273862
1.95987,0.006723585183129856,0.0001819609052987537
1.96252,0.006517596143174249,0.0001786380561782954
1.96516,0.00548955549389567,0.0001515319502607899
1.96781,0.005983566592674803,0.0001642321890671
1.97045,0.006392582547169812,0.0001741961024699342
1.97309,0.006037280868479464,0.0001660157491239511
1.97574,0.006094934725305217,0.000167713638040172
1.97838,0.006209539678135407,0.0001697786866482596
1.98102,0.006218339067702553,0.0001711619071146593
1.98367,0.005504638526637073,0.0001518863309262225
1.98631,0.00668939026082131,0.0001814557035318832
1.98896,0.006830782533296337,0.0001851818621842804
1.9916,0.007506376040510543,0.0002009257411520182
1.99424,0.005139685904550498,0.0001420371234723776
1.99689,0.005586563956714761,0.0001534278481910655
1.99953,0.004745448529411764,0.0001323318440043728
2.00217,0.004568581714761377,0.0001279098241102984
2.00482,0.005650966148723641,0.0001553076412667098
2.00746,0.005056519769700331,0.0001401739046808723
2.0101,0.004920426817425084,0.0001358167178536676
2.01275,0.005975849958379581,0.0001632819098647419
2.01539,0.006047403371254164,0.0001633379686320076
2.01804,0.005724923140954498,0.0001578896203099604
2.02068,0.006184391370699223,0.0001681875551541492
2.02332,0.006780611820199775,0.0001817654314551392
2.02597,0.004457740080466149,0.0001248602103003585
2.02861,0.006062168215871255,0.0001636753046481538
2.03125,0.005292093437846839,0.0001459821756590801
2.0339,0.005134034059378465,0.0001415355645948672
2.03654,0.006014604814095448,0.0001644370460788117
2.03919,0.006350703038290788,0.00017153309398381
2.04183,0.005737639220310765,0.0001559060993358129
2.04447,0.003354025596559381,9.570508135958702e-05
2.04712,0.005588180077691455,0.0001525588870783168
2.04976,0.00523282574916759,0.0001441495702328065
2.0524,0.004493951720310765,0.0001256523620102816
2.05505,0.006131970449500555,0.0001660388554865713
2.05769,0.006421881034961153,0.0001736490677640626
2.06034,0.005428470241398446,0.0001476031930751711
2.06298,0.004898206298557162,0.0001358913876071602
2.06562,0.003483834905660376,9.845062590059532e-05
2.06827,0.00529762167036626,0.0001450561325391839
2.07091,0.005435044603218645,0.0001494236733058448
2.07355,0.004779155868479467,0.0001318054385344974
2.0762,0.005592765191453943,0.0001529873828873222
2.07884,0.003855474056603773,0.0001081792458860748
2.08149,0.0052283756936737,0.0001434639770096763
2.08413,0.005621992716426195,0.0001544116863564797
2.08677,0.003899667869034407,0.0001088774390402736
2.08942,0.005813791481687013,0.0001596895028381817
2.09206,0.005217786209766925,0.0001435900792986752
2.0947,0.004475016093229742,0.0001249822706193248
2.09735,0.005653143104883461,0.0001544680830580685
2.09999,0.004324792383462816,0.0001209986156024986
2.10263,0.005369637486126524,0.0001489966263529083
2.10528,0.00624387881520533,0.0001670066169227772
2.10792,0.004969018035516094,0.0001382065231055428
2.11057,0.004209832616537179,0.0001190208621320744
2.11321,0.004854884642064369,0.0001387458529993218
2.11585,0.004692940621531634,0.00013670639769461
2.1185,0.005185999445061042,0.0001477986117014338
2.12114,0.00507885245560488,0.0001486648064036817
2.12378,0.003972903787458381,0.0001165570807959382
2.12643,0.005131101692563817,0.0001495447280276294
2.12907,0.005429475166481687,0.0001599125880494846
2.13172,0.004744812153163155,0.0001411161666341607
2.13436,0.004925179037180908,0.0001475470590304372
2.137,0.005884582616537182,0.0001725285654754599
2.13965,0.004415013596004442,0.0001341696662120625
2.14229,0.004752075541065483,0.0001432564381090311
2.14493,0.005015111820199776,0.0001518899970441848
2.14758,0.003299773376803552,0.0001038857088068973
2.15022,0.004164677372364041,0.0001274860340082525
2.15287,0.00489297336293008,0.0001500657091569808
2.15551,0.004982455188679244,0.0001518256554964072
2.15815,0.005252642688679247,0.0001603415491484141
2.1608,0.005737620907325193,0.0001738031141862194
2.16344,0.004299669256381798,0.0001327438200968058
2.16608,0.004836219131520532,0.0001480805440210572
2.16873,0.004881081367924528,0.000147251433172761
2.17137,0.005127374999999997,0.0001520993933298284
2.17402,0.005359794256381797,0.000157104497161567
2.17666,0.005393945685349615,0.0001585156798381767
2.1793,0.005357109114872366,0.0001563430526218125
2.18195,0.003864742716426195,0.0001153647884603243
2.18459,0.00384498987236404,0.0001146291508471873
2.18723,0.004246843160377357,0.0001257470192180842
2.18988,0.00426790538290788,0.0001257546800608959
2.19252,0.003769961570477248,0.000111719976861348
2.19516,0.005000942147613764,0.0001444859898577251
2.19781,0.00496423147891232,0.000144499967718951
2.20045,0.004567656908990015,0.0001327691137906096
2.2031,0.003897921268035519,0.0001151348854905188
2.20574,0.004335098016093228,0.0001264997917342742
2.20838,0.005047232796892342,0.000145722328558044
2.21103,0.004354695199778025,0.0001274360819291837
2.21367,0.003303113207547172,9.881202293522119e-05
2.21631,0.003304189095449502,9.873577096948321e-05
2.21896,0.004969510197003331,0.0001427510752113666
2.2216,0.004447873959489457,0.0001285355664341196
2.22425,0.004967978773584908,0.0001431784435903467
2.22689,0.004544474958379577,0.000131898358419303
2.22953,0.004851931673140957,0.0001390558392022299
2.23218,0.004931343645948946,0.0001432362257885428
2.23482,0.003528685696448391,0.0001040536116103284
2.23746,0.004342688748612653,0.0001278021405789708
2.24011,0.005174926956159821,0.0001483849966875847
2.24275,0.005036711986681463,0.0001461999204983911
2.2454,0.003669716287458381,0.0001084056097177631
2.24804,0.004293783920643729,0.0001260557358846304
2.25068,0.004150555771365147,0.0001221045866380078
2.25333,0.004938870283018869,0.0001423401792186041
2.25597,0.00448634496392897,0.0001311840063471094
2.25861,0.004383453454495007,0.0001281955169870338
2.26126,0.004678336015538292,0.0001364439740044058
2.2639,0.003395973779134295,0.0001009327571593178
2.26655,0.004589650804661487,0.0001339727872189673
2.26919,0.005849334697558267,0.0001688736769181716
2.27183,0.003877584697558267,0.0001140268469544124
2.27448,0.002593214900110989,7.837385058737961e-05
2.27712,0.003466130826859047,0.0001027682396935881
2.27976,0.00451450804661487,0.0001337039641235399
2.28241,0.002392651082130967,7.317076242640232e-05
2.28505,0.005164193257491675,0.0001487784882324901
2.28769,0.004052645394006663,0.0001192085341023477
2.29034,0.003633756451165371,0.0001067224424495008
2.29298,0.004528821933962263,0.0001326686344907508
2.29563,0.004350238276914541,0.0001267852309411851
2.29827,0.004765359322974472,0.0001383529494920588
2.30091,0.004015836293007769,0.0001202170014783063
2.30356,0.003508021781354051,0.0001032901125838267
2.3062,0.005325333795782463,0.0001541694736593564
2.30884,0.004298918423973365,0.0001256754518734316
2.31149,0.003560328246392894,0.000106853279892923
2.31413,0.003703338928967815,0.0001100646769112435
2.31678,0.003835911209766925,0.0001140035734304785
2.31942,0.002312348640399557,7.087131024124888e-05
2.32206,0.003828986612097669,0.0001122785392917013
2.32471,0.003480508809655942,0.0001042991633531042
2.32735,0.005125285030521643,0.0001490839329231643
2.32999,0.003679417591564928,0.000109346942510926
2.33264,0.004556376109877914,0.0001354916612504727
2.33528,0.003579350860155383,0.0001051827192687187
2.33793,0.00326995983629301,9.855858033518789e-05
2.34057,0.0031605237236404,9.458715046560914e-05
2.34321,0.004343554037180907,0.0001275730158285218
2.34586,0.004638770810210874,0.0001372001512791177
2.3485,0.003962863693118754,0.0001171265886431131
2.35114,0.002778656770255269,8.404435070223372e-05
2.35379,0.004355134711431742,0.0001272246129878223
2.35643,0.004579528301886795,0.0001332848050895427
2.35908,0.005252132214206438,0.0001529723285090652
2.36172,0.003922417175360711,0.0001161546502337214
2.36436,0.00402183837402886,0.00011880434016909
2.36701,0.002987145532741399,8.940342769426314e-05
2.36965,0.002513869311875694,7.620386327468152e-05
2.37229,0.003758314511653719,0.0001117018675571789
2.37494,0.003847819228634848,0.0001140386460264597
2.37758,0.00278186612097669,8.528192857781998e-05
2.38022,0.00350367702552719,0.0001034807468908712
2.38287,0.002580720865704773,7.932286209219009e-05
2.38551,0.003091032810765812,9.186802243214586e-05
2.38816,0.003633859461709216,0.000108603998953938
2.3908,0.004144961154273028,0.0001227928016142441
2.39344,0.005164928066037734,0.0001498234989004098
2.39609,0.003561385821309656,0.0001066043376030465
2.39873,0.003342953107658157,9.958368496315862e-05
2.40137,0.003281799181465038,9.856159448537576e-05
2.40402,0.003610423418423971,0.0001060880613258404
2.40666,0.003195087194783574,9.58752992488261e-05
2.40931,0.001986913152053273,6.123982337205604e-05
2.41195,0.004510463165926746,0.0001313143658414385
2.41459,0.002853332547169812,8.661683571548672e-05
2.41724,0.00418119568534961,0.0001224260940853281
2.41988,0.003175316037735848,9.549161028134325e-05
2.42252,0.003500904897336297,0.0001049061271432467
2.42517,0.003918853010543843,0.0001151788512736221
2.42781,0.004315413845726972,0.0001275515687813047
2.43046,0.00410246587125416,0.0001206462978159108
2.4331,0.004356075541065487,0.0001281054475289323
2.43574,0.003962687430632632,0.0001172113446336249
2.43839,0.003687294464483909,0.0001102233688754688
2.44103,0.003683945477247501,0.0001096633188901399
2.44367,0.004751407117092121,0.0001383127065760146
2.44632,0.003415168077136515,0.0001023061497375828
2.44896,0.004346197974472807,0.0001274251047462007
2.45161,0.002980433823529415,8.966889681132179e-05
2.45425,0.002523691939511657,7.72279673415338e-05
2.45689,0.004461219547724752,0.0001299049967895543
2.45954,0.001906226137624861,5.907119324183636e-05
2.46218,0.003889277538845726,0.0001155912601925358
2.46482,0.003727805077691452,0.0001100766081565254
2.46747,0.003114718368479467,9.338637416782638e-05
2.47011,0.00399947592952275,0.0001192319059018333
2.47275,0.003857737999445064,0.0001155930658278253
2.4754,0.004458909822419531,0.0001300636692063197
2.47804,0.003021992855160933,9.120584545429078e-05
2.48069,0.003130840663152053,9.442129553348779e-05
2.48333,0.003333025180355157,0.0001008359900245782
2.48597,0.003924291967258601,0.000117107706669863
2.48862,0.003104222738623749,9.327707516279535e-05
2.49126,0.003592632352941176,0.0001082613132805672
2.4939,0.001901709697558269,5.842871052663229e-05
2.49655,0.003599518035516093,0.000108055134677678
2.49919,0.002589353149278577,7.874548780601858e-05
2.50184,0.003270969339622645,9.82407139075971e-05
2.50448,0.003453259087125415,0.0001038532533387266
2.50712,0.005320359531076583,0.000155118013508917
2.50977,0.002888223362930079,8.739030850899687e-05
2.51241,0.003053488901220867,9.197162808316538e-05
2.51505,0.003917937361265261,0.0001169658819676411
2.5177,0.003570622433407325,0.000107631534985545
2.52034,0.002941111265260821,8.878922651449997e-05
2.52299,0.002557532047724752,7.846555497946669e-05
2.52563,0.002771812291897894,8.442154422578118e-05
2.52827,0.003957280521642619,0.0001180496473569211
2.53092,0.004639471281908993,0.0001362287966347661
2.53356,0.003717893174250835,0.000110485922523344
2.5362,0.003535044880688125,0.0001065751077129648
2.53885,0.003360062014428412,0.0001011347226432373
2.54149,0.004184823945615982,0.0001242134189442609
2.54414,0.003338887624861265,0.0001009380461055388
2.54678,0.003268975513318536,9.887310016181763e-05
2.54942,0.002438463304661491,7.483982296979061e-05
2.55207,0.003953189858490565,0.0001178149936528565
2.55471,0.004032718576581576,0.0001199204083103884
2.55735,0.003930156700887902,0.0001175858610887253
2.56,0.002879314095449502,8.821685024309342e-05
2.56264,0.004079853912319646,0.0001226817135465013
2.56529,0.00352202205882353,0.0001051556929347966
2.56793,0.003985677094894563,0.0001191568512031452
2.57057,0.003530613138179802,0.0001058370356886558
2.57322,0.001913198806881239,5.958068387568229e-05
2.57586,0.003815476206992231,0.000113839897269686
2.5785,0.00153018958102109,4.780913963267123e-05
2.58115,0.002510012139289676,7.781937872417475e-05
2.58379,0.004059972877358493,0.0001212273135668253
2.58643,0.002620155591009987,8.033815535708152e-05
2.58908,0.004575426193118757,0.0001350870727941821
2.59172,0.003663505896226417,0.000110077923811411
2.59437,0.003155760058268591,9.622931421777789e-05
2.59701,0.002475583726415094,7.584800632756787e-05
2.59965,0.002544905244173144,7.800631975633398e-05
2.6023,0.003520179314650388,0.0001061764172357265
2.60494,0.003355843160377356,0.0001020201692913406
2.60758,0.003625142480577139,0.0001105557125707372
2.61023,0.002352937083795784,7.279240737817239e-05
2.61287,0.004630864178690347,0.000137375301313972
2.61552,0.002148989941731409,6.699315175194818e-05
2.61816,0.002989821517758047,9.11827357769283e-05
2.6208,0.004058516995005551,0.0001210430210684828
2.62345,0.003886837333518315,0.0001169003561404893
2.62609,0.002572081714761378,7.947405046121454e-05
2.62873,0.004564669603218645,0.0001356793353083416
2.63138,0.00260499472807991,8.020120303457181e-05
2.63402,0.002024191523307439,6.309370377119434e-05
2.63667,0.002078883254716979,6.481480601602035e-05
2.63931,0.003667424875138736,0.0001116388868228457
2.64195,0.002859410169256379,8.774016268978529e-05
2.6446,0.004606235502219758,0.0001357207238861517
2.64724,0.002981125138734742,9.083352186806682e-05
2.64988,0.002981262486126528,9.178878588843106e-05
2.65253,0.003159928551609323,9.697153984294578e-05
2.65517,0.003797492855160932,0.0001144828681800067
2.65782,0.004424925499445059,0.0001317997481214963
2.66046,0.00383661854883463,0.0001157281852371945
2.6631,0.002148172724750277,6.677381200035924e-05
2.66575,0.00322513880410655,9.763499610017777e-05
2.66839,0.004535911348501663,0.0001359064209913736
2.67103,0.003525773931742511,0.0001093073304515875
2.67368,0.002354926331853495,7.583727386277253e-05
2.67632,0.003771779134295228,0.0001200042431636998
2.67896,0.002745123404550498,8.851212468013992e-05
2.68161,0.002412035377358489,8.015348185792427e-05
2.68425,0.002883777885682574,9.58208914587426e-05
2.6869,0.005217962472253054,0.0001655161706047114
2.68954,0.00324413852663707,0.0001071939966366739
2.69218,0.003931781978357378,0.0001285132994494867
2.69483,0.003634479814095451,0.0001215421082250158
2.69747,0.002429604397891234,8.317983341685244e-05
2.70011,0.002834834142619312,9.502839769411283e-05
2.70276,0.00334388020255272,0.0001142695104391249
2.7054,0.00377112673418424,0.0001266230817487712
2.70805,0.003630716495560489,0.0001237972973059312
2.71069,0.003716787527746949,0.0001253433929569194
2.71333,0.00326814227247503,0.0001127940066613522
2.71598,0.003206894492230854,0.0001120250079311664
2.71862,0.00430519291065483,0.0001479735674891079
2.72126,0.003242250000000003,0.000113873072469539
2.72391,0.002579235224750275,9.140519811701781e-05
2.72655,0.002972563817980021,0.0001029328912674288
2.7292,0.003069975166481686,0.0001047090738445471
2.73184,0.003156469686459488,0.0001060079262119693
2.73448,0.002928163984461711,9.831415314581952e-05
2.73713,0.002268983490566041,7.583879165138906e-05
2.73977,0.00346420109600444,0.0001145558472405833
2.74241,0.002099151151498337,7.053600200028721e-05
2.74506,0.003204811390122086,0.0001042062685620271
2.7477,0.002790230577136518,9.204627885987954e-05
2.75035,0.001455042244728084,4.867088944537528e-05
2.75299,0.002804418562708102,9.222379552996372e-05
2.75563,0.004564024070477249,0.0001427143868328141
2.75828,0.002077342674805772,6.818690091353335e-05
2.76092,0.003574534544950053,0.0001154451562553987
2.76356,0.002905812985571587,9.376117523763222e-05
2.76621,0.002776044880688123,8.978817341437879e-05
2.76885,0.00342469082963374,0.000109925816776072
2.77149,0.003208373265815761,0.000102902899726992
2.77414,0.003235311667591566,0.0001038444857902649
2.77678,0.002236674805771365,7.260301852451754e-05
2.77943,0.002890439234184243,9.262509774653747e-05
2.78207,0.004089967258601554,0.0001288595200551938
2.78471,0.003697190344062155,0.0001178798537080592
2.78736,0.003689153232519424,0.0001169666537165914
2.79,0.002024191523307435,6.56728586809856e-05
2.79264,0.00246558254716981,7.990906977550076e-05
2.79529,0.002676122364039955,8.618638090719586e-05
2.79793,0.002339737999445063,7.560016595468179e-05
2.80058,0.002847612028301888,9.039215948066051e-05
2.80322,0.004283505757491673,0.0001341986766271075
2.80586,0.003675654273029966,0.0001164278212331402
2.80851,0.002135925915649277,6.908204124688778e-05
2.81115,0.002197443812430634,7.071290873177015e-05
2.81379,0.003419718854051053,0.0001077384889779308
2.81644,0.003548923834628188,0.0001122836389324712
2.81908,0.003767711362375139,0.000117987286421245
2.82173,0.002145881312430631,6.932023666562763e-05
2.82437,0.001428035169256384,4.657156439146059e-05
2.82701,0.003032364872364043,9.580473621505828e-05
2.82966,0.004566578731964486,0.0001412910014765731
2.8323,0.003101070615982239,9.742409920394414e-05
2.83494,0.0017936035654828,5.812719112322789e-05
2.83759,0.003538160377358489,0.0001099168330461219
2.84023,0.002200490635405103,7.073507214223917e-05
2.84288,0.002861161348501665,9.147665417830933e-05
2.84552,0.002171931534406212,6.894039305690996e-05
2.84816,0.002866565968368482,9.172385683736575e-05
2.85081,0.002451131312430631,7.845653690717537e-05
2.85345,0.002286607450055494,7.327365901929545e-05
2.85609,0.002282148238068811,7.305542495534959e-05
2.85874,0.002759228981687014,8.75455169287092e-05
2.86138,0.003457759503329634,0.0001090601359358407
2.86402,0.003407309517203106,0.0001071667733109855
2.86667,0.003603279064927857,0.0001128187366545699
2.86931,0.002075710529966701,6.68211696748771e-05
2.87196,0.003335030452275251,0.000104118610160677
2.8746,0.003203204425638181,0.00010183185413207
2.87724,0.003250403856825752,0.000102563988691131
2.87989,0.003769911209766928,0.0001178303156869048
2.88253,0.002669678482241956,8.511088652235819e-05
2.88517,0.002307715455049944,7.459538063178983e-05
2.88782,0.002010227871809099,6.528610519959265e-05
2.89046,0.003502509572697001,0.0001087059846528561
2.89311,0.003284248543285237,0.000104020921175662
2.89575,0.002749355993340732,8.773114306024901e-05
2.89839,0.001086697142064372,3.54437893213209e-05
2.90104,0.003499263596004442,0.0001100904778520922
2.90368,0.003646165788013319,0.0001129575228571599
2.90632,0.003184287111542729,0.0001003653651969626
2.90897,0.003134649764150944,9.950559160845875e-05
2.91161,0.002879103496115427,9.131919648559068e-05
2.91426,0.003213304037180908,0.0001006608961259032
2.9169,0.004146570407880135,0.0001291288493248652
2.91954,0.003416113485016649,0.0001075583542582004
2.92219,0.002782133948390679,8.718745418832235e-05
2.92483,0.004974894214761375,0.0001515292560140972
2.92747,0.002239250069367369,7.160507259717471e-05
2.93012,0.002559029134295226,8.231039041388411e-05
2.93276,0.001807386376248613,5.842840389662122e-05
2.93541,0.003373368687569367,0.0001048808955977321
2.93805,0.003105417660932297,9.750657623018634e-05
2.94069,0.003597002289123195,0.0001117417367462302
2.94334,0.002668730785238624,8.546879982335449e-05
2.94598,0.003374803967813541,0.0001045265296254788
2.94862,0.004742078940066596,0.000145557198182966
2.95127,0.002369079980577137,7.602762997414992e-05
2.95391,0.004619830604883465,0.0001412290732999671
2.95655,0.003005334905660378,9.4557195563387e-05
2.9592,0.00178874146781354,5.703895403960249e-05
2.96184,0.00347223591842397,0.0001089912152592754
2.96449,0.002418161071032189,7.803314764054554e-05
2.96713,0.002621723640399557,8.331529389195366e-05
2.96977,0.002819986889567146,8.964443750199622e-05
2.97242,0.003317017341842397,0.0001039127209884937
2.97506,0.003553776775804665,0.0001121347822191805
2.9777,0.003094100235849058,9.744007379918297e-05
2.98035,0.002987449986126526,9.407463857203099e-05
2.98299,0.002866442355715873,9.125987431934445e-05
2.98564,0.00327779092674806,0.000102563213259255
2.98828,0.002317467119866814,7.42785546950717e-05
2.99092,0.002909773168701441,9.149622688064434e-05
2.99357,0.00361458275527192,0.0001128860810906766
2.99621,0.002646256173695895,8.456981364505118e-05
2.99885,0.002939261653718093,9.293459132330137e-05
3.0015,0.00210358289400666,6.759888900200881e-05
3.00414,0.002525520948945617,8.064638851640515e-05
3.00679,0.004921864386792454,0.0001496189484772328
3.00943,0.001551737097669256,5.061237184482236e-05
3.01207,0.004241349264705882,0.0001297726639233436
3.01472,0.002854323737513872,9.075714795412019e-05
3.01736,0.002370222253052164,7.595190004690257e-05
3.02,0.002974056326304105,9.381805156482689e-05
3.02265,0.002931245144284129,9.247984679299234e-05
3.02529,0.002614943257491674,8.276425845506545e-05
3.02794,0.002774373820754716,8.808671406967853e-05
3.03058,0.001774397821864595,5.707991332163311e-05
3.03322,0.003968829148168702,0.0001232081192578651
3.03587,0.00387190538290788,0.0001200215201548418
3.03851,0.002899469825194231,9.062142961592129e-05
3.04115,0.003280679800221976,0.0001026721860167141
3.0438,0.003016876664816874,9.464439823063885e-05
3.04644,0.002540638318534965,8.011681563640191e-05
3.04908,0.003694301470588236,0.0001150706424053833
3.05173,0.003873054522752497,0.000119457537153802
3.05437,0.003123849680910099,9.797717365217405e-05
3.05702,0.002609971281908991,8.219462088682957e-05
3.05966,0.003393364178690341,0.0001042328991888376
3.0623,0.001057311667591565,3.451692813772869e-05
3.06495,0.002971249861265259,9.272530203547494e-05
3.06759,0.003201515052719199,9.959621943075112e-05
3.07023,0.003620710738068811,0.0001120761825238444
3.07288,0.003390386029411763,0.0001054461865990423
3.07552,0.002422167036625969,7.709367877728839e-05
3.07817,0.002834271018312984,8.946950884959438e-05
3.08081,0.003282774347946724,0.0001017330308079799
3.08345,0.003321558962264151,0.0001032769876976315
3.0861,0.003001903509988902,9.361935351895364e-05
3.08874,0.003971846212541619,0.0001217174719568496
3.09138,0.002877942910654829,9.024785302174706e-05
3.09403,0.003217314581021086,0.0001001901464786173
3.09667,0.003004531423418424,9.467603796707791e-05
3.09932,0.003141867369589346,9.715864214048414e-05
3.10196,0.002045480369034407,6.511106179709051e-05
3.1046,0.00161094755826859,5.162912916190301e-05
3.10725,0.003630521920088793,0.0001119989618118678
3.10989,0.003757009711431744,0.0001161711469124311
3.11253,0.002895125069367369,9.045802590272406e-05
3.11518,0.003279974750277467,0.0001020335010108757
3.11782,0.002806295643729189,8.770963114107135e-05
3.12047,0.003357761445615983,0.000103900880630552
3.12311,0.002349146295782463,7.45752986706633e-05
3.12575,0.002471678482241953,7.765624670691747e-05
3.1284,0.002567162389012211,8.112423642853482e-05
3.13104,0.003347480993340734,0.0001039771256037762
3.13368,0.003320970657602665,0.0001041048744734511
3.13633,0.003776247502774693,0.0001158986598413935
3.13897,0.003068956506659267,9.540664376949296e-05
3.14161,0.005188821933962262,0.0001566958201915154
3.14426,0.003006870907325195,9.483292915638908e-05
3.1469,0.003538320615982244,0.0001095948692984798
3.14955,0.0038153045227525,0.0001175036061154015
3.15219,0.00338802365427303,0.0001048340748916112
3.15483,0.002230606340177581,7.060667830913534e-05
3.15748,0.003343236958934516,0.0001038165715369849
3.16012,0.002574515052719199,8.120098100044743e-05
3.16276,0.002979717327968927,9.3570454061745e-05
3.16541,0.002062749514428414,6.6034811147728e-05
3.16805,0.003109286279134296,9.690405282245627e-05
3.1707,0.002341145810210878,7.425758865128907e-05
3.17334,0.002500326859045507,7.851252276972152e-05
3.17598,0.004492365357935628,0.0001369111876428264
3.17863,0.002208889428412876,6.998959620477963e-05
3.18127,0.003473364456159824,0.0001073830370643533
3.18391,0.00282255070754717,8.837076332612619e-05
3.18656,0.003798694644839068,0.0001164096031162485
3.1892,0.002473528093784681,7.861348352931243e-05
3.19185,0.001817545504994451,5.806103461313864e-05
3.19449,0.003889275249722529,0.0001193495489234652
3.19713,0.002038656492785795,6.499183734854771e-05
3.19978,0.00277905736681465,8.668225244774747e-05
3.20242,0.003070549736403995,9.541563609638255e-05
3.20506,0.003123895463374029,9.668931422888305e-05
3.20771,0.002962384087125419,9.193224340401718e-05
3.21035,0.001690487721975585,5.386517367371678e-05
3.213,0.001778220657602664,5.652755655725885e-05
3.21564,0.003538428204772474,0.0001073685977518011
3.21828,0.004103566939511655,0.000124372689113528
3.22093,0.003286398029966703,0.0001012082106188528
3.22357,0.004527549181465037,0.0001366222322484762
3.22621,0.003957321725860156,0.0001199163075377961
3.22886,0.004007215455049945,0.0001212202755473276
3.2315,0.003926798557158715,0.0001226678341833552
3.23414,0.003566312014428414,0.0001141699804463805
3.23679,0.002730104467258605,8.945137434208074e-05
3.23943,0.003857129092674805,0.0001247686974063566
3.24208,0.003704405660377361,0.0001221132928999516
3.24472,0.003690773931742511,0.0001230391362814136
3.24736,0.003169194922308547,0.0001062352259851228
3.25001,0.003025032810765819,0.0001032986983666921
3.25265,0.003735622433407325,0.0001275706088159531
3.25529,0.004960964900110989,0.0001673766621145058
3.25794,0.001703931742508321,6.07240634505009e-05
3.26058,0.003633081159822419,0.0001254951140901548
3.26323,0.003380703038290787,0.0001176981924181114
3.26587,0.001515772683129857,5.533883825482972e-05
3.26851,0.003723902122641507,0.0001316322075076339
3.27116,0.002414757144839067,8.715462925184621e-05
3.2738,0.001620717536071032,5.969266629692171e-05
3.27644,0.00283244429800222,0.0001028245395129446
3.27909,0.002362471281908989,8.720007050336032e-05
3.28173,0.002975200887902334,0.0001077065830132144
3.28438,0.004158911071032187,0.0001503197715477107
3.28702,0.002527050083240844,9.09534917475854e-05
3.28966,0.003526575124861265,0.0001232463039234074
3.29231,0.003437324500554939,0.0001184758602604534
3.29495,0.003033916897891234,0.0001044952295236518
3.29759,0.003383008185349614,0.0001151718597020192
3.30024,0.003796183476692564,0.0001274343203563566
3.30288,0.003057632214206437,0.0001039878346833549
3.30553,0.003215078107658159,0.0001084582400931745
3.30817,0.003413774001109877,0.000114428110966148
3.31081,0.003295833795782461,0.0001109783612148028
3.31346,0.003853576373473918,0.0001284654752874419
3.3161,0.002396164886237515,8.147070882459557e-05
3.31874,0.001576484808546059,5.478457932722851e-05
3.32139,0.001771815690899004,6.085025736291046e-05
3.32403,0.004287115704772475,0.0001408463236780039
3.32667,0.002446795713096557,8.234271677685204e-05
3.32932,0.001529267064372921,5.253040641205245e-05
3.33196,0.004026153371254161,0.0001325218775244853
3.33461,0.003375502150388459,0.0001122075356546546
3.33725,0.002743761376248613,9.198266259303952e-05
3.33989,0.001940494311875696,6.601841077464943e-05
3.34254,0.001499716773029965,5.08495107845466e-05
3.34518,0.003804282394561595,0.0001243922830592628
3.34782,0.003568841495560492,0.0001166215800640184
3.35047,0.003044895532741401,0.000100034090727863
3.35311,0.002794937014428413,9.231287066764522e-05
3.35576,0.00339020061043285,0.0001111419659520205
3.3584,0.001927242577691455,6.470899591935765e-05
3.36104,0.00321539858490566,0.0001050222611852641
3.36369,0.003607092744173143,0.0001179657102561615
3.36633,0.002575112513873472,8.518104544579629e-05
3.36897,0.003442752011653721,0.0001124378974930621
3.37162,0.002698814442286349,8.813700819489784e-05
3.37426,0.002526335876803552,8.398623877032341e-05
3.37691,0.004083610363485017,0.0001317225930617151
3.37955,0.002543808754162043,8.377721805446163e-05
3.38219,0.003954423695893453,0.0001266061496640185
3.38484,0.002125579078801329,7.05922247514968e-05
3.38748,0.003078724195338512,0.0001005978636362949
3.39012,0.002593336223640401,8.613866195285572e-05
3.39277,0.004927216356825746,0.0001552268254103931
3.39541,0.00336111958934517,0.0001086519565029541
3.39806,0.003728654342397337,0.000120752858305009
3.4007,0.002386781770255269,7.920741138985366e-05
3.40334,0.003657778509988902,0.0001184210892664894
3.40599,0.00285241231964484,9.363269859956783e-05
3.40863,0.003466780937846834,0.0001115611424593337
3.41127,0.003615841773029968,0.0001167072110891735
3.41392,0.002174699084350724,7.210981754534457e-05
3.41656,0.003319757422308546,0.0001077182749652558
3.41921,0.003165617022752499,0.000103053173866421
3.42185,0.002613569783573808,8.562835919197946e-05
3.42449,0.002033714275804664,6.79382412489303e-05
3.42714,0.001703663915094341,5.65821519704313e-05
3.42978,0.003477919811320756,0.0001124002387899878
3.43242,0.001542326512208659,5.193869850420254e-05
3.43507,0.003052344339622642,9.96200713799042e-05
3.43771,0.001924365149833516,6.415883225395215e-05
3.44035,0.002015428759711431,6.668084670466179e-05
3.443,0.001441383046614875,4.848340660865592e-05
3.44564,0.003134560488346285,0.0001019367980346304
3.44829,0.003140789192563816,0.0001009480193193001
3.45093,0.00439275187291898,0.0001386605882230041
3.45357,0.003990502566592673,0.0001267335351809045
3.45622,0.003536590038845727,0.0001134243141184649
3.45886,0.003127294811320756,0.0001016071236518394
3.4615,0.002389162458379577,7.761627276029727e-05
3.46415,0.001777343923418425,5.876139316071373e-05
3.46679,0.001980276983906771,6.527238057284061e-05
3.46944,0.002660732588790232,8.67013858693752e-05
3.47208,0.003063556465038845,9.884438781479248e-05
3.47472,0.002920957824639289,9.448112778182143e-05
3.47737,0.004094309725305214,0.0001287980501802674
3.48001,0.00416317112930078,0.0001302684488967613
3.48265,0.002070466148723644,6.740660245870381e-05
3.4853,0.002863912874583795,9.200880681236551e-05
3.48794,0.003844815899001112,0.0001220541139609729
3.49059,0.002920829633740287,9.431791482898279e-05
3.49323,0.003239958587680357,0.0001025437465453376
3.49587,0.002084887624861263,6.731537783303267e-05
3.49852,0.002463243063263042,8.005306523897676e-05
3.50116,0.004561998196448391,0.0001424638345851388
3.5038,0.002997572488901222,9.612967663593817e-05
3.50645,0.003765761029411763,0.0001187697300606761
3.50909,0.00288455389844617,9.260173567629604e-05
3.51174,0.001789888318534961,5.857130514588255e-05
3.51438,0.002094957477802442,6.875834035990311e-05
3.51702,0.00335691904827969,0.0001063201595502962
3.51967,0.003675407047724749,0.000116671759935313
3.52231,0.002049866329078801,6.683674917441838e-05
3.52495,0.001844371739733632,6.089187093736057e-05
3.5276,0.001956662389012212,6.366235966184711e-05
3.53024,0.002375148446170921,7.666241365947919e-05
3.53288,0.0033382832963374,0.000106033556612791
3.53553,0.002435780452275247,7.916807721522334e-05
3.53817,0.003538556395671476,0.0001125267295471983
3.54082,0.002618548626526082,8.41379076362346e-05
3.54346,0.002751809933407325,8.846956146532438e-05
3.5461,0.002290643174250834,7.504867368771063e-05
3.54875,0.003480064719755824,0.0001104256389237427
3.55139,0.003844907463928968,0.0001208211620380499
3.55403,0.001309678343507213,4.34805470918068e-05
3.55668,0.001665946032186459,5.445269526996115e-05
3.55932,0.002483499514428414,8.04606287040675e-05
3.56197,0.002746238207547171,8.811688264054863e-05
3.56461,0.004444518104883464,0.0001378549473187796
3.56725,0.001958541759156496,6.414799449240358e-05
3.5699,0.003830678274139844,0.0001211143832472026
3.57254,0.002184203523862378,7.04309515861188e-05
3.57518,0.002667547308546056,8.555945840160054e-05
3.57783,0.004113021018312985,0.0001290472161015294
3.58047,0.003364567008879024,0.0001070598651231893
3.58312,0.002598635543840176,8.381698589258588e-05
3.58576,0.003801604120421755,0.0001192942340067864
3.5884,0.002652429938956713,8.545519685685214e-05
3.59105,0.002406166065482799,7.781426634034677e-05
3.59369,0.003517842119866813,0.0001113591506699731
3.59633,0.0005204115566037744,1.742015045200983e-05
3.59898,0.001097781076581577,3.633291874307933e-05
3.60162,4.100277469478418e-05,1.40186495112047e-06
3.60427,0.002752041134850168,8.883264442854139e-05
3.60691,0.002024626456714761,6.580323330570191e-05
3.60955,0.002506589900110988,8.085574540253906e-05
3.6122,0.003177898168701439,0.0001014653941340284
3.61484,0.002422093784683685,7.889671460395523e-05
3.61748,0.002296425499445063,7.408668306331009e-05
3.62013,0.002403599958379579,7.755166598690654e-05
3.62277,0.002179197211431745,7.084680990693551e-05
3.62541,0.002642648515538291,8.477724337442161e-05
3.62806,0.004739709697558268,0.0001473787323298592
3.6307,0.002896789261931185,9.281382359379693e-05
3.63335,0.003553646295782462,0.0001129747795034444
3.63599,0.003774638249167595,0.0001189944702735247
3.63863,0.003423642411209766,0.0001085214661745639
3.64128,0.002520084281354052,8.137424211595474e-05
3.64392,0.004325080812985573,0.0001348280193021698
3.64656,0.001917941870144285,6.253816310698745e-05
3.64921,0.003489688193673696,0.0001111435357486616
3.65185,0.003202783226970032,0.000102083995459929
3.6545,0.003147260543840178,0.0001000542726405552
3.65714,0.0008350561182019971,2.786925749599416e-05
3.65978,0.001732889150943393,5.690028570882072e-05
3.66243,0.002530383046614869,8.164084640264618e-05
3.66507,0.002700387069922308,8.678623703574945e-05
3.66771,0.004413903371254163,0.0001372451764320653
3.67036,0.002385705882352943,7.688164837528501e-05
3.673,0.003168773723640399,0.0001007014045248215
3.67565,0.001931912389012208,6.265656843552428e-05
3.67829,0.003190568465593785,0.0001009856096506246
3.68093,0.004059563124306328,0.0001274151835944607
3.68358,0.00385429057991121,0.0001197497443827019
3.68622,0.004136679106548278,0.0001293126706318687
3.68886,0.001671149209211988,5.420843480050312e-05
3.69151,0.001907821656492786,6.196142695302216e-05
3.69415,0.002589465316315205,8.246569856109482e-05
3.6968,0.002596804245283019,8.226704611513506e-05
3.69944,0.001783039261931187,5.817954844555296e-05
3.70208,0.003098863901220867,9.734238394377393e-05
3.70473,0.003193809864039954,0.0001006278983345563
3.70737,0.004008875069367367,0.0001231719601550325
3.71001,0.003011881798002222,9.434908074527726e-05
3.71266,0.003684201859045506,0.0001143904574732144
3.7153,0.00254568125693674,8.158126885543316e-05
3.71794,0.002731374930632631,8.667610154742338e-05
3.72059,0.003734489317425082,0.0001162929802142977
3.72323,0.002018608351831297,6.47547293017547e-05
3.72588,0.002518477316870147,8.040834491586927e-05
3.72852,0.002740581784128744,8.668884239226968e-05
3.73116,0.001839260127635962,5.900475097653886e-05
3.73381,0.002847911903440626,9.032351403380501e-05
3.73645,0.001844456437291897,5.913312566544625e-05
3.73909,0.004476314026082131,0.0001379355021079598
3.74174,0.003336561875693674,0.0001037169948735062
3.74438,0.002659951997780242,8.432166690531088e-05
3.74703,0.002747536140399555,8.759730122955573e-05
3.74967,0.003215867855160932,0.0001014462282391678
3.75231,0.002172057436182022,6.881087811739798e-05
3.75496,0.003451352247502776,0.0001077190999584879
3.7576,0.002817841981132074,8.866277267745593e-05
3.76024,0.002893211362375136,9.159360701145559e-05
3.76289,0.002031264913984461,6.505042200329766e-05
3.76553,0.003409262139289675,0.0001066393660982873
3.76818,0.001391150527192013,4.530278925871948e-05
3.77082,0.003100663152053275,9.69243736559962e-05
3.77346,0.002944757838512765,9.293868446788608e-05
3.77611,0.002843091009988901,8.979467468458634e-05
3.77875,0.002103305910099887,6.734024018446257e-05
3.78139,0.0011798140954495,3.862554885601628e-05
3.78404,0.003633980785238623,0.0001130757778372056
3.78668,0.00268810821309656,8.496540967360653e-05
3.78933,0.001736224403440619,5.595216607501742e-05
3.79197,0.003932104744728081,0.0001256911573605197
3.79461,0.001551753121531634,5.28449313585688e-05
3.79726,0.003111129023307433,0.0001031625931464207
3.7999,0.001758277816315207,6.112501390348514e-05
3.80254,0.004499637902330743,0.0001493403911537938
3.80519,0.002583962264150942,8.999180038678333e-05
3.80783,0.002421132352941176,8.503504572193004e-05
3.81047,0.002658397683129858,9.403638356865518e-05
3.81312,0.002153286625971143,7.857351772812241e-05
3.81576,0.002195447697003329,7.958608426122194e-05
3.81841,0.004176074916759157,0.0001455062758338924
3.82105,0.003512158226970035,0.0001265185206636154
3.82369,0.00153997329356271,5.754387421967511e-05
3.82634,0.001581328593229743,5.934824977816906e-05
3.82898,0.001771435696448391,6.667926481582503e-05
3.83162,0.003271504994450611,0.0001203014153853311
3.83427,0.001901760058268588,7.243524116323097e-05
3.83691,0.002955940205327416,0.0001115543558437486
3.83956,0.001486341426193116,5.784221785077538e-05
3.8422,0.003896190690899002,0.0001451831555199741
3.84484,0.00213774347946726,8.289732189827193e-05
3.84749,0.00177654044117647,6.77097216388069e-05
3.85013,0.003092905313540509,0.0001120269657499444
3.85277,0.001877692216981132,6.841650424958697e-05
3.85542,0.001373476206992231,5.080722441361357e-05
3.85806,0.0014286692563818,5.22158855441172e-05
3.86071,0.003111037458379577,0.0001091321703894167
3.86335,0.002828978565482799,9.903665310390599e-05
3.86599,0.002880465524417316,0.0001000984056675383
3.86864,0.00325982130965594,0.0001120398595013603
3.87128,0.002117367993895674,7.487482539881142e-05
3.87392,0.002600109739178689,9.037692414438315e-05
3.87657,0.003026754231409546,0.0001043772549909324
3.87921,0.002421988485016647,8.450018692495722e-05
3.88186,0.002535938748612653,8.805146617785397e-05
3.8845,0.001774015538290789,6.260064340813272e-05
3.88714,0.001755990982241955,6.134422357410223e-05
3.88979,0.002821241329078801,9.736896753609587e-05
3.89243,0.00332735273307436,0.0001131463086547397
3.89507,0.002203077344617093,7.554394191861943e-05
3.89772,0.002289423071587128,7.825214026922239e-05
3.90036,0.002788758670921198,9.400364619769823e-05
3.903,0.00198667050499445,6.792953432136126e-05
3.90565,0.002996535516093232,0.0001003810057988487
3.90829,0.003081903787458381,0.0001026980581223062
3.91094,0.001147999861265262,3.997313839227076e-05
3.91358,0.003057735224750277,0.0001017206159885646
3.91622,0.004951796961709211,0.0001580348574834035
3.91887,0.002145434933407328,7.299824858434405e-05
3.92151,0.002329084420088787,7.803817707083438e-05
3.92415,0.002008428620976691,6.770772818933493e-05
3.9268,0.002869429661487235,9.546238293379004e-05
3.92944,0.003009148584905663,9.888093615287549e-05
3.93209,0.003505647960599334,0.000114384772584951
3.93473,0.002327411071032188,7.702041570279172e-05
3.93737,0.002582380480022199,8.526448538157752e-05
3.94002,0.004034545296892339,0.0001298942975026323
3.94266,0.002482441939511656,8.241316415435694e-05
3.9453,0.003030311528856827,9.940600522137165e-05
3.94795,0.001824053482241956,6.114971215390491e-05
3.95059,0.00263584295227525,8.733494733738561e-05
3.95324,0.002507741329078803,8.348849447063241e-05
3.95588,0.002863814442286348,9.435098436347447e-05
3.95852,0.00307036202830189,0.0001008932740141221
3.96117,0.002594908851276361,8.621695027009958e-05
3.96381,0.002349402677580467,7.79462547388677e-05
3.96645,0.002350313748612652,7.786880068184115e-05
3.9691,0.002993955674250834,9.808833863849366e-05
3.97174,0.001532556534406217,5.205255406993486e-05
3.97439,0.002481865080466146,8.274340786987644e-05
3.97703,0.00280514650388457,9.142457565806235e-05
3.97967,0.002478939581021084,8.191299087709527e-05
3.98232,0.002136537111542728,7.09235447982985e-05
3.98496,0.004381253607103222,0.0001397106575526857
3.9876,0.003245086223640402,0.0001055214663384069
3.99025,0.003650091634295229,0.0001178555395592187
3.99289,0.003298480022197558,0.0001081003628141199
