0.0431807,54.93384990982243,0.393458180315428
0.0458244,47.4997105854606,0.3517699110182697
0.0484682,41.33024796059933,0.3231249545268641
0.0511119,36.32982773307436,0.3136477360540344
0.0537556,32.08764133601554,0.2773296845437313
0.0563993,28.19095894145394,0.2665558199224681
0.059043,25.12416094062153,0.2353584394859422
0.0616867,22.36359527122642,0.2288103592710257
0.0643304,20.15290773654273,0.2121686869823221
0.0669742,18.24850930355161,0.1931747628189126
0.0696179,16.54051319991676,0.1873379815007735
0.0722616,14.97054552511099,0.1673586067762038
0.07490529999999999,13.58028011029412,0.1585393392001247
0.07754900000000001,12.46409114109323,0.1504340707523123
0.08019270000000001,11.34771384572697,0.1376907731275658
0.08283649999999999,10.49270911764706,0.1343352505971276
0.08548020000000001,9.579171188956716,0.1223364575104893
0.08812390000000001,8.843986219478358,0.1225875175408793
0.0907676,8.193068727802443,0.1167209872155549
0.0934113,7.573012348085461,0.1104760115823141
0.096055,7.012410815760267,0.1075427669341805
0.0986987,6.44682382491676,0.09881032350620786
0.101342,5.977704514428414,0.09494783170240083
0.103986,5.594690801886792,0.08736292089015334
0.10663,5.17786918909545,0.08433723778744226
0.109274,4.814525912180911,0.08066567859267558
0.111917,4.559284669811321,0.07597652208000619
0.114561,4.292176956159823,0.07214758344176077
0.117205,3.998312574223085,0.06832433917297931
0.119848,3.734245411348502,0.06441020655082333
0.122492,3.539746052996671,0.06059032483269322
0.125136,3.350672626248613,0.05885366523769898
0.12778,3.061750003468369,0.05422001114687881
0.130423,2.906546489317425,0.05228320556137452
0.133067,2.749526418562708,0.05013357448274396
0.135711,2.592821193812431,0.04624885259484121
0.138354,2.46692525527192,0.04502829468651507
0.140998,2.335547072697003,0.04269135779073058
0.143642,2.178149044811321,0.04012748827725921
0.146286,2.07037222599889,0.0377414838922191
0.148929,1.958872400110988,0.03584649484836324
0.151573,1.83676963027192,0.03466480731654806
0.154217,1.775193383740289,0.03294972613385475
0.15686,1.668479931326304,0.03142981520373426
0.159504,1.579247413984462,0.02962718417227995
0.162148,1.518006867369589,0.02865283914552904
0.164792,1.434658861681465,0.02766844863942517
0.167435,1.363333971975583,0.02587788109196341
0.170079,1.319814123196448,0.02524689448820449
0.172723,1.21860109045505,0.02338654566113875
0.175366,1.18570806118202,0.02298580466253893
0.17801,1.128977842674806,0.02182209765841884
0.180654,1.086147248890122,0.02096032549998568
0.183298,1.030333000138735,0.02018153537154101
0.185941,0.9794265628468369,0.01911405456113351
0.188585,0.9282684364594894,0.01824602458834151
0.191229,0.9117429127358491,0.01797008147058141
0.193872,0.8753893930355162,0.01721430685388951
0.196516,0.8179413512763596,0.0163186642956495
0.19916,0.7704717577691453,0.01544906866420541
0.201804,0.7705125270532743,0.01568930012355967
0.204447,0.7239619707269701,0.01460797123059318
0.207091,0.7225543201997781,0.01441632885416308
0.209735,0.6815159267480578,0.01371976385009157
0.212378,0.6323550374583796,0.01291614635299945
0.215022,0.6433424625416205,0.01299760235029734
0.217666,0.6081123529411765,0.01248954942527529
0.22031,0.5947906631520533,0.01235634301475897
0.222953,0.5653252067147614,0.01163588794721628
0.225597,0.5438127136514983,0.01114930205546294
0.228241,0.5155840475860155,0.01078506378817473
0.230885,0.5045873515538291,0.01054664466329785
0.233528,0.4915966231964484,0.01037277438131848
0.236172,0.4786269318812431,0.01008107374836391
0.238816,0.4599888450332963,0.009724587981598322
0.241459,0.4509214678135405,0.009490369365500011
0.244103,0.4245726983906771,0.008929490957973889
0.246747,0.4225714095449501,0.008970695514662832
0.249391,0.393281391509434,0.008503409501038159
0.252034,0.395313583518313,0.008547474305009461
0.254678,0.3787549361820201,0.008139705299122123
0.257322,0.3580216148723641,0.007791125845380329
0.259965,0.352451628745838,0.007659445015243601
0.262609,0.3481199438124307,0.007569201077384821
0.265253,0.338831391509434,0.007484889880107435
0.267897,0.3276458428135405,0.00717271357016454
0.27054,0.3193751720310766,0.007016019363827362
0.273184,0.3132095789400666,0.006825160917265901
0.275828,0.294111859045505,0.006503953653857175
0.278471,0.3014869790510544,0.006693438694851065
0.281115,0.2908130722807991,0.006491459914867949
0.283759,0.2783869103773585,0.006283194428612633
0.286403,0.2677027025527192,0.005960143532689095
0.289046,0.2549838991398446,0.005810134024196345
0.29169,0.2509540350998891,0.005696841201643324
0.294334,0.2528891682852386,0.005762021982020148
0.296977,0.2437202913429523,0.005591614484322984
0.299621,0.2378910162319645,0.005420400763375766
0.302265,0.235493022336293,0.005381119561517879
0.304909,0.2340689587957825,0.005323235726972082
0.307552,0.225495070754717,0.005215926014749094
0.310196,0.2228823342119867,0.005123348753358032
0.31284,0.2029520144284129,0.004761931177668818
0.315483,0.2059913519700333,0.004812404054019724
0.318127,0.2032861279827969,0.004730764761658237
0.320771,0.2017167257214206,0.00468360522140745
0.323415,0.197086662735849,0.004613198418241466
0.326058,0.1857526644006659,0.004387222073709335
0.328702,0.1858410474472808,0.004443726628989403
0.331346,0.1820810962125416,0.004315915690291405
0.333989,0.1754557258601554,0.004177554906023807
0.336633,0.1729584801609323,0.0040919109382896
0.339277,0.1690641551054384,0.004018041325226681
0.341921,0.1702042071309656,0.00408513724572909
0.344564,0.1655590107519423,0.003964651327538277
0.347208,0.1704296399833519,0.004047360619024434
0.349852,0.1586009163429523,0.003814394457996191
0.352495,0.152121761445616,0.003707154404013409
0.355139,0.1585468243618202,0.003800237386655362
0.357783,0.1504172345310766,0.003667753975542639
0.360427,0.1493418548140955,0.0036340626786189
0.36307,0.1483189532463929,0.003576689154876351
0.365714,0.1402831579495006,0.003454021407248922
0.368358,0.146468309309101,0.003508503219594747
0.371001,0.1358720564650389,0.00335230501260465
0.373645,0.1338851158435072,0.00332022160177955
0.376289,0.134122859600444,0.003289626053483064
0.378933,0.1289422281492786,0.003215991862366538
0.381576,0.1254802108768036,0.003094952891402316
0.38422,0.1370558994173141,0.003318259902761555
0.386864,0.1249261972807991,0.003089111756217465
0.389507,0.1232798232519423,0.003075888530225261
0.392151,0.1215638140954495,0.003061983848228162
0.394795,0.1241588374028857,0.00304791021861956
0.397439,0.1183875755410655,0.002957464369491211
0.400082,0.116764603218646,0.002904471339467982
0.402726,0.1177432720588235,0.002933198386910189
0.40537,0.1081472172586016,0.002761518590218828
0.408013,0.108440435627081,0.002726904955367514
0.410657,0.1096252171198668,0.002779459182201448
0.413301,0.1122349022613763,0.002793222316814627
0.415945,0.109158838027192,0.00275580817776928
0.418588,0.1034382001248613,0.002657957201141618
0.421232,0.1035484168285239,0.002645555196377676
0.423876,0.107381207963374,0.002752326033224178
0.426519,0.09861290468923418,0.002607257039358394
0.429163,0.1020166248612653,0.002743876229056488
0.431807,0.09543898730577137,0.002670048307052738
0.434451,0.1011198448251942,0.002822430468316308
0.437094,0.0915784176609323,0.002700935331126237
0.439738,0.09456245914261931,0.002765239479308399
0.442382,0.09779114150943397,0.002883536870546916
0.445025,0.09723990004162043,0.002869846726780958
0.447669,0.0964935543146504,0.002875578621984313
0.450313,0.09339604786348502,0.002854347674458233
0.452957,0.09076499604605993,0.002761057408984785
0.4556,0.08817545747780245,0.002692935034430096
0.458244,0.08910368548834628,0.002669708228910373
0.460888,0.08543244693396226,0.002609026671937261
0.463531,0.08238097932852387,0.002573037712359918
0.466175,0.08981022336293007,0.002694637489806836
0.468819,0.09038741890954494,0.002763668759785751
0.471463,0.08424580667314097,0.002564199003238252
0.474106,0.0834185221281909,0.00260286494905547
0.47675,0.0831146204217536,0.002591822548505852
0.479394,0.07778746219478358,0.00248627129713444
0.482037,0.07400417563817981,0.002431827065177743
0.484681,0.08363941793840177,0.002514721413024035
0.487325,0.07558775672863484,0.002345394897651098
0.489969,0.07707371816037735,0.00231797589906767
0.492612,0.07660007567980021,0.002308266292349083
0.495256,0.07730807401498334,0.00227990879737213
0.4979,0.07656888637624862,0.002238794565118536
0.500543,0.07429935120699223,0.002177576643236483
0.5031870000000001,0.06934095241398447,0.002058924445755899
0.505831,0.0705825568118757,0.002086194751451101
0.508475,0.06954372294672587,0.002054618003499125
0.511118,0.06851590892064373,0.002003946706174869
0.5137620000000001,0.07061938880410656,0.002048218813824965
0.516406,0.06710653010543841,0.001957023849408991
0.519049,0.06461159642064372,0.001916359151068657
0.521693,0.07081026963096561,0.002012070702356461
0.5243370000000001,0.07009583199223086,0.001997252014417345
0.526981,0.06168078392064373,0.001830156275413475
0.529624,0.06939499403440622,0.001957324797844093
0.532268,0.06682428350443952,0.001913630400432894
0.5349120000000001,0.06399739948668147,0.001837702719822632
0.537555,0.06597375291342952,0.001875350156532528
0.540199,0.06561060640954496,0.001874956373771307
0.542843,0.06534723591842398,0.001858814477638663
0.5454870000000001,0.06204590364872364,0.001787049452143008
0.54813,0.06418166016925639,0.001791227248700229
0.550774,0.0619832182991121,0.001770461858781496
0.553418,0.06272099125971144,0.001767542936351858
0.556061,0.06443438623751388,0.001801372920078628
0.558705,0.06334163665371809,0.001789787519074323
0.561349,0.05952056125138735,0.001672871013242662
0.563993,0.05879029661487237,0.001673315736355652
0.566636,0.06031884947280799,0.001690072578428042
0.56928,0.06120276921476138,0.001718475318668821
0.571924,0.05926475860155383,0.001671523655469427
0.574567,0.05835495345449501,0.001647076744742041
0.577211,0.05718452705327413,0.001619116075891819
0.579855,0.05632609211986681,0.001583682429860433
0.582499,0.05576631680077691,0.001587304843687705
0.5851420000000001,0.05528825402330743,0.001564517027160562
0.587786,0.06038485862930078,0.00167870184398774
0.59043,0.05244932463928968,0.001508856898884005
0.593073,0.05392493007769147,0.001513956527566267
0.5957170000000001,0.05462832956437292,0.001533573972097241
0.598361,0.05770755049944506,0.001596787492800832
0.601005,0.05463850013873474,0.00152495647560974
0.603648,0.04989032526359601,0.001423810524203441
0.6062920000000001,0.05351685724195338,0.001492945513713951
0.608936,0.05592884683684795,0.001537669206414649
0.611579,0.05664650298279689,0.001537108289519615
0.614223,0.0552385228218646,0.001509714293711425
0.6168670000000001,0.05270423682019979,0.001458520969212961
0.619511,0.05197797586015539,0.001434533374874458
0.622154,0.04942094284128746,0.001388413116448356
0.624798,0.05445376331853497,0.001474413258913009
0.6274420000000001,0.05537838138179801,0.001483891745242009
0.630085,0.05102481700887903,0.001410448543382294
0.632729,0.04767721927025527,0.001334543114197099
0.635373,0.0502261922863485,0.001382801485055314
0.6380169999999999,0.04845233927580466,0.001337340236183854
0.64066,0.05182416967258601,0.001411561127969533
0.643304,0.04861921177857936,0.001349519911065333
0.645948,0.05107283365704773,0.001389376133732542
0.6485919999999999,0.04933264907047724,0.001351719623117296
0.651235,0.04992131312430634,0.001373503391301284
0.653879,0.04990589587957826,0.001368593711367412
0.656523,0.04434450541065484,0.001251249299744745
0.659166,0.04525584884850167,0.001271043538497449
0.66181,0.04520608102108768,0.001252288744666735
0.664454,0.04651021739733629,0.001291813557298654
0.667098,0.0464179107935627,0.001293666616849789
0.669741,0.04754692008879024,0.001312806799086989
0.672385,0.0477441028718091,0.00130735912866032
0.675029,0.04493710217813542,0.001244114759419749
0.6776720000000001,0.04596851241675916,0.001260108159110513
0.680316,0.0477692420227525,0.001298857964088312
0.68296,0.04591760689511654,0.001251038862835057
0.685604,0.0472647078246393,0.001288008542964539
0.6882470000000001,0.04485685467536071,0.001231400997587828
0.690891,0.04470669735016648,0.00123072210474699
0.693535,0.04551470747780245,0.001238680112428253
0.696178,0.04675970206714761,0.001262864187006206
0.6988220000000001,0.04555284655937847,0.001243728392336028
0.701466,0.04611106298557158,0.001243008236134293
0.70411,0.04145945477247504,0.001159463459298657
0.706753,0.04221585203940066,0.001159071906151703
0.7093970000000001,0.04587443174250833,0.001235094801652645
0.712041,0.04579002948113207,0.00123432734413845
0.714684,0.04222010065205327,0.001157404912261455
0.717328,0.04205959649001111,0.001153365479377273
0.7199719999999999,0.04322032387624861,0.001175718767231732
0.722616,0.04549409850166481,0.001212151378842683
0.725259,0.04021653183962264,0.001112505397281571
0.727903,0.04332270262208657,0.001157187239505658
0.7305469999999999,0.04278859524139845,0.001163390536149697
0.73319,0.04174267196170921,0.001138040485396042
0.735834,0.04185200964206438,0.001130660367377806
0.738478,0.04131076477524972,0.001115599755384415
0.7411219999999999,0.04100723848501664,0.001112667106747921
0.743765,0.04091754148168703,0.001116800193101412
0.746409,0.0427549222391787,0.001132156336447569
0.749053,0.0403759532463929,0.00109857230184963
0.751696,0.04090272169811321,0.001096714448270107
0.75434,0.03887682477802442,0.001066970486883763
0.756984,0.04208285398168701,0.001111940142329541
0.759628,0.03976153197835738,0.001074911431737939
0.762271,0.04228121108490566,0.001119997862837887
0.764915,0.04238528607103219,0.001114935367558513
0.767559,0.03972285495283019,0.001077516944257363
0.7702020000000001,0.04018340364872364,0.001070101472843652
0.772846,0.04000352205882353,0.001064395641739473
0.77549,0.03950307623473918,0.001063184860878981
0.778134,0.03936856048834628,0.001046894792364435
0.7807770000000001,0.03975491183407325,0.001062865925236594
0.783421,0.04008084406215317,0.001061646038843357
0.786065,0.04091366141786902,0.001078617677669929
0.788708,0.04140247391786903,0.001088228705273452
0.7913520000000001,0.03807026366537181,0.001013996085165572
0.793996,0.03458835162319645,0.0009510914927360848
0.79664,0.0377900246254162,0.001007687313109647
0.799283,0.03783086258324084,0.001007924010606192
0.8019269999999999,0.03880861577413985,0.001026037775311122
0.804571,0.03922638075749168,0.001027999599763267
0.807214,0.03737062291897891,0.0009973752065371554
0.809858,0.03666843666759156,0.0009720124964275558
0.8125019999999999,0.03730520893451721,0.0009993322992528696
0.815146,0.04012015517480577,0.001037696302021305
0.817789,0.03573354501942286,0.0009562288179860424
0.820433,0.03622821767480577,0.0009700302110981939
0.8230769999999999,0.03769845283018868,0.0009882511582402654
0.82572,0.03715359801609324,0.0009845667150007362
0.828364,0.03843145067980022,0.001000292339357703
0.831008,0.03763296559378469,0.0009900920499288279
0.8336519999999999,0.0409989610155383,0.001040329959305465
0.836295,0.0364657073390677,0.000960041321811667
0.838939,0.03607066419256382,0.0009551622711594824
0.841583,0.03624996892341843,0.0009442305769660292
0.844226,0.03705217154550499,0.0009767805159745368
0.84687,0.03686113048002219,0.0009604434718719099
0.849514,0.03610039761376249,0.0009458534757709981
0.852158,0.03489120262208657,0.0009257987034227064
0.854801,0.03469118132630411,0.0009026070553173357
0.857445,0.03665018319922309,0.0009530413943978498
0.860089,0.03410918091009989,0.0008951845754686242
0.8627320000000001,0.03630376331853496,0.0009383653644446828
0.865376,0.03291773806881244,0.0009040485000525629
0.86802,0.0341135600027747,0.0009217686510182168
0.870664,0.0394505980854606,0.001039742519401072
0.8733070000000001,0.0379102287735849,0.0009954702086562687
0.875951,0.03488436730022198,0.0009548224977025592
0.878595,0.03690198675083241,0.000993872091282986
0.881238,0.03668025769977803,0.0009850129845759804
0.8838819999999999,0.03781224514428413,0.001023073649633211
0.886526,0.03148843243618202,0.0008743717679668718
0.88917,0.03479303357380688,0.0009519762604225336
0.891813,0.03687159177302997,0.000993988217745249
0.8944569999999999,0.03346320407880133,0.0009058714421560357
0.897101,0.03360654897336293,0.0009004699070532166
0.899744,0.03588116141786903,0.0009403282175489307
0.902388,0.03419598675083241,0.0009044168858062353
0.9050319999999999,0.03503412173973363,0.0009084018569501253
0.907676,0.03574426269422864,0.0009234480481989612
0.910319,0.03389853121531632,0.0008909676408102072
0.912963,0.03685698716703663,0.0009444395417860942
0.9156069999999999,0.03569591183407326,0.0009227808619491325
0.91825,0.03390958081298558,0.0008745639109000126
0.920894,0.03777801359600444,0.000956735235921296
0.923538,0.03343846094617092,0.0008715283116262563
0.9261819999999999,0.0325902721281909,0.0008479781120755974
0.928825,0.03438005972530522,0.0008924138888142668
0.931469,0.03482176206992231,0.0008900184824033899
0.934113,0.03325485953107658,0.0008691117703354504
0.936756,0.03410703600166482,0.000868744904954052
0.9394,0.03402835654827969,0.0008705860418090788
0.942044,0.03461318403163152,0.0008758852734866122
0.944688,0.03365167903718091,0.0008613568693990015
0.947331,0.03485401352663707,0.0008853558906762683
0.949975,0.03322170158157603,0.0008473149186322616
0.952619,0.03268909586570477,0.0008396460992901388
0.9552619999999999,0.03295213443396226,0.0008438547975486536
0.957906,0.03367658469755826,0.0008561414017088567
0.96055,0.03344634926470589,0.0008559080323217933
0.963194,0.03309116890954495,0.0008293149159124682
0.9658369999999999,0.03338112069922309,0.0008495257151398088
0.968481,0.03219315274694784,0.0008203184256009573
0.971125,0.03323974216148724,0.0008351845744845719
0.973768,0.03330384218923419,0.0008349782024654736
0.9764119999999999,0.0339510734600444,0.0008406242328487067
0.979056,0.0335954169672586,0.0008415463065804071
0.9817,0.03363116391509435,0.0008372329945347728
0.984343,0.03289645609045506,0.0008187453984679532
0.9869869999999999,0.03278153981687015,0.0008134921839758443
0.989631,0.0344123661209767,0.0008546476103820919
0.992274,0.03189712333518314,0.0008296410654359544
0.994918,0.03293933594617092,0.0008471599658916035
0.9975619999999999,0.03208034933407325,0.0008395855120472008
1.00021,0.03061436279134296,0.0008176837005429979
1.00285,0.03024565371809101,0.0008069543868487758
1.00549,0.03417898772197558,0.0009012961293159239
1.00814,0.03123729273029966,0.0008369964988524305
1.01078,0.0308365679800222,0.0008341824478340538
1.01342,0.0308259990982242,0.0008382852140880463
1.01607,0.03097491800776915,0.0008501513895039519
1.01871,0.03221054779411765,0.0008687891646802807
1.02136,0.02980025901775805,0.0008246799763295375
1.024,0.02978400624306327,0.0008317424308086264
1.02664,0.0297032253745838,0.0008312229322201806
1.02929,0.03012947842674806,0.0008433086105777797
1.03193,0.02906354363207547,0.0008185896764378805
1.03457,0.03242330348224196,0.0008859836035664597
1.03722,0.03369148231132075,0.0009219379601686548
1.03986,0.03224313804106548,0.0008842683113899753
1.04251,0.02947298536348502,0.0008343155408644689
1.04515,0.03118911584350722,0.0008547683881826678
1.04779,0.02752624174528302,0.000771797361361645
1.05044,0.03204394769700333,0.000855699643950745
1.05308,0.0320047167036626,0.0008403324383687747
1.05572,0.03266974819644839,0.0008588122371777194
1.05837,0.03128514685072142,0.0008172271486134405
1.06101,0.03043530757491676,0.0008091151789746699
1.06365,0.02911824223085461,0.0007710225935360086
1.0663,0.03008599882075472,0.0007904061833023966
1.06894,0.03034418902608213,0.0007942401067495521
1.07159,0.03037389955604883,0.0007832122454978596
1.07423,0.03060172912042176,0.000795577558509552
1.07687,0.02951731652330744,0.0007646875719750661
1.07952,0.03189729273029966,0.0008148186181854293
1.08216,0.03207461279134295,0.0008127935246408373
1.0848,0.03196409392341842,0.0007961062379174739
1.08745,0.03167040399556048,0.0007983810791846235
1.09009,0.02909888311598225,0.0007448458456508945
1.09274,0.02783074091287458,0.0007242717993376595
1.09538,0.03123512493063263,0.0007859204518872665
1.09802,0.02783463013318535,0.0007147270946777088
1.10067,0.02906005043007769,0.0007428468697655405
1.10331,0.02690234579633741,0.0006920706807079164
1.10595,0.02990906333240844,0.0007532573178391783
1.1086,0.03089939067702552,0.0007686682291076559
1.11124,0.02881001408157603,0.0007298463912024215
1.11389,0.02859026970033296,0.0007277632647724952
1.11653,0.02882657130965594,0.0007179172148547698
1.11917,0.02756327289123197,0.0007049756770218083
1.12182,0.02842069145394007,0.0007145774002466247
1.12446,0.02779780043007769,0.0007074813992737312
1.1271,0.02880257900943396,0.0007206609650854485
1.12975,0.02682157408435072,0.0006794379604451924
1.13239,0.028862753190899,0.0007214507781071588
1.13504,0.02568475201165372,0.0006579217986598019
1.13768,0.02731171427580466,0.000689330542902196
1.14032,0.02709440781076582,0.0006865738566174083
1.14297,0.0275477160099889,0.0006941585907049278
1.14561,0.02493546705049945,0.0006485959928049181
1.14825,0.02676244832130965,0.0006709234405587838
1.1509,0.02893633247780245,0.0007156045926188822
1.15354,0.02694394145394007,0.0006776354763468005
1.15618,0.02773413991398447,0.0006888458960148935
1.15883,0.02730851637069922,0.0006899654198530881
1.16147,0.02687641918701443,0.0006686071029570615
1.16412,0.02642197558268591,0.0006691990788388452
1.16676,0.0270595536209767,0.0006690234702154878
1.1694,0.0249945996809101,0.0006359938685782686
1.17205,0.02617860058268591,0.0006547159987688743
1.17469,0.02600975027746948,0.0006505284502600179
1.17733,0.02634264830743618,0.0006587374921651116
1.17998,0.02413230299667037,0.0006092460074508337
1.18262,0.02557562721975582,0.00064133624673516
1.18527,0.02579527087957825,0.0006422704507617712
1.18791,0.02627019755826859,0.0006532503471368172
1.19055,0.02442810807436182,0.000618491271155558
1.1932,0.02644887964761376,0.000648894897307314
1.19584,0.02535199361820199,0.000633559901308055
1.19848,0.02844714913984461,0.000684691042300453
1.20113,0.02510338568257492,0.0006275429187471079
1.20377,0.02421631152885682,0.0006077252479079209
1.20642,0.02450012160099889,0.0006133000366332535
1.20906,0.02451534427025527,0.0006149067679141127
1.2117,0.02664796698113208,0.0006462714694374377
1.21435,0.02413506139012208,0.0006031223526291874
1.21699,0.02393067473640399,0.0005962964464606205
1.21963,0.02265114185627081,0.000572910331435436
1.22228,0.0248717493063263,0.0006173597547551144
1.22492,0.02191643860987791,0.0005544191641132442
1.22757,0.02440515045782464,0.0006043971350270512
1.23021,0.02329939407602664,0.0005792478499197241
1.23285,0.02214274590732519,0.0005580710038203593
1.2355,0.02211520088790233,0.0005591783208642275
1.23814,0.02307887139289678,0.0005752838582916357
1.24078,0.02230566967258602,0.0005637680897799993
1.24343,0.02352134059378468,0.0005841207019549114
1.24607,0.02180018548834628,0.0005480207827765543
1.24871,0.02283431978357381,0.00056772248809114
1.25136,0.02048959149556049,0.0005200073173819079
1.254,0.02393242133740288,0.0005884068122536792
1.25665,0.02011363276914539,0.0005134019093164392
1.25929,0.02032992515260822,0.000518621740073452
1.26193,0.02103482172586015,0.0005261690503907564
1.26458,0.02262026158435072,0.0005577613003190818
1.26722,0.02043851428967813,0.0005176163677547424
1.26986,0.02276421996392897,0.0005614789530614159
1.27251,0.02340738804106549,0.0005744529128265964
1.27515,0.02188963068812431,0.0005413254834065266
1.2778,0.02368333268590455,0.000577670826860358
1.28044,0.01860460155382908,0.0004736674088954592
1.28308,0.02151464254994451,0.0005326130425690832
1.28573,0.02033720685349611,0.0005132824258536255
1.28837,0.02204395650665927,0.0005381529410499958
1.29101,0.0177928052164262,0.0004633719853739212
1.29366,0.02091005535516094,0.0005172301377299156
1.2963,0.02009197995283019,0.0005030909144090642
1.29895,0.02041429765538292,0.0005099340978605348
1.30159,0.02066140621531631,0.0005092258527686941
1.30423,0.02168347683129856,0.0005355501577451519
1.30688,0.02013732977247503,0.0004971713043910352
1.30952,0.02001780549389567,0.0004996045363270611
1.31216,0.01998098265815761,0.0004948249319992862
1.31481,0.0205865244173141,0.0005084035936198158
1.31745,0.01964076401220865,0.000489178584646824
1.3201,0.01922664331298558,0.0004771546845132647
1.32274,0.02002779751664817,0.0004947326652874351
1.32538,0.0194154707963374,0.0004793652266761821
1.32803,0.01967748841564929,0.0004843215859803418
1.33067,0.01889486695338513,0.0004743633718007887
1.33331,0.01964946496947836,0.0004808361896271479
1.33596,0.01806267681742508,0.0004542310799874716
1.3386,0.01792326692563818,0.0004502212936945198
1.34124,0.01913216890954495,0.000472441507260808
1.34389,0.01941236903440621,0.0004777084391893662
1.34653,0.01868261716148724,0.0004605512828475383
1.34918,0.01772393465593785,0.0004456912357844356
1.35182,0.01856740788013319,0.0004580485622842909
1.35446,0.0180591881936737,0.0004514306705288533
1.35711,0.01787396607935627,0.0004464108431996921
1.35975,0.01685267605438402,0.0004261836881183873
1.36239,0.01683159551886793,0.0004266039652601646
1.36504,0.01541603607103219,0.0003923036828342702
1.36768,0.01906689456159822,0.000469321624888506
1.37033,0.01639271795227525,0.0004153483761074178
1.37297,0.01727403725027747,0.0004331776477090894
1.37561,0.01596497010266371,0.000410437878936262
1.37826,0.01606593874861265,0.0004050442272214584
1.3809,0.01834118070199778,0.0004552253330698256
1.38354,0.01657216003052164,0.000418819851871846
1.38619,0.01567112680355161,0.0004010164774319324
1.38883,0.01871354321587125,0.0004584399641482416
1.39148,0.01603714157880133,0.0004066931611516029
1.39412,0.01721448571032187,0.0004310927712818816
1.39676,0.01575031673140955,0.0003974148743399244
1.39941,0.01621326900665927,0.0004084853288586324
1.40205,0.01669072745560489,0.000416815925612107
1.40469,0.01589124431187569,0.0004057396566574972
1.40734,0.01673208275527192,0.0004174959526535978
1.40998,0.0160772493063263,0.0004034664337339666
1.41263,0.01441337950887902,0.0003679653039776138
1.41527,0.01457801782741398,0.0003722596608327841
1.41791,0.0157366163290788,0.000397618964429891
1.42056,0.01580224091287459,0.0003982767575912389
1.4232,0.01549082630410655,0.0003903980925587801
1.42584,0.01493691571864595,0.000378570272811103
1.42849,0.01678318971975583,0.0004173906614928407
1.43113,0.01424313054938957,0.0003654692852289484
1.43377,0.01557044429800222,0.0003914803349301412
1.43642,0.01444551650943396,0.0003662423393076868
1.43906,0.01374434205049944,0.0003540242814611167
1.44171,0.0147137422308546,0.0003729433479805565
1.44435,0.0153984922308546,0.0003861581719784243
1.44699,0.01388404952830188,0.0003544220752588966
1.44964,0.01455821004439512,0.000370122339386428
1.45228,0.01295777185072142,0.0003343068838403523
1.45492,0.01438092432019978,0.0003635190173851491
1.45757,0.01409517764983352,0.000356869115611578
1.46021,0.01343758580743618,0.000343921203495096
1.46286,0.01284804959766926,0.000330954313092107
1.4655,0.01398465878190899,0.0003557443358851691
1.46814,0.01445557033851277,0.0003630806993414604
1.47079,0.01504403981687015,0.0003778397532858551
1.47343,0.01437596607935627,0.000361022959214827
1.47607,0.01407857006104328,0.0003577528324364859
1.47872,0.0127539895255272,0.0003258689206996925
1.48136,0.01406501845172031,0.0003564798690293467
1.48401,0.01338381659267481,0.0003435335140374165
1.48665,0.01371326491398446,0.0003467862170087441
1.48929,0.01200092751109878,0.0003098680920340133
1.49194,0.0134595499445061,0.0003383517190013713
1.49458,0.01328036882630411,0.0003403416067550532
1.49722,0.01296722364039956,0.0003296196462113084
1.49987,0.01266524937569367,0.0003237604047506654
1.50251,0.0122549263318535,0.0003176236629655325
1.50516,0.014218362236404,0.0003545855980686084
1.5078,0.013455493618202,0.0003395239885785095
1.51044,0.01232908247780244,0.0003162410654422848
1.51309,0.01401110044395116,0.0003501750507392538
1.51573,0.01301410488346282,0.000331393935468041
1.51837,0.01307772190621532,0.0003288862200941983
1.52102,0.01233151810488347,0.0003145341355890325
1.52366,0.01272247745560488,0.0003208590176756392
1.5263,0.01226807505549389,0.0003107752417908631
1.52895,0.01222981007214207,0.0003132384403664646
1.53159,0.01284805188679245,0.0003258287016389162
1.53424,0.01191695102663707,0.0003075084867424646
1.53688,0.01112335550776914,0.0002877455879247143
1.53952,0.01158343951165372,0.0002961382766559012
1.54217,0.01141018493340733,0.0002914006987787629
1.54481,0.01291456693951166,0.0003250211128892103
1.54745,0.01316933032741398,0.000332666968318914
1.5501,0.01127661688401775,0.0002939540966376333
1.55274,0.01107780882352941,0.0002932269302580352
1.55539,0.01268214310488347,0.0003302438968036995
1.55803,0.01119925138734739,0.0002997430505258847
1.56067,0.01144067147613762,0.0003080643723173163
1.56332,0.01013327309933407,0.000275875833486665
1.56596,0.01095534073251942,0.0003003342507327339
1.5686,0.01124118812430633,0.0003042757887115817
1.57125,0.01054257290510544,0.0002937207488737484
1.57389,0.01059234531076582,0.0002931141713157689
1.57654,0.01024036514983352,0.0002841927918527027
1.57918,0.01273962985571587,0.0003475299424628344
1.58182,0.01005918333795783,0.0002831526761155409
1.58447,0.01003524368756937,0.0002846955051941546
1.58711,0.01061823529411765,0.0002968387060410682
1.58975,0.01154121434517203,0.0003199019520328915
1.5924,0.01001054862652608,0.0002890173287142826
1.59504,0.0100773727108768,0.0002853957172752808
1.59769,0.01173715642341843,0.0003292062483471247
1.60033,0.01180412930077692,0.0003290798983294297
1.60297,0.01166746864594895,0.0003261969306296922
1.60562,0.009401593784683686,0.0002714263176310882
1.60826,0.01273294790510544,0.0003425483425695339
1.6109,0.009267911279134294,0.0002618133871067454
1.61355,0.01138806971420643,0.00030736991810973
1.61619,0.01078095074916759,0.0002933437046640579
1.61883,0.01035419180077691,0.0002833882375108245
1.62148,0.009242252497225305,0.000254208965187109
1.62412,0.009297482172586018,0.0002579184576742598
1.62677,0.009527099542175359,0.000259224639983491
1.62941,0.01083677559655938,0.0002924380573563548
1.63205,0.01079436043285239,0.0002884171450688105
1.6347,0.01007562839900111,0.0002714634100888182
1.63734,0.01029842189234184,0.000277081149256027
1.63998,0.01040283566870144,0.0002789478803422063
1.64263,0.009464459975027746,0.000256155680427137
1.64527,0.009171195824084349,0.0002476979193495127
1.64792,0.009976774902885682,0.0002680082699982709
1.65056,0.009581461639844619,0.0002583950072321972
1.6532,0.009426259087125416,0.0002536850499451853
1.65585,0.009258068049389567,0.0002510074779881764
1.65849,0.01093654932019978,0.0002857055738008729
1.66113,0.008776782186459491,0.0002381579225093374
1.66378,0.01017064532463929,0.0002709251226582096
1.66642,0.009348969131520533,0.0002519653314782915
1.66907,0.008645720726970035,0.000236767607955708
1.67171,0.008807003190898999,0.000237490062726912
1.67435,0.009956394839067703,0.0002650611708177767
1.677,0.01096942341842397,0.000286801033154368
1.67964,0.008383174320199778,0.0002272738252887775
1.68228,0.008149290024972252,0.0002215677955112645
1.68493,0.0100679644145394,0.0002658215752239193
1.68757,0.007565792522197558,0.0002074526538137409
1.69022,0.01047997454217536,0.0002735635167749577
1.69286,0.008061515885127636,0.0002187668005725708
1.6955,0.007726798002219757,0.0002120829340874277
1.69815,0.009573937291897892,0.0002541877082409548
1.70079,0.008291719270255274,0.0002259248786970028
1.70343,0.009602880965593783,0.0002520276382372982
1.70608,0.009279253884572699,0.0002460571038793498
1.70872,0.009516988485016649,0.0002502021168301205
1.71137,0.00806112215593785,0.0002179003839137073
1.71401,0.009027825749167591,0.0002406057902254589
1.71665,0.009421664816870144,0.0002492974992352022
1.7193,0.009441962472253051,0.0002501088111974739
1.72194,0.008085331922863486,0.0002173970831374861
1.72458,0.007827485086015537,0.0002118399235948572
1.72723,0.007599753953940065,0.0002052543282301112
1.72987,0.007971857796892344,0.0002144780558647885
1.73251,0.007793818951165374,0.0002115280224324073
1.73516,0.007354002844062156,0.0001978856041599829
1.7378,0.009264271573251938,0.0002441028012370223
1.74045,0.008617832339067703,0.0002282494259879976
1.74309,0.009241883948390676,0.0002431869004619593
1.74573,0.007866555840732521,0.0002114379091021421
1.74838,0.007884493410099889,0.0002097486722589915
1.75102,0.00892706312430633,0.0002375384923312069
1.75366,0.008056674389567149,0.0002133540650333839
1.75631,0.008282308684794671,0.0002195508667876897
1.75895,0.008210917799667036,0.0002192396956566608
1.7616,0.008716656076581576,0.0002296896089896172
1.76424,0.007608617438956715,0.0002049849519157801
1.76688,0.007494552719200889,0.0001994712417789675
1.76953,0.006723974334073252,0.0001829519249202965
1.77217,0.007451544672586016,0.0002006620042065771
1.77481,0.007147288152053276,0.0001932186454851805
1.77746,0.005758797586015538,0.000159782429389907
1.7801,0.008466947072697005,0.0002219167196470976
1.78275,0.006760707894006656,0.0001836504070243265
1.78539,0.007405114386792455,0.0001962997092576214
1.78803,0.008298467605438403,0.0002178255329599623
1.79068,0.008023898723640399,0.0002133613324207747
1.79332,0.007300377844062153,0.0001936151728261491
1.79596,0.008336382352941174,0.0002213996689363555
1.79861,0.006599006520532741,0.0001769390788898766
1.80125,0.007524730230299666,0.0002004397429831838
1.8039,0.008023161625971146,0.0002123517813071394
1.80654,0.006404538637624862,0.0001730848808436503
1.80918,0.007903099403440623,0.000210586966459326
1.81183,0.007193159891786904,0.0001925325663013431
1.81447,0.007922357796892343,0.0002095607950800756
1.81711,0.006464676193118755,0.0001745691513261616
1.81976,0.006455867647058826,0.0001740353959236417
1.8224,0.006466122918978913,0.0001762139758668738
1.82504,0.008786508670921199,0.0002289173307866597
1.82769,0.00747216738346282,0.000200467086724693
1.83033,0.006294956021087678,0.0001708515809452496
1.83298,0.006422315968368479,0.0001736591096435398
1.83562,0.006482142203107658,0.0001763461338283703
1.83826,0.007179766231964487,0.0001940006837352546
1.84091,0.00712431908990011,0.0001927873442149225
1.84355,0.007399787597114316,0.0001984039344327595
1.84619,0.005691215801886793,0.000157220951671898
1.84884,0.007068459905660377,0.0001886830305820063
1.85148,0.006599430008324086,0.0001799707952974089
1.85413,0.007830703593229746,0.0002097404372078183
1.85677,0.006692556118201997,0.0001804535457828727
1.85941,0.005786988138179801,0.0001600154825189451
1.86206,0.006423492577691456,0.0001735833828923227
1.8647,0.005172857588790231,0.0001444243533153631
1.86734,0.004742117855160931,0.0001329465997285595
1.86999,0.006980880341287458,0.0001875224078985666
1.87263,0.006402650110987789,0.0001761817981223149
1.87528,0.005596345380133184,0.0001543828403872477
1.87792,0.006748770116537182,0.0001834271357165654
1.88056,0.007238168632075472,0.0001948233612714003
1.88321,0.00760711806326304,0.000202542880203594
1.88585,0.00717933587680355,0.0001950981052523843
1.88849,0.006437996462264151,0.0001741124484044748
1.89114,0.007313963790233072,0.0001972230196800064
1.89378,0.005469576026637067,0.0001504513742679572
1.89643,0.005761816939511652,0.0001590718164200611
1.89907,0.006171549389567146,0.0001697529864486095
1.90171,0.005985970172031075,0.0001630134595935846
1.90436,0.006650211917314097,0.0001807996725654935
1.907,0.007459698529411764,0.0001989013413725566
1.90964,0.00687737992508324,0.0001867618158678259
1.91229,0.005300338859600444,0.0001476471928595524
1.91493,0.006845563401775806,0.0001847546442836111
1.91757,0.006346355993340735,0.000172721600283565
1.92022,0.006483856756381798,0.0001772072299488302
1.92286,0.00702678183962264,0.0001905961895204705
1.92551,0.006244167244728078,0.0001693174941881854
1.92815,0.005141473709766926,0.0001425959617078377
1.93079,0.006519660932297446,0.0001786713656639243
1.93344,0.005571474056603773,0.0001533099771628123
1.93608,0.005934460321864597,0.0001628031443259932
1.93872,0.006615398931742512,0.0001793297606637282
1.94137,0.007941426193118759,0.0002130438083045724
1.94401,0.006398834142619312,0.0001747658811831637
1.94666,0.005698236542730303,0.0001567430102426308
1.9493,0.006145073390677026,0.0001686604445401575
1.95194,0.004242258046614873,0.0001195538127485148
1.95459,0.005351095588235291,0.0001484192180229091
1.95723,0.00542877011653718,0.0001510065081028223
1.95987,0.006331252358490568,0.0001722285364606459
1.96252,0.004328782325194226,0.0001231319665436892
1.96516,0.005697591009988902,0.000156491137554171
1.96781,0.005666843507214206,0.0001561627071008029
1.97045,0.006232801748057715,0.0001700634988392706
1.97309,0.006401388804106548,0.0001747001063483203
1.97574,0.005170449431187569,0.0001443614263654686
1.97838,0.005668551193118759,0.0001562197547624988
1.98102,0.006312856964483909,0.0001732447746441314
1.98367,0.007253231062708103,0.0001940853338045953
1.98631,0.005613845726970033,0.0001548567735621761
1.98896,0.006013107727524974,0.000165046206116656
1.9916,0.005738509087125417,0.0001579787947972498
1.99424,0.004654597807991119,0.0001295522638449228
1.99689,0.005086527885682575,0.0001407263191710082
1.99953,0.005804923418423972,0.0001586949465322552
2.00217,0.005238745421753608,0.0001447339922894298
2.00482,0.005162993756936737,0.0001429001208645757
2.00746,0.004860822627635959,0.0001350240335277338
2.0101,0.006388395740843508,0.0001716955976061542
2.01275,0.004951948043840178,0.0001375447439950342
2.01539,0.00570105903163152,0.0001546778704649133
2.01804,0.006281225860155387,0.0001713486637349823
2.02068,0.006064601553829078,0.0001650368324157969
2.02332,0.006467551331853496,0.0001740322001300264
2.02597,0.00533522967536071,0.0001469158823921874
2.02861,0.006112162666481688,0.0001646572699899302
2.03125,0.005212752427857938,0.0001437935097547363
2.0339,0.00509331055771365,0.0001403188886733556
2.03654,0.004992534198113207,0.0001387537994833528
2.03919,0.005257852733074362,0.0001444907313812043
2.04183,0.005657016301331854,0.0001537153354442761
2.04447,0.00630726921476138,0.0001705264944250053
2.04712,0.005716142064372919,0.0001554932638966915
2.04976,0.005914045921198667,0.0001607804653735267
2.0524,0.005241922724750277,0.0001444348925218371
2.05505,0.00705093895671476,0.0001877596401214685
2.05769,0.005726399625416203,0.0001564620919388687
2.06034,0.005273679730854604,0.000143580965424936
2.06298,0.005639813540510546,0.0001542273031748913
2.06562,0.004781172586015537,0.0001317956643197728
2.06827,0.005047397613762483,0.0001386175822298085
2.07091,0.004681098987236405,0.000130227972221473
2.07355,0.00472018805493896,0.0001301355631608651
2.0762,0.004638383948390679,0.0001288556803242246
2.07884,0.004797768729189788,0.0001321568754022218
2.08149,0.003563748196448393,0.0001006146258200744
2.08413,0.005427508809655937,0.0001493679679780376
2.08677,0.004568961709211986,0.0001258432712008338
2.08942,0.004378625693673697,0.0001231869054442343
2.09206,0.005064437846836847,0.000139555841815864
2.0947,0.006089443118756934,0.0001650428453276958
2.09735,0.00449342751109878,0.0001251541126881537
2.09999,0.004229976900665924,0.0001183868625054854
2.10263,0.005521887069922307,0.0001526001999664112
2.10528,0.004988134503329637,0.0001361352201131942
2.10792,0.005406057436182022,0.0001489927994094332
2.11057,0.005267636445615982,0.0001459575866204651
2.11321,0.004877867438956713,0.0001391512240776974
2.11585,0.004678290233074361,0.0001361259876650827
2.1185,0.00429761362375139,0.0001242713008431899
2.12114,0.004788385613207546,0.0001406985121037107
2.12378,0.005375174875138736,0.0001536113499277468
2.12643,0.004407990566037735,0.0001299465914627676
2.12907,0.00429363512763596,0.0001289023850136481
2.13172,0.004667325332963376,0.0001388116005891525
2.13436,0.00502535106825749,0.0001500718539411712
2.137,0.003674869103773587,0.0001119357373417286
2.13965,0.005387158435072145,0.0001606577755496425
2.14229,0.005392686667591566,0.000160520265356338
2.14493,0.004620718784683685,0.0001407463408691804
2.14758,0.005318688471143173,0.0001611823943661021
2.15022,0.004246376179245281,0.0001296125097197923
2.15287,0.005350271503884573,0.000162541127829415
2.15551,0.005019310072142064,0.0001526367715119587
2.15815,0.006153000624306327,0.0001846686116052462
2.1608,0.004808328454495006,0.0001478245349644504
2.16344,0.004431499861265262,0.0001362983656757903
2.16608,0.005101894769700331,0.0001552566014678928
2.16873,0.003421078593229746,0.0001058788371474984
2.17137,0.005048583379578244,0.0001497620609480117
2.17402,0.004501968229744728,0.0001337961546196922
2.17666,0.005767484808546064,0.0001681572411777136
2.1793,0.004956054730854607,0.0001454599771694392
2.18195,0.003895943465593789,0.0001160672598832448
2.18459,0.005119070061043286,0.0001489159102904316
2.18723,0.004950885890677022,0.0001445355375519748
2.18988,0.004654355160932301,0.0001359974698259424
2.19252,0.005241822003329633,0.0001510592235655898
2.19516,0.004509444506104327,0.0001312560802406322
2.19781,0.004634460391231962,0.0001355118857813898
2.20045,0.004655467674805773,0.0001349199333677849
2.2031,0.004072878953940066,0.0001197474462163802
2.20574,0.004959021434517204,0.000142891822690831
2.20838,0.005319707130965592,0.0001526384877927894
2.21103,0.005092594062153162,0.0001468747981358312
2.21367,0.004291991537180912,0.0001258714267641066
2.21631,0.004408828385127636,0.0001288703751758049
2.21896,0.004582167660932297,0.0001323499644952275
2.2216,0.003549873820754721,0.0001041385162834102
2.22425,0.005116451304106552,0.00014686620536005
2.22689,0.005231051678690343,0.0001497778477981383
2.22953,0.003240457616537181,9.551303189593562e-05
2.23218,0.004270153301886792,0.0001253501141182638
2.23482,0.004808488693118757,0.0001383255920434627
2.23746,0.005017957200332962,0.0001456775926627679
2.24011,0.00462762049112098,0.0001338100643017539
2.24275,0.005936428967813541,0.0001693814739287514
2.2454,0.004716532325194228,0.0001365092028176603
2.24804,0.004010207339067705,0.0001181825942328554
2.25068,0.003291035793562707,9.826226440244028e-05
2.25333,0.00535672683129856,0.0001530429326825471
2.25597,0.003494696795227526,0.0001039367065529348
2.25861,0.005529617438956718,0.000158231401164028
2.26126,0.003746891786903442,0.0001110073893644304
2.2639,0.004604607935627081,0.0001336512541558322
2.26655,0.005161473779134294,0.0001489346248371002
2.26919,0.005748224125971141,0.0001660154237150923
2.27183,0.004692581229189789,0.0001357807717762248
2.27448,0.004527066176470588,0.0001317348534055208
2.27712,0.003926748196448391,0.0001152624723217196
2.27976,0.00547765663152053,0.0001592267424112796
2.28241,0.005049750832408437,0.0001467234461046328
2.28505,0.003637851692563815,0.0001076030746892851
2.28769,0.005225615011098783,0.0001502985444844363
2.29034,0.004851409753052165,0.0001391797335222712
2.29298,0.003988314164816867,0.0001178271104222392
2.29563,0.004232783365704771,0.000123454591025769
2.29827,0.004708360155382908,0.0001366470819608244
2.30091,0.004789743063263041,0.000141159112234635
2.30356,0.003188116814650389,9.430630499532662e-05
2.3062,0.004154744866814651,0.0001226729645148616
2.30884,0.004325884295227524,0.0001262258969006613
2.31149,0.004585969894561598,0.0001348558959261231
2.31413,0.005326006798002223,0.0001535126241667061
2.31678,0.004556183823529414,0.0001334415824066162
2.31942,0.002661737513873474,8.090396435301093e-05
2.32206,0.004082278093784683,0.0001189839389960293
2.32471,0.004432211778579361,0.0001302958500032178
2.32735,0.002692679592119866,8.184131500842935e-05
2.32999,0.004121378607103218,0.0001213021835364759
2.33264,0.004330508324084351,0.0001291306671516467
2.33528,0.003871946587125416,0.0001130082699251588
2.33793,0.003807674875138736,0.0001134411236922869
2.34057,0.003191610016648169,9.532796404247812e-05
2.34321,0.004350856340177578,0.0001275927807854435
2.34586,0.00323691176470588,9.813352125359871e-05
2.3485,0.004281166273584905,0.000125617753582397
2.35114,0.003896298279689232,0.0001152054939080638
2.35379,0.004402931603773582,0.0001283305945946758
2.35643,0.004543840871254165,0.0001321471422518103
2.35908,0.004419875693673698,0.0001305055053559694
2.36172,0.003095494311875691,9.297987905291099e-05
2.36436,0.002761012208657048,8.3394536954287e-05
2.36701,0.00324629716981132,9.654703944742286e-05
2.36965,0.003176227108768037,9.492942139511088e-05
2.37229,0.003559092119866819,0.000106030361655358
2.37494,0.003667711015538292,0.0001089134841299144
2.37758,0.003754010960044394,0.00011279393784786
2.38022,0.005083561182019977,0.0001456771805897756
2.38287,0.002807962125416205,8.580073537812897e-05
2.38551,0.002915182366814647,8.681188873558571e-05
2.38816,0.003496237375138737,0.000104615984461528
2.3908,0.004132622780244173,0.0001222849015636926
2.39344,0.00387747939789123,0.0001149841463643151
2.39609,0.00494685474472808,0.0001441752010912045
2.39873,0.003290646642619314,9.798701304907604e-05
2.40137,0.003733626317980023,0.0001110217564232525
2.40402,0.003475067563817979,0.0001022280404274959
2.40666,0.003037641301331853,9.129781221665867e-05
2.40931,0.003698925499445059,0.0001101150864638492
2.41195,0.003448722044950055,0.0001022602641105255
2.41459,0.004440427441731409,0.0001306290610746458
2.41724,0.003962286834073252,0.0001163253133633692
2.41988,0.003498929384017759,0.0001044273958093886
2.42252,0.003699989941731411,0.0001103011542331704
2.42517,0.003553966773029967,0.0001050188541708487
2.42781,0.003183740011098779,9.598606947705681e-05
2.43046,0.002955248890122085,8.869358259103025e-05
2.4331,0.00444718264428413,0.000130385642667833
2.43574,0.003471647613762488,0.0001034935074979333
2.43839,0.003193278787458378,9.622397333490066e-05
2.44103,0.003883785932297448,0.0001150252163429687
2.44367,0.004838966079356273,0.0001404433901411167
2.44632,0.004730658504439512,0.0001381237326005073
2.44896,0.004269741259711431,0.000125183469386714
2.45161,0.002781692147613767,8.389305389671033e-05
2.45425,0.002979982866259715,9.025351245602411e-05
2.45689,0.002872636723085459,8.604068643875069e-05
2.45954,0.004579761792452831,0.0001346718028024153
2.46218,0.004212730646503882,0.0001242850519172655
2.46482,0.003777295921198668,0.0001112802727726812
2.46747,0.004215695061043287,0.0001236582423829401
2.47011,0.003547557228079909,0.0001065180494700784
2.47275,0.002369647683129855,7.295891474521347e-05
2.4754,0.003927215177580466,0.0001155121864054593
2.47804,0.002654428343507216,8.05726543622292e-05
2.48069,0.003374975652053272,0.0001011716838102873
2.48333,0.003849405591009989,0.0001151563235703963
2.48597,0.003786303620976691,0.0001131240780803115
2.48862,0.003716608976137624,0.0001102311188209644
2.49126,0.0037737935627081,0.0001131730711531893
2.4939,0.003514580119311876,0.0001045231886898603
2.49655,0.003356527608213096,0.0001010852546404307
2.49919,0.002980014913984459,8.981563453824915e-05
2.50184,0.003534767896781357,0.0001054887818143732
2.50448,0.003273013526637069,9.863126231968386e-05
2.50712,0.00338762992508324,0.0001022048271505222
2.50977,0.005027340316315205,0.0001460183144598942
2.51241,0.003043805910099887,9.156907077459288e-05
2.51505,0.002933683060488348,8.911389672810781e-05
2.5177,0.003326098293562708,0.0001005864397609235
2.52034,0.002910917730299665,8.780669692992475e-05
2.52299,0.003169506243063265,9.595821951482753e-05
2.52563,0.00395055049944506,0.0001174995989607945
2.52827,0.003563230854605995,0.0001069302340357499
2.53092,0.002767655244173142,8.404443946957137e-05
2.53356,0.00458840094339623,0.0001340173304095739
2.5362,0.00314065184517203,9.526529801269142e-05
2.53885,0.002184459905660378,6.71747824435379e-05
2.54149,0.003707038152053272,0.0001108575062956398
2.54414,0.004349512624861264,0.0001288521490074563
2.54678,0.004151066245837959,0.0001233198980132265
2.54942,0.003711261584350721,0.0001110070587034218
2.55207,0.002861484114872364,8.694152330762097e-05
2.55471,0.002898343576581578,8.793263192251846e-05
2.55735,0.004110470935072143,0.000122399106240908
2.56,0.003749318257491676,0.0001128173712122795
2.56264,0.004782980993340733,0.0001417950478133541
2.56529,0.002764574084350723,8.36376038017556e-05
2.56793,0.003546989525527195,0.0001067666781072955
2.57057,0.003838156839622645,0.0001142395155992445
2.57322,0.002595723779134296,7.963524060749058e-05
2.57586,0.003102025180355161,9.367037784634257e-05
2.5785,0.003198044741953389,9.652984645443225e-05
2.58115,0.002655302788568258,8.197238745380779e-05
2.58379,0.00276886161209767,8.460669514517013e-05
2.58643,0.005215220102663704,0.0001521731268818202
2.58908,0.002241871115427304,6.908778081425235e-05
2.59172,0.003011700957269703,9.14906247012235e-05
2.59437,0.002367798071587127,7.321180119984158e-05
2.59701,0.003143526983906768,9.493656055008958e-05
2.59965,0.001942064650388459,6.016350048868791e-05
2.6023,0.00489429418701443,0.0001437372021752316
2.60494,0.002918803759711429,8.936125472188016e-05
2.60758,0.002486807297447281,7.742964207852641e-05
2.61023,0.002283439303551609,7.064234269312369e-05
2.61287,0.003507202275249723,0.0001060904269604707
2.61552,0.003065509087125417,9.371391168940186e-05
2.61816,0.003839933199223088,0.0001150808521557057
2.6208,0.001538581506659269,4.811362312850316e-05
2.62345,0.004453624236958937,0.0001323663134233993
2.62609,0.004877846836847949,0.0001441420927037001
2.62873,0.004122868826304106,0.0001233695798822555
2.63138,0.00388308088235294,0.0001164970618232276
2.63402,0.003285155036071032,9.975220027776383e-05
2.63667,0.004402045713096559,0.0001310497519366269
2.63931,0.002919064719755827,9.001807311767166e-05
2.64195,0.004650832200332962,0.0001377976348719749
2.6446,0.003183224958379578,9.615342340962299e-05
2.64724,0.003122867647058826,9.476133381860794e-05
2.64988,0.00308287666481687,9.459808288921137e-05
2.65253,0.003819905660377357,0.0001155933961067674
2.65517,0.003959654342397337,0.0001188458541137333
2.65782,0.00303384822419534,9.261813562086015e-05
2.66046,0.003504581229189792,0.000106228502722881
2.6631,0.002553736681465038,7.863670351805231e-05
2.66575,0.003173587749722532,9.603533260293362e-05
2.66839,0.003289392203107655,0.0001007527451642743
2.67103,0.002501322627635961,7.898669352049671e-05
2.67368,0.002400731687014427,7.713354466411017e-05
2.67632,0.004173337125416204,0.0001316010251148163
2.67896,0.002485307921753606,8.043353289670796e-05
2.68161,0.004263020394006659,0.0001365076970572119
2.68425,0.002614233629300776,8.720898940103446e-05
2.6869,0.004138251734184241,0.0001336677976442662
2.68954,0.002610555008324083,8.719889165521685e-05
2.69218,0.002992898099334072,9.944301335062535e-05
2.69483,0.001325539678135404,4.634566509115389e-05
2.69747,0.00296196288845727,0.0001002087131399459
2.70011,0.003384658643174252,0.0001121228551078833
2.70276,0.004217089137069925,0.0001415536624032611
2.7054,0.001370193604328526,4.816058232826273e-05
2.70805,0.004080300291342953,0.0001377785167995067
2.71069,0.002067748959489456,7.190637607302552e-05
2.71333,0.002416290857380688,8.466762105416779e-05
2.71598,0.004319202344617091,0.0001475569085830964
2.71862,0.004146144630965592,0.0001427308977393115
2.72126,0.002177670366259711,7.800122286163201e-05
2.72391,0.002706464692008876,9.554033818153106e-05
2.72655,0.003944296614872363,0.0001339059753726025
2.7292,0.002813364456159825,9.630509908037061e-05
2.73184,0.00101663852663707,3.560627661945874e-05
2.73448,0.003885612652608215,0.0001279235887364236
2.73713,0.002726075610432852,9.017956110724166e-05
2.73977,0.004106735086015535,0.0001339917370596235
2.74241,0.002973573321309657,9.806463911372818e-05
2.74506,0.003617952344617091,0.0001165524776423124
2.7477,0.002322219339622643,7.72108032295133e-05
2.75035,0.003846539608768039,0.0001225954021353844
2.75299,0.001868441870144285,6.251287902437812e-05
2.75563,0.003155503676470591,0.0001011467159989727
2.75828,0.002534022752497226,8.230940040822512e-05
2.76092,0.002280676331853495,7.543528539509662e-05
2.76356,0.001645879578246393,5.438332750993932e-05
2.76621,0.002991039331298556,9.62050087935809e-05
2.76885,0.004323949986126526,0.0001362637923545696
2.77149,0.003063838027192011,9.840257777119261e-05
2.77414,0.004141712888457268,0.0001305128246053858
2.77678,0.002377478773584905,7.684946027840818e-05
2.77943,0.001733791065482798,5.677206480925263e-05
2.78207,0.003235300221975581,0.0001034479138740939
2.78471,0.002322548973362932,7.596668601669069e-05
2.78736,0.003167736750832408,0.000101297979381619
2.79,0.003188004647613761,0.0001009530525576553
2.79264,0.002113790094339621,6.889698186821641e-05
2.79529,0.004851430355160932,0.0001497694879204639
2.79793,0.00375045595172031,0.0001177802355509856
2.80058,0.002613388942841289,8.321884786146227e-05
2.80322,0.002707810696448391,8.730829612616119e-05
2.80586,0.003298681465038844,0.0001050975471996
2.80851,0.002765114317425083,8.820485119373497e-05
2.81115,0.003646390122086571,0.000113926822202401
2.81379,0.003987581645394004,0.0001241087650560029
2.81644,0.002709891509433962,8.70286957620421e-05
2.81908,0.002980596351276362,9.462457211164207e-05
2.82173,0.0030488259572697,9.661646964777442e-05
2.82437,0.003428383185349614,0.0001073186103892014
2.82701,0.003850543285238627,0.0001196045242683788
2.82966,0.002986603010543843,9.507228289648659e-05
2.8323,0.001418565066592672,4.602724122597838e-05
2.83494,0.002649003121531631,8.427802249614973e-05
2.83759,0.001595221281908988,5.140301760015219e-05
2.84023,0.002866579703107659,9.081495394752689e-05
2.84288,0.003506488068812431,0.0001105604567992634
2.84552,0.002980884780799112,9.30055147261838e-05
2.84816,0.002841980785238626,9.085408469153458e-05
2.85081,0.004224766856270812,0.0001305087091268809
2.85345,0.002513619797447281,8.007223938756067e-05
2.85609,0.003266150735294118,0.0001024238665934895
2.85874,0.003455328454495006,0.0001080019763104617
2.86138,0.00230294263318535,7.420218133408393e-05
2.86402,0.002919062430632626,9.254673423669834e-05
2.86667,0.0020000458518313,6.45369660338246e-05
2.86931,0.002098121046059933,6.741774383368625e-05
2.87196,0.003261320685349611,0.0001018174451066824
2.8746,0.003247247155937848,0.0001030003116102557
2.87724,0.002767925360710324,8.804352429051486e-05
2.87989,0.002315356548279692,7.433526097934621e-05
2.88253,0.002644795713096559,8.424130842777787e-05
2.88517,0.003509207547169812,0.0001106334401801737
2.88782,0.003427218021642617,0.0001080979268706823
2.89046,0.004075522891231961,0.0001249588629687133
2.89311,0.004087799458934517,0.0001273270934111799
2.89575,0.003484782602663708,0.0001094756598432796
2.89839,0.004538612513873473,0.0001382858177080946
2.90104,0.002917254023307439,9.268325983434852e-05
2.90368,0.001898214206437292,6.075653688928954e-05
2.90632,0.002812762416759157,8.917056193384782e-05
2.90897,0.000629186112652609,2.100179939711834e-05
2.91161,0.001913322419533852,6.177842866249161e-05
2.91426,0.003706999236958932,0.0001148826596081185
2.9169,0.002973967050499447,9.459076758068518e-05
2.91954,0.003110836015538291,9.838191719096003e-05
2.92219,0.002935322072697006,9.15894099636352e-05
2.92483,0.002671257977247501,8.482777715787427e-05
2.92747,0.002646256173695891,8.382126646072052e-05
2.93012,0.002929088790233073,9.339653247726771e-05
2.93276,0.003406155799112098,0.0001065921735877563
2.93541,0.003008161972807989,9.405177397972085e-05
2.93805,0.0008192726137624844,2.690324054405922e-05
2.94069,0.001442390260821309,4.669474220242277e-05
2.94334,0.002112176262486129,6.830640558362432e-05
2.94598,0.00363899167591565,0.000111997487739587
2.94862,0.003059207130965593,9.678056634360699e-05
2.95127,0.003775540163706992,0.0001177552418111689
2.95391,0.002086961570477251,6.686439156093004e-05
2.95655,0.003664121670366258,0.000113693508581443
2.9592,0.002460896711986679,7.732296831591649e-05
2.96184,0.003329737999445058,0.0001046562659218272
2.96449,0.002533532880133186,8.14537353498426e-05
2.96713,0.002551790926748056,8.109293694764369e-05
2.96977,0.003596732172586013,0.0001124769397517997
2.97242,0.001836206437291898,5.914966184709573e-05
2.97506,0.002883864872364044,9.206408915415639e-05
2.9777,0.001698284475582686,5.49106870363927e-05
2.98035,0.002847882144839066,8.979856150878128e-05
2.98299,0.00286429057991121,9.106787697445573e-05
2.98564,0.004404703385127637,0.0001347640254900131
2.98828,0.003303003329633741,0.0001037017929618168
2.99092,0.002928475305216425,9.192267143272842e-05
2.99357,0.002770354120421754,8.782536997991909e-05
2.99621,0.002094348571032187,6.758301401165858e-05
2.99885,0.002114536348501665,6.786423576610649e-05
3.0015,0.002968779897336295,9.364938089544249e-05
3.00414,0.003230250416204216,0.0001015930283945103
3.00679,0.002688321101553832,8.510175184850333e-05
3.00943,0.002541155660377359,8.112494504737298e-05
3.01207,0.002785512694228635,8.747253676528377e-05
3.01472,0.002554334142619312,8.158762433137184e-05
3.01736,0.00338281589900111,0.0001061397890976555
3.02,0.002519047308546062,8.006922763788172e-05
3.02265,0.002995867092119867,9.426811783303235e-05
3.02529,0.00164002857935627,5.286302508107531e-05
3.02794,0.00306850326026637,9.673216007549016e-05
3.03058,0.002366731340177581,7.513278408472869e-05
3.03322,0.0030284573390677,9.558300457073379e-05
3.03587,0.002340916897891233,7.46351548796797e-05
3.03851,0.001971665302441731,6.266961064164554e-05
3.04115,0.003820706853496115,0.000118191403803594
3.0438,0.0025614327136515,8.096199474064662e-05
3.04644,0.003877005549389569,0.0001189904976289901
3.04908,0.003144957685904548,9.88602437130671e-05
3.05173,0.002859934378468369,8.981657979248724e-05
3.05437,0.002421226206992229,7.689057938614986e-05
3.05702,0.003721340593784684,0.000114549068225957
3.05966,0.002718347530521642,8.446196815724929e-05
3.0623,0.001871495560488349,5.998714219155136e-05
3.06495,0.002988738762486127,9.3109678467585e-05
3.06759,0.002995585529966704,9.34314201180996e-05
3.07023,0.002486198390677027,7.858239016024602e-05
3.07288,0.003206615219200889,9.994587782631971e-05
3.07552,0.002892810765815759,9.109011265615285e-05
3.07817,0.002763422655382908,8.72330314062119e-05
3.08081,0.002257704980577136,7.128844281868675e-05
3.08345,0.002082044533851278,6.624097649538735e-05
3.0861,0.003530233143729189,0.0001088338532834333
3.08874,0.002795809170366259,8.748843450049864e-05
3.09138,0.002540709281354053,8.009460599996409e-05
3.09403,0.002165279342397335,6.875003509985665e-05
3.09667,0.001979645185904551,6.357786779214463e-05
3.09932,0.003202689372918979,9.878789835180819e-05
3.10196,0.002642323460044396,8.299167693375457e-05
3.1046,0.001944221004439512,6.180034551140307e-05
3.10725,0.00384661514983352,0.0001180191219128483
3.10989,0.002050697280799114,6.54530814641598e-05
3.11253,0.003068777955049945,9.542938364085285e-05
3.11518,0.003674299112097667,0.0001132825225585948
3.11782,0.00237843562708102,7.486105187129089e-05
3.12047,0.003194546961709211,9.90194236461851e-05
3.12311,0.002323988831853496,7.371022453903893e-05
3.12575,0.002973820546614873,9.238531029538967e-05
3.1284,0.003011893243618202,9.421664776749625e-05
3.13104,0.0009203168007769161,2.997638697109207e-05
3.13368,0.002934360640954497,9.255401964902939e-05
3.13633,0.002154792869034405,6.816174752248762e-05
3.13897,0.001793182366814651,5.709322973821179e-05
3.14161,0.002721444714206438,8.595509921260533e-05
3.14426,0.002867463304661485,9.055668040470005e-05
3.1469,0.003932713651498335,0.0001207382583257524
3.14955,0.002937379994450612,9.18710347620062e-05
3.15219,0.002559933337957824,8.038404931567777e-05
3.15483,0.00263161494173141,8.252751050394878e-05
3.15748,0.001551016023862374,4.984283860164399e-05
3.16012,0.00268290503607103,8.432081866917526e-05
3.16276,0.003516264913984463,0.0001091334982373546
3.16541,0.003069711917314095,9.618373162205637e-05
3.16805,0.002049605369034407,6.513229003528061e-05
3.1707,0.003809389428412875,0.0001172619668436353
3.17334,0.001645499583795784,5.248705604246933e-05
3.17598,0.003059580258046616,9.564279963474239e-05
3.17863,0.003615807436182019,0.0001113325616365175
3.18127,0.002521318118756939,7.930840168960127e-05
3.18391,0.003860668077136515,0.0001183200168464497
3.18656,0.00209723515538291,6.632741121036206e-05
3.1892,0.003938452483351831,0.0001215088288636904
3.19185,0.002827552441731413,8.837891248087757e-05
3.19449,0.002395576581576029,7.556912810946582e-05
3.19713,0.002371151637069924,7.498078804285798e-05
3.19978,0.003238324153718093,9.997421435899812e-05
3.20242,0.003613689997225306,0.0001109688037068999
3.20506,0.00347081208379578,0.000106567325796088
3.20771,0.00355318389289678,0.0001088761955022867
3.21035,0.002289574153718092,7.19792219911065e-05
3.213,0.002924155729744729,9.073232458683796e-05
3.21564,0.003056544880688123,9.347425370764443e-05
3.21828,0.003194441662042173,9.835848331654257e-05
3.22093,0.002424131104328522,7.581605361098891e-05
3.22357,0.003852853010543839,0.0001175512537961587
3.22621,0.002105489733629302,6.604810637202587e-05
3.22886,0.001856652885682577,5.847692403624642e-05
3.2315,0.002702392341842398,8.632342904652858e-05
3.23414,0.001292711362375141,4.325286427600796e-05
3.23679,0.002876654134295228,9.384946627222554e-05
3.23943,0.002716779481132075,8.97000661696203e-05
3.24208,0.003528394977802442,0.0001165371749199056
3.24472,0.002628941245837959,8.933902116146847e-05
3.24736,0.001998697558268592,6.845655693184944e-05
3.25001,0.003404638110432856,0.0001152479371544363
3.25265,0.003010817355715868,0.000104125534163847
3.25529,0.002637184378468371,9.286374460865065e-05
3.25794,0.00196713512763596,6.963076038331054e-05
3.26058,0.001724350721420641,6.177364394423988e-05
3.26323,0.002557053620976693,9.034944604432025e-05
3.26587,0.002222740912874584,7.986888384906638e-05
3.26851,0.003679950957269701,0.000130006564627353
3.27116,0.00120678225582686,4.458243136655241e-05
3.2738,0.003446201720310764,0.0001222709506074092
3.27644,0.003602161972807992,0.0001286684813014042
3.27909,0.003236550083240843,0.0001172723175480603
3.28173,0.00127937493063263,4.785195783951689e-05
3.28438,0.003806065621531634,0.0001382914173389876
3.28702,0.003414268451720311,0.000120627701465085
3.28966,0.00311462451442841,0.0001095635701397657
3.29231,0.002232490288568258,7.867019613612782e-05
3.29495,0.002472326304106551,8.59736831921593e-05
3.29759,0.003016611126526081,0.0001032843500594462
3.30024,0.003614907810765819,0.0001215925037207752
3.30288,0.0018282128190899,6.363631237870756e-05
3.30553,0.001602461778579355,5.575355040546405e-05
3.30817,0.001618872502774693,5.615384518341912e-05
3.31081,0.00222878190899001,7.65330927695936e-05
3.31346,0.00300296108490566,0.0001016237234439355
3.3161,0.002659185141509434,8.981410042483852e-05
3.31874,0.00251833081298557,8.572554693871244e-05
3.32139,0.002501633948390679,8.454449033937874e-05
3.32403,0.003956039816870146,0.000130594772021867
3.32667,0.003515930701997781,0.0001157287684521547
3.32932,0.003637794464483909,0.0001196593844310492
3.33196,0.004283519492230855,0.0001401212669514336
3.33461,0.002058981617647059,7.01578056828582e-05
3.33725,0.002598516509433965,8.724452147153943e-05
3.33989,0.003408531908990013,0.0001124744421370673
3.34254,0.001855217605438403,6.236015818636854e-05
3.34518,0.002466060973917869,8.262828011739e-05
3.34782,0.003224374236958935,0.0001059180066655559
3.35047,0.002209892064372921,7.370966310567296e-05
3.35311,0.001225488970588234,4.173727175090758e-05
3.35576,0.002843947142064372,9.409435444355018e-05
3.3584,0.001833915024972253,6.16064990643023e-05
3.36104,0.002877936043285238,9.449361093694248e-05
3.36369,0.002718912943951167,9.035216091844249e-05
3.36633,0.004510840871254162,0.0001436059770333773
3.36897,0.002063097461154274,6.914588994632412e-05
3.37162,0.002579528232519426,8.432142060805169e-05
3.37426,0.003485089345172031,0.0001135332313542579
3.37691,0.00403400506381798,0.0001300625590589611
3.37955,0.002082344408990015,6.911726745651791e-05
3.38219,0.002942356548279688,9.591942144879893e-05
3.38484,0.003690492369589344,0.0001187127351081252
3.38748,0.001722226415094342,5.775108258816981e-05
3.39012,0.004166238554384016,0.0001340446823585359
3.39277,0.002764086501109876,9.060858702437621e-05
3.39541,0.003744181465038844,0.0001199818485179817
3.39806,0.004875962888457267,0.0001543595387705409
3.4007,0.003557828523862375,0.0001152242001669086
3.40334,0.00135332963374029,4.580944022225642e-05
3.40599,0.002227206992230853,7.393034387048878e-05
3.40863,0.001357912458379577,4.550165847773917e-05
3.41127,0.001171076512208658,3.963083535442759e-05
3.41392,0.002714543007769148,8.892598177821822e-05
3.41656,0.00122725846281909,4.149215599368328e-05
3.41921,0.002997274902885686,9.775769016246519e-05
3.42185,0.002300028579356273,7.571967481089249e-05
3.42449,0.004482847183684796,0.0001426345238133203
3.42714,0.002995301678690345,9.680611628497139e-05
3.42978,0.003067617369589343,9.979181669445781e-05
3.43242,0.001596647405660378,5.363177800041699e-05
3.43507,0.002255180077691455,7.467445443330888e-05
3.43771,0.002484055771365148,8.17699389818436e-05
3.44035,0.002908163915094339,9.439080784326594e-05
3.443,0.001736364039955605,5.796623412846098e-05
3.44564,0.00141620498057714,4.76112160654738e-05
3.44829,0.003020793354605991,9.718044721021781e-05
3.45093,0.002629119797447281,8.572736018931856e-05
3.45357,0.002299206784128743,7.535584620805794e-05
3.45622,0.003678996392896783,0.0001175091236439648
3.45886,0.002623847946725861,8.598094118540701e-05
3.4615,0.001617666134850165,5.331115665333421e-05
3.46415,0.002088664678135406,6.851922355151509e-05
3.46679,0.001106294325749166,3.708408230711381e-05
3.46944,0.003160883115982241,0.0001018490992888749
3.47208,0.003086516370699224,9.940151389874423e-05
3.47472,0.001639506659267482,5.436827487735831e-05
3.47737,0.001742166967258602,5.731225511188157e-05
3.48001,0.001714587610987794,5.61826764230954e-05
3.48265,0.003632472253052165,0.0001145373102235948
3.4853,0.003612204356270812,0.000114227340806127
3.48794,0.003085857103218645,9.925947248842915e-05
3.49059,0.002707918285238621,8.768753699400601e-05
3.49323,0.003742924736403996,0.0001171700740594302
3.49587,0.002454466564927857,7.855559845701216e-05
3.49852,0.002699343229744728,8.719256505322464e-05
3.50116,0.002592619728079912,8.395929387333393e-05
3.5038,0.002784890052719203,8.955584562765409e-05
3.50645,0.002672246878468365,8.596854563057633e-05
3.50909,0.003300533365704774,0.000104949940369611
3.51174,0.002613514844617095,8.400679951919852e-05
3.51438,0.002050411140399559,6.726393525509637e-05
3.51702,0.002086570130410653,6.767596790111848e-05
3.51967,0.001932743340732521,6.341265055878212e-05
3.52231,0.003216014359045505,0.0001023221595617268
3.52495,0.002012230854605995,6.611171676915269e-05
3.5276,0.002416112305771366,7.777186504138803e-05
3.53024,0.002119956992230856,6.868217050935546e-05
3.53288,0.00400940843507214,0.0001255635843146052
3.53553,0.003543235363485017,0.0001125423442025966
3.53817,0.004768227594339624,0.0001479710295936745
3.54082,0.003676764497780245,0.0001155702747168005
3.54346,0.00298367522197558,9.535421919140549e-05
3.5461,0.002692269839067706,8.737322423888892e-05
3.54875,0.002309819159267479,7.488707544111478e-05
3.55139,0.002225490149833517,7.208527622099287e-05
3.55403,0.002247433684794674,7.307680308053758e-05
3.55668,0.003246356687014427,0.0001026912503442469
3.55932,0.003441062638734739,0.0001092581343368445
3.56197,0.003064746809100999,9.758095657265632e-05
3.56461,0.001837870629855718,5.987268454803012e-05
3.56725,0.002498202552719203,8.082162194769969e-05
3.5699,0.003007784267480577,9.647849362008007e-05
3.57254,0.002828980854605996,8.993976507726103e-05
3.57518,0.002689568673695892,8.610779247795306e-05
3.57783,0.004038784753052163,0.0001267181287021389
3.58047,0.002754286764705883,8.856448250742605e-05
3.58312,0.001483832547169809,4.889371006457366e-05
3.58576,0.001643171545504997,5.375117803290848e-05
3.5884,0.002698647336293007,8.674332501449322e-05
3.59105,0.003544661487236403,0.0001119547658861049
3.59369,0.0030750570199778,9.804363921307171e-05
3.59633,0.004126625277469477,0.0001283514450223858
3.59898,0.001961437500000001,6.367813907201373e-05
3.60162,0.002223182713651497,7.244396526720449e-05
3.60427,0.002821241329078801,9.081399576659072e-05
3.60691,0.002956480438401775,9.416108421829904e-05
3.60955,0.002854376387347392,9.131316360466462e-05
3.6122,0.001762702691453939,5.782682135383355e-05
3.61484,0.003006461154273031,9.665901442668187e-05
3.61748,0.002572997364039956,8.243749197431361e-05
3.62013,0.001636125624306325,5.354317450139466e-05
3.62277,0.002457234114872365,7.932662038029993e-05
3.62541,0.002319401428967815,7.478599461895103e-05
3.62806,0.004455286140399557,0.0001390709699568935
3.6307,0.001968046198668145,6.415379518890852e-05
3.63335,0.002231380063817979,7.272780806022061e-05
3.63599,0.001541953385127637,5.074692197098064e-05
3.63863,0.002565793493340731,8.259488693616186e-05
3.64128,0.001963873127081023,6.40438409533065e-05
3.64392,0.003302895740843511,0.0001048314669804007
3.64656,0.003840919811320758,0.0001204298350931762
3.64921,0.002423094131520532,7.871715564248036e-05
3.65185,0.002524081090455049,8.141609968487485e-05
3.6545,0.00248069076026637,7.980123911911079e-05
3.65714,0.003247521850721424,0.0001030246407022599
3.65978,0.003492297794117646,0.0001105492533610524
3.66243,0.00287594908435072,9.202491288692519e-05
3.66507,0.003000330882352943,9.572343251292026e-05
3.66771,0.0008851421337402901,2.949485815188042e-05
3.67036,0.001695956437291898,5.535219604525903e-05
3.673,0.00183996975582686,5.997758833795443e-05
3.67565,0.002753936528856825,8.772449431559741e-05
3.67829,0.001836506312430632,5.964059463103031e-05
3.68093,0.002994502774694784,9.58075474215812e-05
3.68358,0.001921858559933407,6.192991664606525e-05
3.68622,0.00173555369034406,5.683653806008518e-05
3.68886,0.003216586639844617,0.0001009871606586431
3.69151,0.002981878260266373,9.463725923244985e-05
3.69415,0.002701060072142064,8.571017677969565e-05
3.6968,0.0008545067980022218,2.80302541561501e-05
3.69944,0.001624000138734737,5.309185344811051e-05
3.70208,0.003004346004439511,9.441476939173646e-05
3.70473,0.002129207339067702,6.843122247366145e-05
3.70737,0.002420177788568254,7.65745965645175e-05
3.71001,0.001696091495560487,5.448474021012656e-05
3.71266,0.001920089067702554,6.163917117884926e-05
3.7153,0.004094616467813543,0.0001271107330120241
3.71794,0.001879649417314094,6.060897754454026e-05
3.72059,0.002504177164261931,7.979040849511198e-05
3.72323,0.003138699223085457,9.832047979025754e-05
3.72588,0.001952468715316317,6.297179320658721e-05
3.72852,0.001932544187014427,6.20501929399614e-05
3.73116,0.002885732796892343,9.052038773634746e-05
3.73381,0.002277874445061046,7.296985735702772e-05
3.73645,0.001932747918978911,6.17655171715019e-05
3.73909,0.002883725235849057,9.148506191023696e-05
3.74174,0.002224757630410654,7.05963098664242e-05
3.74438,0.003261419117647057,0.0001020261940568667
3.74703,0.002427470935072142,7.77824818061109e-05
3.74967,0.003369994519977802,0.0001058415082980257
3.75231,0.003911195893451722,0.0001196127026273646
3.75496,0.002102028579356271,6.729516719828255e-05
3.7576,0.002300110987791342,7.302019484953454e-05
3.76024,0.004072064026082131,0.0001258627853981332
3.76289,0.003099690274694782,9.703286332710581e-05
3.76553,0.002398980507769146,7.645109941607206e-05
3.76818,0.002451795158157603,7.801144373884291e-05
3.77082,0.001997992508324088,6.37464328382261e-05
3.77346,0.003119898654273032,9.798972697480407e-05
3.77611,0.002416123751387346,7.685849041309291e-05
3.77875,0.002777887624861265,8.762313184614857e-05
3.78139,0.00349826324916759,0.0001091678993959549
3.78404,0.002844713998335185,8.976009520691129e-05
3.78668,0.001835844755826861,5.895526037336837e-05
3.78933,0.00310635620144284,9.726034363639279e-05
3.79197,0.004240037597114315,0.0001345572198352762
3.79461,0.003456802649833519,0.0001131148556738615
3.79726,0.002186552164261929,7.374674705919538e-05
3.7999,0.002375013387902328,8.142321572466615e-05
3.80254,0.00129880729744728,4.584449413113584e-05
3.80519,0.002918380271920088,0.0001008227926205004
3.80783,0.002159554245283017,7.614276003440128e-05
3.81047,0.001097888665371811,4.00461057672785e-05
3.81312,0.003707624167591565,0.0001309974738836678
3.81576,0.001953372918978911,7.106162689329669e-05
3.81841,0.001907567563817978,6.941124018902866e-05
3.82105,0.003411116329078805,0.0001229499325959219
3.82369,0.002516243132630412,9.203224490607734e-05
3.82634,0.002547439303551608,9.361876744616564e-05
3.82898,0.003033360640954492,0.0001111893882856975
3.83162,0.003850904966703664,0.000139854278338334
3.83427,0.002746263387902329,0.0001026865475985387
3.83691,0.003432306742508327,0.0001281556888997274
3.83956,0.003135510474472805,0.0001178658543521608
3.8422,0.004435897266925639,0.0001633976600000501
3.84484,0.002634826581576028,0.0001010225305041146
3.84749,0.002239829217536072,8.44461794266753e-05
3.85013,0.003498560835183131,0.0001255598135518887
3.85277,0.002695234253607102,9.645611594862258e-05
3.85542,0.001740592050499445,6.380248617319927e-05
3.85806,0.002101177025527194,7.562978142950965e-05
3.86071,0.002450488068812427,8.696661838047773e-05
3.86335,-0.0006398236681465026,-2.408657292154426e-05
3.86599,0.001993796545504997,7.043237803601252e-05
3.86864,0.003625989456159822,0.000123590213661266
3.87128,0.004037759225860158,0.0001373189818523131
3.87392,0.001435912042175361,5.102644052726296e-05
3.87657,0.002713922655382909,9.403787587369343e-05
3.87921,0.001107315274694782,3.964041997413311e-05
3.88186,0.00259953059100999,9.001831672015338e-05
3.8845,0.00299620817147614,0.0001030118860268602
3.88714,0.002735655591009991,9.355520952810503e-05
3.88979,0.003648003953940067,0.0001236936228246639
3.89243,0.002779977594339623,9.5421278171768e-05
3.89507,0.002368580951720309,8.083826242490346e-05
3.89772,0.002866671268035519,9.673152702903603e-05
3.90036,0.001751211293007767,6.020045088929141e-05
3.903,0.001688294741953386,5.800124574405774e-05
3.90565,0.002693959211986683,9.065412207796623e-05
3.90829,0.003213116329078803,0.0001066501924355572
3.91094,0.003988291273584907,0.0001310233828453329
3.91358,0.002429393798557155,8.170871323269252e-05
3.91622,0.002083640052719198,7.014116577816442e-05
3.91887,0.002883173557158713,9.651551039511907e-05
3.92151,0.0009905951720310762,3.407530722473252e-05
3.92415,0.001989566245837956,6.70037311890886e-05
3.9268,0.00294858754162042,9.780695522786654e-05
3.92944,0.003974586293007772,0.0001280544549625072
3.93209,0.002796340246947834,9.238468007731216e-05
3.93473,0.002110310627081022,7.004196882361274e-05
3.93737,0.002242422794117647,7.443951651785749e-05
3.94002,0.00163270567425083,5.501172651564959e-05
3.94266,0.003218967327968926,0.0001051764224221004
3.9453,0.002092503537735849,6.982744394651797e-05
3.94795,0.001682997710876804,5.650618918896945e-05
3.95059,0.002172890677025527,7.256749009741108e-05
3.95324,0.0034687381381798,0.00011316103731528
3.95588,0.002523490496670366,8.358483394160076e-05
3.95852,0.002973898376803552,9.777045375918463e-05
3.96117,0.002105265399556046,7.054195731005219e-05
3.96381,0.002888056256936737,9.466430479347392e-05
3.96645,0.002863397821864597,9.377266635936613e-05
3.9691,0.002386948876248614,7.903843736524288e-05
3.97174,0.003406977594339624,0.00011127472273976
3.97439,0.001968414747502774,6.622029390119429e-05
3.97703,0.002006585876803553,6.634717296664923e-05
3.97967,0.002847396850721419,9.327377037109444e-05
3.98232,0.001946745907325192,6.478305447513341e-05
3.98496,0.002454910654827971,8.112045323966731e-05
3.9876,0.002615783365704771,8.599422185491855e-05
3.99025,0.003891845935072144,0.000124912640478074
3.99289,0.004080238485016648,0.0001315431282205504
