0.0431807,69.51586225721421,0.4894392292850448
0.0458244,59.99031130688125,0.4370959479825318
0.0484682,52.60580498057714,0.4039143498912484
0.0511119,46.07508300499445,0.3924444790491641
0.0537556,40.84665076997781,0.3473432619924622
0.0563993,36.02999265399556,0.3364395851739074
0.059043,31.77250722253052,0.2933350163111367
0.0616867,28.754520493202,0.2901981924072051
0.0643304,25.86705597461155,0.268903325052411
0.0669742,23.45999813540511,0.2447349284042472
0.0696179,21.0664508386515,0.2358214975924726
0.0722616,19.27452977871809,0.2125077677426345
0.07490529999999999,17.51915608143729,0.2017572001656829
0.07754900000000001,15.92715225374584,0.1898719701744224
0.08019270000000001,14.62315613207547,0.1749427508098513
0.08283649999999999,13.3880493645949,0.1693035631326394
0.08548020000000001,12.29589115288568,0.1546606735410028
0.08812390000000001,11.26141934933407,0.1540766142309141
0.0907676,10.44707906354051,0.1468663893399347
0.0934113,9.617867786487235,0.138294859003732
0.096055,8.872133415649278,0.134373278411865
0.0986987,8.240358716703664,0.1244150082243361
0.101342,7.640191681465039,0.1197202483449891
0.103986,7.102325652053276,0.1092059531925217
0.10663,6.580140276775805,0.1055514106766382
0.109274,6.074278478773586,0.1003369478654829
0.111917,5.775296670366259,0.09474119193757796
0.114561,5.381994173140956,0.08912045210348467
0.117205,4.954314516509434,0.08335863733393838
0.119848,4.622791471281909,0.07858497414023576
0.122492,4.345982110155383,0.07323887220498594
0.125136,4.12533022891232,0.07134554848639406
0.12778,3.831330330882353,0.06661478396002092
0.130423,3.598965052025527,0.06359830845683162
0.133067,3.423235977386238,0.061358661291207
0.135711,3.186232889150943,0.05579516303412845
0.138354,3.00321417036626,0.05387649201166328
0.140998,2.841637874583796,0.05101155938027353
0.143642,2.636698878329634,0.04770732150443256
0.146286,2.523125312846837,0.04515280102922841
0.148929,2.35643724472808,0.04227749317002802
0.151573,2.212027884988901,0.04097063227108127
0.154217,2.115945853218646,0.03853638632146219
0.15686,2.007123660516093,0.03704490096907036
0.159504,1.876612986958934,0.03453628762315311
0.162148,1.799887895394007,0.03327789498181817
0.164792,1.692234437430633,0.03204407297067031
0.167435,1.618512606825749,0.03005921254835646
0.170079,1.513066710599334,0.02847043590092296
0.172723,1.421290817147614,0.02672617110300259
0.175366,1.378754169672586,0.02619871623079745
0.17801,1.287359300776915,0.02445312778446231
0.180654,1.222058215871254,0.02320027259014965
0.183298,1.173442572835738,0.02256724806353033
0.185941,1.121123288706992,0.02145111066187739
0.188585,1.075498659822419,0.02066704122397291
0.191229,1.023225272613763,0.01983664719055425
0.193872,0.9584431319367369,0.01858518536372432
0.196516,0.9285337000554938,0.01815944777133257
0.19916,0.8837405493895671,0.01731470293919173
0.201804,0.8492519554661487,0.01703251827247039
0.204447,0.8104926588512764,0.01605044219085227
0.207091,0.7719742008879024,0.01524197146686946
0.209735,0.7513492924528302,0.01488200186107349
0.212378,0.7176061057158714,0.01432175592555633
0.215022,0.6786233448945617,0.01359575278986282
0.217666,0.6429212180910099,0.013083962044034
0.22031,0.6432392688679246,0.01317929700185176
0.222953,0.6050959753052163,0.01231258859056204
0.225597,0.5761397114317425,0.01169023201104531
0.228241,0.5555748009156493,0.01146384471640024
0.230885,0.5435745532741398,0.01120345504641277
0.233528,0.5085810016648169,0.01067607973698355
0.236172,0.4968108109045506,0.01040483985218963
0.238816,0.4764396288845727,0.01001577479351982
0.241459,0.4604627622086571,0.009670269778415183
0.244103,0.4245726983906771,0.008955076516469143
0.246747,0.4171205493895672,0.008906618987761546
0.249391,0.4135648543285239,0.008856927830724899
0.252034,0.3952066814650389,0.008569973347837911
0.254678,0.3828396476137625,0.008229009403107642
0.257322,0.3609560418978912,0.007861835858119209
0.259965,0.353437096281909,0.007697897549477057
0.262609,0.3419132151775806,0.007492767796343182
0.265253,0.3419842008879023,0.007558991645306707
0.267897,0.317251850027747,0.00702566598482543
0.27054,0.3150379703107658,0.006967294223613048
0.273184,0.2999882900943396,0.00663341452073395
0.275828,0.2956938720865704,0.006550360827559751
0.278471,0.291021336709212,0.006543486892171413
0.281115,0.280661726553829,0.006345872748986492
0.283759,0.2620881243063263,0.006035279987738785
0.286403,0.2587751220865705,0.005834303342595304
0.289046,0.2592927157325194,0.005899872608353664
0.29169,0.2469228891509434,0.005649660345045672
0.294334,0.2437979155105439,0.005631737596442435
0.296977,0.2405791564927858,0.005558921455801832
0.299621,0.2333477934239734,0.005363998918638029
0.302265,0.2189838658435072,0.005129502350684188
0.304909,0.2184768250554939,0.005084849930440711
0.307552,0.1993888797169811,0.004801640349709966
0.310196,0.2040063387902331,0.004829295544379745
0.31284,0.2030914678135405,0.004781224943105687
0.315483,0.1966680278856826,0.004676031687109366
0.318127,0.1900995193534961,0.004527522300533864
0.320771,0.1828625914261931,0.004388995698861433
0.323415,0.1792217501387347,0.004332969761384435
0.326058,0.1771405708934517,0.004259737783459999
0.328702,0.1674381222253052,0.004150754774264833
0.331346,0.1694655551470588,0.004118165334647325
0.333989,0.1650327985571587,0.004018659028735839
0.336633,0.1608521774417314,0.003905727947779171
0.339277,0.1562378315760266,0.003819577164463972
0.341921,0.1542048154827969,0.003831036297331128
0.344564,0.1527207151082131,0.003762446516998664
0.347208,0.1432334829356271,0.003604774108873545
0.349852,0.1510093139567148,0.003700615000448796
0.352495,0.1418648642480577,0.003547756908450387
0.355139,0.1351100943396226,0.003416301355460194
0.357783,0.1360451347807991,0.003436261898735952
0.360427,0.1295174069783574,0.00330827565709905
0.36307,0.1324048543285239,0.00332089650057579
0.365714,0.1272344461015538,0.003243265125259563
0.368358,0.1269247139983352,0.003191347242697822
0.371001,0.1267999865427303,0.003210725621162648
0.373645,0.1139295241398446,0.002985492340736466
0.376289,0.1189144286903441,0.003040109840829166
0.378933,0.1144589456853496,0.002977484484591298
0.381576,0.1151041648168701,0.002928471281446732
0.38422,0.1157106039123197,0.002968691976430156
0.386864,0.1070245900388457,0.002789743040552383
0.389507,0.1036932610987791,0.002745128168277097
0.392151,0.1047321659267481,0.002777346538566264
0.394795,0.1026849389567148,0.002686698777622068
0.397439,0.1012053710460599,0.002668563300464666
0.400082,0.1043087056048835,0.002699775681690472
0.402726,0.09846043077136515,0.002607350124046504
0.40537,0.09299136750832408,0.0025017646664166
0.408013,0.1013997794117647,0.002615357034221108
0.410657,0.09511478565482798,0.002534359172236108
0.413301,0.09831295858768035,0.002561353137115939
0.415945,0.09067309232796894,0.00243909088782744
0.418588,0.0936877714345172,0.002495004286751823
0.421232,0.08533313103496117,0.002327598651925105
0.423876,0.08625381409544949,0.002382288766890647
0.426519,0.08626638138179803,0.002389310546905124
0.429163,0.08689316620421754,0.002472488655760046
0.431807,0.08727370775527192,0.002522920709132916
0.434451,0.08391637437569369,0.002496857631711726
0.437094,0.08036015739456159,0.002482213587800052
0.439738,0.08152315559100999,0.002509087598110545
0.442382,0.08200699611542729,0.002569640709312393
0.445025,0.08371972038013319,0.002601790356044542
0.447669,0.08384427157325196,0.002624270873262848
0.450313,0.08079962097669256,0.002597101920823585
0.452957,0.08703741072419534,0.002694306160403901
0.4556,0.08282982831576027,0.002591338671371927
0.458244,0.0758833122918979,0.002401817440524389
0.460888,0.07718821552441732,0.00244486785195838
0.463531,0.07350227164261931,0.002390533321918627
0.466175,0.0727026671753607,0.002340994617024929
0.468819,0.07332990295504994,0.002407436012986759
0.471463,0.06741898855438402,0.002208203388782199
0.474106,0.06873686424805772,0.002290987137097022
0.47675,0.07009388165926747,0.002315736265590933
0.479394,0.06658328003607104,0.002244568685538748
0.482037,0.06637198709766925,0.002266740597640234
0.484681,0.06753628322697003,0.002177252635503491
0.487325,0.07010320067980022,0.00223732808935052
0.489969,0.0635817862791343,0.00203779687948859
0.492612,0.06585609884850166,0.002090179807403353
0.495256,0.06180343056326306,0.001961608701923863
0.4979,0.06886156881243063,0.002090272138766286
0.500543,0.0584802509017758,0.001853621412329359
0.5031870000000001,0.06118157880133186,0.00189643070965839
0.505831,0.05777021982519422,0.001824610103082998
0.508475,0.06260623751387348,0.00191920254569998
0.511118,0.05773835065205328,0.001787874597506039
0.5137620000000001,0.05530977864872364,0.00173737023921548
0.516406,0.06024243396226415,0.001824135670320671
0.519049,0.06222873362930078,0.00187569582256565
0.521693,0.05771847648446171,0.001754118792608545
0.5243370000000001,0.06004010294117648,0.0018028926566821
0.526981,0.05900386036348501,0.001782712086346385
0.529624,0.05492572100443951,0.001671615179928605
0.532268,0.05571104821032188,0.001694972786827084
0.5349120000000001,0.05711311327691455,0.001705653359017291
0.537555,0.05839071184794673,0.00173108153869976
0.540199,0.05386275749167592,0.00164265566838402
0.542843,0.05104131471975583,0.001572012374746809
0.5454870000000001,0.05379345428690344,0.001625356763821183
0.54813,0.05223062867647058,0.001558377397300638
0.550774,0.04972894665649279,0.001525729732552335
0.553418,0.05321286625971143,0.001583172877086203
0.556061,0.05441374944506105,0.001609108988295258
0.558705,0.05064902081021088,0.001538730718501659
0.561349,0.04460738145116538,0.001371138117060946
0.563993,0.04634776748057715,0.001422991036702846
0.566636,0.04788398890122086,0.001444081933268432
0.56928,0.05030642834350721,0.001505917077702979
0.571924,0.04874108698668147,0.001464264746149285
0.574567,0.04981707332130966,0.001481224296814845
0.577211,0.04845280396781354,0.001448233364409321
0.579855,0.04879840205327415,0.001438533405373826
0.582499,0.05112232678967814,0.001500673071079079
0.5851420000000001,0.04954965108213098,0.00145538285318752
0.587786,0.04776146587125416,0.001431895949406063
0.59043,0.04998105466148724,0.001465317591440047
0.593073,0.04608976498335184,0.001361412092028894
0.5957170000000001,0.04464880542452831,0.001336726201587791
0.598361,0.04694954134295228,0.001388133800480977
0.601005,0.04612097031076581,0.001359600875861818
0.603648,0.04618064088512764,0.001354325998671877
0.6062920000000001,0.04923795948945617,0.001414560305790334
0.608936,0.04440972710876804,0.001313448858189576
0.611579,0.04353825104051055,0.001282469798443255
0.614223,0.04517741433129856,0.001316606127992401
0.6168670000000001,0.04539470019422864,0.00131909023283532
0.619511,0.04635430979467258,0.001329472972530592
0.622154,0.04351038096559379,0.001274621772062312
0.624798,0.04113365302441731,0.001214323404681027
0.6274420000000001,0.04400052344617093,0.001267720702758226
0.630085,0.04385182658157603,0.001273369629535013
0.632729,0.04164121344339623,0.001217680762614734
0.635373,0.04552463082685905,0.001296072136764489
0.6380169999999999,0.03959549271642619,0.001163154520570609
0.64066,0.0399723487791343,0.001179587165468101
0.643304,0.04042531818812432,0.001189126553596606
0.645948,0.04127472253052164,0.001200147276353778
0.6485919999999999,0.04233573799944506,0.001218384035375761
0.651235,0.03993025180355161,0.001177619682398923
0.653879,0.04266425464761377,0.001230322944274525
0.656523,0.04034318673695894,0.001174853956097361
0.659166,0.04109536743895672,0.001192137621812506
0.66181,0.04287749334073253,0.001211550946793034
0.664454,0.03949799209211987,0.001155268952207418
0.667098,0.03787474278579356,0.001123857848063241
0.669741,0.03893187361265261,0.001143729850256347
0.672385,0.04040908830466149,0.001166362773237766
0.675029,0.0398130143590455,0.0011462933256673
0.6776720000000001,0.039036681118202,0.001126344358177131
0.680316,0.04019766946448391,0.001154042074171918
0.68296,0.04029064449223085,0.001144773233173734
0.685604,0.03736280785238624,0.001093860889199528
0.6882470000000001,0.03977472648446172,0.001135075426149204
0.690891,0.03806933885960045,0.001102058237423902
0.693535,0.03791456666204218,0.001091833551760404
0.696178,0.03734231791065483,0.001080225059540576
0.6988220000000001,0.0366068615427303,0.00106832773636371
0.701466,0.0393196922863485,0.001114552734761743
0.70411,0.03681896711986682,0.001069614465083674
0.706753,0.03423024576859045,0.001000458885473916
0.7093970000000001,0.03615934711431742,0.001046530900296475
0.712041,0.03679885717258602,0.001060415267777634
0.714684,0.0370156875,0.001057779532242373
0.717328,0.03763071538568258,0.001069683850805828
0.7199719999999999,0.03531918625138735,0.001021311309054739
0.722616,0.03636544145394007,0.001037074712093067
0.725259,0.03630393958102109,0.001038267556345975
0.727903,0.03686604751664817,0.001035086095462646
0.7305469999999999,0.03419735564650388,0.0009943896425082717
0.73319,0.03630357789955605,0.001033869136192017
0.735834,0.03659233705604883,0.001031173293257741
0.738478,0.03419958067425083,0.0009775701659208186
0.7411219999999999,0.03651893174250832,0.001028306260048025
0.743765,0.03562401276359601,0.001015205053937887
0.746409,0.03646090933684795,0.001014079944061175
0.749053,0.03509322918978913,0.0009975036739456235
0.751696,0.03616396198668146,0.001008056181280497
0.75434,0.03389132047724751,0.0009704407826017826
0.756984,0.0339994105854606,0.000956979509829818
0.759628,0.03576953003607104,0.001000478418615068
0.762271,0.03244926671753607,0.0009288148148851647
0.764915,0.03502451886792453,0.0009760888839766737
0.767559,0.03665968763873474,0.001021766242565557
0.7702020000000001,0.03524674923695893,0.0009776722229409515
0.772846,0.03489149791897891,0.0009685570597326262
0.77549,0.03471846538568257,0.0009727941523900475
0.778134,0.03478319492230855,0.0009614014157862061
0.7807770000000001,0.03431831291620422,0.0009599830864682854
0.783421,0.03303597586015539,0.0009269425777948589
0.786065,0.03324207706714762,0.0009324421531478744
0.788708,0.03246868992785793,0.0009166121930278556
0.7913520000000001,0.03449243278301887,0.0009482724174102164
0.793996,0.03390168333795782,0.0009417441886123889
0.79664,0.03450142445893452,0.0009475799696784909
0.799283,0.03401873994173141,0.0009373520604946255
0.8019269999999999,0.03250089102386237,0.0009059478696595168
0.804571,0.03257004543562709,0.000902011241562996
0.807214,0.03207086778579357,0.0008963049898982216
0.809858,0.03288687382075472,0.000901920934074539
0.8125019999999999,0.03271606631520532,0.0009126348011406837
0.815146,0.03212024188401776,0.0008866589081041119
0.817789,0.03222660828246393,0.000890801046240585
0.820433,0.03410439206437291,0.000932731646536591
0.8230769999999999,0.03180483046614872,0.0008770108667317458
0.82572,0.03363983969200888,0.0009202894544095136
0.828364,0.03520779293840177,0.0009431510051934811
0.831008,0.03466328607103219,0.0009371933422999922
0.8336519999999999,0.03344686889567147,0.0009014736068829756
0.836295,0.03363321496947836,0.0009094458540855873
0.838939,0.03373994762763596,0.0009141188659461052
0.841583,0.03455361417869034,0.0009161410393577779
0.844226,0.033955193881798,0.0009212384228205095
0.84687,0.03294638644561598,0.0008890047143290804
0.849514,0.03236871476137625,0.0008775711094632716
0.852158,0.03429882332130966,0.0009186786136220121
0.854801,0.03284784198113207,0.0008712481816961888
0.857445,0.03201699784961155,0.0008675772565484816
0.860089,0.03134227192008879,0.0008451100341304402
0.8627320000000001,0.03150830202552719,0.0008499396518454984
0.865376,0.03261761112652609,0.0009023420988692355
0.86802,0.03163109746115428,0.0008761018278723409
0.870664,0.03237720740843508,0.0009050474245501779
0.8733070000000001,0.03236574347946726,0.0008910268692081961
0.875951,0.03039535092952276,0.0008672566839542809
0.878595,0.03046497232241954,0.0008677236954548354
0.881238,0.03201390295504994,0.0008959933492997633
0.8838819999999999,0.0317663731964484,0.0009056248685266788
0.886526,0.03159093937291899,0.0008806783260272311
0.88917,0.03130935432852387,0.0008852885959338493
0.891813,0.03234697953662598,0.0009077184025060423
0.8944569999999999,0.03345249098224196,0.000909968432640457
0.897101,0.03180846559378469,0.0008689581813738136
0.899744,0.03024408109045505,0.0008334053869001202
0.902388,0.03049321552441731,0.0008352785517982238
0.9050319999999999,0.03320005334350722,0.0008774816631594081
0.907676,0.03134607873196448,0.0008426426990201112
0.910319,0.031622890954495,0.0008506797761650863
0.912963,0.03040378863762486,0.0008241258998848377
0.9156069999999999,0.02992748161764706,0.0008145582222127109
0.91825,0.03057377892619312,0.0008140733760004733
0.920894,0.02979355188679245,0.0008080228256860217
0.923538,0.03360385009711432,0.0008788584468152341
0.9261819999999999,0.03176346372086571,0.0008360575837254628
0.928825,0.03060648591842397,0.0008233334980849808
0.931469,0.03211904009433963,0.0008427952286579516
0.934113,0.03161456541342952,0.0008414834944745066
0.936756,0.03105325409267481,0.0008146787008101311
0.9394,0.03098773709766926,0.0008165540105195308
0.942044,0.03144817362652608,0.0008201266175528855
0.944688,0.03054309551886792,0.0008058354560731614
0.947331,0.02975496871531631,0.0007917625934056482
0.949975,0.03296232103218646,0.0008464726844180299
0.952619,0.0306000878190899,0.0008035829429515844
0.9552619999999999,0.03149918215871254,0.0008202214631236745
0.957906,0.02963360398168702,0.0007828788167742963
0.96055,0.03047884440899001,0.0008031375889600841
0.963194,0.03065000215038846,0.0007873759657557501
0.9658369999999999,0.02870224445061043,0.0007636102772971387
0.968481,0.03218477455604884,0.0008240885127310003
0.971125,0.03222131125138734,0.0008201952001039238
0.973768,0.02982403156215317,0.0007733540832843931
0.9764119999999999,0.03110763908157603,0.0007920612763012745
0.979056,0.0303719881381798,0.0007851155025099107
0.9817,0.02891131236126527,0.0007523551404750906
0.984343,0.03276428211709212,0.0008202374902128032
0.9869869999999999,0.02979150998890123,0.000761590249852234
0.989631,0.03097879578246393,0.0007949507630068261
0.992274,0.03007216564927857,0.0007982183077374337
0.994918,0.03162423466981132,0.0008260703094343722
0.9975619999999999,0.02901670130410655,0.0007832126824078744
1.00021,0.02794574875138734,0.0007677864327046367
1.00285,0.02917088748612653,0.0007893036957921391
1.00549,0.03161484926470588,0.0008553109828575
1.00814,0.02931932796892342,0.0008023535321266955
1.01078,0.02921696753607103,0.0008052857559042968
1.01342,0.02942537617924528,0.0008137157998599687
1.01607,0.02982724320199778,0.0008306694681576331
1.01871,0.03110716752219756,0.0008507583289207384
1.02136,0.02968479564372919,0.0008262742430211583
1.024,0.03078041578801332,0.0008563903955310076
1.02664,0.02751967653995561,0.0007889936994312774
1.02929,0.02962909898723641,0.0008369083646516968
1.03193,0.03012018000832408,0.000844655853487568
1.03457,0.0271833631381798,0.0007808125455935973
1.03722,0.0273301920782464,0.0007931539091080611
1.03986,0.02996143160377359,0.0008415061002118931
1.04251,0.02795149673973363,0.0008058475689422195
1.04515,0.02811940163706992,0.0007951223998927641
1.04779,0.02795746677302997,0.0007846272288764128
1.05044,0.02916828246392897,0.0008019277479120632
1.05308,0.02961446004439511,0.0007971677586112
1.05572,0.02717628745837958,0.0007527778610935433
1.05837,0.03209123869311876,0.0008367245668690659
1.06101,0.02997162278024418,0.0008038249696074906
1.06365,0.02692038637624862,0.0007304699028955089
1.0663,0.03206799035793563,0.0008325521166511725
1.06894,0.0321632636653718,0.000833137367906437
1.07159,0.02765041523307436,0.0007336833562427884
1.07423,0.02850468625138735,0.0007583931200715753
1.07687,0.0286262753190899,0.0007510094190366222
1.07952,0.02861274431187569,0.0007554017669617898
1.08216,0.0292719019145394,0.0007632352914022436
1.0848,0.02806422918978912,0.0007260947383570847
1.08745,0.02849303232519423,0.0007417170300690816
1.09009,0.02572959135682575,0.0006823512721766789
1.09274,0.03077107387624862,0.0007842494611590265
1.09538,0.02903152337680355,0.0007480081458237764
1.09802,0.02787189705882353,0.0007189053670925659
1.10067,0.02910253655660378,0.0007472566143726628
1.10331,0.02935141003052164,0.0007423373690752154
1.10595,0.02735948369866814,0.0007081784350007327
1.1086,0.02814447669256382,0.0007205146790644488
1.11124,0.02590413242230855,0.00067709894459122
1.11389,0.03061609794672586,0.000769481459051441
1.11653,0.02735727469478357,0.000693643739987865
1.11917,0.02880294755826859,0.0007320677093580253
1.12182,0.02905567133740289,0.0007299928812802459
1.12446,0.02657231832685905,0.0006872572621601065
1.1271,0.02755585384295228,0.0007005492104313574
1.12975,0.02652911570477248,0.0006771109577501284
1.13239,0.02835500277469479,0.0007153935508916029
1.13504,0.03003291863207547,0.0007433484614901321
1.13768,0.0254613702136515,0.0006569511304728175
1.14032,0.02719959302164262,0.0006919162190952823
1.14297,0.02768746698113208,0.000700167401030902
1.14561,0.02521368708379578,0.0006572815786820754
1.14825,0.02745431291620422,0.0006872419847074837
1.1509,0.02778680348224195,0.00069764748637933
1.15354,0.02669248127081022,0.0006761349584983718
1.15618,0.02627878405937847,0.0006646426982420786
1.15883,0.02718918437846837,0.0006910424422092529
1.16147,0.02531960939234184,0.0006421939209402321
1.16412,0.02691296961709212,0.0006818106489610086
1.16676,0.02591409926470589,0.0006506460615824991
1.1694,0.02866335453662597,0.0007084313844521722
1.17205,0.02664780216426193,0.0006667857470680047
1.17469,0.02517749375693674,0.0006377873328299984
1.17733,0.02533616662042176,0.0006427262702798691
1.17998,0.0267719596281909,0.000662433547098396
1.18262,0.02576548709766926,0.0006480776906515121
1.18527,0.02497368167314096,0.0006297326834498067
1.18791,0.02469072544395117,0.0006263015176569615
1.19055,0.02644656534406215,0.0006600841833355724
1.1932,0.027131931118202,0.0006646950635287447
1.19584,0.02452687916204218,0.0006208566447175012
1.19848,0.02632167536071033,0.0006490790846923513
1.20113,0.02457127899556049,0.0006204302993008472
1.20377,0.02539733885960044,0.0006331978273783695
1.20642,0.02497596163984462,0.0006253700612036169
1.20906,0.02350604696170921,0.0005983849590283218
1.2117,0.02394986903440622,0.0005988002652391134
1.21435,0.0243991804245283,0.0006111226091130341
1.21699,0.02332293541897891,0.0005875315157433334
1.21963,0.02403825894839068,0.0006025163169025681
1.22228,0.02745392605438402,0.0006684402314872852
1.22492,0.02316641433129855,0.0005815055898851342
1.22757,0.02436669318812431,0.0006066127610284463
1.23021,0.0223622728218646,0.0005639787734239472
1.23285,0.02402060523029967,0.0005969584619831518
1.2355,0.02344763082685905,0.0005878071415668874
1.23814,0.02273220657602664,0.000571412422823354
1.24078,0.02349718118756937,0.0005895882031581941
1.24343,0.02337994145394007,0.000584268727975768
1.24607,0.02297551290233075,0.0005734346829600866
1.24871,0.02109831742508324,0.0005366766907177744
1.25136,0.02459895678412875,0.0006017383183417749
1.254,0.02264197391786903,0.0005666784124539717
1.25665,0.02305552233629302,0.0005734053471349678
1.25929,0.02238786979744728,0.000561588777142081
1.26193,0.02226080743618202,0.0005524725291055498
1.26458,0.02179702420921199,0.0005446977182703237
1.26722,0.02276108157602664,0.000565364082742499
1.26986,0.02090043874861265,0.000528159574138086
1.27251,0.02293193715316315,0.0005682506269039804
1.27515,0.02009314969478358,0.000508924464500151
1.2778,0.02287813360155383,0.0005653304143979985
1.28044,0.020295256381798,0.0005097635419465587
1.28308,0.0213045926054384,0.0005311683892196355
1.28573,0.02032608171476138,0.0005155920151266477
1.28837,0.02299254626803552,0.0005586193452369076
1.29101,0.02088444922308546,0.0005279985337579102
1.29366,0.02103961972807991,0.000522267401049327
1.2963,0.02001607262763596,0.0005040764908214801
1.29895,0.02007681222253052,0.0005058184777729829
1.30159,0.02083945421753607,0.0005151588456969084
1.30423,0.02052623349056604,0.000515756655190185
1.30688,0.01984400152608213,0.000493900236121192
1.30952,0.01994464511653718,0.0005006344529566303
1.31216,0.020484109045505,0.0005070286025854316
1.31481,0.01960382672031077,0.0004917490502145383
1.31745,0.01868725263596004,0.0004726822082987196
1.3201,0.01892864525527192,0.0004736345195676685
1.32274,0.01978029751664817,0.0004923578896706989
1.32538,0.01762022592952275,0.0004461393633595545
1.32803,0.02005826116814651,0.0004940647029039144
1.33067,0.02015937860710322,0.0005015335109139567
1.33331,0.01905319415926748,0.0004716272599240885
1.33596,0.01926105570199778,0.0004802056427383832
1.3386,0.01886270019422864,0.0004711080127524382
1.34124,0.01907214809933407,0.0004735976614126348
1.34389,0.01836628551609323,0.0004595475890516285
1.34653,0.01905579002497225,0.000470106121364798
1.34918,0.01769078815205328,0.0004472350325139062
1.35182,0.01862211792452831,0.0004613754734003983
1.35446,0.01915625048557159,0.000475275857926103
1.35711,0.01803093125693674,0.0004517417612825047
1.35975,0.01747714886237514,0.0004409153787083313
1.36239,0.01688381041897892,0.000429784877215546
1.36504,0.01681056992230855,0.0004227736232393893
1.36768,0.01750280535516093,0.0004407464549973014
1.37033,0.0170557167036626,0.0004308753499933605
1.37297,0.01733513394839068,0.0004365516020579663
1.37561,0.01743190892064373,0.0004425360842992141
1.37826,0.01629906305493895,0.0004117968225608457
1.3809,0.01758792182297447,0.0004425127715819183
1.38354,0.01629011716148724,0.000415141040542695
1.38619,0.01798623154827969,0.0004499831436127416
1.38883,0.01821815406492786,0.0004510359710334174
1.39148,0.01669402837125416,0.0004220974342498682
1.39412,0.01661997752497226,0.0004212200457733815
1.39676,0.0170361859045505,0.0004253605242968589
1.39941,0.01553014886237514,0.0003965126165511381
1.40205,0.01515001019700333,0.0003873875528951587
1.40469,0.01528110141509434,0.0003950805050224553
1.40734,0.01750422690066592,0.000434959102750494
1.40998,0.01644394395116537,0.0004128871995216549
1.41263,0.01580377004716981,0.0003985508616503616
1.41527,0.01652473397613763,0.000414074320877317
1.41791,0.01640595595172031,0.0004132046359543724
1.42056,0.01486054141231965,0.0003808218690193661
1.4232,0.01541365996115427,0.0003907555416797949
1.42584,0.01494124216148724,0.0003805461136327901
1.42849,0.01585909357658158,0.0004008087004199504
1.43113,0.01622661001664817,0.0004081838276845622
1.43377,0.01495347981409545,0.0003807606704959436
1.43642,0.01538641481687014,0.00038747114344578
1.43906,0.01421606166759156,0.0003657630459725237
1.44171,0.01532956215316315,0.0003875021918881115
1.44435,0.01582296434517203,0.0003966982276081836
1.44699,0.01459628731964484,0.0003710690767529472
1.44964,0.01287682616537181,0.0003362782957707595
1.45228,0.01610886438679245,0.0004013123284405476
1.45492,0.01558619346559379,0.0003900095904110201
1.45757,0.014357190690899,0.0003640973816939786
1.46021,0.01530072606825749,0.0003843184981896865
1.46286,0.01526994193951165,0.0003832192653943372
1.4655,0.01484369804384018,0.0003753425360452219
1.46814,0.01292606978357381,0.0003327932412164468
1.47079,0.01492720296892342,0.0003773254861937059
1.47343,0.01339578641786904,0.0003424014180643501
1.47607,0.0126892096281909,0.0003300719579586707
1.47872,0.01338235384295228,0.0003407911386681671
1.48136,0.01438783060488346,0.0003649601987691577
1.48401,0.01448586917314096,0.0003683392674331399
1.48665,0.01361343625138735,0.0003464290274667545
1.48929,0.01417676200055494,0.0003574252452494329
1.49194,0.01428333670921199,0.000357055615656075
1.49458,0.01423367418146504,0.0003620491458319374
1.49722,0.01321863804106548,0.000336564759102047
1.49987,0.01123878225582686,0.0002944686654728125
1.50251,0.0128593006381798,0.000332238123771879
1.50516,0.01349742577691454,0.0003414722197056811
1.5078,0.01272491995005549,0.0003258274499596517
1.51044,0.01553412964761376,0.0003841539550300411
1.51309,0.01342494755826859,0.0003397836024510647
1.51573,0.01332892799667037,0.0003396929805921914
1.51837,0.01341440614594895,0.0003375342098602374
1.52102,0.01334713339345172,0.0003375405058106745
1.52366,0.01324000242785794,0.0003332810104894848
1.5263,0.01278603496115427,0.0003232752789358731
1.52895,0.01180726082130966,0.0003056991353961335
1.53159,0.01252219519977803,0.0003205607592659364
1.53424,0.01261094450610433,0.0003239433805048181
1.53688,0.01209057873196448,0.0003101161974972107
1.53952,0.01200678995560488,0.0003067040877086754
1.54217,0.01224271614872364,0.0003106709607839876
1.54481,0.01186175339900111,0.0003043434649407166
1.54745,0.01182630174805771,0.0003057523113723351
1.5501,0.01043637132352941,0.0002767102051197307
1.55274,0.01199130632630411,0.0003149491481073541
1.55539,0.01214261965871254,0.0003201185360871955
1.55803,0.01034181451165372,0.0002816214243696179
1.56067,0.01157570685349612,0.0003126775447632069
1.56332,0.01067810731132075,0.0002898790383959552
1.56596,0.01135653246392897,0.0003111306533194561
1.5686,0.01220191023862375,0.0003275295715015239
1.57125,0.01303089560210877,0.0003524675091844668
1.57389,0.0123236320754717,0.0003345147796098185
1.57654,0.01162883282463929,0.0003180178599238155
1.57918,0.01503598668146504,0.0004000328111482203
1.58182,0.01002665489733629,0.0002837918015536568
1.58447,0.01216820289955605,0.0003366639784563363
1.58711,0.01145761098779134,0.0003180799362225471
1.58975,0.01077900499445061,0.0003035336770141874
1.5924,0.01133833164539401,0.0003227345238500931
1.59504,0.01114300534128746,0.000312367375332282
1.59769,0.01133351533018868,0.0003212809625720121
1.60033,0.01027369020532742,0.0002941549968603251
1.60297,0.01137125610432853,0.0003208341849996713
1.60562,0.01047755036071032,0.0002991803949390681
1.60826,0.009238235086015539,0.0002626056941254456
1.6109,0.009767649764150944,0.0002752642796448906
1.61355,0.0110094945199778,0.0003002445320423636
1.61619,0.01145040482796893,0.0003101780362379358
1.61883,0.01007487298834628,0.000278266531606601
1.62148,0.01039162125416204,0.0002824336219464576
1.62412,0.01145390489733629,0.0003094257419014633
1.62677,0.0115590855299667,0.0003069955321551804
1.62941,0.01116489851553829,0.0003013872513307887
1.63205,0.009170181742508323,0.0002521836928931965
1.6347,0.009661205535516094,0.0002632037577748437
1.63734,0.008818824223085461,0.0002437727223398935
1.63998,0.01089749230022198,0.0002915827496220155
1.64263,0.009438318188124305,0.0002568359991591376
1.64527,0.01022693944228635,0.0002733003661876846
1.64792,0.009934563471143174,0.000268385594497132
1.65056,0.009942067216981132,0.0002680356462801099
1.6532,0.009998036279134296,0.0002681518692884145
1.65585,0.01067741599611543,0.0002849131740121492
1.65849,0.01087426227802442,0.000285755868744494
1.66113,0.008578086293007769,0.0002346551778167234
1.66378,0.009040138942841289,0.000246148157578466
1.66642,0.008587789886237514,0.0002353381536384656
1.66907,0.01020101970033296,0.0002742436646385005
1.67171,0.009136453801331851,0.0002463740519513648
1.67435,0.00850859309100999,0.0002326862270217412
1.677,0.01003294311875694,0.0002672300184885586
1.67964,0.008272174736403995,0.0002257865270913969
1.68228,0.008856011029411762,0.0002393993262152544
1.68493,0.009461804592119868,0.0002533420044266787
1.68757,0.008551443188124307,0.0002320564443451005
1.69022,0.008885485779689237,0.0002386987237570643
1.69286,0.007991583171476141,0.0002182056387302596
1.6955,0.01013683268590455,0.0002694836133551956
1.69815,0.0089659461709212,0.0002414556574585444
1.70079,0.007298880757491675,0.0002030662794499656
1.70343,0.00841246822974473,0.0002259450949480446
1.70608,0.008499784544950057,0.000229213508849348
1.70872,0.007928336986681465,0.0002146290179977443
1.71137,0.0075026676609323,0.0002056454323955959
1.71401,0.008567254162042173,0.0002311208251909858
1.71665,0.007789611542730298,0.0002124747721249048
1.7193,0.007500396850721417,0.00020578004710572
1.72194,0.007541321795227528,0.0002055666271428234
1.72458,0.008430325679800222,0.0002271422300850696
1.72723,0.007716705258046613,0.0002090792305542668
1.72987,0.00801058976137625,0.0002164785835034836
1.73251,0.009709265677025529,0.0002571051901091893
1.73516,0.007371972461154276,0.0001993145744353281
1.7378,0.008043573737513871,0.0002170523224438071
1.74045,0.009706905591009989,0.0002541789000781984
1.74309,0.008172336917314097,0.0002197186054552586
1.74573,0.008548142272475029,0.0002284682427376483
1.74838,0.008643818465593787,0.0002284086316469901
1.75102,0.008487230993340733,0.0002285275000012773
1.75366,0.009495205188679245,0.0002472151665851437
1.75631,0.008488146642619312,0.0002254216654849607
1.75895,0.007192830258046614,0.0001961923141584829
1.7616,0.007856380688124307,0.0002108731078312423
1.76424,0.008103892133740291,0.0002177089924507631
1.76688,0.007734223917869037,0.0002061046301881435
1.76953,0.009833542175360711,0.0002561546171341472
1.77217,0.00857433670921199,0.0002279676684376345
1.77481,0.007575857796892343,0.0002044135666015163
1.77746,0.006964318534961156,0.0001902952899018184
1.7801,0.007046202760821314,0.000189854604561678
1.78275,0.007659440552164261,0.0002060754497391893
1.78539,0.006735980785238622,0.0001814216167625055
1.78803,0.01012685897613763,0.0002598411484897072
1.79068,0.006236986265260818,0.0001716358208523827
1.79332,0.006655554730854604,0.0001792847646216284
1.79596,0.008720634572697002,0.0002313910097990437
1.79861,0.007822565760266371,0.0002066684240232929
1.80125,0.007741533088235296,0.0002065351985333397
1.8039,0.007760026914539401,0.0002072947156028254
1.80654,0.006437799597669254,0.0001747697709170285
1.80918,0.00830369596281909,0.0002209874477975059
1.81183,0.007736025457824643,0.0002062927669146485
1.81447,0.00699784961154273,0.0001888373977807802
1.81711,0.006575996254162043,0.0001781456167308934
1.81976,0.008787866120976694,0.0002294475589519506
1.8224,0.007953778301886791,0.0002126460758949558
1.82504,0.007955167799667037,0.0002110186506058266
1.82769,0.007411963443396228,0.0002000540105038359
1.83033,0.007026010405105438,0.0001893561169863635
1.83298,0.006846078454495008,0.0001847623665380708
1.83562,0.006942736681465041,0.0001883883721411708
1.83826,0.007568665371809102,0.0002042484159362732
1.84091,0.007356504855715871,0.0001993259497318666
1.84355,0.006869855577136514,0.0001867328273122456
1.84619,0.007560353565482796,0.0002034817683311839
1.84884,0.006022422169811317,0.0001643906911339768
1.85148,0.006073526845172034,0.0001679524974946243
1.85413,0.007294842744173141,0.0001980740249505276
1.85677,0.007174920158157601,0.0001929096189856001
1.85941,0.007056581645394005,0.0001919829716231456
1.86206,0.007976639775249724,0.0002112896839332977
1.8647,0.006332458726415096,0.0001741863048841934
1.86734,0.006227552788568256,0.0001710183725634929
1.86999,0.005696315968368479,0.0001571449353993949
1.87263,0.007425270116537179,0.0002019181655366446
1.87528,0.00616851172308546,0.0001693766042604479
1.87792,0.006995697835738068,0.0001903231879079875
1.88056,0.007628921961709215,0.0002050815682262987
1.88321,0.004228280660377355,0.0001198573667832313
1.88585,0.007270168285238623,0.0001982732613584158
1.88849,0.005638611750832408,0.0001553553885718261
1.89114,0.006353768174250833,0.0001749461007965277
1.89378,0.005902105854605992,0.0001619726922179996
1.89643,0.006019251734184241,0.0001662907802683882
1.89907,0.007438991120976692,0.0002013728696739091
1.90171,0.005800894561598223,0.0001592747740082968
1.90436,0.007135116884017759,0.0001934191523300524
1.907,0.006351305077691453,0.0001733243727319052
1.90964,0.006232877289123198,0.0001719555059542412
1.91229,0.007729464830743617,0.0002077591631003534
1.91493,0.007505815205327411,0.0002014234609740343
1.91757,0.005741294950055496,0.0001586530245343172
1.92022,0.007296953315760268,0.0001977578271119852
1.92286,0.006682589275804659,0.0001832199484128129
1.92551,0.006880612167036626,0.0001855628185344838
1.92815,0.005981009642064374,0.000164327788521421
1.93079,0.006584763596004439,0.0001811741510652311
1.93344,0.006641478912319644,0.0001803767594628376
1.93608,0.006313195754716981,0.0001729641379956005
1.93872,0.00645223023029967,0.0001762731155753899
1.94137,0.006217716426193121,0.0001724966073737786
1.94401,0.007195723709766928,0.0001949459388313987
1.94666,0.005837987513873475,0.0001610160898387069
1.9493,0.005202343784683686,0.0001458691106177177
1.95194,0.007056460321864594,0.0001904086737600208
1.95459,0.006962706992230853,0.0001888851523174919
1.95723,0.006155246254162043,0.0001699459155426955
1.95987,0.005092584905660377,0.0001422353162662832
1.96252,0.006953513873473918,0.0001898990541996651
1.96516,0.005895417036625972,0.0001621933011664866
1.96781,0.005252901359600444,0.0001465361547370199
1.97045,0.005478741675915652,0.0001521999375298649
1.97309,0.006859305008324082,0.0001867101570779029
1.97574,0.004549799458934518,0.0001290974111579893
1.97838,0.006096800360710324,0.0001676315609036196
1.98102,0.005585465177580467,0.0001559985976911593
1.98367,0.005503699986126529,0.0001524226886927167
1.98631,0.006106304800221973,0.0001678794079277565
1.98896,0.00564643597391787,0.0001567561765958666
1.9916,0.00595590711709212,0.0001641827569511601
1.99424,0.005547447419533853,0.0001527920400924506
1.99689,0.006166604883462818,0.0001683018913356845
1.99953,0.007253549250832408,0.0001945661453630864
2.00217,0.004774007630410655,0.0001336613172257732
2.00482,0.004181990011098776,0.0001183882301592011
2.00746,0.004798581367924531,0.0001341208800794184
2.0101,0.005891266856270811,0.0001604800930035163
2.01275,0.005162158226970034,0.000143579697988241
2.01539,0.005444929037180911,0.0001491342413522007
2.01804,0.005977207408435072,0.0001647369745599845
2.02068,0.005997049528301887,0.0001642156391425517
2.02332,0.006580450887902331,0.0001776350889046218
2.02597,0.004854948737513871,0.000135516544343125
2.02861,0.004532118271365151,0.0001261452079644113
2.03125,0.005406915857380689,0.0001494009090787499
2.0339,0.005209758254716981,0.0001439609072000561
2.03654,0.005066289747502777,0.0001413356423829206
2.03919,0.004644482172586014,0.0001296819579490491
2.04183,0.005552884087125417,0.0001519250209941436
2.04447,0.006746529064927861,0.00018199378404001
2.04712,0.005649139428412873,0.0001546290527767849
2.04976,0.004252371392896782,0.0001196572807325899
2.0524,0.004661240843507213,0.0001304202271384886
2.05505,0.005280737097669256,0.0001456400334628147
2.05769,0.00457158275527192,0.0001281199313819711
2.06034,0.006530568604328526,0.0001749249529237627
2.06298,0.004451117647058823,0.0001249453969656033
2.06562,0.004608664261931184,0.0001280776274157755
2.06827,0.005912365704772473,0.0001607785237881088
2.07091,0.005357328870699223,0.0001480304092862789
2.07355,0.005705358004994452,0.0001553874903889829
2.0762,0.005364608282463931,0.0001478739092680632
2.07884,0.005827942841287459,0.0001584810551420483
2.08149,0.005480156354051057,0.0001502727985481165
2.08413,0.004657859808546061,0.0001306106556959023
2.08677,0.005417333657047725,0.0001477374124903697
2.08942,0.005970687985571588,0.0001641632991160055
2.09206,0.006071423140954494,0.0001652265287849081
2.0947,0.005075979605993339,0.000140751178770657
2.09735,0.005234874514428412,0.0001446196012951201
2.09999,0.005328778926193116,0.0001469691986022945
2.10263,0.004976434794672587,0.0001395670497111047
2.10528,0.004562494936182022,0.0001260999269531148
2.10792,0.00585030757491676,0.0001608058096339498
2.11057,0.003801910862930078,0.0001086932870069557
2.11321,0.005263630480022197,0.0001498862615260303
2.11585,0.004625388596004441,0.0001354033878628707
2.1185,0.005130007491675916,0.0001468867430108685
2.12114,0.004041101345726971,0.0001209936480987808
2.12378,0.005228602316870145,0.000150562938897762
2.12643,0.003694997364039953,0.0001109189409787585
2.12907,0.00563886126526082,0.0001660796003529602
2.13172,0.005369468091009989,0.0001585212256774307
2.13436,0.005449411140399554,0.0001623517548383598
2.137,0.003947915718645948,0.0001202525937785638
2.13965,0.0037610339900111,0.0001161198490575135
2.14229,0.004256114109322974,0.0001299368539958324
2.14493,0.005291019839067703,0.0001600520021221101
2.14758,0.004248065552164263,0.0001318899771370719
2.15022,0.00404832124028857,0.0001246484436249044
2.15287,0.00517110183129856,0.0001583977746840001
2.15551,0.005888764844617092,0.0001772825844842104
2.15815,0.005792990219200891,0.000175826990530909
2.1608,0.004619956506659266,0.000143237064798506
2.16344,0.005182584073251944,0.0001580856434058075
2.16608,0.00499503849889012,0.0001530700163080474
2.16873,0.004952181534406218,0.000149756881655191
2.17137,0.004782518590455048,0.0001432657338953571
2.17402,0.004326049112097668,0.0001296348337293347
2.17666,0.004406578177025531,0.0001323030765403023
2.1793,0.005070579564372921,0.00014927583970899
2.18195,0.005375083310210881,0.0001567291776536133
2.18459,0.00432089858490566,0.0001281630062014542
2.18723,0.006003745213651495,0.0001729507240939131
2.18988,0.003663370837957824,0.0001095571711192829
2.19252,0.003716098501664816,0.0001106424924631594
2.19516,0.003245413568257494,9.720318736319138e-05
2.19781,0.004302743548834627,0.0001272186235444522
2.20045,0.005146988207547174,0.0001486156749319719
2.2031,0.005614626317980023,0.0001614138134542381
2.20574,0.00466322093507214,0.0001357683129601861
2.20838,0.004942665649278579,0.0001434977252029502
2.21103,0.003968130965593784,0.0001173800039077747
2.21367,0.005245182436182021,0.0001519888911857409
2.21631,0.00454205535516093,0.000133117022496908
2.21896,0.004784022544395116,0.0001383845318070282
2.2216,0.004032100513318538,0.0001178356824419243
2.22425,0.005343166065482799,0.0001535416632252751
2.22689,0.005042450818534962,0.0001455944696712238
2.22953,0.00493727018590455,0.0001418105214152962
2.23218,0.004443737513873477,0.0001306957452063478
2.23482,0.003643668354605993,0.0001076104254351932
2.23746,0.004101941662042175,0.0001217036799938537
2.24011,0.004456394076026638,0.0001299174768290844
2.24275,0.002721355438401775,8.280350387662907e-05
2.2454,0.003113413568257492,9.328484784484347e-05
2.24804,0.004811125763041066,0.0001404426588715319
2.25068,0.005561136376248613,0.0001600932684436373
2.25333,0.003726642203107661,0.0001101962581491005
2.25597,0.004753691662042175,0.0001388438230653698
2.25861,0.003895801539955605,0.0001153860829517367
2.26126,0.005242215732519424,0.0001519217786456881
2.2639,0.002902347253052165,8.740264566340752e-05
2.26655,0.005092365149833515,0.0001478684007518013
2.26919,0.005358409336847947,0.0001566102366615845
2.27183,0.00420426546892342,0.0001233505521664747
2.27448,0.005080690621531632,0.0001471313004732857
2.27712,0.003599769839067703,0.0001068557271782619
2.27976,0.003495321725860154,0.0001059026811388384
2.28241,0.005082920227524973,0.0001483510597882753
2.28505,0.004328731964483907,0.0001270578293581459
2.28769,0.003833690760266371,0.0001136446193815035
2.29034,0.003605211084905662,0.00010633262029186
2.29298,0.004798549320199777,0.0001404097771990606
2.29563,0.003930184170366261,0.0001158554557058831
2.29827,0.005625909406215317,0.0001614833052034212
2.30091,0.004342883324084353,0.0001296981166630533
2.30356,0.004782033296337402,0.0001380806678099305
2.3062,0.003456127358490566,0.0001039175434639871
2.30884,0.004334926331853496,0.0001271127014460169
2.31149,0.003842256659267481,0.0001151299085845318
2.31413,0.004495444228634854,0.0001321663344224745
2.31678,0.005049375416204218,0.0001473289336261878
2.31942,0.004067350721420645,0.0001209719287779139
2.32206,0.003137190690898999,9.353971052604584e-05
2.32471,0.004056063054938957,0.0001206818676674338
2.32735,0.003953093715316316,0.000117893506284212
2.32999,0.004750727247502775,0.0001389252286575505
2.33264,0.003937305632630414,0.0001188730424437766
2.33528,0.004272520255271919,0.0001244195722691463
2.33793,0.003953057089345174,0.0001180526884086053
2.34057,0.003860972530521643,0.0001144624376888274
2.34321,0.004272545435627081,0.0001261154487890541
2.34586,0.003742029689234182,0.0001129393325038395
2.3485,0.004726354952830187,0.00013826144266327
2.35114,0.004951744311875695,0.0001443584677231459
2.35379,0.003784914123196447,0.0001121468052725117
2.35643,0.003882650527192011,0.00011487270220988
2.35908,0.003744195199778026,0.0001125307810971634
2.36172,0.004101174805771366,0.0001214955211139961
2.36436,0.00362634655937847,0.0001083048287084315
2.36701,0.004565312846836849,0.0001331924043439552
2.36965,0.003573550221975584,0.00010655046228265
2.37229,0.004714458379578249,0.0001381877060842271
2.37494,0.002456581714761373,7.504295284105929e-05
2.37758,0.004370105577136512,0.0001304711387971786
2.38022,0.002936775665926747,8.800477265349718e-05
2.38287,0.004122605577136519,0.0001234739263056485
2.38551,0.002808555008324081,8.423594027116244e-05
2.38816,0.004493883046614874,0.000132682790983923
2.3908,0.004685056881243063,0.0001379388650156647
2.39344,0.002507210252497227,7.672726678063496e-05
2.39609,0.004144036348501667,0.0001231649173552704
2.39873,0.004097860155382909,0.0001207975570219781
2.40137,0.004962084281354051,0.0001450116136417532
2.40402,0.004467288013318531,0.0001296919498354924
2.40666,0.003645792660932297,0.0001088757949131632
2.40931,0.005073109045504995,0.0001480354774015219
2.41195,0.004153909336847944,0.0001221754435973155
2.41459,0.004338286764705885,0.0001285158791580548
2.41724,0.003532503953940066,0.0001050799558633819
2.41988,0.00456868243618202,0.0001343497410476576
2.42252,0.004226007561043285,0.0001253902412143938
2.42517,0.00328364421476138,9.80241202947761e-05
2.42781,0.003344253329633742,0.0001010303726454899
2.43046,0.005324056465038847,0.0001537258535488193
2.4331,0.004981074847391788,0.0001453763060915126
2.43574,0.004856521365149835,0.0001418489550476281
2.43839,0.004988569436736959,0.0001461419581641645
2.44103,0.004610468091009987,0.0001354453831151163
2.44367,0.002366003399001112,7.235028339307825e-05
2.44632,0.002824208032741399,8.588660520653288e-05
2.44896,0.004086176470588234,0.0001208172813317047
2.45161,0.00270763901220866,8.219541245151448e-05
2.45425,0.003265734114872367,9.886751967457226e-05
2.45689,0.003117618687569367,9.341561853623121e-05
2.45954,0.003337454633740292,0.0001009366747974342
2.46218,0.002690463720865702,8.211692879375978e-05
2.46482,0.005077495005549389,0.0001468495613268077
2.46747,0.00388214692008879,0.0001151576730883335
2.47011,0.003646172655382906,0.0001098315538383982
2.47275,0.002845464830743619,8.723967426340952e-05
2.4754,0.003534607658157602,0.000105261028906305
2.47804,0.003407229397891235,0.0001024584364274834
2.48069,0.002513395463374029,7.699669781311586e-05
2.48333,0.004311739802996669,0.0001285294531674928
2.48597,0.004080570407880134,0.0001218676903614303
2.48862,0.003716265607658157,0.0001107836542790969
2.49126,0.004066892896781354,0.0001219141150615446
2.4939,0.002257943049389565,6.914070086294749e-05
2.49655,0.003518277053274139,0.000106170940578294
2.49919,0.003967725790788014,0.0001179770460256509
2.50184,0.003743558823529413,0.0001118526250127418
2.50448,0.005112713165926748,0.0001497295562796765
2.50712,0.002866396573251944,8.780426261556516e-05
2.50977,0.004741291481687016,0.0001391168368972318
2.51241,0.002694577275249722,8.202843334761193e-05
2.51505,0.004223924458934518,0.0001258523241433232
2.5177,0.003853741190344063,0.0001159785081402727
2.52034,0.002648309517203108,8.070588386888702e-05
2.52299,0.003847269839067705,0.0001155840785042385
2.52563,0.003263012347391789,9.881237837771893e-05
2.52827,0.004351147058823533,0.0001293405642299461
2.53092,0.004375810072142066,0.0001295782972197165
2.53356,0.003790023446170924,0.000112895221007541
2.5362,0.003213468854051056,9.783606353780652e-05
2.53885,0.004198911209766927,0.0001248864818763837
2.54149,0.003723245144284126,0.0001118765275458549
2.54414,0.003726962680355162,0.0001122601198804057
2.54678,0.003870900457824638,0.0001161849415670797
2.54942,0.003102080119311879,9.433856838745528e-05
2.55207,0.003232711223640399,9.801948622374314e-05
2.55471,0.003227427927302998,9.779654745743722e-05
2.55735,0.003635271850721421,0.0001097715868528747
2.56,0.004432781770255271,0.0001323763986607957
2.56264,0.003734036071032188,0.000113427835354577
2.56529,0.003989895948945615,0.0001185196548127364
2.56793,0.004229308476692566,0.0001263401388896413
2.57057,0.002613773515538292,8.003509685057929e-05
2.57322,0.002054620837957823,6.404054045699794e-05
2.57586,0.00302675880965594,9.199671769256051e-05
2.5785,0.0019037515954495,5.924793066830019e-05
2.58115,0.004309400319089901,0.0001295632249728001
2.58379,0.00389435481409545,0.0001170708608087349
2.58643,0.003176481201442841,9.670937166260688e-05
2.58908,0.003747702136514983,0.0001127594113351207
2.59172,0.003581051678690345,0.0001081662468681275
2.59437,0.001620788498890124,5.11324948990501e-05
2.59701,0.002791803204772474,8.532287608190406e-05
2.59965,0.004153632352941181,0.0001239404075959269
2.6023,0.002080801539955607,6.479140876400611e-05
2.60494,0.00491453003607103,0.0001456900750391069
2.60758,0.003051991814650388,9.445643547389153e-05
2.61023,0.00294538505826859,9.039236504094223e-05
2.61287,0.002912190482796892,8.956403418629637e-05
2.61552,0.001748416273584905,5.515755245814333e-05
2.61816,0.001794990774139847,5.626027779178073e-05
2.6208,0.003480582061598227,0.0001053147814235689
2.62345,0.003069757699778025,9.412128187446081e-05
2.62609,0.003656736958934518,0.0001110665146009428
2.62873,0.002966747155937847,9.120035415876973e-05
2.63138,0.002923846698113208,8.97904639112254e-05
2.63402,0.003227904064927861,9.862272840771242e-05
2.63667,0.004529366745283017,0.0001352115352494836
2.63931,0.005074045296892342,0.0001510785227768348
2.64195,0.003309657810765815,0.0001010496021861142
2.6446,0.003819875901775806,0.0001145969222776291
2.64724,0.002308397613762486,7.153179640066802e-05
2.64988,0.003238170782463929,9.957238340322992e-05
2.65253,0.002459411071032186,7.680716177042411e-05
2.65517,0.004017752289123195,0.0001210741945861362
2.65782,0.002210839761376248,6.894242448026386e-05
2.66046,0.002080403232519423,6.517612921261172e-05
2.6631,0.001810549944506104,5.687312148930427e-05
2.66575,0.003869389636514982,0.0001161513381600206
2.66839,0.004234571170921199,0.0001280564349510548
2.67103,0.003402367300221979,0.0001061213904570055
2.67368,0.002424240982241953,7.82513632307315e-05
2.67632,0.003848281631520533,0.0001227151071501117
2.67896,0.0018862214900111,6.210012521386244e-05
2.68161,0.003494172586015536,0.0001141003727820547
2.68425,0.003499460460599331,0.0001153181321638487
2.6869,0.002694455951720314,8.991733127919405e-05
2.68954,0.003593870768590452,0.0001184048050288892
2.69218,0.003103806118201998,0.0001034336720173445
2.69483,0.003166697488901221,0.0001072459679551044
2.69747,0.004549332477802443,0.0001501466906629751
2.70011,0.005360675568812431,0.0001722311698927173
2.70276,0.003455383393451723,0.0001182651170688623
2.7054,0.002834921129300778,9.725696337516785e-05
2.70805,0.00176615697835738,6.268405113529919e-05
2.71069,0.002456762555493896,8.520523163856118e-05
2.71333,0.003772527677580469,0.0001294466992631596
2.71598,0.003970729120421754,0.0001372250954343409
2.71862,0.001582360987791344,5.759786111964994e-05
2.72126,0.004695889012208658,0.000161090452764681
2.72391,0.002624651428967811,9.327642071831889e-05
2.72655,0.003914309100998888,0.0001336391658836384
2.7292,0.00326072780244173,0.000111215216330876
2.73184,0.005229865912874583,0.0001696586533916941
2.73448,0.00457566884017758,0.0001494983098336137
2.73713,0.002330217536071035,7.808018167141385e-05
2.73977,0.00296210481409545,9.926824830896216e-05
2.74241,0.003563068326859047,0.0001167756645161067
2.74506,0.004108671684239735,0.0001318173799187324
2.7477,0.003356513873473919,0.0001099289554574519
2.75035,0.004583797516648171,0.0001448636220517569
2.75299,0.004343441870144283,0.0001392567443404754
2.75563,0.001619730923973366,5.379596012260465e-05
2.75828,0.003640859600443953,0.0001163620150634644
2.76092,0.002438145116537178,8.080219949902196e-05
2.76356,0.003289355577136516,0.0001057464196285801
2.76621,0.003208460252497227,0.0001032934831259207
2.76885,0.003665460807436183,0.0001175465837075555
2.77149,0.002219769630965597,7.285397376561908e-05
2.77414,0.00386408802719201,0.0001230166260414517
2.77678,0.003674976692563817,0.0001164348216495739
2.77943,0.001819266925638181,5.977247114699368e-05
2.78207,0.004433083934517201,0.0001393026594871664
2.78471,0.002600723224195337,8.502470105674409e-05
2.78736,0.004076312638734739,0.0001287832621893037
2.79,0.004161019353496113,0.0001300414129408134
2.79264,0.003364429661487234,0.0001075391203727015
2.79529,0.004212993895671477,0.0001322516788934747
2.79793,0.003240988693118757,0.000103286944400234
2.80058,0.001706026290233074,5.559870801102219e-05
2.80322,0.002848614664261928,9.206221228880115e-05
2.80586,0.00361119256381798,0.0001149506082056344
2.80851,0.00333478551609323,0.0001057558062784843
2.81115,0.002383274833518315,7.669282311666764e-05
2.81379,0.003543537527746947,0.0001117873280326559
2.81644,0.003884028579356271,0.0001225589885477807
2.81908,0.003336623682019978,0.0001057378851724379
2.82173,0.00233123161764706,7.53077189717553e-05
2.82437,0.002305133324084352,7.412471635686621e-05
2.82701,0.002808625971143178,8.945469726438278e-05
2.82966,0.005354220241398447,0.0001639348491291397
2.8323,0.002720572558268589,8.642391783874635e-05
2.83494,0.004125808060488349,0.0001282876878165168
2.83759,0.002215848362930077,7.087699500755351e-05
2.84023,0.002642016717536071,8.449958683515528e-05
2.84288,0.002816752358490568,9.04702699110572e-05
2.84552,0.003817490635405103,0.0001178430819739089
2.84816,0.003712053620976692,0.0001172863882837124
2.85081,0.003097167660932299,9.824320214808626e-05
2.85345,0.0008114529689234184,2.691078662288719e-05
2.85609,0.003326057089345173,0.0001047158029356785
2.85874,0.003972212472253055,0.0001235709715989048
2.86138,0.00483853572419534,0.0001492833043903293
2.86402,0.00215758559933407,6.979687702713121e-05
2.86667,0.004283469131520535,0.0001329085609808775
2.86931,0.003998940274694785,0.0001244931318873726
2.87196,0.002560780313540508,8.144629323470833e-05
2.8746,0.003231200402330744,0.0001030474330920314
2.87724,0.003949639428412875,0.0001234349657155217
2.87989,0.004130173418423974,0.000128700282922155
2.88253,0.004085020463374028,0.0001272219947652456
2.88517,0.003590196725860154,0.0001135891753875709
2.88782,0.003508367438956715,0.0001110512322864457
2.89046,0.00353920421753607,0.0001101739348312312
2.89311,0.00375583081298557,0.0001183234149656473
2.89575,0.002053645671476137,6.669430664857644e-05
2.89839,0.002905872502774694,9.172976572180491e-05
2.90104,0.002923663568257493,9.335059399086338e-05
2.90368,0.002632221559378467,8.345315881501062e-05
2.90632,0.003285008532186458,0.0001037239208885849
2.90897,0.002884517272475027,9.235639658673384e-05
2.91161,0.001540092327968924,5.03666793378398e-05
2.91426,0.002033055008324082,6.542834583077214e-05
2.9169,0.003442459003884574,0.0001090502523770649
2.91954,0.002111977108768039,6.846569161321134e-05
2.92219,0.001562534891786904,5.035350843690689e-05
2.92483,0.003280691245837956,0.0001034842331972605
2.92747,0.00393903849889012,0.0001223404047235872
2.93012,0.00241824805771365,7.829138674874491e-05
2.93276,0.00194562652608213,6.295636126937727e-05
2.93541,0.003386782949500552,0.0001056607610626332
2.93805,0.00258397828801332,8.226482122641689e-05
2.94069,0.002055918770810211,6.606255858394294e-05
2.94334,0.002810450402330744,9.009020607047202e-05
2.94598,0.002318694089900114,7.35626635332128e-05
2.94862,0.00383322835738069,0.0001200953252568336
2.95127,0.004119000208102111,0.0001283013013306767
2.95391,0.003652080882352943,0.0001140765458041858
2.95655,0.00294444422863485,9.309453677340002e-05
2.9592,0.00438064698945616,0.0001334401537969262
2.96184,0.00317883899833518,0.0001007157891240422
2.96449,0.004216450471698115,0.0001319105934015491
2.96713,0.003012774556048835,9.535801423871396e-05
2.96977,0.002499967466703663,8.027340744880177e-05
2.97242,0.002960028579356273,9.371634364551062e-05
2.97506,0.004513629023307438,0.0001403887405159194
2.9777,0.002110418215871256,6.801388101338653e-05
2.98035,0.003247288360155384,0.0001021218496029666
2.98299,0.003359290579911211,0.0001063275826715013
2.98564,0.003219990566037738,0.0001012400587356102
2.98828,0.002364851970033297,7.600735542960107e-05
2.99092,0.00298730577136515,9.414162967384572e-05
2.99357,0.002273499930632629,7.31654677553223e-05
2.99621,0.003135304453385128,9.9610404198122e-05
2.99885,0.001861679800221978,6.03640295619361e-05
3.0015,0.002241914608768036,7.211079323612217e-05
3.00414,0.003288348362930078,0.0001038322592064454
3.00679,0.003683105369034408,0.0001149640892901098
3.00943,0.003380966287458382,0.0001067288227516128
3.01207,0.002432346767480575,7.730478196790927e-05
3.01472,0.003043771573251941,9.678090618269486e-05
3.01736,0.003140008601553826,9.94855832742339e-05
3.02,0.003415193257491677,0.0001072139994978326
3.02265,0.003190877497225306,0.0001005374720309915
3.02529,0.002689477108768036,8.531417092867099e-05
3.02794,0.003471182921753606,0.0001091369393833763
3.03058,0.002419404064927859,7.711805091026399e-05
3.03322,0.003245809586570476,0.0001025339800259025
3.03587,0.002092203662597116,6.738247459357905e-05
3.03851,0.002387049597669257,7.563403751528771e-05
3.04115,0.002786458102108769,8.837054126495146e-05
3.0438,0.002912423973362931,9.189258836399149e-05
3.04644,0.003112301054384021,9.741296608625805e-05
3.04908,0.003408939372918981,0.0001071583371044975
3.05173,0.003075867369589346,9.668292190664454e-05
3.05437,0.003201702760821309,0.0001006397619105856
3.05702,0.002888351553829081,9.080111990104229e-05
3.05966,0.002983611126526079,9.270396863182634e-05
3.0623,0.002397421614872367,7.642372988731042e-05
3.06495,0.002687123890122086,8.46336044250964e-05
3.06759,0.003011678066037734,9.438383657698764e-05
3.07023,0.003657863207547172,0.0001135647482136467
3.07288,0.002479543909544949,7.880133204847481e-05
3.07552,0.002858199223085457,9.052234414875581e-05
3.07817,0.003159669880688126,9.947679162270362e-05
3.08081,0.002737230507769144,8.604817999917596e-05
3.08345,0.002041687291897894,6.534337728894966e-05
3.0861,0.002069955674250832,6.600256693606095e-05
3.08874,0.002378364664261928,7.542222146120874e-05
3.09138,0.00344846108490566,0.0001073436398928857
3.09403,0.00192382262763596,6.169905689065367e-05
3.09667,0.003287467050499445,0.0001034085697516279
3.09932,0.001163904689234186,3.756617067189568e-05
3.10196,0.004156830258046616,0.0001274701567363207
3.1046,0.003661795921198668,0.0001131287348399584
3.10725,0.002722999028856827,8.580273572982442e-05
3.10989,0.003703604467258603,0.0001150595219923678
3.11253,0.003334751179245285,0.0001037002732916671
3.11518,0.00432553177025527,0.000132415974242389
3.11782,0.004550424389567147,0.0001381444612043922
3.12047,0.003599195269145394,0.0001112769786592018
3.12311,0.002652203315760268,8.400690294968537e-05
3.12575,0.004104372710876803,0.000125434172020733
3.1284,0.003682514775249725,0.0001143010426372722
3.13104,0.003043576997780245,9.544375275695562e-05
3.13368,0.004580743826304107,0.0001407410635279177
3.13633,0.002520663429522751,7.955785590309921e-05
3.13897,0.003464723016093232,0.0001072951156547332
3.14161,0.003277518521087681,0.0001029247257282656
3.14426,0.002899854397891233,9.198960555522331e-05
3.1469,0.00278810627081021,8.794669228803004e-05
3.14955,0.001823172169811322,5.860678765402063e-05
3.15219,0.003088537666481687,9.647535826358486e-05
3.15483,0.002939273099334073,9.209476281078106e-05
3.15748,0.003808203662597115,0.0001176519780967076
3.16012,0.003711843021642617,0.0001149533708965037
3.16276,0.001941233698668146,6.246455802709963e-05
3.16541,0.00371764823806881,0.0001156312213420766
3.16805,0.002009980646503886,6.425174604111541e-05
3.1707,0.002954424805771366,9.292118361376795e-05
3.17334,0.002350663984461709,7.430590326068183e-05
3.17598,0.003280091495560489,0.0001026254156540379
3.17863,0.003209533851276359,0.000100095732555241
3.18127,0.002999515954495008,9.393741924548217e-05
3.18391,0.002944583865149833,9.231266973132404e-05
3.18656,0.002555906770255272,8.051002943278261e-05
3.1892,0.004280355923973364,0.0001318900801267061
3.19185,0.004087394284128746,0.0001253385286693819
3.19449,0.002337844894561597,7.421170667279781e-05
3.19713,0.00330314525527192,0.0001030822357020873
3.19978,0.004109083726415096,0.0001254322451563675
3.20242,0.004126247572142065,0.0001261297542086802
3.20506,0.00490030084628191,0.0001472909683468732
3.20771,0.002819428343507215,8.8064902583112e-05
3.21035,0.00227833455882353,7.200894525893136e-05
3.213,0.003366803482241952,0.0001041109728057726
3.21564,0.00234382637347392,7.305870414262785e-05
3.21828,0.002151791828523862,6.797689149694827e-05
3.22093,0.00203898612652608,6.4594795154681e-05
3.22357,0.002873222738623753,8.977096297558006e-05
3.22621,0.002928589761376249,9.083909930423855e-05
3.22886,0.001159800291342955,3.724923191785431e-05
3.2315,0.00431013512763596,0.0001341766091126489
3.23414,0.002455972807991123,8.064635106077547e-05
3.23679,0.002966662458379578,9.710921636439838e-05
3.23943,0.002827687499999997,9.36362479622426e-05
3.24208,0.003023116814650389,0.0001013401114303265
3.24472,0.002204217327968922,7.593291072066023e-05
3.24736,0.003231848224195342,0.0001086075427808127
3.25001,0.002625443465593785,9.069867865266879e-05
3.25265,0.002475895047169808,8.698540419792887e-05
3.25529,0.003286860432852388,0.0001148540561659455
3.25794,0.003420064511653716,0.0001182528338439328
3.26058,0.004053364178690345,0.0001394227466910137
3.26323,0.00368570581298557,0.0001280411399377354
3.26587,0.002999257283573806,0.0001066670005703486
3.26851,0.004680526706437293,0.0001631133223084991
3.27116,0.002307031007214207,8.375585956875804e-05
3.2738,0.001892344894561598,6.957003844099061e-05
3.27644,0.00235495609045505,8.662091960106275e-05
3.27909,0.002118221836847944,7.886114966486067e-05
3.28173,0.004018514567147614,0.0001431626164754194
3.28438,0.00388833670921199,0.0001417813728897972
3.28702,0.002979129023307436,0.0001066753916155625
3.28966,0.00294955584073252,0.0001046227924348944
3.29231,0.003130078385127638,0.0001089244328250754
3.29495,0.0012740458518313,4.563101543572761e-05
3.29759,0.002631099889012208,9.123435365514029e-05
3.30024,0.002483668909544952,8.582068761888094e-05
3.30288,0.00324831617647059,0.0001104729134874992
3.30553,0.002985067008879021,0.0001015248127321491
3.30817,0.001577638526637067,5.505120168406016e-05
3.31081,0.002880701304106545,9.814687103766222e-05
3.31346,0.00297553738901221,0.0001012647597980123
3.3161,0.002529552094894564,8.609473546737791e-05
3.31874,0.002591880341287458,8.85507927956243e-05
3.32139,0.00179793458657048,6.194394238499834e-05
3.32403,0.004201616953385127,0.0001387686037013372
3.32667,0.004066991329078801,0.0001331657017802594
3.32932,0.002731072766370701,9.189266754976633e-05
3.33196,0.002007490080466147,6.900553485345799e-05
3.33461,0.004338238693118758,0.0001421358583374773
3.33725,0.002449059655937848,8.289572725418611e-05
3.33989,0.002198547169811322,7.46817216346064e-05
3.34254,0.001831548071587126,6.190972307982734e-05
3.34518,0.002852533643174251,9.533864075108964e-05
3.34782,0.002439823043840179,8.181158969616029e-05
3.35047,0.003435122364039957,0.0001124231423847417
3.35311,0.002362544533851278,7.899891220935476e-05
3.35576,0.0006119444367369574,2.130954870840692e-05
3.3584,0.002809333310210878,9.30243256428479e-05
3.36104,0.003552380410654826,0.0001157008058749532
3.36369,0.00345086008601554,0.0001136166018047121
3.36633,0.004443700887902332,0.0001423639538647628
3.36897,0.00271410120699223,9.02423363786053e-05
3.37162,0.002863928898446173,9.3573639040444e-05
3.37426,0.00355282450055494,0.0001161796003774157
3.37691,0.002176312916204216,7.313901738313621e-05
3.37955,0.002559329009433964,8.457551800678166e-05
3.38219,0.002497991953385129,8.257429264546843e-05
3.38484,0.002532104467258599,8.372209003917551e-05
3.38748,0.002558154689234184,8.476576890037279e-05
3.39012,0.003497791689789121,0.0001145576532426399
3.39277,0.002390890746392893,7.936829489310218e-05
3.39541,0.003964830049944503,0.0001271683822322155
3.39806,0.004195063193673696,0.0001351661832426413
3.4007,0.00254688304661487,8.456204703803011e-05
3.40334,0.002094284475582687,7.017281056610739e-05
3.40599,0.003527749445061041,0.0001147081849716989
3.40863,0.003123984739178688,0.0001015653698723022
3.41127,0.003540689858490568,0.0001148685045267298
3.41392,0.002458527469478359,8.136138015599479e-05
3.41656,0.003949083171476138,0.0001270748113958824
3.41921,0.00240347634572697,7.972661581990848e-05
3.42185,0.003489456992230858,0.0001128238153744186
3.42449,0.003748610918423975,0.0001215310161144591
3.42714,0.003089796684239736,0.000100186003123302
3.42978,0.001574094963928967,5.304661705656677e-05
3.43242,0.00228394748890122,7.602993653233824e-05
3.43507,0.003462715455049946,0.0001125344595367086
3.43771,0.003204030799112096,0.0001045154049554288
3.44035,0.003000781839622643,9.77184383626233e-05
3.443,0.003300640954495008,0.0001073404375222429
3.44564,0.003644462680355164,0.0001178005193640107
3.44829,0.002275431950610433,7.466145174433512e-05
3.45093,0.00331917598501665,0.0001073169048517419
3.45357,0.002866199708657047,9.335889401300446e-05
3.45622,0.002860085460599336,9.327934177559082e-05
3.45886,0.002832455743618205,9.290584482198288e-05
3.4615,0.002125409683684795,6.967345377853281e-05
3.46415,0.001622878468368478,5.40268724161424e-05
3.46679,0.002952948321309656,9.581074873416566e-05
3.46944,0.002487606201442842,8.164271832793129e-05
3.47208,0.004293456576026637,0.0001357970468611574
3.47472,0.003554930493895673,0.0001139844908729436
3.47737,0.002893046545504996,9.346923320665376e-05
3.48001,0.0004457014428412869,1.507764897629068e-05
3.48265,0.002042241259711435,6.677308195725512e-05
3.4853,0.0025803820754717,8.367434253678373e-05
3.48794,0.002464978218645949,8.0678808198599e-05
3.49059,0.00342104883462819,0.0001098100502825644
3.49323,0.002455796545504998,7.922091272311873e-05
3.49587,0.002877267619311877,9.179405689531094e-05
3.49852,0.001555262347391788,5.168311034475144e-05
3.50116,0.003392759850166485,0.0001087101190191364
3.5038,0.002808788498890125,9.074394573546781e-05
3.50645,0.0007974252219755812,2.680836847929179e-05
3.50909,0.002932236334628189,9.439292732057676e-05
3.51174,0.002756058546059936,8.879378917354119e-05
3.51438,0.002134490635405107,7.025913658940269e-05
3.51702,0.002920680840732521,9.363802051991641e-05
3.51967,0.00173175374583796,5.734710800169036e-05
3.52231,0.001950426817425082,6.396037999181571e-05
3.52495,0.001667637694228637,5.546530261302693e-05
3.5276,0.00304182124028857,9.719886264529266e-05
3.53024,0.001857989733629301,6.082767978170211e-05
3.53288,0.001957667314095449,6.414663055768997e-05
3.53553,0.003455081229189788,0.0001104890404286004
3.53817,0.004201509364594897,0.0001324275265145812
3.54082,0.003107780036071034,9.926621681682396e-05
3.54346,0.002916558129855714,9.380942325369191e-05
3.5461,0.00259248695893452,8.473494741043117e-05
3.54875,0.001833612860710319,6.033325654649696e-05
3.55139,0.002548370976692561,8.242802788086578e-05
3.55403,0.001911047031076581,6.288799334171937e-05
3.55668,0.00234025305216426,7.573656104217815e-05
3.55932,0.003070682505549391,9.870144737402612e-05
3.56197,0.002839748890122085,9.128468791655303e-05
3.56461,0.002182749930632632,7.097289895813055e-05
3.56725,0.002991371254162042,9.632759571362138e-05
3.5699,0.0028911076581576,9.342378509426263e-05
3.57254,0.003417651775804664,0.0001079780202873577
3.57518,0.002037534822419532,6.643028524464441e-05
3.57783,0.00210481902053274,6.894218378161126e-05
3.58047,0.003179834766925642,0.0001019197011320458
3.58312,0.002808868618201996,9.055589706542704e-05
3.58576,0.003510542105993342,0.0001111849458588143
3.5884,0.003453485710321864,0.0001099470334556886
3.59105,0.003061702275249723,9.810323903015742e-05
3.59369,0.002425106270810208,7.872452736027639e-05
3.59633,0.002243066037735847,7.270790655484308e-05
3.59898,0.003624943326859044,0.0001144990374373333
3.60162,0.001767148168701444,5.842312662347233e-05
3.60427,0.00251665059655938,8.192228925221435e-05
3.60691,0.003260498890122089,0.0001037503230307389
3.60955,0.002106519839067701,6.87565468988126e-05
3.6122,0.003532231548279688,0.0001124226290483431
3.61484,0.003313455466148722,0.0001064310562654767
3.61748,0.002481844478357382,8.006861129347838e-05
3.62013,0.00407090572974473,0.0001276701051020313
3.62277,0.001474426539955606,4.882009365110507e-05
3.62541,0.002248278371254164,7.296866025711969e-05
3.62806,0.001868986681465039,6.169826714047161e-05
3.6307,0.003062407325194227,9.816523600166659e-05
3.63335,0.002739359392341842,8.882242440821393e-05
3.63599,0.002139929592119868,6.991977518293167e-05
3.63863,0.001818049112097668,5.972567309652275e-05
3.64128,0.001815929384017758,5.970464749635578e-05
3.64392,0.003940920158157605,0.0001241962853049601
3.64656,0.00294237028301887,9.434172849876408e-05
3.64921,0.002792169464483905,9.049421382244314e-05
3.65185,0.002758304175915648,8.90124617612453e-05
3.6545,0.002990043562708102,9.570306875812474e-05
3.65714,0.001874093715316315,6.141890977972756e-05
3.65978,0.002987042522197555,9.597757079107718e-05
3.66243,0.002972069367369588,9.540560054374146e-05
3.66507,0.002490199778024418,8.066603216570325e-05
3.66771,0.003776153648723641,0.0001192681328824557
3.67036,0.002175861958934519,7.067909281370515e-05
3.673,0.003150460738068811,0.0001005267592619809
3.67565,0.002320742855160928,7.495064386298069e-05
3.67829,0.002664459281354052,8.552596402253845e-05
3.68093,0.003113926331853497,9.990222270787084e-05
3.68358,0.002378973571032187,7.634219948984745e-05
3.68622,0.003848249583795781,0.0001214068325532422
3.68886,0.001351019908435074,4.428546558863071e-05
3.69151,0.002365440274694783,7.639162042058869e-05
3.69415,0.001420723709766925,4.650740516979951e-05
3.6968,0.002534929245283021,8.070463760723535e-05
3.69944,0.001545377913429522,5.086493507257987e-05
3.70208,0.00310806617647059,9.797593512042189e-05
3.70473,0.003019218437846834,9.580691700622712e-05
3.70737,0.00265366835460599,8.399971886598354e-05
3.71001,0.00508882616537181,0.0001538876899473976
3.71266,0.003059820615982242,9.650778367000549e-05
3.7153,0.002592448043840181,8.330934952163871e-05
3.71794,0.001042315621531633,3.438751482953146e-05
3.72059,0.002801557158712541,8.918513155828931e-05
3.72323,0.002676502358490563,8.504139407798449e-05
3.72588,0.00288617917591565,9.181440465105302e-05
3.72852,0.002701666689789122,8.584144971517095e-05
3.73116,0.002335496254162046,7.444619035534016e-05
3.73381,0.002944810488346285,9.356497851488815e-05
3.73645,0.002387573806881243,7.598931806863421e-05
3.73909,0.002547315690899,8.1773963850498e-05
3.74174,0.00281306229189789,8.867015804923643e-05
3.74438,0.003411585599334072,0.000106957144806268
3.74703,0.003118282533296335,9.905852524748201e-05
3.74967,0.002699693465593785,8.635720544087037e-05
3.75231,0.002132982103218648,6.787764078607791e-05
3.75496,0.003847828385127635,0.0001196276347233686
3.7576,0.002622785793562708,8.315181439664282e-05
3.76024,0.003289618826304103,0.0001037264663419494
3.76289,0.002077825679800221,6.672512011051422e-05
3.76553,0.002651951512208654,8.451282532964723e-05
3.76818,0.002024118271365151,6.529701045844808e-05
3.77082,0.00254534475582686,8.073402929660849e-05
3.77346,0.003967034475582687,0.0001232014157610191
3.77611,0.002286307574916756,7.329440632828869e-05
3.77875,0.002765022752497227,8.768600512776964e-05
3.78139,0.001012037389012209,3.337502289125392e-05
3.78404,0.002130530452275252,6.854605805946083e-05
3.78668,0.002491266509433964,7.934733900304238e-05
3.78933,0.001598822072697002,5.186354865438771e-05
3.79197,0.001093781978357379,3.717950078491388e-05
3.79461,0.002127325679800225,7.184924881913223e-05
3.79726,0.001780393035516091,6.086059819448982e-05
3.7999,0.003137817910654829,0.0001065135312394444
3.80254,0.002372447280799112,8.232836297499766e-05
3.80519,0.003341295782463928,0.0001150665794579953
3.80783,0.002634547308546058,9.247958934674735e-05
3.81047,0.002988237444506107,0.0001054094420592919
3.81312,0.001251241606548278,4.670402271940673e-05
3.81576,0.003050343645948947,0.0001091150054369535
3.81841,0.002097345033296337,7.640721083974969e-05
3.82105,0.003523466495560491,0.0001273691154616603
3.82369,3.103822142064626e-05,1.202945363102483e-06
3.82634,0.00286748161764706,0.0001052534120292787
3.82898,0.00114050298279689,4.36592334980136e-05
3.83162,0.001456740774139845,5.576856451871054e-05
3.83427,0.002877819298002216,0.0001078752161985735
3.83691,0.002526660932297448,9.652894733288635e-05
3.83956,0.001206452622086567,4.740377384695564e-05
3.8422,0.002624033365704773,0.0001006144062197158
3.84484,0.001682642896781353,6.610364681259357e-05
3.84749,0.003061395532741399,0.0001141349508112833
3.85013,0.001474737860710324,5.539008492399014e-05
3.85277,0.002981214414539401,0.0001066301807015201
3.85542,0.002278989248057714,8.303937857145946e-05
3.85806,0.002238547308546062,8.076138119808305e-05
3.86071,0.002111400249722529,7.583298257356215e-05
3.86335,0.002487212472253056,8.798961676847624e-05
3.86599,0.00416887562430633,0.0001418636848149925
3.86864,0.003149187985571589,0.0001088696237094566
3.87128,0.001363188887347395,4.915009974112187e-05
3.87392,0.002899801748057713,0.0001005772691759789
3.87657,0.002591431673140955,9.047325742949206e-05
3.87921,0.00184178731964484,6.526110257183446e-05
3.88186,0.003659577760821311,0.0001247489353412279
3.8845,0.001546650665926748,5.504088988482429e-05
3.88714,0.001855924944506104,6.494163754681637e-05
3.88979,0.002340273654273029,8.186554179116256e-05
3.89243,0.003278411279134295,0.0001120019843128864
3.89507,0.002917215108213096,9.899905433671463e-05
3.89772,0.002213126595449504,7.604212431858407e-05
3.90036,0.002513285585460598,8.550040920532493e-05
3.903,0.002427464067702556,8.257068194325107e-05
3.90565,0.003654521087680355,0.0001213369885270274
3.90829,0.003581184447835737,0.0001186352870524962
3.91094,0.003410470796337404,0.0001138565289580318
3.91358,0.002661075957269699,8.954618866999431e-05
3.91622,0.002059398238068813,6.971439087942048e-05
3.91887,0.003039909822419537,0.0001019663425721958
3.92151,0.00274087479189789,9.142459974511243e-05
3.92415,0.002267694714206436,7.633171533021403e-05
3.9268,0.00283101817425083,9.460561875043275e-05
3.92944,0.003150845310765818,0.0001036367618139269
3.93209,0.004020586223640401,0.0001303887015202861
3.93473,0.002440127497225306,8.086928244281058e-05
3.93737,0.001210215940621533,4.124741359826687e-05
3.94002,0.001907812499999998,6.424839582225239e-05
3.94266,0.002371648376803555,7.920354116330818e-05
3.9453,0.001522420296892344,5.166232003804872e-05
3.94795,0.003557423349056604,0.0001156671620909289
3.95059,0.002500212402885683,8.337434774720907e-05
3.95324,0.002990494519977803,9.897511063156803e-05
3.95588,0.002953685418978913,9.750073592249586e-05
3.95852,0.001464278856825748,4.988327994939786e-05
3.96117,0.003230987513873473,0.0001064127122675145
3.96381,0.002927589414539402,9.637558765128093e-05
3.96645,0.002363453315760265,7.85742978509846e-05
3.9691,0.001952954009433963,6.557449026437099e-05
3.97174,0.00362265878190899,0.0001184314027095602
3.97439,0.003614683476692563,0.0001183047442096502
3.97703,0.00311868770810211,0.0001014041896457503
3.97967,0.001877609808546059,6.303628686339726e-05
3.98232,0.002833689581021088,9.310935909825107e-05
3.98496,0.003179051886792455,0.0001040901265455323
3.9876,0.001306162250277468,4.433395464593425e-05
3.99025,0.003624590801886795,0.0001175228840571517
3.99289,0.003291452413984462,0.0001082850889976789
