0.0431807,66.35781078662598,0.4685197304298144
0.0458244,57.63585653440622,0.4208879020553808
0.0484682,50.34570786625971,0.3876033660536871
0.0511119,44.05229929245283,0.3760025154538598
0.0537556,39.03886150804662,0.3328032902591013
0.0563993,34.49099223779134,0.3226512520611217
0.059043,30.50506549112098,0.2822082787586295
0.0616867,27.36129144214762,0.2767570499951317
0.0643304,24.64267265052719,0.2566953299014599
0.0669742,22.39729558268591,0.2341661358437167
0.0696179,20.16706349125971,0.2261414375280508
0.0722616,18.25588826928413,0.2017814866384621
0.07490529999999999,16.68625631728635,0.1925779069186306
0.07754900000000001,15.27125665163707,0.1823636125256203
0.08019270000000001,13.93313428135405,0.1670582601809634
0.08283649999999999,12.82486096281909,0.1624672700179064
0.08548020000000001,11.78158239872364,0.1485034530268895
0.08812390000000001,10.79252679938957,0.147935490367847
0.0907676,10.00585743479467,0.1409333460017351
0.0934113,9.246262972391788,0.1332046981603516
0.096055,8.546189741953386,0.1296403640713467
0.0986987,7.964569732241954,0.1204439413628633
0.101342,7.304082011653719,0.1146861084322059
0.103986,6.824483324084352,0.1051514124094091
0.10663,6.348066677996671,0.1020113412634557
0.109274,5.896974441592675,0.09753973915298242
0.111917,5.574382616537181,0.09161349094200952
0.114561,5.150190690899001,0.08548762587359512
0.117205,4.868309868895672,0.08197392562515096
0.119848,4.556432078940067,0.07749673350355935
0.122492,4.233508331021087,0.07144764063628457
0.125136,3.970189482519423,0.06882217464047306
0.12778,3.777345938540511,0.06571514206643285
0.130423,3.497220393312986,0.06191106152686027
0.133067,3.273151904134295,0.05884015997053007
0.135711,3.125809193257492,0.05479696544307446
0.138354,2.934265779689234,0.05271538495433959
0.140998,2.773666939511654,0.04987109451822621
0.143642,2.597273309517203,0.04703076178924155
0.146286,2.441167835044395,0.04379299521285927
0.148929,2.348432180910101,0.04211906676821194
0.151573,2.181044373612652,0.04042682310930999
0.154217,2.073770360710322,0.03782349222797169
0.15686,1.944035196309656,0.03598119388053419
0.159504,1.852050466148724,0.03410892947423393
0.162148,1.736239282741399,0.03221776739719327
0.164792,1.679478756243063,0.03180550518655782
0.167435,1.593644945893452,0.02963070322083306
0.170079,1.49511884017758,0.02815107611930356
0.172723,1.435444236958935,0.02693162451995292
0.175366,1.341498231825749,0.02556319041570976
0.17801,1.264436936736959,0.02405538383984826
0.180654,1.212322803829079,0.02301963293739847
0.183298,1.163379587264151,0.02237982001970764
0.185941,1.109476916620422,0.02124019056363055
0.188585,1.046667153163152,0.02017885373338534
0.191229,1.01864427927303,0.01974086086692047
0.193872,0.959886881936737,0.0185866504051372
0.196516,0.9145190011098779,0.01791043332397235
0.19916,0.8732996295782464,0.01712552662891196
0.201804,0.8568154474195339,0.01713828011689739
0.204447,0.8028080722807991,0.01590593287892025
0.207091,0.7874537097669257,0.01547053396078721
0.209735,0.7363356201442841,0.01462050397103675
0.212378,0.7195868840177581,0.01433448612161714
0.215022,0.6844370310765817,0.01367085507737991
0.217666,0.6479568312985571,0.01314715162910304
0.22031,0.632961334628191,0.01299305544984176
0.222953,0.598248063263041,0.01218413430123135
0.225597,0.5772758032741397,0.01169039128942219
0.228241,0.5566493153440621,0.01146450431481114
0.230885,0.5483821698113207,0.01126387815305413
0.233528,0.5196866828523862,0.01083945234333161
0.236172,0.493995189372919,0.01034304063842839
0.238816,0.4780408705604883,0.01002508291463607
0.241459,0.466259051054384,0.00974922581577165
0.244103,0.4418693132630411,0.009211949907245038
0.246747,0.4252583823529412,0.009023656312259497
0.249391,0.4174735321864596,0.008905017524024924
0.252034,0.3915143257491676,0.008494877555508373
0.254678,0.3897010654827969,0.0083264503468837
0.257322,0.3697712264150944,0.007989203003638258
0.259965,0.3559601678690344,0.007725090922495879
0.262609,0.3553760065205328,0.007694201654690958
0.265253,0.3322565718645949,0.007385343424844446
0.267897,0.3288375603496116,0.007200424417444877
0.27054,0.3174216342952275,0.006992741369170976
0.273184,0.3092168902608213,0.006769241031564271
0.275828,0.2965657991120977,0.006551401361573604
0.278471,0.2920063464206438,0.006546910869503913
0.281115,0.2894727906492786,0.00647754054126338
0.283759,0.2689612167036626,0.006136412375699837
0.286403,0.2653822183684795,0.005929988171640486
0.289046,0.2671826366537181,0.006015058303975002
0.29169,0.2458339532463929,0.005620243071234479
0.294334,0.2470718195061043,0.005674004898525704
0.296977,0.2439581312430633,0.005602847084455056
0.299621,0.2319077060210877,0.005329243837549093
0.302265,0.229316510127636,0.005287787464975238
0.304909,0.2200382359877913,0.00509991899260654
0.307552,0.2080368437846837,0.004935318804913341
0.310196,0.2167236771642619,0.00502921072488366
0.31284,0.2054626102941177,0.004809996810433315
0.315483,0.2001625117924528,0.004723305266176426
0.318127,0.1944829613623752,0.004590953080416868
0.320771,0.191800999445061,0.004527375138228884
0.323415,0.1848376102941176,0.004417028421540813
0.326058,0.1792909961154273,0.004286028296119223
0.328702,0.1790993965038846,0.004337801294468505
0.331346,0.1698020562569368,0.004114675550297746
0.333989,0.1692704005271921,0.004080503299109411
0.336633,0.1684587506936737,0.004023457098330511
0.339277,0.1587958122918979,0.003853443948471954
0.341921,0.1603837999445061,0.003926695484851857
0.344564,0.1576118617508324,0.003836740379240309
0.347208,0.1522207179522752,0.003749456808967403
0.349852,0.1475268937291898,0.003632766155887836
0.352495,0.1443791456021087,0.003582018278758611
0.355139,0.1484489754439512,0.003636452839589115
0.357783,0.1457126056465039,0.003593647421338201
0.360427,0.137498869936182,0.003438375355276021
0.36307,0.1323092834350721,0.003311179023255346
0.365714,0.1337860998196449,0.003348509369581061
0.368358,0.1287143505133186,0.00321434475434847
0.371001,0.1281016277746948,0.003225153050516693
0.373645,0.1258936494173141,0.003188178187204239
0.376289,0.1221477007491676,0.003089076743206235
0.378933,0.1218841745976693,0.00309977015446857
0.381576,0.1159325756104329,0.0029356078963177
0.38422,0.1149365369034406,0.002947693891553638
0.386864,0.1165612604051054,0.002950239870814483
0.389507,0.1144004288290788,0.002927604900414993
0.392151,0.1135116401220866,0.002926589089499765
0.394795,0.110484256381798,0.002817726480607426
0.397439,0.1011873327552719,0.002661381130352479
0.400082,0.1098271864594895,0.002789577097489663
0.402726,0.1054063859600444,0.002724253291576687
0.40537,0.1036441227802442,0.002686857538545005
0.408013,0.1031287541620422,0.002639006821453252
0.410657,0.09893984184239735,0.002596424326982241
0.413301,0.09311518389289677,0.002461460468819404
0.415945,0.09583815545227524,0.002526211597242207
0.418588,0.09718459024694784,0.002551460009162473
0.421232,0.09539536119589347,0.002505372842879218
0.423876,0.09391482269700333,0.002517306471086867
0.426519,0.09122704869589346,0.002476028129892038
0.429163,0.08803708684794674,0.002487772673504231
0.431807,0.09018730375971143,0.002573248521298682
0.434451,0.08599869818257493,0.002532135322031566
0.437094,0.08582930764428413,0.002588921182151927
0.439738,0.08500033372641511,0.002575040097131058
0.442382,0.07626683657047725,0.002439052822428721
0.445025,0.08113701713374029,0.002539801493281702
0.447669,0.08289254571309657,0.002596966229607155
0.450313,0.07816989913984462,0.002532299496988852
0.452957,0.08057793999722532,0.002548881285634774
0.4556,0.08035361508046614,0.002531381124327942
0.458244,0.08192508670921199,0.002524672322746158
0.460888,0.07637118167314096,0.002420597724934644
0.463531,0.07352994714206436,0.002384679593111145
0.466175,0.07335298418423973,0.002349050689774792
0.468819,0.07799728780521643,0.002504145924566239
0.471463,0.07036710453662598,0.002268510802462431
0.474106,0.07424286938124305,0.002408324420290172
0.47675,0.07562115274694783,0.002433252171511943
0.479394,0.06867272301609323,0.002286513521678166
0.482037,0.07107929425638182,0.002369558408607986
0.484681,0.07047631860432854,0.002236802995876282
0.487325,0.06902857179522753,0.002207663407316987
0.489969,0.06552502296059934,0.00207522271086675
0.492612,0.06762318750000001,0.002122770989009604
0.495256,0.0637111400527192,0.001997996203828518
0.4979,0.06207640163706991,0.001940163836535029
0.500543,0.06122825173418424,0.001908460624765732
0.5031870000000001,0.06036546059933408,0.001873637051044642
0.505831,0.06020248189511653,0.001872415655423387
0.508475,0.06133437777469479,0.001886912634448613
0.511118,0.06276659288290787,0.001889400941836295
0.5137620000000001,0.05809168139567149,0.001792749534364748
0.516406,0.05976082533296338,0.001808974263425653
0.519049,0.06281625998890122,0.001882706720721197
0.521693,0.0631870086709212,0.001862894334534899
0.5243370000000001,0.0599313466981132,0.001795622297145663
0.526981,0.06068064310488346,0.001812692460385793
0.529624,0.06061020907325193,0.001785384062822945
0.532268,0.05960047454217537,0.001771344788706921
0.5349120000000001,0.05919891655105439,0.001743953119714639
0.537555,0.05391421698113207,0.001632903510302893
0.540199,0.05745001956159822,0.001713292532511831
0.542843,0.05517528808268591,0.001655547214656646
0.5454870000000001,0.05735333844339622,0.001694974498292863
0.54813,0.05608221580188678,0.001633503760735695
0.550774,0.05191727975860156,0.00156803578283491
0.553418,0.05186942563817981,0.001550627707004783
0.556061,0.05261106492785794,0.00156721355678253
0.558705,0.05342336945061044,0.001592813084736523
0.561349,0.05309746469200888,0.00154695493873149
0.563993,0.04969190177580466,0.001490460323511122
0.566636,0.05412459655937848,0.001569720959765736
0.56928,0.05259369735016648,0.001549194740901281
0.571924,0.05159674528301886,0.001519883922997147
0.574567,0.05226091835460599,0.001527615768480529
0.577211,0.05152123626526083,0.001507916159086037
0.579855,0.0512101306881243,0.001484079249209056
0.582499,0.05032005778301887,0.001479925084363402
0.5851420000000001,0.04792780729744729,0.001417589863792549
0.587786,0.04916829231409545,0.001457288498018572
0.59043,0.04882287278024418,0.001437233413603303
0.593073,0.04879594353496116,0.001413581046690056
0.5957170000000001,0.04426029543562709,0.001324650046605638
0.598361,0.04829888790233074,0.001412170968665528
0.601005,0.04795483268590455,0.001393711530509716
0.603648,0.04521916336015538,0.001330409544342378
0.6062920000000001,0.04663508906770256,0.001357488241098404
0.608936,0.04332253093784685,0.001286792778742257
0.611579,0.04536664241120977,0.001316857677117132
0.614223,0.04522271607935627,0.001313792148101432
0.6168670000000001,0.0468843700055494,0.001345737891459314
0.619511,0.04729596351276359,0.001344693453982713
0.622154,0.04496898737513873,0.00130112342872928
0.624798,0.04529118146503884,0.00129706268839056
0.6274420000000001,0.04553419020532742,0.001295269514592403
0.630085,0.04599247724750278,0.001313362390284703
0.632729,0.0449704226553829,0.00128267981766248
0.635373,0.04789813110432854,0.001339713992251769
0.6380169999999999,0.04375780542452831,0.001246113916267849
0.64066,0.04381617577691454,0.001256003352465567
0.643304,0.04290372898168703,0.001237256235279307
0.645948,0.04145757769145395,0.00120049789385657
0.6485919999999999,0.044898434309101,0.001266853861953419
0.651235,0.04190530729744728,0.001215529356261251
0.653879,0.04144969166204217,0.001201710537239683
0.656523,0.04195491259711432,0.001204879821492533
0.659166,0.03930470081853496,0.001151274563147324
0.66181,0.04164258004994451,0.001183054615176067
0.664454,0.03713360252497225,0.001101801368276568
0.667098,0.0372965102663707,0.001108202399789592
0.669741,0.04225400943396226,0.001209423487725993
0.672385,0.04156965087402887,0.001186865175640648
0.675029,0.04180132387624862,0.001183680273468195
0.6776720000000001,0.03783500589622642,0.001097996925012069
0.680316,0.04076580695061044,0.001162367141544349
0.68296,0.03979120359322975,0.001131275215769115
0.685604,0.03665711695338513,0.001075706820932136
0.6882470000000001,0.04102742626248612,0.001157349195524898
0.690891,0.03889944360432853,0.001116107339318275
0.693535,0.03872695359322974,0.001105481944370505
0.696178,0.0412844169672586,0.001157817969234785
0.6988220000000001,0.04096313165926749,0.001155155555383459
0.701466,0.03815759600443951,0.001087578968370447
0.70411,0.03981611612097669,0.001128410175859362
0.706753,0.0379828054245283,0.00107608538865553
0.7093970000000001,0.03978666884017758,0.001117979410864611
0.712041,0.04122155764428412,0.001147392335578592
0.714684,0.03717130209489456,0.00105793169308346
0.717328,0.03576372939789123,0.001027907074188706
0.7199719999999999,0.03527651699500555,0.001017443458039085
0.722616,0.03878039775249723,0.001083310463092446
0.725259,0.03778477337680355,0.001065632503751805
0.727903,0.0379739144700333,0.00105449106377065
0.7305469999999999,0.03584071718923418,0.001025980361407259
0.73319,0.03567244374306327,0.001017802641807915
0.735834,0.03713769776637069,0.001039282675234194
0.738478,0.03766215420366259,0.001045610966995849
0.7411219999999999,0.04009806742508324,0.00109691067264573
0.743765,0.03639723279689234,0.00102818021362731
0.746409,0.0379896315899001,0.001041744698753522
0.749053,0.03455452982796893,0.000983438285854973
0.751696,0.03648810183129857,0.001011683948870734
0.75434,0.03283646961709212,0.0009454344958787001
0.756984,0.03425341169533851,0.00095942189646428
0.759628,0.03479438644561599,0.0009776769971639283
0.762271,0.03589064296614873,0.0009969940335490706
0.764915,0.03592515149833519,0.0009914223201533028
0.767559,0.03778838561320755,0.001041380181408449
0.7702020000000001,0.03529157026914539,0.0009757434118911083
0.772846,0.03725462846836848,0.00101290510797451
0.77549,0.03528538963651498,0.000981484947540091
0.778134,0.03440890038845727,0.0009510558921814366
0.7807770000000001,0.03542409676748057,0.0009795761946907006
0.783421,0.03686618257491676,0.001001275729023425
0.786065,0.03508674410377358,0.0009671289137961096
0.788708,0.03191822447280799,0.000902487851602752
0.7913520000000001,0.03568222745560488,0.0009692051515548039
0.793996,0.03490241932574917,0.0009591608799114401
0.79664,0.03319740253884573,0.0009185142411675348
0.799283,0.03225638977524972,0.0008987670081597675
0.8019269999999999,0.03575146885405106,0.00096857993306806
0.804571,0.03630809205049945,0.0009738082414750367
0.807214,0.03338603773584906,0.0009204577811936378
0.809858,0.03422971927025527,0.0009261059879421411
0.8125019999999999,0.03527265066592675,0.0009613452345522205
0.815146,0.03295806097391787,0.0009010049139914116
0.817789,0.03073055181742508,0.0008575214615257277
0.820433,0.03563240468923418,0.0009601844836260914
0.8230769999999999,0.03051749625416205,0.0008481273397523786
0.82572,0.03418696302719201,0.000928484439248518
0.828364,0.0351529226553829,0.0009393467926997044
0.831008,0.03439912125416205,0.0009292560241374468
0.8336519999999999,0.03343455341287459,0.0008985991769378852
0.836295,0.03383591682852387,0.0009107883867533127
0.838939,0.03208230195615983,0.000878362522379425
0.841583,0.03452724347946726,0.0009129759027499307
0.844226,0.03358879682297448,0.0009112980203974485
0.84687,0.03237360203940066,0.0008750401481859186
0.849514,0.03292027899556049,0.0008859297457038923
0.852158,0.03318786605160932,0.0008942018368155316
0.854801,0.03367329980577137,0.0008847242743815876
0.857445,0.03517454571309656,0.0009267141769831037
0.860089,0.03215365163706992,0.0008587128503716692
0.8627320000000001,0.03201417536071032,0.0008574637778714374
0.865376,0.03351964012208657,0.0009178298179764705
0.86802,0.032939674736404,0.0009000383096244703
0.870664,0.03329429883462819,0.0009210676691129572
0.8733070000000001,0.0331651968645949,0.000904541742403345
0.875951,0.03444556527469479,0.0009478191122710796
0.878595,0.03203640961431743,0.0008979455919118786
0.881238,0.03188129404827969,0.0008906434869509774
0.8838819999999999,0.03259933934517203,0.0009202769164327882
0.886526,0.03094112597114318,0.0008646719836011117
0.88917,0.03137257991120977,0.0008839995942311906
0.891813,0.03416094943118757,0.000941999736627413
0.8944569999999999,0.0321583122918979,0.0008813571006644773
0.897101,0.03450390815760267,0.0009196776895551805
0.899744,0.03304688353218647,0.0008871100136292404
0.902388,0.03266955362097669,0.0008762739694049285
0.9050319999999999,0.03249690337125417,0.0008612483415185387
0.907676,0.03205332623473918,0.000854128098174191
0.910319,0.03127041176470589,0.0008411977447094093
0.912963,0.03402149604605993,0.0008926122226281988
0.9156069999999999,0.03186151602386238,0.0008506786345609454
0.91825,0.03374959399278579,0.0008731405016408274
0.920894,0.03244609628190899,0.0008580031328781157
0.923538,0.03082096302719201,0.0008222813724923552
0.9261819999999999,0.02976881333240844,0.0007944856647745651
0.928825,0.03042901019700333,0.0008173866694274878
0.931469,0.03182820699223086,0.0008347147981537255
0.934113,0.03391485953107658,0.0008833073154577263
0.936756,0.03060959912597114,0.0008036886648191484
0.9394,0.0297878473917869,0.0007906415960937638
0.942044,0.03279639851553829,0.0008434570916210729
0.944688,0.03252620872641509,0.0008416692784387204
0.947331,0.02996529335460599,0.0007935758998993611
0.949975,0.03125225443951166,0.0008115575767859646
0.952619,0.03282207103218646,0.0008437187188136058
0.9552619999999999,0.03127519145394007,0.0008135229096150439
0.957906,0.03248672135127637,0.0008354070552411337
0.96055,0.03193816044672586,0.0008289206469118359
0.963194,0.0310043355299667,0.0007918028778568315
0.9658369999999999,0.03230955923973363,0.000831002540992194
0.968481,0.03263850166481687,0.000830195500853499
0.971125,0.03331693139567148,0.0008381563391759345
0.973768,0.03310535231687015,0.0008328626322520301
0.9764119999999999,0.03157111785516094,0.0007984118024061797
0.979056,0.03101653655660378,0.0007950502963274481
0.9817,0.03096392334905661,0.000789320668276489
0.984343,0.03083951865982243,0.0007821314819771623
0.9869869999999999,0.03211348210321865,0.0008027403122034385
0.989631,0.03109313748612653,0.00079476910547707
0.992274,0.03273498820754717,0.0008471435211329066
0.994918,0.03082093555771365,0.0008081336654016552
0.9975619999999999,0.03207604578246393,0.0008410653223659365
1.00021,0.03023665746392897,0.0008117186296465243
1.00285,0.0301321589900111,0.000806205126581952
1.00549,0.03320180681187569,0.0008840253234943896
1.00814,0.02959239747502775,0.0008055407618561218
1.01078,0.03251163387902331,0.0008690072031255233
1.01342,0.02982114268867925,0.0008194281188577611
1.01607,0.02698843285238624,0.0007685158265296493
1.01871,0.0305464010127636,0.0008369014658134052
1.02136,0.02892054897336293,0.0008079984455629902
1.024,0.03129851304106548,0.0008644664851027328
1.02664,0.0287362310627081,0.0008125168804355543
1.02929,0.03133419818257492,0.0008697643742232818
1.03193,0.03315322246115427,0.0009039258498138493
1.03457,0.03000866766093229,0.0008382476172673532
1.03722,0.02923668833240843,0.0008317505288389104
1.03986,0.03120719533851276,0.0008647880747263174
1.04251,0.0309795260127636,0.000867349801624978
1.04515,0.03183258837402886,0.0008693657010753124
1.04779,0.03037929044117648,0.0008322945221078743
1.05044,0.0293427365427303,0.0008031320549266079
1.05308,0.03058875665926749,0.0008141789769624227
1.05572,0.03273077622086571,0.0008615852114175784
1.05837,0.02941156818812431,0.0007820176811082399
1.06101,0.03138199736403995,0.000829188327921103
1.06365,0.02901399556048835,0.0007703915355202717
1.0663,0.02902315892064373,0.0007709826116909075
1.06894,0.03049936868756937,0.0007987339617031332
1.07159,0.03040780147058823,0.0007853153251880055
1.07423,0.02968651477524972,0.0007793435596849112
1.07687,0.02707136549667037,0.0007181059578523463
1.07952,0.02884250360710322,0.0007576743638867971
1.08216,0.02893599597669256,0.0007544770282820013
1.0848,0.03025933809655938,0.000765841489399335
1.08745,0.02837331118201998,0.0007372003559391035
1.09009,0.03079922093507214,0.0007783915512633789
1.09274,0.02797852670643729,0.000728513314194021
1.09538,0.02955822773307436,0.0007558514614535439
1.09802,0.02754381992230855,0.0007104431731041918
1.10067,0.02753856180632631,0.0007148889234141588
1.10331,0.02745356666204218,0.0007040318627817648
1.10595,0.02797667709489457,0.0007179929164844783
1.1086,0.03010563720865705,0.000755384744421908
1.11124,0.03030247662319644,0.0007591979573213678
1.11389,0.02900762264150943,0.0007370552986450024
1.11653,0.02870424056603774,0.0007169691807299638
1.11917,0.02762478163152053,0.0007074830396013043
1.12182,0.02828975360710322,0.0007134391759010513
1.12446,0.02668508053551609,0.0006874084979729382
1.1271,0.02740019346559379,0.0006955156078939318
1.12975,0.02725236417869034,0.0006889343042186406
1.13239,0.02881985502219757,0.0007219987723225871
1.13504,0.02971940031908991,0.0007354105757609019
1.13768,0.02782864407602664,0.0007004138908514456
1.14032,0.02701735592397337,0.000686389996193127
1.14297,0.02845402566592675,0.0007125093903793581
1.14561,0.02682815989178691,0.0006868067051326592
1.14825,0.02936554765538291,0.0007206358876122266
1.1509,0.02801445678412875,0.0006998404093885465
1.15354,0.02570813540510544,0.0006552764426468825
1.15618,0.02540951241675916,0.0006459975667679228
1.15883,0.02605084919533851,0.0006671710071736066
1.16147,0.02742990628468369,0.0006802103189647863
1.16412,0.02731246739733629,0.000687334320201044
1.16676,0.02549040545227526,0.0006406573236435633
1.1694,0.02685643514150943,0.0006727292025987078
1.17205,0.02426274181465039,0.0006191216021083683
1.17469,0.02653183060488346,0.0006615988919277178
1.17733,0.02697884142619312,0.0006719473796237397
1.17998,0.02552081645394007,0.0006369769947248468
1.18262,0.0293245013873474,0.0007120224620752481
1.18527,0.02511702656770255,0.0006306001417145318
1.18791,0.02411647599889013,0.0006133399991913966
1.19055,0.02610061015538291,0.0006516132974341823
1.1932,0.02560705459211987,0.00063438470457174
1.19584,0.02724887555493896,0.0006702496415840279
1.19848,0.02575012708102109,0.0006365320923627656
1.20113,0.0232572078246393,0.0005931568553723002
1.20377,0.02451316502497225,0.000614550300472049
1.20642,0.02346367529134295,0.0005945093360710467
1.20906,0.02634439948668147,0.000650608631361115
1.2117,0.02587763124306327,0.0006332753587328419
1.21435,0.02557791863207547,0.0006315412858994872
1.21699,0.02333257262763596,0.0005859692463539913
1.21963,0.02399417043562708,0.0005998798253118871
1.22228,0.0250420371809101,0.0006217419185971396
1.22492,0.02478480153995561,0.0006105433706026291
1.22757,0.02284483830466149,0.0005757219724848242
1.23021,0.02442710772752497,0.0006017186738875827
1.23285,0.02538908885960044,0.0006208047797213179
1.2355,0.02255713901220866,0.0005688621280783117
1.23814,0.02409096143174251,0.000595599759022337
1.24078,0.0242421763318535,0.0006019863897206733
1.24343,0.02353468618201998,0.0005854756093729383
1.24607,0.02308028607103219,0.0005737231262081112
1.24871,0.02324762097669257,0.0005766902561542237
1.25136,0.02221728433684795,0.0005548263328131472
1.254,0.02122367896781354,0.0005374298268720976
1.25665,0.02283544603218646,0.0005675036126393857
1.25929,0.02470965878190899,0.0006037973423132973
1.26193,0.02223807644284128,0.0005503894228922907
1.26458,0.02243939796059934,0.0005553754644800378
1.26722,0.02382543229744728,0.0005837689278456043
1.26986,0.02243552476415095,0.0005562778242583852
1.27251,0.02251485890677025,0.0005586165153958726
1.27515,0.02076287846836848,0.0005205526533434823
1.2778,0.01998795532741398,0.0005077112350718684
1.28044,0.02042715566037737,0.0005108154637125407
1.28308,0.02355807415371809,0.0005722772233176439
1.28573,0.0196054886237514,0.0004997201444520012
1.28837,0.02276878447558269,0.0005527868400516769
1.29101,0.02018814372918979,0.0005127120436155655
1.29366,0.02082842522197558,0.0005166342971032188
1.2963,0.0206746304800222,0.0005154159148589573
1.29895,0.02303010162319645,0.0005608402542727529
1.30159,0.02032289067702553,0.0005036562558396444
1.30423,0.02283202150388457,0.0005583445267964697
1.30688,0.02052288679245283,0.0005055554400706743
1.30952,0.02031227830188679,0.0005063010061358836
1.31216,0.01992244977802442,0.0004946276720637697
1.31481,0.02132728468368479,0.0005235558048635769
1.31745,0.02033729841842397,0.000503686840907105
1.3201,0.01956135890677026,0.000484600387502991
1.32274,0.01978540226137625,0.0004909772174072728
1.32538,0.01924399257769145,0.0004769394625520688
1.32803,0.01879786993618202,0.0004681045411605413
1.33067,0.01883093174250833,0.0004740037016045083
1.33331,0.01941656957547169,0.0004772576637973433
1.33596,0.01972927296059933,0.0004878616436502261
1.3386,0.02038453218645949,0.0004991686988327054
1.34124,0.01953097995283018,0.0004810780374290202
1.34389,0.01917439178690344,0.0004739998587567166
1.34653,0.0172727919672586,0.0004335401601194458
1.34918,0.02047287402885682,0.0005002722006786653
1.35182,0.0178199404827969,0.0004442197907477526
1.35446,0.01849943236681465,0.0004609949347423418
1.35711,0.01756456818812431,0.000441097986023488
1.35975,0.01916794103773585,0.0004729118504965248
1.36239,0.01624020054106549,0.0004153287068847769
1.36504,0.0165544628190899,0.0004163329369196468
1.36768,0.01842230036071032,0.0004576317611333218
1.37033,0.01772180577136515,0.0004428905910551235
1.37297,0.01676118208934518,0.0004236767879512188
1.37561,0.01676286688401776,0.0004276370490082204
1.37826,0.01750286716148724,0.0004346530019154025
1.3809,0.01694147343229745,0.000428190866131255
1.38354,0.01744447620699223,0.0004371596039634902
1.38619,0.01555708268590455,0.0003994246599001254
1.38883,0.01846325048557158,0.0004544567587616552
1.39148,0.01758005639567148,0.0004385451945211166
1.39412,0.01625401539955605,0.0004125025023675712
1.39676,0.01699974306326304,0.0004233527252876573
1.39941,0.01675032019977803,0.0004201137862465975
1.40205,0.01652080584073252,0.0004141996697116401
1.40469,0.01611516634295227,0.0004111189360813844
1.40734,0.01590435869866815,0.0004015768388087295
1.40998,0.0168274865427303,0.0004193156273928815
1.41263,0.01623474327136515,0.0004060618266266513
1.41527,0.01567709454772475,0.0003956677104353477
1.41791,0.01700966641231964,0.0004240395599543707
1.42056,0.01569609427025527,0.000396877123844728
1.4232,0.01636202081021088,0.0004087772753954734
1.42584,0.0182580214345172,0.0004456420028303773
1.42849,0.01504334163429523,0.0003828825083508496
1.43113,0.01454497433407325,0.0003724898671038403
1.43377,0.01607052615149834,0.0004023492293525577
1.43642,0.0143818788845727,0.0003656265880589203
1.43906,0.0142618670227525,0.0003656099847459062
1.44171,0.01538795768590455,0.0003875181766005171
1.44435,0.01340665746392897,0.0003455131118624161
1.44699,0.01465729245283019,0.0003712008163219078
1.44964,0.01540546032186459,0.0003882810697258811
1.45228,0.01489791821587125,0.0003755808923498341
1.45492,0.01576582096281909,0.0003924416266634187
1.45757,0.01454464698945616,0.0003668565838290532
1.46021,0.01381970914261932,0.0003526237403280604
1.46286,0.01429791155660378,0.0003621222850338789
1.4655,0.01281294818257492,0.0003316394454161338
1.46814,0.01409846711986681,0.0003564047838437878
1.47079,0.01336613540510544,0.0003436875229648813
1.47343,0.0146110132491676,0.0003665357665749886
1.47607,0.0145042096281909,0.0003672635768543233
1.47872,0.01338006471975583,0.0003397055602480075
1.48136,0.01296660557713651,0.00033407093813666
1.48401,0.01496944644839068,0.0003771479947867882
1.48665,0.01369442543007769,0.0003470629324266895
1.48929,0.01333372370976693,0.0003388339881187231
1.49194,0.01321427039400666,0.0003338942058235319
1.49458,0.01355332387624861,0.0003467549253050495
1.49722,0.01412774042730299,0.0003544006699872345
1.49987,0.01440924077413984,0.000360709813926876
1.50251,0.01207912167036626,0.0003144288828895609
1.50516,0.01251351484461709,0.0003198004657168986
1.5078,0.0133949692008879,0.0003389193188279023
1.51044,0.01201579307713651,0.0003101270746840405
1.51309,0.01237057741398446,0.0003165713291090292
1.51573,0.01106645019422863,0.0002899776038983026
1.51837,0.01249225575749168,0.0003172416747787527
1.52102,0.01243354432574917,0.0003173134002926352
1.52366,0.01274530001387348,0.0003219576044400336
1.5263,0.0120023307436182,0.000305729484409831
1.52895,0.01309647211431743,0.0003321940459184438
1.53159,0.01191063304661487,0.0003065373709264953
1.53424,0.01341728815205328,0.0003399065372813483
1.53688,0.0126805086709212,0.0003216606353089783
1.53952,0.0134650301054384,0.0003362714774241463
1.54217,0.01130708282463929,0.0002897429686646404
1.54481,0.01362685051331854,0.0003403899857677323
1.54745,0.01166729925083241,0.0003013821413801929
1.5501,0.01103905167869034,0.0002892879113106748
1.55274,0.0119403962264151,0.0003128715353864856
1.55539,0.01131601727247503,0.0003008501282482876
1.55803,0.01133721684239733,0.0003034356528509272
1.56067,0.01036911001664817,0.0002840476238634179
1.56332,0.01250755167869035,0.0003300102941455243
1.56596,0.01219316120976693,0.0003291861900669028
1.5686,0.01140083157602664,0.0003085005140060228
1.57125,0.0122185086709212,0.0003331234345938869
1.57389,0.01093314997225305,0.0003016550092103218
1.57654,0.01039758213096559,0.0002884601120403283
1.57918,0.01085243091009989,0.000304538995718577
1.58182,0.0110564169672586,0.0003073749962281742
1.58447,0.01244745303829079,0.0003420375655145565
1.58711,0.01084561390122087,0.0003027903215248612
1.58975,0.01139567189234184,0.0003171275550727717
1.5924,0.01200391710599334,0.0003374693151420779
1.59504,0.01137802961986681,0.0003169375058165426
1.59769,0.01091737562430633,0.0003103472803587372
1.60033,0.0111485244173141,0.0003142663139699889
1.60297,0.01137130188679245,0.0003198527511765263
1.60562,0.01212574195338513,0.0003371900550474847
1.60826,0.009900135058268592,0.0002777817737363885
1.6109,0.01004580112375139,0.000281079427659694
1.61355,0.01218896524694784,0.0003259736090422503
1.61619,0.009010039261931191,0.0002521195642984457
1.61883,0.01139594887624861,0.0003078720512555565
1.62148,0.01046395754716981,0.0002832318519830225
1.62412,0.009448381173695895,0.0002620172392451171
1.62677,0.009097682921753605,0.000249622347058886
1.62941,0.009659960252497227,0.0002657417938394158
1.63205,0.01134086570477248,0.0003012723514089314
1.6347,0.009885493826304111,0.0002676016677358315
1.63734,0.008984739872364039,0.0002469703285942698
1.63998,0.01113086841009989,0.0002959266586564672
1.64263,0.01029577795504994,0.0002757918657452554
1.64527,0.0101424707963374,0.0002705439399900725
1.64792,0.01151014407602664,0.0003030476142259216
1.65056,0.009309651151498333,0.0002525789235086399
1.6532,0.01183237937014429,0.0003082405953971132
1.65585,0.01097232373751388,0.0002906526506484522
1.65849,0.009478423626526084,0.0002534052568223777
1.66113,0.009137410654827966,0.0002470748709203737
1.66378,0.009759450124861265,0.0002620634423575921
1.66642,0.0102327080327414,0.0002727202873493127
1.66907,0.01014022058823529,0.0002720158261770092
1.67171,0.009675450749167593,0.0002580101199128849
1.67435,0.008853838651498335,0.0002401035427975771
1.677,0.0105685750554939,0.0002784525304686334
1.67964,0.008364449292452829,0.0002272753324308721
1.68228,0.01024150284406215,0.0002704176573530305
1.68493,0.008396446656492787,0.000227804057983017
1.68757,0.009800663498890123,0.0002601965912331417
1.69022,0.007709563193673696,0.0002102944162590563
1.69286,0.00796008483629301,0.0002167816900688321
1.6955,0.009310939927857935,0.0002498274209467208
1.69815,0.009091802164261935,0.0002436237197235284
1.70079,0.008686913498890121,0.0002357044272400071
1.70343,0.01043319173140955,0.0002710300685141071
1.70608,0.008092778440621534,0.0002189348423114048
1.70872,0.009688604051054383,0.0002545622417662797
1.71137,0.008430220380133188,0.0002270122539269394
1.71401,0.009155169672586012,0.0002439997704785926
1.71665,0.009127970310765818,0.0002430778060347688
1.7193,0.008695250485571586,0.0002334065103181946
1.72194,0.008289292799667039,0.000222602124101191
1.72458,0.01040947870421753,0.0002713975120038328
1.72723,0.00866808774972253,0.0002306916820396731
1.72987,0.006623587125416207,0.0001824678458081445
1.73251,0.008941470865704775,0.0002388112276207655
1.73516,0.008224075679800224,0.0002186980846051771
1.7378,0.007827594963928968,0.0002112914471182857
1.74045,0.008307862167036627,0.0002215280445521756
1.74309,0.007597629647613765,0.0002055016753768127
1.74573,0.008089928482241954,0.0002171005728727501
1.74838,0.01003871857658158,0.0002590073207159029
1.75102,0.008732510543840177,0.0002335150725667932
1.75366,0.007480937014428413,0.0002003139370960967
1.75631,0.008821008046614872,0.0002323442610649003
1.75895,0.00742084981964484,0.0002010419310559734
1.7616,0.009691273168701445,0.0002521363366716658
1.76424,0.009195597877358493,0.0002421495872956887
1.76688,0.00829693618201998,0.0002184854705034992
1.76953,0.007968021226415092,0.0002129047589800783
1.77217,0.007788320477247504,0.0002090058871653589
1.77481,0.009696066592674808,0.0002523756919596979
1.77746,0.009373689372918978,0.0002457986298774057
1.7801,0.006548913637624865,0.0001773580044569138
1.78275,0.01040718958102109,0.0002676581964057791
1.78539,0.007623519630965595,0.0002017810594816181
1.78803,0.008691624514428415,0.0002271959141882003
1.79068,0.007599838651498333,0.000203856104091194
1.79332,0.007364541967258603,0.0001954965734955858
1.79596,0.006919392203107656,0.0001883640435001007
1.79861,0.007381795088790234,0.000195796281627401
1.80125,0.008702758809655939,0.00022797568917784
1.8039,0.008011464206437294,0.0002124963070723426
1.80654,0.006348752705327413,0.0001720742197335286
1.80918,0.006805556395671479,0.0001849418096002752
1.81183,0.009425879092674807,0.0002440988850270015
1.81447,0.007543713928967816,0.0002011474267478426
1.81711,0.008103276359600441,0.0002135126504041483
1.81976,0.007638245560488345,0.0002023991432641794
1.8224,0.008425062985571588,0.0002228962145141803
1.82504,0.008817617855160931,0.0002300658890025766
1.82769,0.006728774625416204,0.0001830834319193884
1.83033,0.007300659406215315,0.0001952784107127438
1.83298,0.007763330119311879,0.0002058125546438384
1.83562,0.007981357658157604,0.0002123114745060047
1.83826,0.007143025804661488,0.0001935026619727669
1.84091,0.00850720130410655,0.0002256420636566266
1.84355,0.007677320893451718,0.0002053313473816888
1.84619,0.00703646483074362,0.0001904093217964504
1.84884,0.008347232796892338,0.0002187829880544955
1.85148,0.008329205951720313,0.0002213156801257749
1.85413,0.006255420574361821,0.0001722617338969657
1.85677,0.006965762971698114,0.0001873451136803403
1.85941,0.007222657533296338,0.000195363159618923
1.86206,0.007335227455604888,0.000195679560260796
1.8647,0.006482533643174251,0.0001773145700274557
1.86734,0.007469791273584905,0.0002003614006110108
1.86999,0.007428953315760265,0.0001984992381882707
1.87263,0.007254638873473918,0.000197214130621657
1.87528,0.008155150180355158,0.0002161683689497311
1.87792,0.006007048418423973,0.0001656454800917549
1.88056,0.006597008115982242,0.0001798018737206301
1.88321,0.006330908990011097,0.0001724550791514568
1.88585,0.006863139289678136,0.0001878478960816065
1.88849,0.006901933060488347,0.0001855962121573534
1.89114,0.008741254994450609,0.0002309173456275508
1.89378,0.005292924389567149,0.0001463240690660042
1.89643,0.009037620907325196,0.0002371109567811737
1.89907,0.006385353496115429,0.0001753431330526961
1.90171,0.007974806187569366,0.000210659711486401
1.90436,0.005904346906215317,0.0001628679793700291
1.907,0.006709484184239735,0.0001814496176952803
1.90964,0.006858654897336292,0.0001866763972322152
1.91229,0.006562607172586016,0.0001792446265446064
1.91493,0.005760793701442839,0.0001586512186434646
1.91757,0.005618094339622645,0.0001550918120265272
1.92022,0.007713207477802443,0.0002069941478990844
1.92286,0.00777559981964484,0.000208770858000864
1.92551,0.005625279897336291,0.000154440819180237
1.92815,0.005954226900665925,0.0001631590622936379
1.93079,0.007210083379578246,0.0001957322804879482
1.93344,0.007265356548279686,0.0001947066598469941
1.93608,0.00646139359045505,0.000176039242605485
1.93872,0.006345557089345174,0.0001731325091709565
1.94137,0.007237223224195338,0.0001967675100308772
1.94401,0.006437703454495004,0.0001760579614063781
1.94666,0.006258934378468369,0.0001708662465945755
1.9493,0.005888645810210877,0.0001626495255238054
1.95194,0.005860782602663706,0.0001608350854205204
1.95459,0.006285447003329631,0.0001719063536722103
1.95723,0.005227830882352938,0.000146217291611404
1.95987,0.005827919950055493,0.0001602088256307933
1.96252,0.006551772752497224,0.0001795748607058967
1.96516,0.006157933684794675,0.0001681367852267336
1.96781,0.005467621115427301,0.0001514872064435397
1.97045,0.005242412597114316,0.0001457834143907542
1.97309,0.006498378953940064,0.0001774050266484648
1.97574,0.007447554730854605,0.0002005203096811904
1.97838,0.007551583934517201,0.000202041049380729
1.98102,0.005171774833518316,0.0001450456984985475
1.98367,0.005634546268035519,0.0001552113607800512
1.98631,0.006255441176470589,0.0001710158021176126
1.98896,0.005177097044950055,0.000144463827978106
1.9916,0.004163317633185348,0.0001181034567287323
1.99424,0.005386110016648171,0.0001482987808338159
1.99689,0.006118350166481686,0.0001666043332904295
1.99953,0.004468167036625972,0.0001252917705115042
2.00217,0.006178247364039957,0.0001682797761821448
2.00482,0.005470583240843505,0.000150904094187741
2.00746,0.005264692633185348,0.0001455013649960355
2.0101,0.005596725374583797,0.0001527553322434725
2.01275,0.004580263110432855,0.0001283216316260535
2.01539,0.005607342327968927,0.000152679001388787
2.01804,0.006106725998890123,0.000167412652016608
2.02068,0.006505807158712541,0.000176074948318492
2.02332,0.005742540233074359,0.0001567317108352754
2.02597,0.005390237305771362,0.0001485796575544014
2.02861,0.00673771136237514,0.0001799724303718405
2.03125,0.005671446933962264,0.0001555090195654587
2.0339,0.004976771295782462,0.0001376618117817383
2.03654,0.004081463165926748,0.0001155479520479186
2.03919,0.007265574014983352,0.0001934248578707446
2.04183,0.004522961778579356,0.0001256266183434734
2.04447,0.006328352039400668,0.0001713722054848472
2.04712,0.006400979051054383,0.0001724516098460028
2.04976,0.006391763041065483,0.0001727057417521858
2.0524,0.00442976470588235,0.0001240727339263889
2.05505,0.004706304522752496,0.0001307210162308405
2.05769,0.006187154342397332,0.0001680600025169833
2.06034,0.005950207200332964,0.0001604417481864996
2.06298,0.005600577968923421,0.0001535601290794527
2.06562,0.005314217813540511,0.0001454202565612797
2.06827,0.00510256548279689,0.0001402726105185128
2.07091,0.006821429175915651,0.0001833185755806823
2.07355,0.004924286279134298,0.0001355359635707955
2.0762,0.005129904481132075,0.0001415470966838176
2.07884,0.005154711709211986,0.0001413754502505286
2.08149,0.005510922169811322,0.0001505675522763333
2.08413,0.005655276567702552,0.0001553258461208003
2.08677,0.004996363901220862,0.0001368402016313993
2.08942,0.005769725860155382,0.0001586909132328942
2.09206,0.007040042730299665,0.0001879156855175789
2.0947,0.006034229467258602,0.00016402313106612
2.09735,0.006104924458934517,0.0001656198553412631
2.09999,0.005967650319089898,0.0001622703094744885
2.10263,0.005209078385127635,0.0001450355917632929
2.10528,0.004108859392341844,0.0001141407047587307
2.10792,0.00588176012763596,0.0001610810649660863
2.11057,0.005951054175915651,0.0001632960687300853
2.11321,0.00607475839345172,0.0001700271829395383
2.11585,0.004329130271920091,0.0001270212985224008
2.1185,0.005747269561598224,0.0001622964837756053
2.12114,0.00611417709489456,0.0001758624354133347
2.12378,0.004255564719755828,0.0001242832998757867
2.12643,0.005078039816870142,0.0001482214331944963
2.12907,0.00628558435072142,0.0001825004307158055
2.13172,0.005607491120976692,0.0001643521592282884
2.13436,0.00520408580743618,0.0001552257273126805
2.137,0.003890527400110988,0.0001182618429994503
2.13965,0.005454389983351832,0.000162790526512217
2.14229,0.003634685835183132,0.0001118952101127237
2.14493,0.006909956437291896,0.0002026815291185837
2.14758,0.005128164747502774,0.0001562358412244546
2.15022,0.004963741606548281,0.0001498580604335025
2.15287,0.004224480715871256,0.000131217854614505
2.15551,0.00416008768035516,0.0001287349693025819
2.15815,0.00540255736681465,0.0001645796583496245
2.1608,0.003310600929522752,0.000104813003941447
2.16344,0.00426180715871254,0.0001317414161953109
2.16608,0.005487360224750278,0.0001661765726162297
2.16873,0.004734142549944509,0.0001432787648718416
2.17137,0.004873488346281906,0.0001453021777860568
2.17402,0.002830976970033294,8.697339905207147e-05
2.17666,0.003934469408990015,0.0001187944997014598
2.1793,0.004658194020532744,0.000137716472239694
2.18195,0.004109358421198672,0.0001221853559009363
2.18459,0.004447418423973363,0.000131202759254307
2.18723,0.005399920296892342,0.000156705248753817
2.18988,0.004806581853496118,0.0001403395675873661
2.19252,0.005228407741398448,0.0001510045116131719
2.19516,0.005116474195338512,0.0001476070066225071
2.19781,0.004828165996115427,0.0001409626230534967
2.20045,0.004992289261931192,0.000144095904730714
2.2031,0.004201184309101001,0.0001234723437474188
2.20574,0.004594295435627078,0.0001335117927837292
2.20838,0.004769150110987789,0.0001384602357298049
2.21103,0.00501590843507214,0.0001451441535699586
2.21367,0.004901836847946727,0.0001424626892225274
2.21631,0.004765634017758044,0.0001386733726270186
2.21896,0.005560195546614872,0.000158173270067167
2.2216,0.004624296684239734,0.0001332897292620497
2.22425,0.005207443951165376,0.0001495325884963587
2.22689,0.004307115774139842,0.0001256198167672294
2.22953,0.004145668493340734,0.0001203984161457368
2.23218,0.004942812153163153,0.0001436229397684007
2.23482,0.004095220796337403,0.0001195679403281823
2.23746,0.005316985363485018,0.0001538440748466217
2.24011,0.003835698321309657,0.0001127582293643962
2.24275,0.0043172634572697,0.0001270350900348113
2.2454,0.005536404689234184,0.0001582627194584828
2.24804,0.005097151706437294,0.0001475752309723186
2.25068,0.00521827150388457,0.0001506634887733255
2.25333,0.002479436320754719,7.484861240412411e-05
2.25597,0.005144765468923419,0.0001487594286793595
2.25861,0.003645394353496117,0.0001081380570503395
2.26126,0.004375691037735848,0.0001283930711893179
2.2639,0.004631138873473917,0.0001346218693282529
2.26655,0.004243352247502773,0.0001247149958962652
2.26919,0.005564613554384018,0.0001615453305857156
2.27183,0.004636749514428415,0.0001345633881174619
2.27448,0.006171846975582687,0.0001748361185554063
2.27712,0.004981850860155383,0.0001437365091063369
2.27976,0.005525796892341842,0.000160806348154323
2.28241,0.004297041342952277,0.0001268052918320043
2.28505,0.004470085321864595,0.0001304636052215311
2.28769,0.003081072835738072,9.235110294159394e-05
2.29034,0.004303576789678136,0.0001249242311224244
2.29298,0.004243734531076578,0.0001250338638180795
2.29563,0.004278771850721419,0.0001249368499273269
2.29827,0.003584194644839068,0.0001063939988226536
2.30091,0.003088466703662599,9.416109498376996e-05
2.30356,0.003908893035516091,0.000114307229866865
2.3062,0.004746826581576027,0.0001389242609305928
2.30884,0.005838124861265261,0.0001661714300374792
2.31149,0.003145172863485016,9.520026121440596e-05
2.31413,0.003040019700332964,9.15438144775206e-05
2.31678,0.003404869311875695,0.000102077602677749
2.31942,0.002846790233074362,8.638639224489701e-05
2.32206,0.004911604536625972,0.0001413139204586098
2.32471,0.004204031978357384,0.0001243530000865031
2.32735,0.005157905036071032,0.0001500327523062937
2.32999,0.003026811459489456,9.113853630908721e-05
2.33264,0.004910366120976695,0.000145166287166987
2.33528,0.005514552719200887,0.000156613702751541
2.33793,0.003786317355715873,0.0001130732667036115
2.34057,0.00392328246392897,0.0001158143536470434
2.34321,0.005254579286903441,0.0001519179119176997
2.34586,0.004842456992230855,0.0001427823910927757
2.3485,0.005572277538845727,0.000160084434210225
2.35114,0.004065418701442841,0.0001200663751437131
2.35379,0.003015425360710321,9.037538125931366e-05
2.35643,0.00398593576581576,0.0001173372061928588
2.35908,0.004001011931187569,0.0001192957889697264
2.36172,0.002695057991120978,8.17441489898411e-05
2.36436,0.003352567425083241,0.0001003275308291277
2.36701,0.003871571170921197,0.0001140307309386264
2.36965,0.00405959975027747,0.0001195862959852943
2.37229,0.004479685904550503,0.0001314560043365231
2.37494,0.003204484045504994,9.618206775681553e-05
2.37758,0.004179650527192009,0.0001248343952944873
2.38022,0.003144856964483905,9.357201508647422e-05
2.38287,0.004787824778024417,0.0001412175916360338
2.38551,0.003925921822974472,0.0001149419452311474
2.38816,0.004534583657047728,0.0001333692319721073
2.3908,0.004597681048834628,0.0001351593130429251
2.39344,0.003669100513318536,0.0001094468943549914
2.39609,0.002997460321864594,9.074437700990678e-05
2.39873,0.004322102663706995,0.0001264890393698514
2.40137,0.003902494936182018,0.000115906482578309
2.40402,0.004132160377358488,0.0001203213982476061
2.40666,0.004049868687569368,0.0001196655599280807
2.40931,0.004730106825749168,0.0001384435854587513
2.41195,0.002254097322419535,6.854704536345906e-05
2.41459,0.003241453385127635,9.771780263635895e-05
2.41724,0.004912593437846836,0.000142027550254659
2.41988,0.005193155244173144,0.000150539697365981
2.42252,0.004288958448945616,0.0001267152038677347
2.42517,0.004324050707547174,0.0001262224564861479
2.42781,0.003986627081021087,0.0001186185499628462
2.43046,0.003512650388457268,0.0001045076416304566
2.4331,0.005100910446725861,0.0001480949305269729
2.43574,0.003952065899001113,0.0001169879007161394
2.43839,0.004899385197003331,0.0001433119096218644
2.44103,0.003842535932297447,0.0001141149827965019
2.44367,0.004248234947280802,0.000124883519586937
2.44632,0.003741688609877912,0.0001114652622228066
2.44896,0.00423139844617092,0.0001243907845574332
2.45161,0.004844833102108769,0.0001409175204034715
2.45425,0.00382279224472808,0.000114160891911329
2.45689,0.003848673071587126,0.0001133942691946375
2.45954,0.00398475,0.0001186888144186722
2.46218,0.004299122155937844,0.0001268826714136799
2.46482,0.003093923973362928,9.251224555024009e-05
2.46747,0.003397837125416205,0.0001013887291065256
2.47011,0.004114687499999998,0.0001224737310132493
2.47275,0.005093040441176472,0.0001493142780641439
2.4754,0.003452451026637067,0.0001026533092035905
2.47804,0.003814029481132076,0.0001134642017415547
2.48069,0.004795857311320754,0.0001403405441561289
2.48333,0.002202106756381796,6.816810568332722e-05
2.48597,0.003552240774139843,0.0001068108361100238
2.48862,0.003592607172586014,0.0001070131011446912
2.49126,0.004751867230854605,0.0001402282794124132
2.4939,0.003641626456714761,0.0001082589649065228
2.49655,0.003991347253052164,0.0001190107131827801
2.49919,0.00405256069644839,0.0001199369489996912
2.50184,0.00419030410654828,0.0001237862923205099
2.50448,0.00352673994173141,0.0001059778791996158
2.50712,0.004146748959489457,0.0001235716592046465
2.50977,0.002114637069922308,6.500110534869397e-05
2.51241,0.004394182574916761,0.0001291672562518554
2.51505,0.004841186528856825,0.0001421906841482295
2.5177,0.003922849819644841,0.0001175391814798361
2.52034,0.004163663290788012,0.0001229001108058669
2.52299,0.003594436182019978,0.0001081622810364806
2.52563,0.003099637624861266,9.386494979317851e-05
2.52827,0.002344570338512767,7.21778260621757e-05
2.53092,0.003781118756936737,0.0001128484452265089
2.53356,0.004677218923418426,0.0001366630723022722
2.5362,0.00240691918701443,7.420806155745574e-05
2.53885,0.003114004162042175,9.422321771550194e-05
2.54149,0.003982511237513872,0.000118719313429589
2.54414,0.004500159822419532,0.0001332115221031962
2.54678,0.003810765191453942,0.0001141519255407993
2.54942,0.004245794741953386,0.0001259990943608718
2.55207,0.003197481617647061,9.671422805106055e-05
2.55471,0.003957749791897891,0.0001179225005024908
2.55735,0.002446301262486128,7.535358761661457e-05
2.56,0.003209909267480578,9.777474418289986e-05
2.56264,0.003003897336293007,9.223948468099003e-05
2.56529,0.00401054384017758,0.0001187176346834978
2.56793,0.004532342605438403,0.0001342264358722261
2.57057,0.003668006312430635,0.0001097369835120003
2.57322,0.0034304525527192,0.0001037735326885456
2.57586,0.003974982311320755,0.0001183191869088811
2.5785,0.003365196517758047,0.0001014519896597944
2.58115,0.003837703593229743,0.0001160358509218373
2.58379,0.003298839414539403,9.997400394428003e-05
2.58643,0.002221413221420644,6.869132145718636e-05
2.58908,0.003795086986681462,0.0001137290116368793
2.59172,0.003415342050499448,0.000103160964749426
2.59437,0.00464366724472808,0.0001378365215312584
2.59701,0.004200071795227525,0.0001246015554653843
2.59965,0.00291629259156493,8.879615586608915e-05
2.6023,0.004427313054938958,0.0001313820265620382
2.60494,0.003773447905105437,0.0001138765505656501
2.60758,0.00500882588790233,0.0001489918322633832
2.61023,0.003211907672031077,9.775738544403717e-05
2.61287,0.003246310904550501,9.888542976569769e-05
2.61552,0.003985049875138734,0.0001199466413519858
2.61816,0.002481384364594894,7.647389350718476e-05
2.6208,0.002561499098224198,7.863629897316897e-05
2.62345,0.003381261584350722,0.0001027312658851701
2.62609,0.002883677164261935,8.861219159881812e-05
2.62873,0.004337725929522753,0.0001295423752765158
2.63138,0.003322543285238625,0.0001009384379608787
2.63402,0.003776446656492787,0.0001138337194583308
2.63667,0.003608818743063262,0.0001092518309999404
2.63931,0.004375565135960047,0.0001315272798891293
2.64195,0.004716804730854603,0.0001398606916778851
2.6446,0.005346240357935626,0.0001555698375642679
2.64724,0.003613312291897894,0.0001088441788228907
2.64988,0.005730293423973364,0.0001678333689712808
2.65253,0.002735960044395118,8.470986474643321e-05
2.65517,0.002446154758601554,7.57309828030731e-05
2.65782,0.003093388318534958,9.451427595953929e-05
2.66046,0.00255168791620422,7.894312843139644e-05
2.6631,0.004001080604883463,0.0001201014461909514
2.66575,0.004085986473362931,0.0001217819822235636
2.66839,0.0041104320199778,0.0001242014860646165
2.67103,0.003761072905105439,0.0001161545843033837
2.67368,0.003893148446170918,0.0001217647537787112
2.67632,0.002847911903440621,9.229256556059256e-05
2.67896,0.002869468576581579,9.235057263268772e-05
2.68161,0.003059284961154272,0.0001004274055461966
2.68425,0.003587317008879023,0.0001176463358229111
2.6869,0.002535888387902333,8.462571554767931e-05
2.68954,0.003453661972807989,0.0001137305064199491
2.69218,0.002712457616537179,9.079742614973866e-05
2.69483,0.003321900041620421,0.0001118166831487832
2.69747,0.005404663360155383,0.0001751230099738731
2.70011,0.00479169110710322,0.0001550126208819405
2.70276,0.003184145185904554,0.0001092105415189078
2.7054,0.002244808060488345,7.766730904003618e-05
2.70805,0.002720057505549387,9.442851087998394e-05
2.71069,0.003854798765260821,0.000129737017233851
2.71333,0.002628355230299669,9.18963051498502e-05
2.71598,0.002500539747502775,8.86143291731308e-05
2.71862,0.003941748820754717,0.0001364846639602769
2.72126,0.004525143312985571,0.0001552331338748785
2.72391,0.002182965108213097,7.80208882678714e-05
2.72655,0.003636936043285237,0.0001244263486651658
2.7292,0.003896348640399555,0.0001308891454173192
2.73184,0.001940601900665927,6.680375881548845e-05
2.73448,0.004146435349611542,0.0001361188477319224
2.73713,0.003509482241953387,0.0001146013958590529
2.73977,0.00210821607935627,7.163060574793046e-05
2.74241,0.003299613138179802,0.0001083477177442206
2.74506,0.002601306950610434,8.563560291596085e-05
2.7477,0.002869754716981135,9.457769775572002e-05
2.75035,0.002064159614317426,6.823228631019485e-05
2.75299,0.002090189234184239,6.975695935209592e-05
2.75563,0.00359302379300777,0.0001144445882675353
2.75828,0.002610662597114317,8.483878264941231e-05
2.76092,0.002967848224195338,9.703168402134743e-05
2.76356,0.0040334121809101,0.0001274683545918092
2.76621,0.004628609392341844,0.0001446841085879392
2.76885,0.003835542660932296,0.0001222227955255179
2.77149,0.002711084142619313,8.784420910482422e-05
2.77414,0.003241652538845725,0.0001040957020417379
2.77678,0.00325176359600444,0.0001035344512655961
2.77943,0.003133521226415094,0.0001000035535368904
2.78207,0.002127982658157602,6.968171281994525e-05
2.78471,0.004630626109877912,0.0001451777344353418
2.78736,0.003128318049389569,0.0001003114867459053
2.79,0.003408126734184238,0.0001076839753712038
2.79264,0.003107773168701439,9.951675727645106e-05
2.79529,0.002917052580466148,9.355730688341783e-05
2.79793,0.002439955812985571,7.872819380968515e-05
2.80058,0.002319648654273028,7.443939819508496e-05
2.80322,0.00299630889289678,9.625387790892474e-05
2.80586,0.002955358768035516,9.497747095988549e-05
2.80851,0.002258577136514981,7.291266785593662e-05
2.81115,0.00340484184239734,0.0001070777909692741
2.81379,0.004023955812985569,0.0001254023423140778
2.81644,0.003112937430632629,9.937983553002747e-05
2.81908,0.002365898099334075,7.617766211154268e-05
2.82173,0.003872086223640399,0.0001210410146409139
2.82437,0.003786630965593787,0.0001179698551160064
2.82701,0.003612222669256383,0.0001129290130757361
2.82966,0.004575025596559381,0.0001416123798827651
2.8323,0.003518331992230853,0.0001097189545537145
2.83494,0.002611095241398447,8.329849266944252e-05
2.83759,0.002745253884572698,8.663269037882634e-05
2.84023,0.004630806950610432,0.0001422121472382805
2.84288,0.003076293146503884,9.799835634932202e-05
2.84552,0.004668540857380688,0.000141458929609701
2.84816,0.003128945269145394,9.966454276904584e-05
2.85081,0.002045933615427301,6.606293723241791e-05
2.85345,0.002819744242508323,8.946013431501639e-05
2.85609,0.002863562638734742,9.067715045131734e-05
2.85874,0.002177333865149835,6.99352182318337e-05
2.86138,0.001707644700332963,5.580614622852456e-05
2.86402,0.0004278485710321838,1.430553606124994e-05
2.86667,0.003083442078246392,9.756757186336074e-05
2.86931,0.00350913658435072,0.0001099093756506214
2.87196,0.003113122849611542,9.76576817840228e-05
2.8746,0.003676526428967816,0.0001158923919377829
2.87724,0.004150601553829082,0.0001288278195556025
2.87989,0.004054907047724753,0.0001261375978761448
2.88253,0.003181984253607104,0.0001004929310613901
2.88517,0.00293981104328524,9.389513562177098e-05
2.88782,0.002901566662042175,9.263289196543854e-05
2.89046,0.003667028856825749,0.0001135224771463909
2.89311,0.004332300707547168,0.0001345950223034882
2.89575,0.004097741120976694,0.0001275094780441235
2.89839,0.00210138304661487,6.717614808421511e-05
2.90104,0.00271718465593785,8.683699116794817e-05
2.90368,0.004585576165371808,0.0001397094163669869
2.90632,0.00418429057991121,0.0001295025449310185
2.90897,0.002887767827413984,9.216610760706148e-05
2.91161,0.001711536209766927,5.560149105754632e-05
2.91426,0.002470208865149833,7.85579376830972e-05
2.9169,0.004223439164816872,0.0001314096780378886
2.91954,0.002398964483906771,7.708304498290048e-05
2.92219,0.002427571656492789,7.664747686479335e-05
2.92483,0.00394739837680355,0.0001225747268736696
2.92747,0.003704037111542728,0.0001151895231095192
2.93012,0.002937238068812432,9.382687128613117e-05
2.93276,0.003022842119866814,9.547455184967762e-05
2.93541,0.002930057089345172,9.192943541740754e-05
2.93805,0.00130239206437292,4.2419343072165e-05
2.94069,0.003082567633185349,9.676151919871895e-05
2.94334,0.002512269214761376,8.075496955978427e-05
2.94598,0.003269756104328526,0.0001015324769901093
2.94862,0.002400695061043285,7.70939438451863e-05
2.95127,0.002769012694228633,8.821538718322608e-05
2.95391,0.003258695061043287,0.000102232558974398
2.95655,0.00248476539955605,7.902066648482414e-05
2.9592,0.00314861799389567,9.782066510977429e-05
2.96184,0.002669829564372918,8.516392392384242e-05
2.96449,0.003863421892341842,0.0001212881826094186
2.96713,0.002921759017758047,9.235400479719966e-05
2.96977,0.003125699292452831,9.882919841844782e-05
2.97242,0.002366642064372918,7.557379766882406e-05
2.97506,0.00386083976137625,0.0001211820091519356
2.9777,0.003880414053829079,0.0001204646099910655
2.98035,0.003630968299112096,0.0001130025980413418
2.98299,0.002942395463374031,9.359334243549669e-05
2.98564,0.002876210044395118,9.075084375735174e-05
2.98828,0.002530904966703661,8.082311842620906e-05
2.99092,0.002848630688124307,8.973172106630675e-05
2.99357,0.003303376456714763,0.0001038442434305245
2.99621,0.002215031145948945,7.144406177804134e-05
2.99885,0.002373298834628193,7.59248413442808e-05
3.0015,0.003642743548834631,0.0001136590431427345
3.00414,0.002051237513873474,6.616794819935934e-05
3.00679,0.00365504071864595,0.0001137930934926999
3.00943,0.003702633879023307,0.000115809380423485
3.01207,0.003160104814095448,9.871767545855635e-05
3.01472,0.002171089137069922,7.00205810296211e-05
3.01736,0.00320930036071032,0.0001012291629486058
3.02,0.002301054106548279,7.360549292128534e-05
3.02265,0.003599165510543838,0.0001121695462443949
3.02529,0.002394729605993341,7.616986600196092e-05
3.02794,0.003468481756381796,0.0001087175991099882
3.03058,0.003612197488901221,0.0001121806600536707
3.03322,0.004777873959489453,0.0001462190986922014
3.03587,0.003285889844617092,0.0001030505561077254
3.03851,0.003426929592119869,0.0001060979628818239
3.04115,0.002627249583795781,8.332133614624299e-05
3.0438,0.003545183407325196,0.0001101630183166934
3.04644,0.003579053274139847,0.0001106810559452921
3.04908,0.003656599611542728,0.0001140439041088155
3.05173,0.002444344062153165,7.755237624945758e-05
3.05437,0.00340259621254162,0.0001062094712009161
3.05702,0.002684138873473918,8.445572162045368e-05
3.05966,0.003468928135405103,0.0001064646547754898
3.0623,0.002422212819089903,7.69346490209255e-05
3.06495,0.003498457824639291,0.0001081521748683895
3.06759,0.001643766717536069,5.27794097852709e-05
3.07023,0.003895336847946727,0.0001200173949226946
3.07288,0.002547736889567149,8.06055626900254e-05
3.07552,0.003965745699223086,0.0001225718712957873
3.07817,0.003247801123751388,0.0001017588310654717
3.08081,0.002912554453385126,9.096143279214714e-05
3.08345,0.002991421614872366,9.365998466510532e-05
3.0861,0.003924557505549389,0.0001203331663230881
3.08874,0.002717223571032185,8.532821439293463e-05
3.09138,0.00366530972530522,0.0001132687381387121
3.09403,0.00340387812153163,0.0001056812812177483
3.09667,0.00285203003607103,9.019103705124458e-05
3.09932,0.003082510405105439,9.548569162679547e-05
3.10196,0.003388257144839069,0.0001050916764391814
3.1046,0.003899498473917868,0.0001195633701299636
3.10725,0.002273667036625974,7.206068715088103e-05
3.10989,0.004311481132075472,0.0001320326017787497
3.11253,0.003373185557713651,0.0001044923725923431
3.11518,0.002819311598224193,8.854603498193955e-05
3.11782,0.001717863346281909,5.490335894647938e-05
3.12047,0.00248778017480577,7.833013168521294e-05
3.12311,0.002287317078246391,7.274380571525797e-05
3.12575,0.003672048903995562,0.0001127821027137629
3.1284,0.003091074014983352,9.673573776055031e-05
3.13104,0.004593656770255272,0.0001394982420070871
3.13368,0.003599213582130965,0.0001122889770565102
3.13633,0.00258594922308546,8.125848311771514e-05
3.13897,0.003770458310210879,0.0001157311207797584
3.14161,0.002482254231409547,7.892974194266103e-05
3.14426,0.002922905868479468,9.238979150010191e-05
3.1469,0.002004264705882352,6.402198878793288e-05
3.14955,0.003375220588235296,0.000104882320514894
3.15219,0.003596814581021086,0.0001109179502902071
3.15483,0.00349894082963374,0.0001081270681585863
3.15748,0.002835349195338514,8.896620937736119e-05
3.16012,0.002469146711986682,7.80859507485472e-05
3.16276,0.003688200957269704,0.0001143231001270022
3.16541,0.003891232450055492,0.0001202586406161586
3.16805,0.003049357033851276,9.520119114594869e-05
3.1707,0.002258165094339624,7.178699661031864e-05
3.17334,0.002822269145394008,8.811898898859883e-05
3.17598,0.002526855507769148,7.997225537470142e-05
3.17863,0.003024412458379581,9.436323605445531e-05
3.18127,0.003216410377358492,9.999184899887854e-05
3.18391,0.002918922794117644,9.126841751024314e-05
3.18656,0.00425496268035516,0.0001293718306625929
3.1892,0.003953400457824639,0.0001221766720382177
3.19185,0.003722782741398449,0.0001145875489413523
3.19449,0.003407803967813539,0.0001055960916884484
3.19713,0.003745701442841288,0.0001155497970903581
3.19978,0.001343500138734741,4.316248159413444e-05
3.20242,0.002769667383462817,8.662624717832743e-05
3.20506,0.004106730507769146,0.0001248446149359244
3.20771,0.002992348709766925,9.28621745582726e-05
3.21035,0.003730462749722533,0.0001142954538369363
3.213,0.002405348848501663,7.554759519825757e-05
3.21564,0.003569033781908991,0.0001082972246962519
3.21828,0.003561800152608215,0.0001091178518814809
3.22093,0.003514875416204215,0.0001078360169680551
3.22357,0.003936566245837956,0.000120155072730836
3.22621,0.00159385696448391,5.062534340681672e-05
3.22886,0.002327250832408437,7.275172483677958e-05
3.2315,0.005089764705882353,0.0001557191769315868
3.23414,0.003356605438401775,0.0001079515127747345
3.23679,0.002807843091009991,9.191044476176123e-05
3.23943,0.002518953454495005,8.365961050644708e-05
3.24208,0.003042391231964485,0.0001016295131201269
3.24472,0.002232671129300777,7.662847312666088e-05
3.24736,0.003488230022197561,0.0001162917489015505
3.25001,0.002015895740843511,7.028246077528361e-05
3.25265,0.003029862860710319,0.0001049523736840077
3.25529,0.002903615427302998,0.000101907498825036
3.25794,0.002896450471698112,0.0001008481558059677
3.26058,0.004417632352941176,0.0001504601288038852
3.26323,0.002348628953940064,8.349861020681165e-05
3.26587,0.003818351345726969,0.000133264590553632
3.26851,0.003055432366814651,0.0001094740996613333
3.27116,0.002649048903995561,9.522375329485101e-05
3.2738,0.001797666759156491,6.600929564723232e-05
3.27644,0.00470247481964484,0.0001649182869006313
3.27909,0.00376783268590455,0.0001354195323081801
3.28173,0.003850676054384018,0.0001371832798292731
3.28438,0.003071554661487237,0.0001134199915029946
3.28702,0.003197557158712542,0.000113662165935152
3.28966,0.00273396621809101,9.708424046207859e-05
3.29231,0.002802527746947837,9.784238355636908e-05
3.29495,0.003091213651498335,0.0001064125772283693
3.29759,0.003386373196448392,0.0001153457289197514
3.30024,0.001494882144839069,5.253190059431195e-05
3.30288,0.003695221698113209,0.0001242137842148558
3.30553,0.001960318118756935,6.783778671300165e-05
3.30817,0.0037323512763596,0.000124425482533175
3.31081,0.002747817702552717,9.357101293299315e-05
3.31346,0.002869482311320756,9.755494621924314e-05
3.3161,0.003452137416759156,0.0001150319433768269
3.31874,0.001656324847391787,5.749681952267916e-05
3.32139,0.002058825957269701,7.033698097804001e-05
3.32403,0.003263076442841286,0.0001093709852715697
3.32667,0.00224718417036626,7.597141079211195e-05
3.32932,0.002751171268035519,9.224340374882541e-05
3.33196,0.003468202483351831,0.0001154416061918672
3.33461,0.003074070407880134,0.0001028464584013522
3.33725,0.003452634156492787,0.0001142170073861177
3.33989,0.002879240843507218,9.618169071668564e-05
3.34254,0.002103060973917867,7.047777900541757e-05
3.34518,0.003606753953940066,0.0001184414568071869
3.34782,0.002284689164816871,7.660966853261543e-05
3.35047,0.001739408573806882,5.869260312771066e-05
3.35311,0.00336717203107658,0.0001100438355427416
3.35576,0.003470571725860155,0.0001136680043351786
3.3584,0.003567902955049948,0.0001160668430681031
3.36104,0.003196513318534961,0.000104504377150939
3.36369,0.003116098709766923,0.0001029438009958168
3.36633,0.003488655799112096,0.0001134295664481865
3.36897,0.003770165302441732,0.0001224363542965847
3.37162,0.004860341911764707,0.0001525172596929103
3.37426,0.003464784822419532,0.0001131392532326818
3.37691,0.004065251595449499,0.0001312515313359959
3.37955,0.003161894908435073,0.0001029459430980476
3.38219,0.001569535030521641,5.271304965418389e-05
3.38484,0.003403504994450608,0.0001102966099182455
3.38748,0.001817870560488347,6.095828515459868e-05
3.39012,0.002154579980577137,7.224557618674007e-05
3.39277,0.004043683476692561,0.0001295653455195414
3.39541,0.003342989733629299,0.0001081664675009905
3.39806,0.002558088304661486,8.481037476453043e-05
3.4007,0.003123833657047724,0.0001022223574935415
3.40334,0.002531300985016648,8.381156556441496e-05
3.40599,0.002905909128745836,9.534312976705493e-05
3.40863,0.003935364456159821,0.0001256044643236688
3.41127,0.002345584420088792,7.764314665202484e-05
3.41392,0.002448363762486127,8.078835899865642e-05
3.41656,0.005547921268035514,0.0001728516124262726
3.41921,0.002297100790788015,7.612309449417791e-05
3.42185,0.003495935210876807,0.0001126672313780139
3.42449,0.002872311667591568,9.441133102468173e-05
3.42714,0.00264195262208657,8.614932421447301e-05
3.42978,0.00333853509988901,0.0001082484014846854
3.43242,0.004149376872918982,0.000132796179130073
3.43507,0.004637058546059935,0.0001469625381567362
3.43771,0.004498323945615981,0.0001427476905577797
3.44035,0.003951065552164261,0.0001259622341109598
3.443,0.002316432436182021,7.657121087488752e-05
3.44564,0.003237433684794673,0.0001051338714913949
3.44829,0.002262841773029967,7.403515519383226e-05
3.45093,0.00263298841564928,8.601680366402981e-05
3.45357,0.003018403509988899,9.771764772043209e-05
3.45622,0.003254364039955607,0.0001049994094477386
3.45886,0.003807851137624865,0.0001221805546955781
3.4615,0.002324151359600443,7.564667018249297e-05
3.46415,0.002471863901220866,8.062566878925477e-05
3.46679,0.003150911695338512,0.0001015222624699955
3.46944,0.003501321517758044,0.0001123013210837941
3.47208,0.002246568396226415,7.372523391906522e-05
3.47472,0.001827043077136514,6.046828888527927e-05
3.47737,0.002474938193673693,8.037406900355703e-05
3.48001,0.001764398931742508,5.787059910922911e-05
3.48265,0.002894619173140955,9.275879378214559e-05
3.4853,0.002987571309655938,9.580549151436553e-05
3.48794,0.003211117924528304,0.0001032410371663601
3.49059,0.001526739872364039,5.074001083173584e-05
3.49323,0.003547319159267484,0.000111678179756525
3.49587,0.002601016231964484,8.316992569183395e-05
3.49852,0.002634057436182018,8.536282604777491e-05
3.50116,0.001705611958934519,5.635439593901982e-05
3.5038,0.0010690846281909,3.567485046957564e-05
3.50645,0.001537906215316312,5.073386578328224e-05
3.50909,0.003542127427857935,0.0001123296769700666
3.51174,0.002572951581576026,8.293295115017728e-05
3.51438,0.0026386471281909,8.570111587936949e-05
3.51702,0.003849744381243062,0.0001208584452062128
3.51967,0.003611471836847949,0.00011484844111361
3.52231,0.001563750416204216,5.1528757876474e-05
3.52495,0.004426111265260824,0.0001390180473689219
3.5276,0.003596750485571589,0.0001133509937256529
3.53024,0.003149215455049943,0.0001001671444642956
3.53288,0.002458481687014425,7.949492843185227e-05
3.53553,0.004521927094894559,0.0001413060560426443
3.53817,0.003078373959489455,9.882911445597153e-05
3.54082,0.002948251040510545,9.417067941329098e-05
3.54346,0.002921388179800221,9.366259913835596e-05
3.5461,0.00371225735294118,0.0001183302049815942
3.54875,0.002385039747502774,7.736208339956768e-05
3.55139,0.003273130271920087,0.000104045439735406
3.55403,0.002697086154273032,8.708249049354544e-05
3.55668,0.003256360155382908,0.0001031914858216916
3.55932,0.00338001172308546,0.0001076580393323926
3.56197,0.004518019561598225,0.0001401913730548798
3.56461,0.001864882283573807,6.083953624003208e-05
3.56725,0.002855649139844619,9.1914663951675e-05
3.5699,0.00325004217536071,0.0001039639878514249
3.57254,0.001357058615427302,4.453195371358221e-05
3.57518,0.003648825749167589,0.0001148955274456793
3.57783,0.003770888665371807,0.0001191480404342289
3.58047,0.004193023584905661,0.0001314270428739318
3.58312,0.002884249445061042,9.255853702708509e-05
3.58576,0.003417901290233074,0.0001081066068707099
3.5884,0.003572062291897889,0.0001131109237640156
3.59105,0.002668499583795782,8.589811304246034e-05
3.59369,0.002827808823529409,9.077877065368996e-05
3.59633,0.001900544533851276,6.183842724765452e-05
3.59898,0.002619629092674805,8.410106501081333e-05
3.60162,0.003001759295227526,9.64972241563425e-05
3.60427,0.003479089553274142,0.0001107721865122676
3.60691,0.003854389012208657,0.0001208710552975246
3.60955,0.002931748751387347,9.383122649937861e-05
3.6122,0.001392846767480577,4.614066104726357e-05
3.61484,0.003177092397336292,0.0001020041223019052
3.61748,0.00325215732519423,0.0001030276616206288
3.62013,0.003926965663152053,0.0001231021941057742
3.62277,0.004110255757491678,0.0001287562644504476
3.62541,0.003018453870699223,9.617403116248591e-05
3.62806,0.003955730785238625,0.0001248872880285771
3.6307,0.00276331048834628,8.882210767920308e-05
3.63335,0.002839645879578244,9.160303278380197e-05
3.63599,0.003711962056048836,0.0001172257023838587
3.63863,0.003778570962819091,0.0001190310363430662
3.64128,0.001967444159267482,6.428279805244454e-05
3.64392,0.002221719963928969,7.218760657913435e-05
3.64656,0.00127208636237514,4.20644083026706e-05
3.64921,0.003821565274694783,0.0001210074727798125
3.65185,0.001873924320199776,6.136569215981665e-05
3.6545,0.00324589886237514,0.0001030514755450309
3.65714,0.003814835252497227,0.0001199530581076682
3.65978,0.003989747155937845,0.0001253523575357087
3.66243,0.003369690066592675,0.0001069984385776103
3.66507,0.001916453940066594,6.26117872773461e-05
3.66771,0.003242833726415095,0.0001031574727788839
3.67036,0.002022330466148726,6.569189356478436e-05
3.673,0.002233964483906772,7.237513225648965e-05
3.67565,0.002212284198113206,7.138130964625404e-05
3.67829,0.003795331922863483,0.0001188117189490541
3.68093,0.003210389983351831,0.0001024814760663567
3.68358,0.002565010613207548,8.175113786875612e-05
3.68622,0.001486137694228632,4.902350138500201e-05
3.68886,0.003182867855160934,0.0001001918304589914
3.69151,0.00374758996947836,0.000117420942613382
3.69415,0.001431207894006658,4.66937370587964e-05
3.6968,0.002312334905660376,7.371791020086497e-05
3.69944,0.002363705119311876,7.625718690299051e-05
3.70208,0.00308345810210877,9.694351167002351e-05
3.70473,0.003903575402330741,0.0001213954335761405
3.70737,0.002943974958379578,9.236855206837926e-05
3.71001,0.004045855854605992,0.0001243242591638578
3.71266,0.003488436043285238,0.0001087796118891679
3.7153,0.003815068743063263,0.0001193015324904451
3.71794,0.00224427240566038,7.196603291676217e-05
3.72059,0.003496214483906768,0.0001094395556062043
3.72323,0.002992630271920087,9.419891166414151e-05
3.72588,0.001708699986126529,5.549897376495339e-05
3.72852,0.00344343417036626,0.000107495829101323
3.73116,0.002538861958934521,8.034749644313544e-05
3.73381,0.003629464345172035,0.0001134446339415868
3.73645,0.003017220033296336,9.454772818092103e-05
3.73909,0.003438585807436181,0.0001081224329645843
3.74174,0.002522343645948945,7.971829867083565e-05
3.74438,0.003497908435072143,0.0001091394602888821
3.74703,0.002959302927302997,9.400824367348194e-05
3.74967,0.00320023314372919,0.0001010424745190328
3.75231,0.0030200173418424,9.41310298725295e-05
3.75496,0.002378943812430631,7.588248913293704e-05
3.7576,0.002039517203107656,6.521900417489443e-05
3.76024,0.003128212749722528,9.863712873725648e-05
3.76289,0.002529607033851277,8.024274246033769e-05
3.76553,0.002967919187014426,9.369508710529046e-05
3.76818,0.00266383663984462,8.456718589227386e-05
3.77082,0.003445656908990014,0.0001070594993588586
3.77346,0.002413818604328524,7.704181088701319e-05
3.77611,0.001730204009433961,5.593177546485253e-05
3.77875,0.003421360155382908,0.0001067900029660525
3.78139,0.002279282255826857,7.29901402842815e-05
3.78404,0.002967250763041065,9.358511586901693e-05
3.78668,0.003614882630410657,0.000112280003768742
3.78933,0.003275934447835737,0.0001024358657335095
3.79197,0.002288491398446172,7.561485619992548e-05
3.79461,0.002470236334628192,8.258994437206853e-05
3.79726,0.001276621115427304,4.396419443917442e-05
3.7999,0.002447807505549389,8.39631429589606e-05
3.80254,0.002483332408435073,8.571616005432574e-05
3.80519,0.001774477941176471,6.28675242577302e-05
3.80783,0.002257345588235295,7.959078784936825e-05
3.81047,0.002546528232519424,9.033241744759213e-05
3.81312,0.00296713859600444,0.0001065694732390548
3.81576,0.003064902469478356,0.0001092628760236449
3.81841,0.003548603357380687,0.0001252010581308302
3.82105,0.002651310557713655,9.721430303593316e-05
3.82369,0.001896943743063267,7.039955292619088e-05
3.82634,0.003074670158157605,0.0001120522370285132
3.82898,0.003539508670921197,0.000128744191125219
3.83162,0.001712770047169815,6.501679265141297e-05
3.83427,0.003699202483351831,0.0001360492459517289
3.83691,0.002048005271920092,7.8759070134014e-05
3.83956,0.003660108837402882,0.0001364752853306591
3.8422,0.003959027122641511,0.0001474338657639908
3.84484,0.001731653024417317,6.774741881715987e-05
3.84749,0.003936870699223087,0.0001438918934153105
3.85013,0.001595134295227526,5.957541874609184e-05
3.85277,0.002995223848501667,0.0001067685516683763
3.85542,0.001661862236404,6.113802708531741e-05
3.85806,0.002055898168701443,7.421493880412057e-05
3.86071,0.001901716564927855,6.838091026700156e-05
3.86335,0.002636509087125418,9.270420431568945e-05
3.86599,0.002855285169256384,9.933019478812543e-05
3.86864,0.002105141786903442,7.405271249362222e-05
3.87128,0.00233728405937847,8.233036355659484e-05
3.87392,0.002657086015538288,9.230760402725737e-05
3.87657,0.002165929453385126,7.603230773240218e-05
3.87921,0.002152032186459488,7.553539670902502e-05
3.88186,0.003017913637624864,0.0001038440795282764
3.8845,0.003016283781908989,0.0001038664575127904
3.88714,0.002992953038290789,0.0001020368331829968
3.88979,0.003194231062708104,0.0001094891490353159
3.89243,0.001924509364594892,6.734599877490994e-05
3.89507,0.003019310002774694,0.0001019424900889005
3.89772,0.003928824431187573,0.0001301602582982111
3.90036,0.002664688193673697,9.00952760326927e-05
3.903,0.002169113623751389,7.393600171210486e-05
3.90565,0.003232429661487238,0.0001078529784769813
3.90829,0.003595926401220866,0.0001187196014913362
3.91094,0.003888760197003327,0.0001282456795110504
3.91358,0.002630378815205326,8.829054141551974e-05
3.91622,0.002556641578801332,8.541872491734504e-05
3.91887,0.004272740011098781,0.0001395310653457101
3.92151,0.003857211501109878,0.0001255350169715476
3.92415,0.002889809725305216,9.57813990167203e-05
3.9268,0.002019821587125416,6.839053985925721e-05
3.92944,0.003237465732519425,0.0001059773559478879
3.93209,0.003019163498890121,9.950488981021108e-05
3.93473,0.001790794811320756,5.994155044101308e-05
3.93737,0.003718747017203109,0.0001201886446923469
3.94002,0.00287270081853496,9.460651668817676e-05
3.94266,0.002609511168146507,8.64619703185946e-05
3.9453,0.00360675853218646,0.0001170876249495768
3.94795,0.002415265330188679,8.005096577418463e-05
3.95059,0.004366236958934518,0.0001400292680938821
3.95324,0.002462737167036624,8.211215567772798e-05
3.95588,0.00200768236681465,6.732994445792466e-05
3.95852,0.00228182776082131,7.620373382442909e-05
3.96117,0.00386324334073252,0.0001253178181131684
3.96381,0.002134041967258599,7.115156093820897e-05
3.96645,0.002939625624306327,9.631507123837837e-05
3.9691,0.001507296059933405,5.092041977732193e-05
3.97174,0.001412249375693674,4.811612579231287e-05
3.97439,0.002114598154827969,7.106617909437856e-05
3.97703,0.002859307158712544,9.314573988965084e-05
3.97967,0.003461866190344062,0.0001122813436467875
3.98232,0.003015583310210875,9.842560075607468e-05
3.98496,0.001893594755826859,6.341411972432823e-05
3.9876,0.002350428204772473,7.783560928204461e-05
3.99025,0.002707911417869035,8.910288162891099e-05
3.99289,0.002789699500554938,9.240411601029518e-05
