0.0431807,68.99934449916761,0.4860144756230728
0.0458244,59.90183669533852,0.4364594678006082
0.0484682,52.39051294395117,0.4023446592303627
0.0511119,46.25157440344062,0.3938414380129598
0.0537556,40.79335998196449,0.3468925832511855
0.0563993,36.04299487375139,0.3365358998966882
0.059043,32.06521740566038,0.2958572882414792
0.0616867,28.53812967744173,0.2881083081953673
0.0643304,25.84109731756382,0.2686310653058504
0.0669742,23.37891739178691,0.2439194420365646
0.0696179,21.08304469270255,0.2359859448531522
0.0722616,19.17796082755272,0.2114848277033828
0.07490529999999999,17.48864893659822,0.2014114277751021
0.07754900000000001,15.9162171122364,0.1897370701040187
0.08019270000000001,14.51832573529412,0.1737433141068518
0.08283649999999999,13.38593650388457,0.1692685044582129
0.08548020000000001,12.25709051470588,0.1541900606551582
0.08812390000000001,11.38494959350722,0.1556713185395686
0.0907676,10.40185972391787,0.146254492276803
0.0934113,9.578531493479467,0.1377522031933859
0.096055,8.876723107658158,0.1344312082360527
0.0986987,8.256046077968925,0.1246295905112507
0.101342,7.611101503884573,0.11928072556871
0.103986,7.114544991675917,0.1093743018203043
0.10663,6.588907618618202,0.1056759170179225
0.109274,6.104000454356271,0.1007923575169224
0.111917,5.669085932297448,0.09310169656841041
0.114561,5.316848016093229,0.08810336057546253
0.117205,4.910583106964484,0.08266729798331481
0.119848,4.662718358074362,0.07921279422747102
0.122492,4.388928350443951,0.07390249789529953
0.125136,4.027847917591565,0.06977547204047209
0.12778,3.866152472946726,0.06716622441106174
0.130423,3.630518326165372,0.06410476218021434
0.133067,3.404435408573807,0.06104154009619071
0.135711,3.172312730993341,0.05556686854120571
0.138354,3.000643485016648,0.05382878598148765
0.140998,2.786076276359601,0.05009899180846659
0.143642,2.67294943326859,0.04829665891399623
0.146286,2.488133775665927,0.04457913556516598
0.148929,2.353280543840178,0.04222148755443668
0.151573,2.226583045921199,0.04120821824995188
0.154217,2.098383928967814,0.0382461696973635
0.15686,1.990449687153163,0.03676612145265868
0.159504,1.897564644839068,0.03487399267905428
0.162148,1.810025277469478,0.03343741426858352
0.164792,1.719050371115427,0.03249047494162792
0.167435,1.580552763596004,0.0294398629840451
0.170079,1.518359850166482,0.02855321056623706
0.172723,1.437033117369589,0.02697752854368299
0.175366,1.342460350305216,0.02559866488929989
0.17801,1.28890903718091,0.0244743371551683
0.180654,1.236649316037736,0.02343208095300092
0.183298,1.183189201581576,0.02272283389399373
0.185941,1.137572241259712,0.02171355374151821
0.188585,1.066082351553829,0.0205109091911874
0.191229,1.004107660238624,0.01951910056859418
0.193872,0.9756021705049945,0.01885661113158871
0.196516,0.895514242508324,0.0176170722502522
0.19916,0.885211539955605,0.01733467334573002
0.201804,0.8683256166759158,0.01734571391102925
0.204447,0.8111965642341843,0.01605837851580853
0.207091,0.7657242078246393,0.01513819745329759
0.209735,0.7349392549944506,0.01461313268683801
0.212378,0.716130307991121,0.01429462278656924
0.215022,0.6716625790788014,0.01348044899671646
0.217666,0.652444886237514,0.01323484477460834
0.22031,0.6236812291897892,0.01285619914622102
0.222953,0.5932087874583797,0.01211573006971416
0.225597,0.56812984045505,0.01156034376606442
0.228241,0.5453547814927858,0.01129462423764042
0.230885,0.5308799916759157,0.01099583567606935
0.233528,0.4973679605993341,0.01049078949467044
0.236172,0.4838008081298557,0.01018859992414942
0.238816,0.4704778364317426,0.009917017649177977
0.241459,0.463343852663707,0.009714376614515128
0.244103,0.4325296906215317,0.009077884760288642
0.246747,0.4307671573251943,0.009125164700111649
0.249391,0.4038351650943396,0.008696533906699274
0.252034,0.4050608990011099,0.008727804391420931
0.254678,0.3845878509988902,0.008254931408312634
0.257322,0.3825225582685906,0.008205493570461103
0.259965,0.3449439913984462,0.007557168837799499
0.262609,0.3414794263318536,0.007483263593330202
0.265253,0.3302730466148723,0.007363784294251746
0.267897,0.325805387763596,0.007162266196581255
0.27054,0.3207962597114317,0.007058221789089378
0.273184,0.3098347246115427,0.006789747827887114
0.275828,0.2890371018312985,0.00644112605960258
0.278471,0.2857105708934518,0.006454148201684894
0.281115,0.2795645498057714,0.006325634167041082
0.283759,0.2703685696448391,0.00616969797479392
0.286403,0.2614826970033297,0.00587629559108077
0.289046,0.2525418625138734,0.005788017086341001
0.29169,0.2475661327691454,0.005658150374500234
0.294334,0.2340741779966704,0.005468669158103315
0.296977,0.2273967827413985,0.005338685816956916
0.299621,0.2299935412042175,0.00530677660546817
0.302265,0.2319096288845727,0.005339360723831474
0.304909,0.2126819096836848,0.004986790239896926
0.307552,0.2145979286903441,0.005053045625433458
0.310196,0.1955793666759157,0.004686308308759522
0.31284,0.2043940475860155,0.004800919345041102
0.315483,0.1948897912042175,0.004644652381514821
0.318127,0.1896881410238624,0.004518844575116488
0.320771,0.1845599991675916,0.004415534684162881
0.323415,0.1827200568812431,0.004389845125996231
0.326058,0.1734125964206437,0.00419539870456536
0.328702,0.1746230389844617,0.004270791847236986
0.331346,0.1707741324223086,0.004138785530732841
0.333989,0.1626408021642619,0.003976613298131797
0.336633,0.1551297814927858,0.003807585060808902
0.339277,0.1584828662597114,0.003855665324743682
0.341921,0.15344487236404,0.003816430339570919
0.344564,0.1494343582824639,0.003704624467603158
0.347208,0.1438049167591565,0.003613055773167308
0.349852,0.1393460252497225,0.003499028048012875
0.352495,0.1402368627219756,0.003518323033250548
0.355139,0.1391280549389567,0.00348432164518778
0.357783,0.1387347400804662,0.00348123668757184
0.360427,0.1359476227108768,0.003418486253814782
0.36307,0.1297770782463929,0.003274104579890854
0.365714,0.1292951605854606,0.003277666166817736
0.368358,0.1296090543146504,0.003236143063958628
0.371001,0.1214478104883463,0.003116389494121948
0.373645,0.1247647225305216,0.003175065455158202
0.376289,0.1179920722807991,0.003022565940299639
0.378933,0.120329127427858,0.003079119005918957
0.381576,0.1160843673695894,0.002944250772800138
0.38422,0.1172880158157603,0.002994790314783302
0.386864,0.1088934302164262,0.002821705162884299
0.389507,0.1064959719755827,0.002794116581529385
0.392151,0.1042363418423973,0.002767112987166945
0.394795,0.1040593514150943,0.002710033203032433
0.397439,0.1011259384711432,0.002665908186857453
0.400082,0.1067012284961154,0.002740702423514376
0.402726,0.1018795567425083,0.00266742973288881
0.40537,0.1030123476692564,0.002681316157914291
0.408013,0.1016370699223085,0.002618336432925859
0.410657,0.09946956784128745,0.002611435678061375
0.413301,0.0891281035654828,0.002393822580872201
0.415945,0.09086263172863485,0.002441412832473339
0.418588,0.09549851366537182,0.002526588516128204
0.421232,0.09291470706159824,0.002465905504538628
0.423876,0.08888854911209765,0.002430326176050034
0.426519,0.08443348043840178,0.002353342509318419
0.429163,0.08993971448390679,0.002529602053112164
0.431807,0.0862664477663707,0.002501843306668268
0.434451,0.08122068000832409,0.002440760494210125
0.437094,0.08377079071864595,0.002552168289705619
0.439738,0.08242674119034404,0.002526893748740394
0.442382,0.08096752816315206,0.002546199847008589
0.445025,0.0710100734600444,0.002322740084539459
0.447669,0.07642014144006659,0.002462029417247721
0.450313,0.07615315871254162,0.002492949854926011
0.452957,0.07627244263318535,0.002459926356798206
0.4556,0.07094870664539402,0.002329401997047913
0.458244,0.067837547863485,0.00222236208981417
0.460888,0.07536831680077691,0.002404104028571045
0.463531,0.075042256381798,0.002423527395677836
0.466175,0.06632793978912319,0.002196328381704366
0.468819,0.06823042321032186,0.002290481424215879
0.471463,0.07427761369311875,0.00236012045048108
0.474106,0.07064757248890122,0.002333241291253361
0.47675,0.06982030854605993,0.002308388288086713
0.479394,0.06185255514705882,0.002132200729664861
0.482037,0.06274876290233075,0.002179588250900209
0.484681,0.06296975714483907,0.002072478205503577
0.487325,0.06212904002497225,0.002057814312768521
0.489969,0.06866686743895671,0.002148455677975106
0.492612,0.06921907262763596,0.002161935952660854
0.495256,0.06234075645116538,0.001972479722302608
0.4979,0.06488536182019979,0.002005127377118736
0.500543,0.06182365267758046,0.001925706300836376
0.5031870000000001,0.0617502198945616,0.001907712473850001
0.505831,0.05984107512486127,0.001868876642573431
0.508475,0.05988865912874584,0.001860119367208669
0.511118,0.05802904640677026,0.001793245110700033
0.5137620000000001,0.06028324216148724,0.001843654919332674
0.516406,0.0598922896781354,0.001815858480278667
0.519049,0.0560651320754717,0.001743947099413495
0.521693,0.05639424160654829,0.001725093066325346
0.5243370000000001,0.06094119339622641,0.001820692865339486
0.526981,0.05816750631243064,0.001764243934638292
0.529624,0.05405665538290788,0.001652247296486073
0.532268,0.06071065350998891,0.00179821422643887
0.5349120000000001,0.05350005278856827,0.001628666353486416
0.537555,0.05776257644284129,0.001717260400242796
0.540199,0.05383281576026638,0.001641194240988283
0.542843,0.05268094499167592,0.001606492370769394
0.5454870000000001,0.05422861660654828,0.001633722731270836
0.54813,0.05617259038568258,0.001639076687368305
0.550774,0.05301937812153164,0.001594940576612814
0.553418,0.05448257422308545,0.001608754350966152
0.556061,0.05160023390677024,0.001549621715263773
0.558705,0.05159616842397337,0.001558074025419804
0.561349,0.04801162812153164,0.001444083250454391
0.563993,0.04918657783018868,0.001483239926991017
0.566636,0.0483989500554939,0.001454310607508456
0.56928,0.05083233150665928,0.001516178272102657
0.571924,0.04805441870144284,0.001448925593697538
0.574567,0.04782981680077692,0.001438562173600663
0.577211,0.05106057311320755,0.001501905664225869
0.579855,0.04634549209211988,0.001386276515574591
0.582499,0.05060601505271921,0.001489279201676796
0.5851420000000001,0.04841378815205327,0.001431049111687747
0.587786,0.04800070213651498,0.001436210354522328
0.59043,0.04625195851831299,0.001386506374014876
0.593073,0.04242476428967815,0.001282620117840098
0.5957170000000001,0.04617173619589345,0.001368199520199784
0.598361,0.04676423682019978,0.001383551611007285
0.601005,0.04527440677025528,0.001341145972977979
0.603648,0.04681385814372919,0.001366778466093198
0.6062920000000001,0.04381358448945617,0.001301686832476546
0.608936,0.04413029384017758,0.001306898733200104
0.611579,0.04103623938679245,0.00122860987912934
0.614223,0.04465670747780245,0.001305145655145499
0.6168670000000001,0.0470144379855716,0.001351516182373079
0.619511,0.04255727247502775,0.001250467106317534
0.622154,0.04460284211986682,0.001296634778151319
0.624798,0.04091492730299667,0.001209061657033174
0.6274420000000001,0.04453505660377358,0.001278003132911447
0.630085,0.0405635697835738,0.001203891803098853
0.632729,0.0435918439927858,0.001257512247253104
0.635373,0.04190117771920089,0.001221105286421242
0.6380169999999999,0.04186763061875694,0.001210185642202951
0.64066,0.04290590593784684,0.00124027355482244
0.643304,0.04166348203385128,0.001214469341143982
0.645948,0.04291664192563818,0.001233454911178908
0.6485919999999999,0.03990297232241954,0.001167185888970624
0.651235,0.04258197211431743,0.001232414816927619
0.653879,0.03974557678967813,0.001168789402464337
0.656523,0.04360058615427304,0.001241402455158705
0.659166,0.03867063658435072,0.001140565525199116
0.66181,0.04082160890677026,0.001169010562318484
0.664454,0.04121279716981132,0.001190373766638878
0.667098,0.03918826456714763,0.001151230822940006
0.669741,0.03799280660377358,0.001123187678305591
0.672385,0.0397483100027747,0.001152032099330153
0.675029,0.03733066627358491,0.001093674890353244
0.6776720000000001,0.0400780490427303,0.001147310325696839
0.680316,0.04119758136792454,0.001173954575436019
0.68296,0.037979911972808,0.00109643888376266
0.685604,0.03854983268590455,0.001118282720519719
0.6882470000000001,0.03789842376526082,0.001095563178113633
0.690891,0.03645722384850167,0.001067513664164051
0.693535,0.04048804474195337,0.001144143746729672
0.696178,0.03849209870976693,0.001103587275737202
0.6988220000000001,0.03907476526082131,0.001119307284953077
0.701466,0.03686909433962264,0.001063410349983626
0.70411,0.03731662250277469,0.001079490661375519
0.706753,0.03687161924250833,0.001055660507890875
0.7093970000000001,0.03906042161487237,0.001105903775458288
0.712041,0.03591621705049945,0.001041358176225516
0.714684,0.0336199105854606,0.0009856197516213401
0.717328,0.03688299618479467,0.001053697182685781
0.7199719999999999,0.03668460245560488,0.001049323453597769
0.722616,0.03786896046059934,0.001067399901261464
0.725259,0.03748428017480578,0.001062031604730247
0.727903,0.03748775048557158,0.001047177793529811
0.7305469999999999,0.03497481055771365,0.001010305684373058
0.73319,0.033710665163707,0.0009789325151698166
0.735834,0.03570850658990011,0.001012479844887764
0.738478,0.03612125381520533,0.001016814161973243
0.7411219999999999,0.036327721281909,0.001023863553143123
0.743765,0.03348155369034406,0.0009697004892279309
0.746409,0.03599944499167591,0.001004207601930776
0.749053,0.03677898529411765,0.001031518338644884
0.751696,0.03668807963374029,0.001018127488906239
0.75434,0.03447440593784683,0.0009820952192439642
0.756984,0.0339326368618202,0.0009551000870795348
0.759628,0.03195903267203108,0.0009208061376746288
0.762271,0.03376354390954495,0.0009557891281238029
0.764915,0.0344515513318535,0.00096390108305448
0.767559,0.03342286743895672,0.0009547543069742139
0.7702020000000001,0.03166031125138734,0.0009030675936479951
0.772846,0.03342712291897891,0.0009381334430586079
0.77549,0.03512487631798002,0.0009805776870995494
0.778134,0.03429792369589345,0.0009510762677106967
0.7807770000000001,0.03491641502497225,0.0009716577609815152
0.783421,0.03467968077136515,0.0009599875413928126
0.786065,0.03195231638457269,0.0009052591822396168
0.788708,0.0301744390954495,0.0008678365664032368
0.7913520000000001,0.03289331999167591,0.0009153736835403229
0.793996,0.03517482498612653,0.0009669324546304611
0.79664,0.03316093680632631,0.0009199757261972511
0.799283,0.03089056152885683,0.0008725756260508911
0.8019269999999999,0.03273575506381798,0.0009102821633979038
0.804571,0.0328023227663707,0.000906266578062408
0.807214,0.03182034614317425,0.0008906741166235934
0.809858,0.03121647773307437,0.0008674242172008072
0.8125019999999999,0.0350570839345172,0.0009593695154547281
0.815146,0.03394927420921199,0.0009230323865605188
0.817789,0.0340433709073252,0.0009269237300029752
0.820433,0.03213302205882353,0.000892455668883944
0.8230769999999999,0.03383473335183131,0.0009173240329231952
0.82572,0.03133400589622642,0.0008730497936626166
0.828364,0.03653898675083241,0.0009684489194256132
0.831008,0.03076543576581576,0.0008581341891167406
0.8336519999999999,0.0339891621809101,0.0009117108949365033
0.836295,0.03506595428690344,0.0009370720300266537
0.838939,0.03151086813263041,0.0008689000685560423
0.841583,0.03361999528301887,0.0008974933643435165
0.844226,0.03410671094617092,0.0009237472892275672
0.84687,0.03150618458657048,0.00085973483188283
0.849514,0.03293680646503884,0.0008883864660996914
0.852158,0.03121629002497225,0.0008568807850927547
0.854801,0.03186056603773584,0.0008513927924421489
0.857445,0.03357840878190899,0.0008979740172691434
0.860089,0.03362024708657048,0.0008895122031024994
0.8627320000000001,0.03089239053829079,0.0008371847760160856
0.865376,0.03217958740288569,0.0008929598366776763
0.86802,0.03327505417591566,0.000908938511285361
0.870664,0.03344430507769146,0.0009263356149941543
0.8733070000000001,0.02993490066592675,0.0008404958532461667
0.875951,0.03433573314372919,0.0009478939371804673
0.878595,0.02945800991953386,0.0008458783757830501
0.881238,0.03053302337680356,0.0008647242765709425
0.8838819999999999,0.03400744769700333,0.0009514403080445547
0.886526,0.02993588041065483,0.0008457180109405276
0.88917,0.02999473376803552,0.0008571620188574684
0.891813,0.02979957456992231,0.0008538849852142152
0.8944569999999999,0.02961340246947836,0.000831100379817741
0.897101,0.03209746739733629,0.0008743067544198638
0.899744,0.03186965614594895,0.0008658386866971223
0.902388,0.03223665753329634,0.0008698100328746917
0.9050319999999999,0.03109177087957825,0.0008355903763043132
0.907676,0.02973487937014429,0.0008098606918676876
0.910319,0.0308060173418424,0.0008339524780339828
0.912963,0.03187416114039955,0.0008529458767023185
0.9156069999999999,0.0296271028718091,0.0008080484628332846
0.91825,0.03392164449223085,0.000878504168866525
0.920894,0.03165957644284129,0.0008446921449466793
0.923538,0.03097383067425083,0.0008272859255383789
0.9261819999999999,0.02912742390399556,0.0007835898905809263
0.928825,0.03199252712264151,0.000850213479633244
0.931469,0.0305782999445061,0.0008122918475793477
0.934113,0.02985319956992231,0.0008062045133081706
0.936756,0.02999670928135406,0.0007936236222482319
0.9394,0.03194324001109879,0.0008346339850026193
0.942044,0.03254692986958935,0.0008407444649242214
0.944688,0.03259556915926749,0.0008450217345002221
0.947331,0.02953058885960044,0.0007869003822464603
0.949975,0.03119221073806882,0.0008123540284633663
0.952619,0.03331423251942287,0.0008550381731707525
0.9552619999999999,0.03035001942286348,0.0007975697104600143
0.957906,0.03287655903163152,0.0008447777462347093
0.96055,0.02908811050221976,0.0007753419027250025
0.963194,0.03294887701165372,0.0008301909136050124
0.9658369999999999,0.02918566148723641,0.0007727481775278608
0.968481,0.03171316939511654,0.0008147377690069508
0.971125,0.03010519998612653,0.0007795826273393284
0.973768,0.03019498397613762,0.0007800726478642055
0.9764119999999999,0.03240415267758048,0.0008158225296393547
0.979056,0.02760794055216426,0.0007308808182621959
0.9817,0.0311286028718091,0.0007943277299520347
0.984343,0.03021905181742508,0.0007723040115702171
0.9869869999999999,0.03039219880688125,0.000772559065662804
0.989631,0.03051190621531631,0.0007856539356901697
0.992274,0.02991364386792452,0.0007946819395929564
0.994918,0.03114040559100999,0.0008162890392967426
0.9975619999999999,0.02922160072142064,0.0007869102593320027
1.00021,0.03371580424528302,0.0008815035227290934
1.00285,0.03185758559933408,0.0008421749322578943
1.00549,0.03029796247225306,0.0008284210412367536
1.00814,0.02912202844062153,0.0007979018953200178
1.01078,0.03026948349056604,0.0008263201726765603
1.01342,0.02929372870421754,0.0008105705770324207
1.01607,0.03041138165926749,0.0008422694463017498
1.01871,0.03090336688401776,0.0008461816332178411
1.02136,0.02944601720310767,0.0008208945156362973
1.024,0.02973939123196448,0.0008343908217634045
1.02664,0.03073905362097669,0.0008562522435976108
1.02929,0.02758493486403996,0.000792978124932127
1.03193,0.03114174701720311,0.0008653102236002616
1.03457,0.03138456804938956,0.0008686610642350172
1.03722,0.0276458163845727,0.000799599857042697
1.03986,0.03022660363485017,0.0008465906628246314
1.04251,0.02922770581298557,0.0008327144454600074
1.04515,0.02742444672586015,0.0007799250207086032
1.04779,0.03038382290510544,0.0008343983732767492
1.05044,0.02948441037735849,0.0008079667620483632
1.05308,0.02978470213651499,0.0008001544283774964
1.05572,0.02812565552164262,0.0007719743292816025
1.05837,0.02810212104605994,0.0007576558481194074
1.06101,0.02788263762486127,0.0007612908207392673
1.06365,0.02932261514983352,0.0007783698467604217
1.0663,0.02878513589067703,0.000768124634187615
1.06894,0.03039974604605993,0.000798726089360172
1.07159,0.029762131381798,0.0007747558472169036
1.07423,0.02873048536348502,0.0007624604065055499
1.07687,0.03059618028579356,0.0007886965267786978
1.07952,0.02943252511098779,0.0007710520743393419
1.08216,0.02930385807436182,0.0007634534072639969
1.0848,0.02821405230299667,0.0007286151268434704
1.08745,0.02773132658157602,0.0007264489314901591
1.09009,0.02872335245560489,0.0007408260327268015
1.09274,0.03064814796059934,0.0007815190906594896
1.09538,0.02700345178967814,0.0007081988167798364
1.09802,0.02884672017203108,0.0007372410864673747
1.10067,0.03069693375416204,0.0007770458578060986
1.10331,0.02894222925915649,0.000734216982703457
1.10595,0.02830791322142065,0.0007261102233908054
1.1086,0.02750240052719201,0.0007077848890826131
1.11124,0.02590616974195338,0.0006767790050500857
1.11389,0.02813427635960045,0.000722164693950422
1.11653,0.02735528315760266,0.0006932403497368545
1.11917,0.02871378620976692,0.0007299911613889198
1.12182,0.02747260529966705,0.0006996043759677056
1.12446,0.02790012423695894,0.000712485882737706
1.1271,0.02786770109600444,0.0007061132166686649
1.12975,0.025166881381798,0.0006502542024748308
1.13239,0.02666501179245283,0.0006827767173255762
1.13504,0.02735370595172032,0.0006928897331490415
1.13768,0.02900742806603774,0.0007242385879241149
1.14032,0.02634671150110988,0.0006751553640469298
1.14297,0.02813579175915649,0.0007082608235485307
1.14561,0.02475322995283019,0.0006477935843012113
1.14825,0.02758795192841288,0.0006893912719972252
1.1509,0.02909066516370699,0.0007215328629480232
1.15354,0.02696928204772475,0.0006810430220179681
1.15618,0.02622162465316315,0.0006631971012822682
1.15883,0.02741427386237514,0.0006949589291915079
1.16147,0.02604814574084351,0.0006557994997036473
1.16412,0.02613423279689234,0.0006665845271580269
1.16676,0.02647932956437292,0.0006610050510275477
1.1694,0.0261048702136515,0.0006601088692006387
1.17205,0.02495190524417314,0.0006340358001381692
1.17469,0.02514901706437292,0.000636900949247372
1.17733,0.0255258891509434,0.0006460255196040467
1.17998,0.02457840732519423,0.0006205082853426079
1.18262,0.02865664969478358,0.0007016048177498388
1.18527,0.0258548567563818,0.0006461760089593966
1.18791,0.02401676179245283,0.0006129031412106256
1.19055,0.02547064345172031,0.0006412340417559579
1.1932,0.02615479599056604,0.0006462075583233042
1.19584,0.0233775332963374,0.0005982071419583955
1.19848,0.02375719353496115,0.00060021691746989
1.20113,0.02382280438401776,0.0006056487329884973
1.20377,0.02570870539678135,0.0006387288097855857
1.20642,0.02521020761653718,0.00062948036609765
1.20906,0.02342588186736959,0.000596502003999746
1.2117,0.02657636320754717,0.0006477396438338759
1.21435,0.02591508358768036,0.0006393931009070161
1.21699,0.02541869637902331,0.0006269826480442127
1.21963,0.02341536563540511,0.000590238199685543
1.22228,0.02671378385127636,0.0006544945101199715
1.22492,0.02318994651775805,0.000581648839352377
1.22757,0.02612593014705882,0.0006391648595443213
1.23021,0.02355854571309656,0.0005867253313695375
1.23285,0.02317763561320755,0.0005805514050247736
1.2355,0.0221029769700333,0.0005613827052340135
1.23814,0.02474146157047724,0.0006092868330893344
1.24078,0.02495095754716982,0.0006168143650604772
1.24343,0.0225230768590455,0.0005674817744651845
1.24607,0.02435253496115427,0.0005992097673561261
1.24871,0.02356912832963375,0.0005842258895340143
1.25136,0.02308660176193119,0.0005728950913653229
1.254,0.02203627192008879,0.0005546583936921221
1.25665,0.02136177719200888,0.0005403672549175182
1.25929,0.02188561327691454,0.0005515570353126977
1.26193,0.02343366259711432,0.000574424498178379
1.26458,0.0202209399972253,0.0005135709014457553
1.26722,0.02126848168701442,0.0005362298754172373
1.26986,0.02284905486958935,0.0005655384109217823
1.27251,0.02181633296337403,0.000546545269674265
1.27515,0.02018991093229745,0.0005105652413137243
1.2778,0.0219712974472808,0.000547727630246136
1.28044,0.02075749902885683,0.0005185407387050407
1.28308,0.0219097452136515,0.0005425302464428992
1.28573,0.01973276387347392,0.0005035080589069587
1.28837,0.02220586619034406,0.0005435535224291984
1.29101,0.02053853981687015,0.0005209138290695759
1.29366,0.0211795538290788,0.0005246842126019831
1.2963,0.0190997823945616,0.0004856261332692429
1.29895,0.01969079737791343,0.0004979263205856015
1.30159,0.02168659003884573,0.00053106611989407
1.30423,0.01923748002219755,0.0004899803315534007
1.30688,0.01988822738623752,0.0004944974331551727
1.30952,0.01838687389012209,0.0004693643717695918
1.31216,0.02125950374583796,0.000521640684437859
1.31481,0.02101857352941176,0.0005189432852677366
1.31745,0.01828159711431742,0.0004642855156521582
1.3201,0.01992713790233074,0.0004929138257015323
1.32274,0.01928870831021088,0.0004824801913744279
1.32538,0.01870556791065483,0.0004675426597030465
1.32803,0.01745305584073252,0.0004424553757638404
1.33067,0.01895724556048835,0.0004776881430107196
1.33331,0.01973214809933407,0.0004845329851825615
1.33596,0.01860938811043286,0.000467116631181143
1.3386,0.01985283754162042,0.0004901688187235147
1.34124,0.01833784316037736,0.0004589016777249715
1.34389,0.01790537056048835,0.0004501372719018789
1.34653,0.01862138311598224,0.0004613752976376478
1.34918,0.01866391731409545,0.000466377263944858
1.35182,0.01722616481687015,0.0004334656386106845
1.35446,0.01787051865982242,0.0004496615507465179
1.35711,0.01812048175638179,0.0004532746028609084
1.35975,0.01784098210321864,0.0004479550147435757
1.36239,0.0181008914400666,0.0004540396425649204
1.36504,0.01770650985016648,0.0004404509461595364
1.36768,0.01775257158712542,0.0004454995098371988
1.37033,0.01694199306326304,0.0004283457206626965
1.37297,0.01824151227802442,0.000454347408217324
1.37561,0.01713278919256382,0.0004362410220246444
1.37826,0.01547845817147614,0.0003947719575819381
1.3809,0.01703850936459489,0.0004312235977531722
1.38354,0.01700691030799113,0.0004294640895423267
1.38619,0.01737176220865705,0.000437486028237202
1.38883,0.01754975298279689,0.0004376197274820978
1.39148,0.0178612522891232,0.0004452122627863938
1.39412,0.01754656881243064,0.0004396399020973321
1.39676,0.01641915274694784,0.0004127557644834697
1.39941,0.01546367272475028,0.0003949241705024464
1.40205,0.01528410703385128,0.0003899563054413631
1.40469,0.01715406201442841,0.0004332626310589564
1.40734,0.01511495456437292,0.0003863299882770563
1.40998,0.01604627746947836,0.0004046208628177281
1.41263,0.0150305957963374,0.0003824581518631248
1.41527,0.01528489907047725,0.0003885998238397501
1.41791,0.01539240087402886,0.0003923077776228494
1.42056,0.01510451616259712,0.0003856836706792468
1.4232,0.01693952081021087,0.000421339377128048
1.42584,0.01516113533573807,0.000384880772612486
1.42849,0.0156169272336293,0.0003956476357561248
1.43113,0.01471940552164262,0.0003770614624065059
1.43377,0.01514865045782464,0.0003845753529692018
1.43642,0.01468898765260821,0.0003729234234650934
1.43906,0.01509046094617092,0.0003837693391117542
1.44171,0.01513283490566038,0.0003832539555189108
1.44435,0.01482854633740289,0.0003761761404105418
1.44699,0.01414244575471698,0.0003614182450167399
1.44964,0.01538982561043285,0.0003889321327471838
1.45228,0.01468931041897891,0.0003722222625873487
1.45492,0.01511438228357381,0.0003802165427286959
1.45757,0.01407846705049944,0.0003581059029318482
1.46021,0.0145493900527192,0.0003687066171829515
1.46286,0.01303349146781354,0.0003363981158141247
1.4655,0.01439342751109878,0.000365841781256073
1.46814,0.01318391662042175,0.0003380963384533555
1.47079,0.01496966620421754,0.0003779906358670591
1.47343,0.01339645026359601,0.0003422286550027667
1.47607,0.01078937472253052,0.0002880292014289646
1.47872,0.01382424618479467,0.0003498370118153552
1.48136,0.01364361376248613,0.0003492486406896958
1.48401,0.01378345172031077,0.0003534947947818181
1.48665,0.01317193306048835,0.0003369598396318829
1.48929,0.01281052171198668,0.0003286267330280634
1.49194,0.01334360585460599,0.000337437476716579
1.49458,0.01282879349334073,0.0003322345043185116
1.49722,0.01149014400665927,0.0002993302507654446
1.49987,0.01360266821587125,0.0003449507748932831
1.50251,0.01234878038290788,0.0003210750413598099
1.50516,0.01327176401220866,0.0003365834181007211
1.5078,0.0127259500554939,0.0003256705770294888
1.51044,0.01217829793285239,0.0003144106811147963
1.51309,0.01429371559378468,0.0003575221972858057
1.51573,0.01141384753052164,0.0002983756504642401
1.51837,0.01361795498057714,0.0003415591744552179
1.52102,0.01181042210044396,0.0003047499675441066
1.52366,0.01130026810488347,0.0002918875600989332
1.5263,0.01253860363485017,0.0003178904808534125
1.52895,0.01205881256936737,0.0003109626190693586
1.53159,0.01246148765260821,0.0003190959662747092
1.53424,0.01136854578246393,0.0002969410031453368
1.53688,0.01209160883740289,0.000309968565272025
1.53952,0.01135596933962264,0.0002925452234305194
1.54217,0.0117740410654828,0.000300524951050825
1.54481,0.01196474105160932,0.0003063818691573286
1.54745,0.01249094866814651,0.0003198330718051043
1.5501,0.01291963505826859,0.0003307676600010835
1.55274,0.01308857463928968,0.0003385066705753913
1.55539,0.01134357831576027,0.0003022263277445222
1.55803,0.01153918618201998,0.0003087462386046194
1.56067,0.01158131520532741,0.0003126328677363781
1.56332,0.01220799701720311,0.0003242292109261647
1.56596,0.01127126262486127,0.0003089951398392515
1.5686,0.01169200804661487,0.0003158864568040149
1.57125,0.01111187784406215,0.0003084436946748602
1.57389,0.01272070338512764,0.00034325306567712
1.57654,0.01156622530521643,0.0003164072928359331
1.57918,0.01143187666481687,0.0003189637711501934
1.58182,0.0122208939372919,0.0003351245497418353
1.58447,0.009788888249167594,0.0002799626954173439
1.58711,0.01123172031076581,0.0003126332980044342
1.58975,0.01088380105438402,0.0003058570475381651
1.5924,0.01073315614594894,0.000307997039610501
1.59504,0.01158283747225305,0.000322535666879141
1.59769,0.009609782672031077,0.0002791070356088488
1.60033,0.009969122364039953,0.0002865491619175717
1.60297,0.01038214886237514,0.000296923841818913
1.60562,0.01027242203107658,0.0002940453245104528
1.60826,0.01150867903718091,0.0003162844283142999
1.6109,0.01082375964206437,0.0003002169625772467
1.61355,0.01025969221698113,0.0002826885700289799
1.61619,0.009290365288568258,0.0002595225897289161
1.61883,0.01034947620699223,0.0002845453458436231
1.62148,0.01105631395671476,0.0002974920357349005
1.62412,0.01179248910932298,0.0003168888749304465
1.62677,0.009937447766370698,0.0002699597247227706
1.62941,0.01139019402053274,0.0003063187297789908
1.63205,0.009958349750277472,0.0002705195531214812
1.6347,0.01053603974750278,0.0002832479226086949
1.63734,0.0101516890954495,0.0002749422749804233
1.63998,0.01036808677857935,0.0002794003774702232
1.64263,0.01076852767758046,0.0002872152524820346
1.64527,0.009787153093784681,0.0002630925675638546
1.64792,0.009961346212541621,0.0002688545270196103
1.65056,0.008838801401220868,0.0002421336880019658
1.6532,0.009303813887347393,0.0002519737319620913
1.65585,0.009364306256936737,0.00025461843597023
1.65849,0.009710906978357381,0.0002593809274529177
1.66113,0.009475926193118756,0.0002555796795151902
1.66378,0.008604312777469475,0.0002357255574770292
1.66642,0.01164855362097669,0.0003050073080471811
1.66907,0.009973137486126526,0.0002688737379959571
1.67171,0.009203685349611542,0.0002477978672720519
1.67435,0.008683367647058826,0.0002366957705779111
1.677,0.008935903718091012,0.0002418212185424587
1.67964,0.008861921545504992,0.0002395652879596668
1.68228,0.009450175846281909,0.0002530621635831809
1.68493,0.009239622294672588,0.0002480855495664462
1.68757,0.01011841668978912,0.0002680610075322012
1.69022,0.009421323737513875,0.0002509103578888153
1.69286,0.009924152538845729,0.0002629924766631828
1.6955,0.008629696864594893,0.000234570252992383
1.69815,0.008991492785793564,0.00024191569071912
1.70079,0.008914314997225305,0.0002416425122857587
1.70343,0.008758789678135403,0.0002338648061445417
1.70608,0.008939822697003334,0.00023933893004637
1.70872,0.009048954356270813,0.0002406432492037308
1.71137,0.007201991329078802,0.0001982533126799789
1.71401,0.008653325194228633,0.0002330017566574657
1.71665,0.01052962333518313,0.0002753066532927423
1.7193,0.006809493687569364,0.0001888286712702051
1.72194,0.008009355923973364,0.0002165814559803955
1.72458,0.009408101761931185,0.0002495811589424074
1.72723,0.008146739941731408,0.0002191235134226887
1.72987,0.007630435072142067,0.0002073319394032476
1.73251,0.00676142438956715,0.0001874690744704841
1.73516,0.00787219166204218,0.0002110328879137533
1.7378,0.008250739386792449,0.0002217975769818968
1.74045,0.009110451650943398,0.0002405665890308024
1.74309,0.007816607172586016,0.0002112222471139117
1.74573,0.009214528926193117,0.0002436479839728222
1.74838,0.008469043909544951,0.0002242668881148934
1.75102,0.008391156492785795,0.0002261551131535507
1.75366,0.007365702552719205,0.0001980949050508335
1.75631,0.008729557574916761,0.0002308426597139678
1.75895,0.008778734808546058,0.0002333894192278593
1.7616,0.008911071309655938,0.0002351666817379758
1.76424,0.007133349680910102,0.000194539767535609
1.76688,0.007660262347391786,0.0002042600210011657
1.76953,0.008486461847946724,0.0002254970368831577
1.77217,0.007217756520532743,0.0001959853571044079
1.77481,0.007580939650388457,0.0002044207884693978
1.77746,0.007741590316315205,0.0002087582820884732
1.7801,0.008408299736403996,0.0002215705834434339
1.78275,0.009300009364594896,0.0002437637374800189
1.78539,0.007571236057158714,0.0002010728967093662
1.78803,0.007718380896226417,0.0002053900565036191
1.79068,0.008584504994450608,0.0002272892303698197
1.79332,0.008959213859600444,0.0002325559229555493
1.79596,0.007810044256381795,0.0002100961600093178
1.79861,0.007692314650388459,0.0002035357241916482
1.80125,0.007765088165926748,0.0002069706042557753
1.8039,0.007376552996670366,0.0001981658390060067
1.80654,0.008383279619866815,0.0002204558518710522
1.80918,0.007099365357935626,0.0001924898937804445
1.81183,0.007122197072697003,0.0001917131506502285
1.81447,0.008692647752497227,0.0002282053862648486
1.81711,0.007084570754716982,0.0001902186141565218
1.81976,0.006593260821309654,0.0001781373684514438
1.8224,0.006185682436182021,0.0001701335298120185
1.82504,0.006992820407880133,0.000188283139335598
1.82769,0.006507462194783577,0.0001781670977652267
1.83033,0.007030932019977802,0.0001893687137141211
1.83298,0.005446325402330746,0.0001503974180337181
1.83562,0.00890511043285239,0.0002340913512338132
1.83826,0.006668856825749169,0.0001825447827247378
1.84091,0.008234658296337405,0.0002199001183291048
1.84355,0.006796992785793562,0.0001848718553258961
1.84619,0.006248777538845727,0.0001717615753842976
1.84884,0.00595070394006659,0.0001625394378576257
1.85148,0.006871011584350722,0.0001873769600862256
1.85413,0.006923134919533849,0.0001890213416758586
1.85677,0.00578210314927858,0.0001590225213071101
1.85941,0.007597570130410653,0.0002047833254058272
1.86206,0.006774048903995561,0.0001828231584572536
1.8647,0.007444491884017758,0.0002009418745806466
1.86734,0.007097946101553827,0.0001920236357870367
1.86999,0.006440944852941178,0.000175358933906487
1.87263,0.007850543423973361,0.0002119095980823139
1.87528,0.007885308337957824,0.000210434814361117
1.87792,0.006235045088790235,0.00017170327872117
1.88056,0.007947934170366263,0.0002124552633174828
1.88321,0.006815356132075468,0.0001846336538960392
1.88585,0.006239833934517201,0.0001730238735111137
1.88849,0.006322121046059932,0.0001720823290490764
1.89114,0.006877634017758048,0.0001876254855525313
1.89378,0.0078194525527192,0.0002078576368915507
1.89643,0.006341926539955604,0.000174155390424864
1.89907,0.007069457963374028,0.0001924203086356971
1.90171,0.006408908573806881,0.0001740791237012726
1.90436,0.005678914053829081,0.0001576578785744762
1.907,0.005343701720310763,0.0001482734007886471
1.90964,0.006140419603218648,0.0001695753029301004
1.91229,0.006950087056048835,0.0001890891249893682
1.91493,0.00698334572697003,0.000188894959193383
1.91757,0.006817365982241956,0.0001849396671166751
1.92022,0.006399502566592678,0.0001759409630091687
1.92286,0.006629550291342949,0.0001818256159747948
1.92551,0.004683305701997777,0.0001310394178595782
1.92815,0.005087747988346279,0.0001418788627733666
1.93079,0.006412484184239733,0.0001768465529464655
1.93344,0.00666631589900111,0.0001808764659538228
1.93608,0.006319445061043288,0.0001730210428400371
1.93872,0.006048863831853501,0.0001662910477682816
1.94137,0.007036100860155382,0.0001924240656710111
1.94401,0.007417883115982242,0.0002001319823244663
1.94666,0.005590945338512766,0.000154773089469877
1.9493,0.006589621115427305,0.0001803255304226871
1.95194,0.006574828801331853,0.0001787268299888707
1.95459,0.006968223779134293,0.0001889128746146001
1.95723,0.005373258879023306,0.0001502848292260977
1.95987,0.006230439372918979,0.0001705402591391858
1.96252,0.005600527608213097,0.0001564243923810401
1.96516,0.008146975721420644,0.0002158759694730025
1.96781,0.004904885960044393,0.0001375884636676552
1.97045,0.006911046059933408,0.000187292448398263
1.97309,0.005224046961709209,0.0001461558033387641
1.97574,0.00616122773307436,0.0001698778264760692
1.97838,0.005928984739178689,0.0001633970316568097
1.98102,0.005178230160932299,0.0001455816817812474
1.98367,0.005491109808546064,0.0001520228141214352
1.98631,0.005739633046614874,0.0001586995519348682
1.98896,0.005341272960599333,0.0001489939311051769
1.9916,0.005845342466703663,0.0001613508668942861
1.99424,0.005670922724750279,0.0001557770056889034
1.99689,0.005748313401775804,0.0001579224832825535
1.99953,0.005837131381798001,0.0001602095177774105
2.00217,0.006754671476137626,0.0001826779715414426
2.00482,0.00411214886237514,0.0001164940313811445
2.00746,0.004591026567702554,0.0001287207410549864
2.0101,0.005725534336847949,0.0001563221151138172
2.01275,0.004878055147058827,0.0001362858703233686
2.01539,0.005012330535516095,0.0001382481612067182
2.01804,0.006217405105438402,0.0001705597059679799
2.02068,0.005694839483906768,0.000156664658860342
2.02332,0.005814876526082129,0.0001589146083594273
2.02597,0.005170573043840177,0.0001434407635645306
2.02861,0.004235631034961154,0.0001184623728423358
2.03125,0.006013327483351832,0.0001643393001723404
2.0339,0.005254602178135402,0.0001450050136725202
2.03654,0.00499612812153163,0.0001394744123066739
2.03919,0.005825761306881245,0.000159252926119257
2.04183,0.005615857866259713,0.0001533956757870822
2.04447,0.003424439026082134,9.789208438943284e-05
2.04712,0.004718587957824638,0.000131210516198634
2.04976,0.005699463512763596,0.0001562221888182794
2.0524,0.005715221836847946,0.0001568991029552414
2.05505,0.005058486126526081,0.0001399803476587883
2.05769,0.005139926262486124,0.0001425194840101523
2.06034,0.0059872452136515,0.0001617501359644
2.06298,0.0061716455327414,0.0001679975800653191
2.06562,0.005058385405105437,0.0001393904555373382
2.06827,0.005439844894561597,0.0001490489281442598
2.07091,0.005480735502219757,0.0001510330879618211
2.07355,0.004747108143729189,0.0001314068292609758
2.0762,0.004008691939511655,0.0001131589997576361
2.07884,0.005452938679245283,0.0001491597918561613
2.08149,0.005332164539400666,0.0001465070058773787
2.08413,0.005417345102663706,0.0001497896683578549
2.08677,0.005347812985571586,0.0001459369492393332
2.08942,0.005137172447280797,0.0001432249833975235
2.09206,0.005470802996670367,0.000150353048405209
2.0947,0.005424132352941176,0.0001493949556158799
2.09735,0.003405636168146503,9.722933179277948e-05
2.09999,0.006364469825194227,0.0001723348114195756
2.10263,0.004225854189789121,0.0001200765470250415
2.10528,0.005133127566592678,0.0001403685043229144
2.10792,0.005125365149833522,0.0001426039981935415
2.11057,0.004541938609877912,0.000128046944964201
2.11321,0.006203704703107657,0.0001736961692072351
2.11585,0.004489941176470591,0.0001316892210689259
2.1185,0.004464994311875694,0.0001293023154672995
2.12114,0.005577194575471697,0.000162329526779491
2.12378,0.004523804175915651,0.0001318194490097523
2.12643,0.004033077968923417,0.0001202495053509419
2.12907,0.004931751109877914,0.0001470084186956215
2.13172,0.005755139567147614,0.0001686797032600739
2.13436,0.005439957061598224,0.0001620064961195132
2.137,0.004471850235849058,0.0001348346888063214
2.13965,0.005420076026637071,0.0001622777409655128
2.14229,0.003930829703107657,0.0001206569114832123
2.14493,0.00459727816315205,0.0001407274240432862
2.14758,0.003677547377913428,0.0001153211439212224
2.15022,0.00444939851553829,0.0001359211491258052
2.15287,0.004716756659267481,0.0001455753405327108
2.15551,0.003509976692563817,0.0001102197305945626
2.15815,0.004607270185904551,0.0001427149584392236
2.1608,0.002090841634295227,6.795301361157727e-05
2.16344,0.005080740982241952,0.0001551700138404601
2.16608,0.006716321795227524,0.0001996558987139047
2.16873,0.004448253953940066,0.0001356717515632236
2.17137,0.004041758324084347,0.0001226425845149022
2.17402,0.004208113485016646,0.0001263015791846476
2.17666,0.004854582477802444,0.0001444923871630275
2.1793,0.003696991190344062,0.0001115235922033009
2.18195,0.004635261584350724,0.0001368622357473423
2.18459,0.005013861958934515,0.0001467892827786016
2.18723,0.003503198598779131,0.0001055081070394676
2.18988,0.003760956159822421,0.0001122083219552202
2.19252,0.004171542452830189,0.0001230945100512884
2.19516,0.004196979189789123,0.0001234157754882482
2.19781,0.004865410030521643,0.0001423187331491352
2.20045,0.003598762624861269,0.0001068249111236768
2.2031,0.003647056256936739,0.0001085706793414295
2.20574,0.003322504370144282,9.91075475518283e-05
2.20838,0.005057236265260819,0.0001464428811353514
2.21103,0.004802539261931187,0.0001398536139194678
2.21367,0.004519782186459492,0.0001326023801222546
2.21631,0.00463659614317425,0.0001355792013301551
2.21896,0.004170949569922309,0.000121921622167393
2.2216,0.003608017549944509,0.0001062102490799855
2.22425,0.004125604328523865,0.0001211028084238765
2.22689,0.004260623682019977,0.0001246875611844825
2.22953,0.002945160724195338,8.769486933928581e-05
2.23218,0.004455228912319645,0.0001309332147953088
2.23482,0.003116666412319646,9.291431160758205e-05
2.23746,0.003397807366814649,0.0001021003373768562
2.24011,0.003170044187014428,9.461444884053112e-05
2.24275,0.004372774694783573,0.0001288667719023709
2.2454,0.003293819367369589,9.829795620605995e-05
2.24804,0.004528441939511655,0.0001327927985766405
2.25068,0.004654002635960042,0.0001360844544119819
2.25333,0.004135113346281913,0.0001212897966050524
2.25597,0.00449170151220866,0.0001317402826882564
2.25861,0.004890860502219757,0.0001421773580034659
2.26126,0.005273736958934519,0.0001526655720559129
2.2639,0.004105418840177581,0.0001207937231624408
2.26655,0.003305864733629301,9.912296690334148e-05
2.26919,0.005156394214761377,0.000151162742376757
2.27183,0.003797350929522753,0.0001121842281843055
2.27448,0.00327553385127636,9.800313386905449e-05
2.27712,0.004316791897891231,0.0001263743291021108
2.27976,0.004922109322974474,0.0001451556665992757
2.28241,0.004733783157602664,0.0001389468623262289
2.28505,0.003776183407325192,0.0001119119620339737
2.28769,0.004097809794672589,0.0001208156126293305
2.29034,0.004217391301331855,0.0001229275546971382
2.29298,0.005511519630965592,0.0001591734185344482
2.29563,0.004834525180355161,0.0001401141510185539
2.29827,0.003742395948945613,0.0001110465391995701
2.30091,0.001079387971698114,3.437163491845782e-05
2.30356,0.004027538290788012,0.000117821268895915
2.3062,0.004868081437291897,0.0001425270796981293
2.30884,0.003100127497225305,9.298324738990038e-05
2.31149,0.002531733629300778,7.775550777707027e-05
2.31413,0.003110593368479468,9.378256541550008e-05
2.31678,0.004342333934517205,0.0001282537050209116
2.31942,0.003656178412874584,0.0001095200036273132
2.32206,0.003522427233629301,0.0001042064689113195
2.32471,0.003096943326859047,9.378648481811092e-05
2.32735,0.003838179730854605,0.0001146477960012394
2.32999,0.004241237097669257,0.0001251177308312431
2.33264,0.00483658768035516,0.0001435427458784923
2.33528,0.004324231548279689,0.0001257376186801922
2.33793,0.00466689726692564,0.0001374754125649605
2.34057,0.003031417175360711,9.123370729499183e-05
2.34321,0.004136869103773584,0.0001223472052130477
2.34586,0.003539671198668145,0.0001071805493835323
2.3485,0.00429881541342952,0.0001266657960751616
2.35114,0.003951580604883463,0.0001172504873685965
2.35379,0.003880324778024417,0.0001147061078912518
2.35643,0.005425427996670367,0.0001560467545731689
2.35908,0.003841711847946728,0.0001151844229121953
2.36172,0.004176395394006657,0.000123483853817067
2.36436,0.003681720449500558,0.0001097843336682468
2.36701,0.00252346073806881,7.644565385723453e-05
2.36965,0.002993234600443952,9.018156211763028e-05
2.37229,0.004494267619311877,0.0001321862503490324
2.37494,0.002661275110987788,8.092537945156595e-05
2.37758,0.00453320560488346,0.0001348616695223272
2.38022,0.00433014206437292,0.0001263426877055524
2.38287,0.004393088374028861,0.000130845547966517
2.38551,0.003567674042730298,0.000105416974084496
2.38816,0.002905964067702554,8.834176790621072e-05
2.3908,0.004611896503884575,0.0001358889996452699
2.39344,0.004268324292452828,0.0001262307311160177
2.39609,0.004903887902330742,0.0001436808375976099
2.39873,0.003715210321864596,0.0001102404603062404
2.40137,0.003934588443396225,0.0001170896380952347
2.40402,0.003346739317425083,9.913957856033965e-05
2.40666,0.00348841544117647,0.0001044255873958658
2.40931,0.003687731687014428,0.0001103037506680067
2.41195,0.004310256451165373,0.0001263397798499043
2.41459,0.003735606409544951,0.0001118472323781759
2.41724,0.003420245352386235,0.0001019008047743978
2.41988,0.002918178829078801,8.847566685246914e-05
2.42252,0.005295920851831302,0.0001540465510818681
2.42517,0.002857455258046618,8.595152250200937e-05
2.42781,0.003123101137624861,9.469707680932743e-05
2.43046,0.003856179106548278,0.0001142810848286056
2.4331,0.002925213304661488,8.865761002671054e-05
2.43574,0.003123563540510547,9.416448426228406e-05
2.43839,0.004172657255826859,0.0001239962081601
2.44103,0.005134288152053273,0.0001493585499951449
2.44367,0.00417946968645949,0.0001233333932281815
2.44632,0.004389189997225306,0.0001295329889934915
2.44896,0.003065822697003328,9.234931016636604e-05
2.45161,0.003802229051054388,0.0001129906880025989
2.45425,0.002725935973917869,8.334717474873688e-05
2.45689,0.00411279210599334,0.0001208975855856934
2.45954,0.003672948529411767,0.0001103206899762277
2.46218,0.003042782672031074,9.218443398834827e-05
2.46482,0.003771458657047722,0.0001116248766670198
2.46747,0.003513186043285238,0.0001048722926612179
2.47011,0.004887838859600441,0.0001438052540453632
2.47275,0.004135408643174252,0.0001236665158920746
2.4754,0.003943467952275246,0.0001164809480699976
2.47804,0.00307981610710322,9.314050823112318e-05
2.48069,0.003829595518867924,0.0001143440027756703
2.48333,0.002838460113762483,8.697886264150106e-05
2.48597,0.003410544048279689,0.0001030906182349853
2.48862,0.002848756589900108,8.629645776452663e-05
2.49126,0.004122587264150944,0.0001233867245016833
2.4939,0.002569355369034406,7.815451597330064e-05
2.49655,0.003873251387347391,0.0001160404003410965
2.49919,0.003259265052719197,9.815276927059367e-05
2.50184,0.002160355438401779,6.651115112624734e-05
2.50448,0.004694490357935626,0.0001384304331891462
2.50712,0.004135829841842397,0.0001235868411222012
2.50977,0.0035406692563818,0.0001061414254073397
2.51241,0.002942077275249723,8.908527249580617e-05
2.51505,0.003723773931742509,0.000111925097644982
2.5177,0.002573961084905662,7.93436985786556e-05
2.52034,0.003503457269700332,0.000104962194625798
2.52299,0.003041498473917871,9.273010218062571e-05
2.52563,0.004817212541620422,0.0001416776827313727
2.52827,0.002925206437291901,8.926304002664178e-05
2.53092,0.003790939095449502,0.0001134107182879667
2.53356,0.003484219478357383,0.0001043221133017176
2.5362,0.00283903697280799,8.70144327264716e-05
2.53885,0.003269710321864596,9.889424082702709e-05
2.54149,0.003137824778024415,9.52859332618616e-05
2.54414,0.002731835044395115,8.382446503749017e-05
2.54678,0.003648168770810211,0.000109896047639278
2.54942,0.003266690968368482,9.897806793213111e-05
2.55207,0.004101662389012209,0.0001222879812680354
2.55471,0.002257228842952278,6.966549577477947e-05
2.55735,0.003455529897336292,0.0001046415293094953
2.56,0.004078196587125416,0.0001225165277447356
2.56264,0.002852975443951168,8.808831067885934e-05
2.56529,0.003939054522752498,0.0001170549999673013
2.56793,0.003659133670921201,0.0001104101792121746
2.57057,0.00239239241120977,7.353385516422387e-05
2.57322,0.002373701720310763,7.347607447144333e-05
2.57586,0.00261089379855716,7.995152852614065e-05
2.5785,0.003115682089345173,9.462085313738826e-05
2.58115,0.00301712160099889,9.290520568058376e-05
2.58379,0.002012260613207547,6.270107567252071e-05
2.58643,0.002156676817425083,6.694771114163138e-05
2.58908,0.003911282880133183,0.0001172578571510832
2.59172,0.003486533781908993,0.0001054398319214869
2.59437,0.004108584697558268,0.0001234586029565589
2.59701,0.004424863693118754,0.0001310668344282037
2.59965,0.003972928967813543,0.0001188778280134036
2.6023,0.002633395879578248,8.105475590762668e-05
2.60494,0.003023073321309656,9.278647781181438e-05
2.60758,0.003813216842397338,0.0001162433354180576
2.61023,0.003687198321309655,0.0001114931034201986
2.61287,0.003120912735849057,9.554092296799578e-05
2.61552,0.004793064581021089,0.0001425058382636855
2.61816,0.003002045435627082,9.182234666683595e-05
2.6208,0.002931352733074364,8.957722369116535e-05
2.62345,0.002566219270255274,7.941829313815483e-05
2.62609,0.003125271226415096,9.583453911178517e-05
2.62873,0.004087433199223086,0.0001229446901975047
2.63138,0.001965459489456161,6.148275792729344e-05
2.63402,0.001747482311320755,5.494908451133253e-05
2.63667,0.004304803759711433,0.0001289664416805993
2.63931,0.003394927649833517,0.0001042075666109268
2.64195,0.002458973848501662,7.628938239194977e-05
2.6446,0.002884082339067705,8.801606415750933e-05
2.64724,0.001566767480577138,4.925479349112174e-05
2.64988,0.004280866398446171,0.0001290034361605023
2.65253,0.00353973987236404,0.0001081753482177749
2.65517,0.00205487493063263,6.42818448198482e-05
2.65782,0.004336931603773586,0.0001297922342287248
2.66046,0.003939629092674808,0.0001189795991194957
2.6631,0.003769329772475025,0.0001139227220302256
2.66575,0.002790251179245282,8.545005240521701e-05
2.66839,0.003876186043285235,0.0001179401846763705
2.67103,0.002870169048279689,9.039205480158528e-05
2.67368,0.003096510682574917,9.858272364465516e-05
2.67632,0.004010580466148723,0.0001274300095760135
2.67896,0.003239528232519425,0.0001037831467845401
2.68161,0.004111388873473919,0.0001326244682083107
2.68425,0.003269586709211984,0.0001081623780080102
2.6869,0.00271654599056604,9.056445208698368e-05
2.68954,0.003358365774139844,0.0001110765766633295
2.69218,0.003203108282463927,0.0001064798578538706
2.69483,0.002898755618756939,9.862804080539707e-05
2.69747,0.004069165996115428,0.0001354142528887084
2.70011,0.004045917660932301,0.0001329963321557193
2.70276,0.003098806673140956,0.0001067338107651297
2.7054,0.003697050707547169,0.0001246983159060056
2.70805,0.003270110918423973,0.0001126172421163582
2.71069,0.003587658088235296,0.0001216640649849846
2.71333,0.002394795990566039,8.433363197859212e-05
2.71598,0.002260227594339624,8.06898829758782e-05
2.71862,0.003170955258046617,0.0001117153745484803
2.72126,0.003892269422863486,0.0001354451740422666
2.72391,0.003709054869589346,0.0001290156876239383
2.72655,0.003357411209766922,0.0001157675068040483
2.7292,0.003659012347391789,0.0001237836946489782
2.73184,0.003632721767480575,0.0001212766639093528
2.73448,0.0030383852663707,0.0001021173984109926
2.73713,0.003595690621531633,0.0001175276229372413
2.73977,0.002726737167036627,9.174963924680377e-05
2.74241,0.0046115554245283,0.0001481449576343827
2.74506,0.001383637624861262,4.681257426597781e-05
2.7477,0.002926776775804664,9.659773753711478e-05
2.75035,0.003360352733074362,0.0001085748956522756
2.75299,0.004238142203107657,0.0001360672618025364
2.75563,0.002768962333518313,8.982744657136712e-05
2.75828,0.002693505965593786,8.761360534801544e-05
2.76092,0.002311465038845723,7.675513766169637e-05
2.76356,0.001772536764705882,5.868297432746671e-05
2.76621,0.003203378399001109,0.0001030822637893708
2.76885,0.004066858559933409,0.0001293613018396927
2.77149,0.002842800291342952,9.21121271884202e-05
2.77414,0.003496569298002219,0.0001120249188114991
2.77678,0.004896521503884574,0.000151612954978273
2.77943,0.002624923834628194,8.481951289551949e-05
2.78207,0.003758502219755824,0.0001195270168818949
2.78471,0.003265553274139844,0.0001053142504290871
2.78736,0.003618075957269703,0.0001152285851925988
2.79,0.002956162250277466,9.445764882381247e-05
2.79264,0.003904250693673694,0.0001234543021126058
2.79529,0.00163152677580466,5.383304761808731e-05
2.79793,0.002285783365704775,7.416919298456115e-05
2.80058,0.002800547655382906,8.925926027179861e-05
2.80322,0.002891215246947834,9.330852184408316e-05
2.80586,0.004053702968923417,0.0001278915673487177
2.80851,0.002340916897891233,7.564133535515817e-05
2.81115,0.003981334628190903,0.0001241770574887469
2.81379,0.002544678620976691,8.181361017008473e-05
2.81644,0.003244951165371809,0.0001035942758983479
2.81908,0.002610605369034407,8.386306605456398e-05
2.82173,0.003378482588790234,0.0001068722128996381
2.82437,0.002833783435072145,9.013150149044809e-05
2.82701,0.002342354467258603,7.525399497579829e-05
2.82966,0.004037974403440622,0.0001265582808310079
2.8323,0.002966882214206437,9.374447011774129e-05
2.83494,0.002322551262486129,7.470851431450473e-05
2.83759,0.00336111958934517,0.0001050945307234011
2.84023,0.003611849542175361,0.000113316424219639
2.84288,0.002951673279689232,9.449982023076603e-05
2.84552,0.002012150735294116,6.427456760139773e-05
2.84816,0.003120818881798004,9.967704279343319e-05
2.85081,0.003573969131520532,0.0001122693589790198
2.85345,0.005301222461154274,0.0001610159625513866
2.85609,0.001908609114872367,6.175273815282039e-05
2.85874,0.004215706506659268,0.0001304769988607837
2.86138,0.001925099958379576,6.279232955902919e-05
2.86402,0.003060896503884571,9.721779868656594e-05
2.86667,0.0025701977663707,8.236220039929625e-05
2.86931,0.001908421406770253,6.183889442379683e-05
2.87196,0.00172408289400666,5.572472711428051e-05
2.8746,0.003155361750832411,0.0001007202004562378
2.87724,0.002170075055493897,7.017517461321133e-05
2.87989,0.004100094339622644,0.0001277629003907173
2.88253,0.003708207894006662,0.0001162394507149576
2.88517,0.003304308129855716,0.0001050603267193918
2.88782,0.003900929175915649,0.0001224989099174237
2.89046,0.003240153163152054,0.0001013878939217331
2.89311,0.004284732727524974,0.0001335765885309248
2.89575,0.003072877774694783,9.774458853408534e-05
2.89839,0.002300010266370698,7.342527026170795e-05
2.90104,0.002147925499445064,6.960493149330704e-05
2.90368,0.002603699084350723,8.254886763152049e-05
2.90632,0.002025372710876802,6.551813513808355e-05
2.90897,0.002346115496670368,7.588567809035997e-05
2.91161,0.003110465177580466,9.852510353364585e-05
2.91426,0.002462746323529412,7.853351319283232e-05
2.9169,0.00216592945338513,7.033543108183788e-05
2.91954,0.003558886098779137,0.0001121031738798477
2.92219,0.003400151428967815,0.0001056378750314672
2.92483,0.003158818326859044,9.981734615190438e-05
2.92747,0.002717562361265262,8.635055486090734e-05
2.93012,0.002998517896781352,9.591564849488867e-05
2.93276,0.003040514150943397,9.624688751753796e-05
2.93541,0.002200605091564924,7.022181152722623e-05
2.93805,0.00345407401498335,0.0001080746747557389
2.94069,0.002850336084905663,9.010647450764907e-05
2.94334,0.001730739664261931,5.666669352644456e-05
2.94598,0.002700016231964488,8.497720937658989e-05
2.94862,0.002645219200887906,8.475112525723468e-05
2.95127,0.003879122988346282,0.0001213007220479535
2.95391,0.00346174028856826,0.0001084603605697396
2.95655,0.005199619728079911,0.000157618507549115
2.9592,0.001990779481132075,6.342385483436198e-05
2.96184,0.003242842882907879,0.0001025598823102286
2.96449,0.003229311875693676,0.0001028793633533816
2.96713,0.004051120837957826,0.0001256286312809015
2.96977,0.002726361750832408,8.7101989321007e-05
2.97242,0.004674032463928966,0.0001432217986728434
2.97506,0.003555470726970036,0.0001125376617257879
2.9777,0.002727748959489459,8.678907720843016e-05
2.98035,0.002761193049389567,8.761008517872285e-05
2.98299,0.003097529342397336,9.848346530708775e-05
2.98564,0.002985263873473918,9.423346520902552e-05
2.98828,0.003078119866814652,9.7501968698717e-05
2.99092,0.001766768174250831,5.700774029169944e-05
2.99357,0.002749568881798003,8.759929634722489e-05
2.99621,0.003175982172586017,0.0001007667805330381
2.99885,0.001949421892341844,6.306081845881527e-05
3.0015,0.001776879231409547,5.766271647188091e-05
3.00414,0.003121311043285241,9.88214807168102e-05
3.00679,0.003218161556603774,0.0001012883874177352
3.00943,0.002168555077691454,7.006547670660378e-05
3.01207,0.003043428204772475,9.552986225077165e-05
3.01472,0.002853247849611543,9.1010916315953e-05
3.01736,0.001994279550499446,6.45914802657172e-05
3.02,0.003180993063263044,0.0001002573283019931
3.02265,0.003734773168701441,0.0001163958225757738
3.02529,0.00245564317425083,7.821340975356908e-05
3.02794,0.003464956506659264,0.00010889323487283
3.03058,0.002506138942841287,7.970192886580764e-05
3.03322,0.003561983282463926,0.0001117799878210743
3.03587,0.002684857658157603,8.540736077817601e-05
3.03851,0.003676947627635961,0.0001135970297475925
3.04115,0.0024141551054384,7.70848105143844e-05
3.0438,0.001539959558823532,4.991701897221565e-05
3.04644,0.003263772336293011,0.0001017996069001078
3.04908,0.002578926193118758,8.23486896458512e-05
3.05173,0.002031225998890126,6.515176083823353e-05
3.05437,0.001444219270255273,4.700322011089977e-05
3.05702,0.002476973224195338,7.845856273515218e-05
3.05966,0.003021793701442839,9.376944363684134e-05
3.0623,0.002414910516093232,7.691130897561201e-05
3.06495,0.001817989594894561,5.822289827280622e-05
3.06759,0.002937945407880133,9.215376222246404e-05
3.07023,0.003941439789123196,0.0001216427933467522
3.07288,0.002496620768590452,7.927250329837762e-05
3.07552,0.003125248335183131,9.84092177908583e-05
3.07817,0.002131487305771367,6.845206087948533e-05
3.08081,0.003133775319089897,9.770096315084561e-05
3.08345,0.001787503052164263,5.747295650970934e-05
3.0861,0.002446241745283021,7.737071928709013e-05
3.08874,0.003280118965038844,0.0001021542245129167
3.09138,0.00223158608490566,7.111033691234694e-05
3.09403,0.002278705396781355,7.251510741501561e-05
3.09667,0.002479292105993338,7.918666605611102e-05
3.09932,0.002426218784683683,7.630643889543951e-05
3.10196,0.002805469270255273,8.823220361482772e-05
3.1046,0.002439610155382908,7.712985636571394e-05
3.10725,0.00330210141509434,0.0001028290730384114
3.10989,0.003330568951165372,0.000104144439477212
3.11253,0.001976110779689235,6.307567313592332e-05
3.11518,0.003667477524972252,0.0001136005692571982
3.11782,0.002518438401775804,7.940836146115147e-05
3.12047,0.0022791265954495,7.224251032159324e-05
3.12311,0.002325453870699221,7.409100051069589e-05
3.12575,0.002763473016093232,8.659616904404629e-05
3.1284,0.001618416967258603,5.230315295684522e-05
3.13104,0.003512709905660379,0.0001091093201079711
3.13368,0.002552992716426195,8.150752116807464e-05
3.13633,0.002894339900110986,9.063084845098109e-05
3.13897,0.002175191245837956,6.903692833151704e-05
3.14161,0.003180276567702551,0.0001000029518250025
3.14426,0.003168620352386239,9.993427302669582e-05
3.1469,0.003186688401775806,9.968462468477556e-05
3.14955,0.002584992369589345,8.178276998282511e-05
3.15219,0.002499019769700332,7.892396935290761e-05
3.15483,0.002774410446725859,8.715879707338721e-05
3.15748,0.003192292175360712,9.972991119185433e-05
3.16012,0.002192208587680352,6.989258564750545e-05
3.16276,0.003164678482241955,9.933509448231754e-05
3.16541,0.003733488970588234,0.0001160242733913895
3.16805,0.001733042522197561,5.56802288945174e-05
3.1707,0.00195831284683685,6.279607314765289e-05
3.17334,0.00232232463928968,7.341005962430542e-05
3.17598,0.001972796129300777,6.329401596325464e-05
3.17863,0.002660739456159823,8.381982485893957e-05
3.18127,0.003925832547169813,0.0001207088859827357
3.18391,0.002512855230299665,7.940800775337106e-05
3.18656,0.002617484184239733,8.230385842024193e-05
3.1892,0.004546420713096559,0.0001393278723254135
3.19185,0.003835613623751389,0.000118109929253965
3.19449,0.004728788290788012,0.0001433278931731015
3.19713,0.003634152469478359,0.0001126338008108337
3.19978,0.003744083032741402,0.0001150054870836295
3.20242,0.002766783088235296,8.676321705318304e-05
3.20506,0.002841967050499445,8.872438019300815e-05
3.20771,0.002723811667591565,8.518969585292162e-05
3.21035,0.002542293354605993,7.9888814392409e-05
3.213,0.00164327684517203,5.254790586396351e-05
3.21564,0.00268472259988901,8.307577463342137e-05
3.21828,0.002456428343507213,7.708512380747097e-05
3.22093,0.001568449986126524,5.014134526780599e-05
3.22357,0.002710282949500555,8.490250057282057e-05
3.22621,0.002571715455049947,8.028696893343808e-05
3.22886,0.00318452746947836,9.814775811971817e-05
3.2315,0.002839693951165371,9.087579617304984e-05
3.23414,0.003442195754716983,0.0001108065775508628
3.23679,0.00257304772475028,8.483587724736853e-05
3.23943,0.002774053343507215,9.1905336108816e-05
3.24208,0.003665055632630412,0.0001212870138282746
3.24472,0.002307823043840178,7.929146894521118e-05
3.24736,0.003809325332963374,0.0001265595699978548
3.25001,0.003481163498890123,0.0001182007261143909
3.25265,0.002694826789678135,9.420979004974919e-05
3.25529,0.002865959350721421,0.0001009196526987082
3.25794,0.003641605854605994,0.0001253150863865804
3.26058,0.003602315344062151,0.0001248969991167122
3.26323,0.002195074569922306,7.848417210572777e-05
3.26587,0.002015231895116538,7.305016950726844e-05
3.26851,0.003947526567702552,0.0001393822414762707
3.27116,0.002632521434517205,9.490385935198673e-05
3.2738,0.003955943673695892,0.0001396545862114723
3.27644,0.001871882422308545,6.948739241789079e-05
3.27909,0.002367209766925637,8.764248775332965e-05
3.28173,0.002440026775804663,8.954320313920838e-05
3.28438,0.004889553412874585,0.0001749123148691312
3.28702,0.002012661209766924,7.341705199784898e-05
3.28966,0.002806943465593782,9.978766796599294e-05
3.29231,0.002404380549389568,8.482134998169765e-05
3.29495,0.003636322558268593,0.0001242009632735711
3.29759,0.004275468645948946,0.0001435787986069293
3.30024,0.002185831090455051,7.593560789301026e-05
3.30288,0.002980305632630413,0.0001018305352416646
3.30553,0.002771903856825749,9.461690905335453e-05
3.30817,0.003526238623751385,0.0001183160875688322
3.31081,0.003935575055493896,0.0001313340872704639
3.31346,0.004516643798557159,0.0001491827557014498
3.3161,0.00175290753329634,6.057737360326531e-05
3.31874,0.002616076373473917,8.928431214748135e-05
3.32139,0.003460272960599338,0.0001153118686166073
3.32403,0.002438053551609322,8.32748599841065e-05
3.32667,0.001250747155937844,4.326957701270138e-05
3.32932,0.001936518104883463,6.617055228489063e-05
3.33196,0.002623676262486125,8.901745034590491e-05
3.33461,0.002821076512208657,9.509605207103657e-05
3.33725,0.002168230022197559,7.376847018770279e-05
3.33989,0.003137156354051058,0.0001045377023167848
3.34254,0.002633656839622642,8.755970195992956e-05
3.34518,0.002492088304661485,8.383785214897286e-05
3.34782,0.00335956985294118,0.0001105710122984335
3.35047,0.001640697003329636,5.561772510252992e-05
3.35311,0.003029343229744727,9.990937816864528e-05
3.35576,0.001617629508879022,5.511003954834585e-05
3.3584,0.002032702483351832,6.831884596317174e-05
3.36104,0.003108107380688122,0.0001020510372238305
3.36369,0.004070800430077692,0.0001323771355391386
3.36633,0.002412813679245283,8.032367577870231e-05
3.36897,0.00276054751664817,9.165103189265015e-05
3.37162,0.002883981617647062,9.41394358283136e-05
3.37426,0.001719486334628188,5.829983286738041e-05
3.37691,0.0019509945199778,6.583359042850823e-05
3.37955,1.548362930077928e-05,5.393653750455766e-07
3.38219,0.003708777885682577,0.0001196688086554601
3.38484,0.002774774417314094,9.125641425511203e-05
3.38748,0.002726038984461709,8.997684159273655e-05
3.39012,0.002750988138179799,9.137512375877151e-05
3.39277,0.004155438471143171,0.0001332066052874887
3.39541,0.002895351692563818,9.474836961113283e-05
3.39806,0.001479004786348499,5.026364482682844e-05
3.4007,0.003722096004439508,0.0001207129441459963
3.40334,0.003972647405660377,0.0001282572260091627
3.40599,0.002987241675915649,9.810557254580513e-05
3.40863,0.00160258768035516,5.367331035666471e-05
3.41127,0.002351261445615984,7.802249945133234e-05
3.41392,0.002085835321864594,6.950580570668645e-05
3.41656,0.00362807942563818,0.0001173939602905973
3.41921,0.003523017827413984,0.0001142577535348969
3.42185,0.002871988901220869,9.391523072981755e-05
3.42449,0.004508874514428413,0.0001440448323294793
3.42714,0.001905175430077694,6.321250744787969e-05
3.42978,0.00291136182019978,9.543206262984885e-05
3.43242,0.002965762832963374,9.733950494915302e-05
3.43507,0.002480910516093228,8.214894166890362e-05
3.43771,0.004467191870144283,0.0001422038438345556
3.44035,0.002899236334628191,9.454579676319962e-05
3.443,0.002930947558268593,9.595280912775711e-05
3.44564,0.001292585460599336,4.376736256223151e-05
3.44829,0.003280654619866814,0.000105491819658025
3.45093,0.003146255618756936,0.0001020111932598227
3.45357,0.004638622017203108,0.0001460186323462124
3.45622,0.002347894145394009,7.73131690869097e-05
3.45886,0.002658779966703664,8.746154065219765e-05
3.4615,0.003184495421753607,0.0001021676884945404
3.46415,0.003031417175360711,9.804171958926044e-05
3.46679,0.004001069159267478,0.0001271665704677407
3.46944,0.004067261445615982,0.0001293937347077596
3.47208,0.003719962541620421,0.000118875251928948
3.47472,0.002961589761376248,9.601931858996613e-05
3.47737,0.004002470102663708,0.0001265215985866192
3.48001,0.0005384498473917858,1.816841436559776e-05
3.48265,0.004343519700332966,0.0001357670345194431
3.4853,0.003332290371809101,0.0001064220792104602
3.48794,0.003820802996670369,0.000121728521901039
3.49059,0.003582798279689233,0.0001145828485213849
3.49323,0.002590396989456162,8.329313814458555e-05
3.49587,0.002218641093229743,7.166739907376255e-05
3.49852,0.003500170088790233,0.0001118181127147694
3.50116,0.00154617452830189,5.138900784914288e-05
3.5038,0.002946341911764705,9.48790857492858e-05
3.50645,0.002714504092674804,8.765181816970964e-05
3.50909,0.00290389698945616,9.348065725389052e-05
3.51174,0.002395544533851276,7.768545405828393e-05
3.51438,0.003237962472253052,0.0001041921569587069
3.51702,0.002171084558823528,7.061644562083006e-05
3.51967,0.001680948945615982,5.569215568329968e-05
3.52231,0.003005140330188678,9.644130322331665e-05
3.52495,0.001854716287458383,6.141375874767468e-05
3.5276,0.002156708865149835,7.01049408456214e-05
3.53024,0.002767046337402883,8.889867088582206e-05
3.53288,0.002469858629300777,8.004992608829866e-05
3.53553,0.002784024764150944,9.014682411128006e-05
3.53817,0.002904103010543841,9.379502271704151e-05
3.54082,0.003637093992785795,0.0001149292787348537
3.54346,0.001995414955604883,6.534069189813641e-05
3.5461,0.001092774764150944,3.682799318744198e-05
3.54875,0.00317361979744728,0.0001016153748345609
3.55139,0.001542019769700331,5.088684626128401e-05
3.55403,0.00270887513873474,8.766753069964252e-05
3.55668,0.001913674944506106,6.243057690268267e-05
3.55932,0.001297630688124307,4.321513369560179e-05
3.56197,0.001958637902330745,6.406230661584882e-05
3.56461,0.003420845102663706,0.0001084961508060857
3.56725,0.003057229328523863,9.826677429795045e-05
3.5699,0.00307545074916759,9.896696292452576e-05
3.57254,0.002015792730299666,6.542719495126098e-05
3.57518,0.002943798695893449,9.420409048047493e-05
3.57783,0.002100904619866815,6.878091474726624e-05
3.58047,0.003032964622641513,9.74356019598495e-05
3.58312,0.002757111542730297,8.892853169483417e-05
3.58576,0.002371016578801331,7.675720352154927e-05
3.5884,0.002646936043285237,8.555664042578897e-05
3.59105,0.002868797863485016,9.221795450510886e-05
3.59369,0.003051410377358488,9.777745780659538e-05
3.59633,0.003341089761376247,0.00010594112224595
3.59898,0.002280793077136513,7.390677507855575e-05
3.60162,0.00211781437291898,6.947408859078065e-05
3.60427,0.002886641578801335,9.32206805024998e-05
3.60691,0.002589968923418426,8.347297204287581e-05
3.60955,0.003414273029966701,0.0001085329648694327
3.6122,0.003947684517203106,0.0001245852291588647
3.61484,0.003308327830188678,0.0001062176216847659
3.61748,0.002127625554938958,6.909199357101098e-05
3.62013,0.001810808615427305,5.931677848596106e-05
3.62277,0.001774397821864595,5.835244586456296e-05
3.62541,0.001848917938401776,6.04650095107732e-05
3.62806,0.001654681256936736,5.483858797667999e-05
3.6307,0.001933572003329633,6.336237042595122e-05
3.63335,0.002337435141509433,7.636591829075854e-05
3.63599,0.003143870352386239,0.0001006332255650284
3.63863,0.003493941384572698,0.0001109480009749676
3.64128,0.001508129300776916,4.987576090639481e-05
3.64392,0.002325050985016652,7.558073155642751e-05
3.64656,0.00172161521920089,5.654200974605276e-05
3.64921,0.003768755202552719,0.0001197622371368923
3.65185,0.001387194922308547,4.600597147977258e-05
3.6545,0.003886487097669258,0.0001221935357162161
3.65714,0.002641659614317428,8.519236278521695e-05
3.65978,0.002515116884017755,8.153054890818732e-05
3.66243,0.002804024833518311,9.026036612275678e-05
3.66507,0.004027437569367372,0.0001265603856877513
3.66771,0.002607693604328522,8.421509785625666e-05
3.67036,0.002612306187569369,8.40672102668552e-05
3.673,0.003976239039955603,0.000124804890940732
3.67565,0.002362175985016645,7.618229708642737e-05
3.67829,0.001249135613207545,4.12545821084875e-05
3.68093,0.002689774694783572,8.697609422990413e-05
3.68358,0.002145139636514985,6.912494167974843e-05
3.68622,0.003081851137624861,9.86358295636085e-05
3.68886,0.002002893521087683,6.472642998567176e-05
3.69151,0.002153307228079911,6.980230986635665e-05
3.69415,0.003207894839067702,0.0001012497619872023
3.6968,0.00424078385127636,0.0001305668798353879
3.69944,0.002884617993895671,9.233435510360191e-05
3.70208,0.002851180771365149,9.027813908483719e-05
3.70473,0.002740105646503886,8.738261218349386e-05
3.70737,0.002850349819644836,8.982546944124578e-05
3.71001,0.00389095088790233,0.0001202202696395981
3.71266,0.00298558435072142,9.425014640377239e-05
3.7153,0.003086623959489458,9.815614163903859e-05
3.71794,0.002212156007214207,7.116540543671758e-05
3.72059,0.003088521642619309,9.770476267368712e-05
3.72323,0.001856080604883461,5.992907179392668e-05
3.72588,0.001923511306881242,6.235822947775642e-05
3.72852,0.002041460668701442,6.569886050290924e-05
3.73116,0.003477791620421754,0.0001083361371233173
3.73381,0.002962184933407329,9.403225526761478e-05
3.73645,-0.0001221361681465029,-4.097553835200815e-06
3.73909,0.001924939719755825,6.254958670331481e-05
3.74174,0.002717788984461711,8.578097685573924e-05
3.74438,0.002320932852386239,7.431269407098527e-05
3.74703,0.002768504508879022,8.850724498730544e-05
3.74967,0.001762022821864593,5.742300586259328e-05
3.75231,0.00277329564372919,8.708284822486574e-05
3.75496,0.002121760821309658,6.82093364395699e-05
3.7576,0.002910482796892343,9.169913304579304e-05
3.76024,0.003260661417869033,0.0001028134055876239
3.76289,0.002883001872918978,9.104612293630791e-05
3.76553,0.003120443465593781,9.846650649258988e-05
3.76818,0.002315386306881243,7.421054683768751e-05
3.77082,0.001838486403995563,5.911681194762267e-05
3.77346,0.003306759780799112,0.0001039498778126538
3.77611,0.00372241190344062,0.0001159322188686177
3.77875,0.002964130688124307,9.358090656386652e-05
3.78139,0.001169149070477247,3.84061764966801e-05
3.78404,0.00244226324916759,7.803643677362364e-05
3.78668,0.003365848917869035,0.0001053151992716886
3.78933,0.003023581506659267,9.525291635879045e-05
3.79197,0.003616640677025525,0.0001166771905166559
3.79461,0.003493382838512763,0.0001147511440443598
3.79726,0.002563868340732518,8.620970190106319e-05
3.7999,0.003321657394561598,0.0001122915614971323
3.80254,0.002451582269700331,8.489185861984098e-05
3.80519,0.003448495421753606,0.0001184456744033653
3.80783,0.00232952164261931,8.222718452058562e-05
3.81047,0.002391897960599336,8.532939171397303e-05
3.81312,0.002161069644839067,7.909414924650899e-05
3.81576,0.002205542730299666,8.018784536516457e-05
3.81841,0.00278957588790233,0.0001001537937152666
3.82105,0.003166477733074364,0.0001152064064001023
3.82369,0.002894589414539404,0.0001055556162370312
3.82634,0.0001686786209766923,6.546163867739197e-06
3.82898,0.001769810418978911,6.683093784182339e-05
3.83162,0.002620226553829078,9.7898624915225e-05
3.83427,0.003389461223640397,0.0001257216606829357
3.83691,0.001556230646503888,6.061694950816892e-05
3.83956,0.003272216911764706,0.0001232375527649033
3.8422,0.003638298071587126,0.0001366720929448016
3.84484,0.002967344617092121,0.000113547817272879
3.84749,0.001740223501664817,6.658423707807783e-05
3.85013,0.002140630063817979,7.926192804828146e-05
3.85277,0.001165697072697004,4.324984321763229e-05
3.85542,0.004000478565482799,0.0001408483640104981
3.85806,0.002756232519422864,9.835941235231132e-05
3.86071,0.003556294811320754,0.0001240751661226347
3.86335,0.001873475652053277,6.706957139204276e-05
3.86599,0.002271696101553831,8.016012467280305e-05
3.86864,0.001762345588235296,6.258701517615336e-05
3.87128,0.002601975374583795,9.140134843217877e-05
3.87392,0.003146981270810209,0.0001085696816330284
3.87657,0.003567239109322972,0.0001221166085654575
3.87921,0.002743656076581576,9.54119846048513e-05
3.88186,0.003308906978357381,0.00011349936211224
3.8845,0.003364596767480576,0.0001153739276397997
3.88714,0.002938723709766926,0.0001005521084583764
3.88979,0.002366255202552719,8.268393294901876e-05
3.89243,0.001595768382352942,5.637050718248367e-05
3.89507,0.00420761674528302,0.0001392736721410251
3.89772,0.002289858004994451,7.851313151028659e-05
3.90036,0.001817254786348501,6.266978714257902e-05
3.903,0.003689366120976692,0.0001223783408907532
3.90565,0.001475623751387347,5.112818669221217e-05
3.90829,0.002219591079356271,7.547239735171682e-05
3.91094,0.001837202205882352,6.325229489687738e-05
3.91358,0.001457834975027745,5.024113872469065e-05
3.91622,0.003289893521087679,0.0001086297975214867
3.91887,0.002706430355160935,9.13327122103969e-05
3.92151,0.003868153509988898,0.0001261876614791726
3.92415,0.003147633670921196,0.0001040723739188616
3.9268,0.003181460044395114,0.0001055315173717514
3.92944,0.002348873890122088,7.843963937386601e-05
3.93209,0.003149986889567146,0.0001038165578379774
3.93473,0.002362411764705882,7.837070681527619e-05
3.93737,0.002395588027192009,7.964172743200677e-05
3.94002,0.002230143937291896,7.457457838961372e-05
3.94266,0.00367564740566038,0.000119589180539611
3.9453,0.003468220796337406,0.0001131756609065801
3.94795,0.002199309447835737,7.339883189071463e-05
3.95059,0.00133197440344062,4.547211865436556e-05
3.95324,0.002689612167036625,8.949916146168394e-05
3.95588,0.003197271018312985,0.0001049824523705508
3.95852,0.004330020740843508,0.0001393733145521708
3.96117,0.002130674667036624,7.168188962505715e-05
3.96381,0.003488424597669257,0.0001135331296586285
3.96645,0.001747663152053274,5.880425342637008e-05
3.9691,0.00229449119034406,7.646563889342716e-05
3.97174,0.002551578038290789,8.513724685947962e-05
3.97439,0.003162192494450609,0.000104344225004089
3.97703,0.00176851706437292,5.902602573185062e-05
3.97967,0.003448657949500553,0.0001121683054006153
3.98232,0.002316713998335183,7.686680783592826e-05
3.98496,0.003986334073251945,0.0001284563885454402
3.9876,0.00262516877081021,8.667958886609978e-05
3.99025,0.003937605507769147,0.0001268457969182875
3.99289,0.002819961709211984,9.358993949836085e-05
