0.0431807,23.48486822280799,0.1857843648340799
0.0458244,20.40041091842398,0.1661425636767042
0.0484682,17.89022846836848,0.1546226758761147
0.0511119,15.77806594062153,0.1472404479471056
0.0537556,13.94056225721421,0.131936858941471
0.0563993,12.38711793146504,0.1255317931355375
0.059043,11.04557256659267,0.1123971748466835
0.0616867,9.919710975998891,0.1091403282604249
0.0643304,9.084118058407325,0.10218023603267
0.0669742,8.220023107658159,0.09382410738926686
0.0696179,7.513355874722531,0.09058496722798474
0.0722616,6.860651310349612,0.0821983024813524
0.07490529999999999,6.306396578107658,0.07865755481602359
0.07754900000000001,5.811821302025527,0.0746349521999249
0.08019270000000001,5.345186445615982,0.06935800346348452
0.08283649999999999,4.944556648168701,0.06729437050414594
0.08548020000000001,4.545293136792453,0.06236872614580469
0.08812390000000001,4.251185581298557,0.06272773262463796
0.0907676,4.043980284406215,0.06120207005508752
0.0934113,3.694569229328524,0.05766730845948805
0.096055,3.450285607658158,0.05613258196120943
0.0986987,3.221888752774695,0.05272924248522144
0.101342,3.0355562763596,0.05108498189907174
0.103986,2.878433240843507,0.04797505133380033
0.10663,2.69055828454495,0.04667794441343184
0.109274,2.536328700749168,0.045075366624381
0.111917,2.422742980022198,0.04298153975133632
0.114561,2.287987791342953,0.04091631054886273
0.117205,2.151014648307436,0.0392569239397909
0.119848,2.058468281770255,0.03767070950798235
0.122492,1.926537527746948,0.03526939146389179
0.125136,1.840996336015538,0.03449827629032898
0.12778,1.683990160238624,0.03199860966341746
0.130423,1.688650998196449,0.03236654730324499
0.133067,1.581061567008879,0.0306513326492279
0.135711,1.517253310904551,0.02893164891045637
0.138354,1.442151871531632,0.02811313135215948
0.140998,1.391705868479467,0.02716679174211808
0.143642,1.33851216218091,0.02624661576676339
0.146286,1.279605147752497,0.02479265241270923
0.148929,1.217457673418424,0.02384868998200508
0.151573,1.164305354467259,0.02336503047660775
0.154217,1.136999113485017,0.0224901986910115
0.15686,1.086407636653718,0.0217773555432048
0.159504,1.036544146781354,0.02067341361646207
0.162148,0.9765264497780244,0.01976781783694068
0.164792,0.9421684274417313,0.01931101091972242
0.167435,0.9333629259156493,0.01883656876939851
0.170079,0.8929645255271922,0.01815231969449421
0.172723,0.8800246614872365,0.01782343910324443
0.175366,0.8063369388179801,0.01668320385116112
0.17801,0.8155664317425083,0.01664254330300774
0.180654,0.7745554619866816,0.01586008838723363
0.183298,0.7448868916481688,0.01544787347682628
0.185941,0.7326302393174251,0.01506463537116825
0.188585,0.7032551803551609,0.01455974084277661
0.191229,0.6684700076304106,0.01392847647113549
0.193872,0.6439375201165373,0.01344829750528769
0.196516,0.6294984406215316,0.01320379932237211
0.19916,0.6206294159267479,0.01299696554567579
0.201804,0.603519158573807,0.01288009519876063
0.204447,0.5862217653995561,0.01233754778656725
0.207091,0.5560744020532741,0.01171048259667151
0.209735,0.537582269700333,0.01135893581609526
0.212378,0.5260309877913429,0.01117949150654427
0.215022,0.5190020976692564,0.01097301897561295
0.217666,0.520585896226415,0.01105605558328403
0.22031,0.4942839622641509,0.01069166777304984
0.222953,0.4891505119311876,0.01038024385027197
0.225597,0.4802526900665927,0.01013206036814818
0.228241,0.4541886188956715,0.009774044283119019
0.230885,0.4464033337957825,0.009596856249624646
0.233528,0.4454160807436182,0.009615301683994777
0.236172,0.4193542071309656,0.009099524036081203
0.238816,0.4144719193951165,0.008985361017137861
0.241459,0.3992289456159823,0.008641985864159204
0.244103,0.3949995158157603,0.008458555109819455
0.246747,0.3890059961154274,0.008422582496485816
0.249391,0.3691661653718091,0.008107860717902593
0.252034,0.3760103232519423,0.008230151350551516
0.254678,0.3614345144284129,0.007855287183133705
0.257322,0.3483024556048835,0.007632402082488144
0.259965,0.3459940122086571,0.007552704912896751
0.262609,0.3421414407602664,0.007471591431511896
0.265253,0.3405633421198669,0.007511583301633156
0.267897,0.3202762395948946,0.007051571692676309
0.27054,0.3186167855160933,0.007002077534593861
0.273184,0.3114657248890122,0.006795566260738357
0.275828,0.3103483809655938,0.006761325343995863
0.278471,0.3061922717813541,0.006768222613590523
0.281115,0.2985736577413985,0.00661604809483916
0.283759,0.2941804869589346,0.006538665983078939
0.286403,0.2874127400110988,0.006275681432781511
0.289046,0.2894892265538291,0.006362149601417276
0.29169,0.2813236036348502,0.006186932823635184
0.294334,0.2777769735016648,0.006164386706604498
0.296977,0.2696691051609323,0.006011664105116144
0.299621,0.2639158289400666,0.005840839961197636
0.302265,0.2614239809933407,0.005796132333227888
0.304909,0.2537593097946726,0.005640544331265469
0.307552,0.2515207991120977,0.005634987499810254
0.310196,0.247391060627081,0.005518461657292512
0.31284,0.2422660342674806,0.005398991843665662
0.315483,0.2324952781631521,0.005239464808846912
0.318127,0.2318089234877914,0.005194601190892569
0.320771,0.2360163983074362,0.005232605007862802
0.323415,0.222550869173141,0.005024400403872988
0.326058,0.2194932873196448,0.004933853748551265
0.328702,0.2173879578246393,0.004955992761306863
0.331346,0.2193771394977803,0.004926693234163766
0.333989,0.2136401320754717,0.004795266977878149
0.336633,0.2077463311598224,0.004651247321818774
0.339277,0.2105508046614872,0.004681950212525382
0.341921,0.2074521330466149,0.004687966620833771
0.344564,0.1963853967119867,0.004468170281560445
0.347208,0.2017313165926748,0.004550508195377813
0.349852,0.1984237395948946,0.004462357448316565
0.352495,0.1891441629439511,0.004309031653399917
0.355139,0.187667515954495,0.00427322453606195
0.357783,0.1952406016231965,0.004396737995648456
0.360427,0.1802323820061043,0.004139144609448205
0.36307,0.1831703731964484,0.004140475994783045
0.365714,0.1770065083934517,0.00405559894936071
0.368358,0.1845870176886793,0.004120687951050923
0.371001,0.1771359514428413,0.004022574129853796
0.373645,0.1765729141231965,0.004017682223708582
0.376289,0.1725787100443952,0.003918455422297609
0.378933,0.1702498911625971,0.003890989355437562
0.381576,0.1637701914539401,0.00372051645793962
0.38422,0.1654544184239734,0.003775267125663625
0.386864,0.1632272343229745,0.003714893730781575
0.389507,0.1641904607380688,0.00374384292029679
0.392151,0.1630704934794673,0.003746224050716322
0.394795,0.1559474791897891,0.003566502322805001
0.397439,0.1537373376109878,0.003537195567577013
0.400082,0.1541293888734739,0.003515384479083498
0.402726,0.1558748453107658,0.003554993512067646
0.40537,0.1567953429522753,0.003561913613375634
0.408013,0.149671161209767,0.003401967647534693
0.410657,0.1460725679800222,0.003380052238834293
0.413301,0.1465991052302997,0.003356879651982509
0.415945,0.1432315669395117,0.003317273765270037
0.418588,0.1474814798140955,0.003387318213965039
0.421232,0.1386224997918979,0.003230512151854437
0.423876,0.1362905905937847,0.003235347052360636
0.426519,0.1359530822697003,0.003249073719629079
0.429163,0.1294139729467259,0.003221664998457028
0.431807,0.1336941503190899,0.003359688270651314
0.434451,0.1350527540926748,0.003436544426895229
0.437094,0.141137271018313,0.003622220630143655
0.439738,0.1318160849750277,0.003470214341822672
0.442382,0.1361696653718091,0.003610097700827558
0.445025,0.1305904105854606,0.003510333075787367
0.447669,0.1281877468784684,0.003488788675009536
0.450313,0.1275170772752497,0.003528648019896633
0.452957,0.1217557410516093,0.003375931424317736
0.4556,0.1208867761514983,0.00334021242350863
0.458244,0.1219019908435072,0.003307183446499482
0.460888,0.1160635935765816,0.003214287170899861
0.463531,0.1196712998057714,0.003317676006556958
0.466175,0.1187141807713652,0.003261004704301242
0.468819,0.1187303122225305,0.003324987111190972
0.471463,0.1176794123890122,0.0032256091783207
0.474106,0.1238585845588235,0.003402734913715244
0.47675,0.1172100116537181,0.003278286864996477
0.479394,0.1153193080604883,0.003250628332117823
0.482037,0.1110332842674806,0.003206112688599817
0.484681,0.1110038255410655,0.003057748175450141
0.487325,0.1121844728773585,0.003068446515285215
0.489969,0.1104215733213097,0.002968134252112781
0.492612,0.106885473154828,0.002895833952426393
0.495256,0.1074289293146504,0.002856421222792026
0.4979,0.1089539363207547,0.002849772538319167
0.500543,0.1052597882214206,0.002762633679229927
0.5031870000000001,0.1097518743063263,0.002820450010147976
0.505831,0.1073427621392897,0.0027772372504847
0.508475,0.1019784239733629,0.00267091299607732
0.511118,0.1079540908018868,0.002735746746923178
0.5137620000000001,0.106657444436737,0.002713851197958307
0.516406,0.107689731409545,0.00270666662153263
0.519049,0.1004172373751387,0.002590489598932899
0.521693,0.09976083358768036,0.002544999691151143
0.5243370000000001,0.0974394543562708,0.00250078669102825
0.526981,0.09893047246115427,0.002530273164591447
0.529624,0.09532116842397335,0.002433041621575146
0.532268,0.09865882221143175,0.002496991900208189
0.5349120000000001,0.09396712687291897,0.002391881722610112
0.537555,0.09350352677580465,0.002381171702857878
0.540199,0.0976473891509434,0.002460657601141809
0.542843,0.09349502726137625,0.002375707241926449
0.5454870000000001,0.09111005389844616,0.002326524038506619
0.54813,0.09352043652885682,0.002320291669223486
0.550774,0.09341567251664817,0.002343229392706327
0.553418,0.09683471836847947,0.002382057999856298
0.556061,0.08911745227524973,0.002249556020502579
0.558705,0.0946269231409545,0.002355600766179675
0.561349,0.0902624098917869,0.002229783062645263
0.563993,0.08350774528301888,0.00212908982839801
0.566636,0.08778386403995561,0.002188216630248025
0.56928,0.08501237451442842,0.002152456737516655
0.571924,0.08614153718091011,0.002162059807919928
0.574567,0.08684336632907881,0.00216508182727574
0.577211,0.08390859822419534,0.002108250539705771
0.579855,0.08454759322974473,0.002095615600909675
0.582499,0.08670303849889013,0.00214926600848602
0.5851420000000001,0.08190615566037734,0.002051979270085518
0.587786,0.0843811419256382,0.002111235649775482
0.59043,0.0851527000554939,0.002108569466518864
0.593073,0.08451473515538294,0.002065461264052943
0.5957170000000001,0.08161402462541623,0.002022099797953429
0.598361,0.08092708851276359,0.002015049285024228
0.601005,0.08048743951165371,0.001992699127591904
0.603648,0.0792284148862375,0.001961835687877981
0.6062920000000001,0.0826922130965594,0.002016133920700254
0.608936,0.07444522100443952,0.00187288317938131
0.611579,0.07997992487513875,0.001950248613327344
0.614223,0.07531172967536072,0.001869949606812114
0.6168670000000001,0.07795649334073251,0.001911164531225225
0.619511,0.07560468021642619,0.001858988018198827
0.622154,0.07396544825194229,0.001835905426330359
0.624798,0.07349933698668147,0.001814522711507694
0.6274420000000001,0.07755240815760267,0.00187223235393341
0.630085,0.07438886736958936,0.001830190646695514
0.632729,0.07377400201165372,0.00180762649638519
0.635373,0.07199930202552721,0.001774970579868482
0.6380169999999999,0.07183847967536071,0.001759132060145524
0.64066,0.07314863415649277,0.001791714808753396
0.643304,0.07540412784406215,0.001829319115627413
0.645948,0.07121409614317424,0.00174957075598128
0.6485919999999999,0.06952923966426194,0.0017155970983471
0.651235,0.07287462610987791,0.001784689591925492
0.653879,0.07455824188401776,0.001807845556173264
0.656523,0.06773240843507215,0.00168252461659259
0.659166,0.06831894818257492,0.001693932757050739
0.66181,0.06722302816315205,0.001652904093403001
0.664454,0.07307457644284128,0.001767439963632013
0.667098,0.06718286778579356,0.00167362504115683
0.669741,0.06840122155937847,0.001690826346531754
0.672385,0.06587128031354052,0.0016360306968591
0.675029,0.06669054834905661,0.001639274388582132
0.6776720000000001,0.06478199188401777,0.001601352855234465
0.680316,0.06807319249445062,0.001661810485051555
0.68296,0.06638896094617093,0.001618730083741617
0.685604,0.06356159392341842,0.00158336602224535
0.6882470000000001,0.06377268084073251,0.001575699585790374
0.690891,0.06098984870976693,0.001529645730875091
0.693535,0.06025757651220866,0.001507688171366894
0.696178,0.06614887312708102,0.001608182599879982
0.6988220000000001,0.06398010516093229,0.00157659249472562
0.701466,0.06320273265815761,0.001549373264158398
0.70411,0.0604466557991121,0.001510627528148788
0.706753,0.06301420733906771,0.001536101599140063
0.7093970000000001,0.06365833226970033,0.001552044864681374
0.712041,0.05983618097946727,0.001488225822036835
0.714684,0.06053942709489456,0.001491060398335377
0.717328,0.059257046545505,0.001467704365268324
0.7199719999999999,0.05960112923140955,0.001473295021850192
0.722616,0.05665645837957825,0.001413824590426148
0.725259,0.06278259385405106,0.001520865842676024
0.727903,0.05965028586293008,0.001448992958232553
0.7305469999999999,0.05881438048002221,0.001454198846120369
0.73319,0.06019639282741399,0.00147239939292859
0.735834,0.05791865572974474,0.001421400556158693
0.738478,0.05768081125138735,0.001411508553353235
0.7411219999999999,0.0583432262763596,0.001426158267752298
0.743765,0.05740602719200889,0.001417779306672748
0.746409,0.05610144901498335,0.001371380757478294
0.749053,0.05948962832963375,0.00144246502736199
0.751696,0.05665305674250833,0.001380488839462688
0.75434,0.0578992783018868,0.001413108762595327
0.756984,0.05460422051886793,0.001336953301467104
0.759628,0.05440374826581576,0.001341619759402089
0.762271,0.05314138380965594,0.00131610307313101
0.764915,0.05760923723640401,0.001383739509675289
0.767559,0.05320059427025526,0.001324556989642037
0.7702020000000001,0.05268112354328523,0.001296795454055654
0.772846,0.0505865506381798,0.001257279364737299
0.77549,0.05371207595726971,0.00132148782832071
0.778134,0.05624333573806881,0.001347810976232675
0.7807770000000001,0.05259242917591566,0.001295599166941638
0.783421,0.05445633171476137,0.001318718439286698
0.786065,0.05191914768312986,0.00127630483002486
0.788708,0.05211554758601554,0.001280391586181201
0.7913520000000001,0.0516681361681465,0.001259940073133235
0.793996,0.04976475769977803,0.00123365506183866
0.79664,0.04997266960321865,0.001229684293181037
0.799283,0.05304064407602663,0.00128145969237251
0.8019269999999999,0.05112492265538292,0.00124792843989757
0.804571,0.04990342362652608,0.001219913226984415
0.807214,0.04966076512208657,0.00122108826647835
0.809858,0.050049918354606,0.001213828099411944
0.8125019999999999,0.0472978268590455,0.001183271735455714
0.815146,0.04694883858213096,0.001160564072208198
0.817789,0.05240209316037737,0.001256184237836929
0.820433,0.04923389400665927,0.001207068320805968
0.8230769999999999,0.05136376290233075,0.001231415357254856
0.82572,0.04604381999167591,0.001147455874911491
0.828364,0.04707547745560489,0.001155938551296468
0.831008,0.04989456243063264,0.001209905324072739
0.8336519999999999,0.04618668645948946,0.00113238647799288
0.836295,0.04891318097946725,0.001183648472762631
0.838939,0.04711806430355161,0.001156087985576849
0.841583,0.05037454578246393,0.001194240687670984
0.844226,0.04689260855993341,0.001154964033853809
0.84687,0.04871029599056604,0.001172100293774363
0.849514,0.04807454925083241,0.00116046297705633
0.852158,0.04421905917036626,0.00109739601794251
0.854801,0.04691100166481687,0.001121492649991924
0.857445,0.04509766585738069,0.001105406683839051
0.860089,0.04339757297447281,0.001065207497655712
0.8627320000000001,0.04363690080466149,0.001070730258205269
0.865376,0.04539625221975582,0.001138769055891473
0.86802,0.04298162326581576,0.001089034101367248
0.870664,0.04514598238068813,0.001144301992755852
0.8733070000000001,0.04697440122086571,0.001160373919942757
0.875951,0.04417699424250833,0.001130811124135291
0.878595,0.04489400256659268,0.0011435533384055
0.881238,0.04585728392064373,0.0011556419991199
0.8838819999999999,0.04399438859600444,0.001139560972461036
0.886526,0.044883099472808,0.001130712764037463
0.88917,0.04454034905660377,0.001136670223970945
0.891813,0.04151384205049944,0.001082178856228263
0.8944569999999999,0.0417387506936737,0.001062990508963042
0.897101,0.04140286764705883,0.001046869878518383
0.899744,0.04376334510266371,0.001084306318225911
0.902388,0.04122572384850166,0.001034973959415329
0.9050319999999999,0.04111808469755827,0.001019680423547127
0.907676,0.03988196732796893,0.0009992772943020107
0.910319,0.04086861376248612,0.001019780482737488
0.912963,0.0408843560627081,0.001017357805748863
0.9156069999999999,0.04264303447558269,0.001048510060144927
0.91825,0.03776125950332964,0.0009456063602248
0.920894,0.04100645560488347,0.001014430796113646
0.923538,0.03820400339900111,0.0009598463070449619
0.9261819999999999,0.04073586521920089,0.0009968681180094361
0.928825,0.04123042112930077,0.001017112875816862
0.931469,0.04130178912319645,0.001006628731302776
0.934113,0.04098710564650388,0.001010474635910981
0.936756,0.03872481555216426,0.0009523760278192175
0.9394,0.03921484586570478,0.0009646496066677115
0.942044,0.03606677726137625,0.0009022524096680025
0.944688,0.04200741363762486,0.0010109285348425
0.947331,0.03987522814927857,0.0009756557320291551
0.949975,0.04008334836293009,0.0009706106107405172
0.952619,0.04120479439511654,0.0009927196586141823
0.9552619999999999,0.03828025180355161,0.0009407616952393199
0.957906,0.03900520567425084,0.0009520518331266821
0.96055,0.03962123619589345,0.0009674942128204167
0.963194,0.03708060703385128,0.0009009767288432585
0.9658369999999999,0.03858242064372919,0.0009432340060917804
0.968481,0.03965530521642619,0.0009544856943849783
0.971125,0.03657737534683685,0.0008952993117829702
0.973768,0.03496755403718091,0.0008649605738199971
0.9764119999999999,0.03784869485294118,0.0009093742526857094
0.979056,0.0371142342536071,0.0009044301639622762
0.9817,0.03995395109600444,0.0009482643555638455
0.984343,0.03758013949778024,0.0009018242802279491
0.9869869999999999,0.03741005535516093,0.0008954616516594548
0.989631,0.0352569610155383,0.0008695649121865977
0.992274,0.03737872641509434,0.0009307877110690507
0.994918,0.03366127961986681,0.0008604203753050118
0.9975619999999999,0.03511771822974473,0.0008967334647535402
1.00021,0.03693154162042175,0.0009375088185151793
1.00285,0.03563907977247503,0.0009101316801897514
1.00549,0.03547566155660378,0.0009257249001723624
1.00814,0.03737699583795782,0.0009541819589871618
1.01078,0.03571468951165372,0.0009287726296336262
1.01342,0.03625957637347392,0.0009440380228025494
1.01607,0.0342306692563818,0.0009146579526661788
1.01871,0.03620822676193119,0.0009461759273857987
1.02136,0.03602033324084351,0.000947527495189686
1.024,0.03318408670921199,0.000900464406687947
1.02664,0.03390127129578246,0.0009158979908374837
1.02929,0.03390135828246393,0.0009195368709299964
1.03193,0.03277112201720311,0.0008942831754923767
1.03457,0.03507932734461709,0.000938257362570108
1.03722,0.03016364587957825,0.0008493833531649783
1.03986,0.03413656340177581,0.0009217985445650008
1.04251,0.02851208011931188,0.0008136473080491271
1.04515,0.03334743854051055,0.0008976375141508792
1.04779,0.03299227878745838,0.0008825842733906757
1.05044,0.03281126179245283,0.0008704110814570982
1.05308,0.03156728815205327,0.0008315282738277385
1.05572,0.03305576304106549,0.0008659173423801248
1.05837,0.03281313658435073,0.0008461971293739241
1.06101,0.03220035890677025,0.0008431753153102517
1.06365,0.03179404411764706,0.0008227023901114926
1.0663,0.03402411480299667,0.0008650391325104383
1.06894,0.03331487576304106,0.0008505600668126993
1.07159,0.03158777580466149,0.0008059733071883149
1.07423,0.03134132193396227,0.0008094193412299797
1.07687,0.03272998647336293,0.0008250947826452891
1.07952,0.03206952635960045,0.0008177481952913549
1.08216,0.03148154675360711,0.0008013867660224799
1.0848,0.03126810890677025,0.0007829574251892858
1.08745,0.03008461390122086,0.0007683302234315879
1.09009,0.03239963852663708,0.0008062540670303314
1.09274,0.02736822357103219,0.0007149572901213729
1.09538,0.03027573050776915,0.0007677079710774106
1.09802,0.03106604800221976,0.0007753699636980329
1.10067,0.03250067126803551,0.000806722134415318
1.10331,0.03054081555216426,0.0007606558129745066
1.10595,0.02883965364872364,0.0007328356071514394
1.1086,0.03143186362375139,0.0007781485783286518
1.11124,0.03059092903718091,0.0007628383400418677
1.11389,0.02808043618201998,0.0007177622738299164
1.11653,0.0295594341009989,0.0007312118624445258
1.11917,0.02928890552164262,0.000737379900751135
1.12182,0.02951516703662597,0.0007347718009865398
1.12446,0.02827002365427303,0.000716178699455045
1.1271,0.02898536549667037,0.000723799402242253
1.12975,0.02765041981132076,0.0006949220581594432
1.13239,0.02737621947835739,0.0006931775668985643
1.13504,0.03079824119034406,0.0007534403295455734
1.13768,0.02965593666759157,0.0007328347273361677
1.14032,0.02865435370421754,0.0007157216864623384
1.14297,0.03079330355160932,0.000753911602188862
1.14561,0.02701218250554939,0.0006887915188413149
1.14825,0.0281865118618202,0.0006973357984192591
1.1509,0.02806838852663707,0.0006992723666733653
1.15354,0.02781220588235294,0.0006937050534925982
1.15618,0.02837710883740289,0.0007005214019062288
1.15883,0.02656722960599334,0.0006755864811887971
1.16147,0.02632696094617093,0.0006580186805662971
1.16412,0.02715071795227525,0.0006827433248032714
1.16676,0.02581397301609323,0.0006453631669996818
1.1694,0.02696610703385128,0.0006732728774419124
1.17205,0.02565155285793563,0.0006444610589083042
1.17469,0.02583602871809101,0.0006469956372819477
1.17733,0.0266259730854606,0.0006638211796308087
1.17998,0.02562570407880133,0.0006375238019846037
1.18262,0.02660600735294118,0.0006605099155856253
1.18527,0.02612579737791343,0.0006482440009536013
1.18791,0.02551057491675916,0.000638671867060915
1.19055,0.02700932339067702,0.0006671488939085355
1.1932,0.025680443881798,0.0006343326335007108
1.19584,0.02512731617647059,0.0006290592716329832
1.19848,0.02487410252497225,0.000618669255391104
1.20113,0.02683252067147614,0.0006596788781747913
1.20377,0.02550083011931187,0.0006318435483101159
1.20642,0.02717006333240844,0.0006629588580095099
1.20906,0.02319085758879024,0.0005891166706749541
1.2117,0.0242601596836848,0.0006015656042577413
1.21435,0.02308588755549389,0.0005827209483276883
1.21699,0.02541121094617092,0.0006239115605218991
1.21963,0.02601686258324085,0.0006364366684142502
1.22228,0.02384629078801332,0.0005976209211257823
1.22492,0.02383747079633741,0.000591282995163618
1.22757,0.0242905798418424,0.000602007470251435
1.23021,0.02346295192841288,0.0005821437288989444
1.23285,0.02147619901498335,0.0005448253133167848
1.2355,0.0232020307991121,0.0005800130428149802
1.23814,0.02368812153163152,0.0005866537342416873
1.24078,0.0229511795227525,0.0005760360165899927
1.24343,0.02482595768590455,0.0006084042160939957
1.24607,0.0244196749445061,0.0005976458752290466
1.24871,0.0197521756381798,0.0005070634247703416
1.25136,0.02303921691176471,0.0005692930433254523
1.254,0.02158002677580466,0.0005431745676499164
1.25665,0.02394125277469478,0.0005870958054203702
1.25929,0.02091330819922308,0.0005299647614211228
1.26193,0.02230789470033296,0.0005504713899208419
1.26458,0.02258285731132076,0.0005568387961330335
1.26722,0.0217295339900111,0.0005426313460894114
1.26986,0.02162760162319645,0.0005395101120725195
1.27251,0.02031194408990011,0.0005145998370723303
1.27515,0.02040433310210877,0.0005123581594595809
1.2778,0.02060141745283019,0.0005186280346779102
1.28044,0.02171055258046615,0.0005344406319116468
1.28308,0.02053997967536072,0.0005135517622007677
1.28573,0.0210347942563818,0.0005267476887413558
1.28837,0.02017983192286349,0.0005022452670932306
1.29101,0.02195427094894561,0.000545893426109282
1.29366,0.02127482713651498,0.0005240327323728448
1.2963,0.01962774576859045,0.0004937782595579722
1.29895,0.02078332720588236,0.0005169010509927918
1.30159,0.01903587694228634,0.0004773545811148557
1.30423,0.0208776596836848,0.0005198520783887834
1.30688,0.01919906395671476,0.0004787031765022382
1.30952,0.02017204661487236,0.0005024176748806371
1.31216,0.0197821494173141,0.000490770332428973
1.31481,0.02288691009988901,0.0005516031128343788
1.31745,0.0181438147891232,0.000459304369417201
1.3201,0.01990552857935627,0.0004901612853017809
1.32274,0.01960073869311876,0.0004862711274871735
1.32538,0.01890048675083241,0.0004691426600635833
1.32803,0.01930076741120976,0.0004768440484368581
1.33067,0.01818558213096559,0.0004600749112640789
1.33331,0.01875975145671476,0.0004634269014876556
1.33596,0.01802914116259711,0.0004533874646838307
1.3386,0.01880304564372919,0.0004674453095245
1.34124,0.01887141488623751,0.0004671828250945015
1.34389,0.01733249458934517,0.0004365430411308004
1.34653,0.01938956707824639,0.0004740591742886253
1.34918,0.01817221365149834,0.0004544463051975995
1.35182,0.01937844422863485,0.0004735634699703236
1.35446,0.01609814213374029,0.0004116853429603871
1.35711,0.01682628017480577,0.000425254046603219
1.35975,0.01711331562153164,0.0004312776202328324
1.36239,0.01763970178967814,0.0004427040799628483
1.36504,0.01644968965038846,0.0004132608821605834
1.36768,0.0175213243618202,0.0004387717745417947
1.37033,0.01774758129855716,0.0004423855245901969
1.37297,0.01578200964206438,0.0004027271285333797
1.37561,0.01729849882075472,0.0004374996530062106
1.37826,0.01849014310488346,0.0004529702294559657
1.3809,0.01624933414261931,0.0004131514488781038
1.38354,0.01755955043007769,0.0004384443433087411
1.38619,0.01694236847946726,0.0004267855967273585
1.38883,0.01672523369866814,0.0004191270305190182
1.39148,0.01476088672308546,0.0003801491616387272
1.39412,0.01536945241398447,0.0003933754459459999
1.39676,0.01682766967258602,0.0004189593758033772
1.39941,0.01591595768590455,0.0004022873424670787
1.40205,0.01557933525249722,0.000394150632778248
1.40469,0.01737690815760267,0.0004356457395018508
1.40734,0.01578097495837958,0.0003981424302694367
1.40998,0.01611071628745838,0.0004039862837638304
1.41263,0.01652324146781354,0.0004109087123194892
1.41527,0.01310270081853496,0.0003408719691123625
1.41791,0.01444159066315205,0.0003707251904063542
1.42056,0.01437073772197558,0.0003685774905876019
1.4232,0.01528691120976693,0.0003860841535323582
1.42584,0.0147972105299667,0.000375539663698199
1.42849,0.01522871483074362,0.0003858125390289132
1.43113,0.01613557158712542,0.000404181404382466
1.43377,0.01611793389289678,0.0004023751660007165
1.43642,0.0161168969200888,0.0004001302557518895
1.43906,0.0143625426609323,0.0003668662963267983
1.44171,0.01401363679245283,0.0003582307378351999
1.44435,0.0139142705327414,0.0003554076966422607
1.44699,0.01528732783018868,0.0003832323700167782
1.44964,0.0142899019145394,0.0003644006434484895
1.45228,0.01428896566315205,0.0003621759233695684
1.45492,0.01595886272197559,0.0003953985938787962
1.45757,0.01294033788845727,0.0003324667580022535
1.46021,0.01444752407047725,0.0003648383080247689
1.46286,0.01432895206714761,0.0003619260382288718
1.4655,0.01448467196170921,0.000365967379629671
1.46814,0.01355766176470588,0.0003443249315930369
1.47079,0.01378412930077692,0.0003516814106334759
1.47343,0.0142621279827969,0.0003585460382779108
1.47607,0.01313911390122087,0.0003378934905097343
1.47872,0.01322412964761376,0.0003356546930527411
1.48136,0.01300389539400666,0.0003340874684441697
1.48401,0.01333343299112098,0.0003423360395442298
1.48665,0.01335027864872364,0.0003390807304011979
1.48929,0.01390614185627081,0.0003499426590594874
1.49194,0.01227389858490566,0.0003133032415692277
1.49458,0.01632707734461709,0.000402401811312298
1.49722,0.01347387527746948,0.0003400857657068243
1.49987,0.01317386965871254,0.0003343514257229692
1.50251,0.01277540427302997,0.0003286656572979035
1.50516,0.01303273376803552,0.0003299836202851954
1.5078,0.01236520713096559,0.0003164388401723423
1.51044,0.01199123078523862,0.0003088784050814034
1.51309,0.01314162278024417,0.0003320706449288535
1.51573,0.01248476803551609,0.000320050529064245
1.51837,0.01353346344339623,0.0003381828664820036
1.52102,0.01259034926470588,0.0003198917311008356
1.52366,0.01210757318257492,0.0003077777196162753
1.5263,0.01174951997780244,0.0002996235237259261
1.52895,0.01265405327413985,0.0003221238024191931
1.53159,0.01350926512208657,0.0003394636555777407
1.53424,0.01219649875138735,0.0003133855952756505
1.53688,0.01323566682852386,0.0003324884824397221
1.53952,0.01312706395671476,0.0003285288810230335
1.54217,0.01243106520532741,0.0003129609559500133
1.54481,0.01199825381520533,0.0003056153146834228
1.54745,0.01283246295782464,0.0003254895487166319
1.5501,0.01133192210044395,0.0002950511051666586
1.55274,0.01198434739178691,0.0003131022501353722
1.55539,0.01175177476415095,0.0003098145404245394
1.55803,0.01060394200887902,0.0002861144791351366
1.56067,0.01228279411764706,0.0003267968454825589
1.56332,0.01165828697280799,0.0003104717438954583
1.56596,0.01163505008324085,0.0003158081632928614
1.5686,0.01070413693118757,0.0002918488975775442
1.57125,0.009957885058268589,0.0002797005367433815
1.57389,0.01225017411209767,0.0003310695120967687
1.57654,0.01046485946170921,0.0002893681795024228
1.57918,0.01111329938956715,0.0003099710512042089
1.58182,0.01133427074084351,0.0003131354648870665
1.58447,0.01029469291065483,0.0002908425843879273
1.58711,0.011747871809101,0.0003230737520977061
1.58975,0.01167847017203108,0.0003229612478091895
1.5924,0.01091005958657048,0.0003107614426889752
1.59504,0.01061909371531632,0.0002982837420182966
1.59769,0.0108998638318535,0.000309202428819438
1.60033,0.01074387610987792,0.0003038956608653343
1.60297,0.01091617841287459,0.0003083111002086247
1.60562,0.01127118937291898,0.0003164696700367297
1.60826,0.01091888644561599,0.0003011430405960829
1.6109,0.009541026567702553,0.0002683241175083304
1.61355,0.009930287389012207,0.0002736124309110854
1.61619,0.01135632186459489,0.0003063750984016455
1.61883,0.008784173765260819,0.000246045952589839
1.62148,0.009498611403995562,0.0002601579081421617
1.62412,0.01045809052441732,0.0002850417069282261
1.62677,0.01104506291620422,0.0002938762423740329
1.62941,0.01148404807158713,0.0003069413890541106
1.63205,0.01068102594339623,0.0002857393023312631
1.6347,0.01065045012486127,0.0002844700324492105
1.63734,0.009002617924528306,0.0002468157906728144
1.63998,0.0100590093645949,0.0002709866528013969
1.64263,0.009755293077136512,0.0002627823416960477
1.64527,0.009396353981687013,0.0002528242341824551
1.64792,0.01081619637902331,0.0002869214732836633
1.65056,0.009850433615427305,0.0002644882999387788
1.6532,0.008288931118202001,0.0002268822606120292
1.65585,0.01175557013041066,0.0003072667191912746
1.65849,0.009156939164816871,0.0002454168714813162
1.66113,0.00833090677025527,0.0002275226834242361
1.66378,0.01016476227802442,0.0002706856447247723
1.66642,0.009635567355715869,0.0002584748232906846
1.66907,0.009625969062153164,0.0002595957546619586
1.67171,0.008678972530521641,0.0002344063566478257
1.67435,0.009596384433962263,0.0002567402628923042
1.677,0.008700787874583796,0.0002351604446175425
1.67964,0.009657117161487237,0.0002567087537649942
1.68228,0.008290277122641508,0.0002248225158234716
1.68493,0.009653747572142065,0.0002563503797194456
1.68757,0.008653400735294119,0.0002331852380139425
1.69022,0.008674291273584907,0.0002325173314312442
1.69286,0.006949940552164262,0.0001919044769697671
1.6955,0.007681702275249723,0.0002109144454633342
1.69815,0.009771145255271922,0.0002585602618337877
1.70079,0.009568317494450607,0.0002555676170615875
1.70343,0.00949703190899001,0.0002495452674128272
1.70608,0.008003250832408436,0.0002163053200157599
1.70872,0.007383685904550499,0.0002005251235217463
1.71137,0.008339937361265263,0.0002243687450875354
1.71401,0.008541524417314093,0.0002292719937203813
1.71665,0.008052883601553828,0.0002175510588157617
1.7193,0.009212729675360708,0.0002447822451912046
1.72194,0.009730776567702553,0.0002550325812486
1.72458,0.009968479120421755,0.0002609737927938779
1.72723,0.009215394214761375,0.0002426633448745786
1.72987,0.00704325208102109,0.0001922478931202068
1.73251,0.007789217813540512,0.0002113354982640441
1.73516,0.007740956229189789,0.0002069338058219045
1.7378,0.008319023931742504,0.0002223060160879467
1.74045,0.008256219547724751,0.0002198119652596811
1.74309,0.008125409891786905,0.0002174328308038781
1.74573,0.008020339137069919,0.000214963604812765
1.74838,0.008898460529966705,0.0002329614727601821
1.75102,0.009722144284128749,0.0002554976099904091
1.75366,0.008747737791342957,0.000229097937396135
1.75631,0.006279325887902329,0.0001718753281772681
1.75895,0.006958721628745837,0.0001894984200952521
1.7616,0.008044065899001111,0.0002141062686720531
1.76424,0.008884093992785794,0.0002345113877101025
1.76688,0.00799149847391787,0.0002109509223282973
1.76953,0.008487240149833515,0.0002244162384906856
1.77217,0.008539427580466153,0.0002259334408250738
1.77481,0.007045216148723643,0.0001907030181194357
1.77746,0.00749722641509434,0.0002019765708435637
1.7801,0.007981103565482799,0.0002106946480669429
1.78275,0.008160483837402886,0.0002166316075878655
1.78539,0.007246729952830189,0.0001925139862273353
1.78803,0.007033383670921201,0.000188329848476696
1.79068,0.007784868479467256,0.0002077117138391496
1.79332,0.006915782255826858,0.0001844921392727272
1.79596,0.008665306465038845,0.0002288707517414656
1.79861,0.007368701304106552,0.000195032362093427
1.80125,0.00813134787735849,0.0002144200798677592
1.8039,0.006194816037735849,0.0001688929993139763
1.80654,0.007974236195893452,0.0002100154181293274
1.80918,0.007231173071587129,0.0001946881473415289
1.81183,0.007283671822974474,0.0001945914803898158
1.81447,0.007340119311875695,0.0001959014364739276
1.81711,0.008222242092119867,0.0002157373314754907
1.81976,0.00631652871809101,0.0001706059388251656
1.8224,0.006072164816870144,0.0001665133782683587
1.82504,0.006485573598779134,0.0001752370222231744
1.82769,0.006703937638734743,0.0001820527865615109
1.83033,0.008327926331853495,0.0002186463993371937
1.83298,0.007306031978357383,0.0001946474313634169
1.83562,0.006322979467258604,0.0001724082352590577
1.83826,0.007428204772475028,0.0001998235417289012
1.84091,0.00617760640954495,0.0001697494052081993
1.84355,0.00784119922308546,0.0002086776031517249
1.84619,0.006679361612097671,0.0001813866312139277
1.84884,0.007370463928967813,0.0001957131753298884
1.85148,0.007064694298002222,0.0001911068936683392
1.85413,0.008493702344617091,0.0002250526790998205
1.85677,0.007014429730854607,0.000188061804227403
1.85941,0.007313581506659267,0.0001970661844080292
1.86206,0.006746236057158714,0.0001812664118612274
1.8647,0.006459230369034406,0.0001763298322324822
1.86734,0.007421101623196447,0.0001987437302395842
1.86999,0.006284094131520534,0.0001707009676933891
1.87263,0.006675650943396226,0.0001827835893898718
1.87528,0.007207590524417315,0.0001934923570843863
1.87792,0.007172212125416205,0.0001935041556707951
1.88056,0.005814746046059934,0.0001602141534508479
1.88321,0.007563121115427303,0.0002014335901267599
1.88585,0.006583316870144281,0.0001806052115995152
1.88849,0.00593578572419534,0.0001618291983527203
1.89114,0.005990278301886791,0.000165047986997844
1.89378,0.006334292314095447,0.0001716377938765697
1.89643,0.006129450124861264,0.0001680977608674399
1.89907,0.00478157089345172,0.0001346978325323472
1.90171,0.006462039123196446,0.000174510607695967
1.90436,0.008424717327968926,0.0002225235974449048
1.907,0.006933680910099887,0.0001863844552262977
1.90964,0.005989223016093229,0.0001650124430273544
1.91229,0.007334133254716979,0.0001973195238487959
1.91493,0.006725018174250834,0.0001817909573778979
1.91757,0.005088139428412877,0.000141416953145408
1.92022,0.006324419325749168,0.0001732467571700908
1.92286,0.007002746046059932,0.0001899443231431666
1.92551,0.006297641162597114,0.0001705479175203624
1.92815,0.007247787527746947,0.0001939376233655923
1.93079,0.006142115843507212,0.0001693335803383923
1.93344,0.006008833934517201,0.000164043754948739
1.93608,0.005365750554938957,0.0001485881429841166
1.93872,0.006668827067147618,0.0001805462585402039
1.94137,0.007388122225305217,0.000199903090767463
1.94401,0.006453246600998891,0.0001760220617159064
1.94666,0.005849021087680356,0.0001604116747857736
1.9493,0.006472761376248613,0.0001766059997624003
1.95194,0.006012047863485016,0.0001641744133598474
1.95459,0.004744683962264148,0.0001329618437821571
1.95723,0.005503624445061043,0.0001528285449898345
1.95987,0.00486122322419534,0.0001355870202540269
1.96252,0.006801859461709212,0.0001852134997341798
1.96516,0.006383389428412875,0.0001732219735245522
1.96781,0.004412220865704772,0.0001242462657434326
1.97045,0.005339952136514984,0.0001478930900938203
1.97309,0.006861273654273029,0.0001857425608232755
1.97574,0.00536328516925638,0.0001491818483134418
1.97838,0.007406934239733631,0.0001981709473179952
1.98102,0.006856340593784685,0.0001863807973143937
1.98367,0.004998124236958936,0.0001388906836159496
1.98631,0.004794110710321863,0.0001341040445578786
1.98896,0.006472740774139845,0.0001762134111656309
1.9916,0.005503004092674804,0.0001520542439683506
1.99424,0.00524940357935627,0.000144534826629251
1.99689,0.006742845865704774,0.0001812707912567336
1.99953,0.006417424112097668,0.0001735679080185725
2.00217,0.006556135821309657,0.0001770254868026706
2.00482,0.005450118479467259,0.000150037665379211
2.00746,0.003812518659822421,0.0001078748999785495
2.0101,0.006119904481132074,0.0001651590097321687
2.01275,0.006332632699778028,0.0001716820493941854
2.01539,0.004904215246947839,0.0001348599064379826
2.01804,0.005371734322974473,0.0001487994300139391
2.02068,0.006117640538290788,0.0001662643789544376
2.02332,0.005814624722530519,0.0001581303228860599
2.02597,0.006418419880688121,0.0001734240116724338
2.02861,0.004830848848501665,0.0001330125621535081
2.03125,0.003831014775249723,0.0001083034002377063
2.0339,0.0072636740427303,0.0001928128911747594
2.03654,0.006390021018312985,0.0001732830824384113
2.03919,0.004911393937291898,0.0001357399181633467
2.04183,0.004448496600998889,0.0001234322525141067
2.04447,0.004579965524417315,0.0001275419237559148
2.04712,0.006203793978912321,0.0001672988198026193
2.04976,0.005682020394006657,0.0001550278232495398
2.0524,0.005909545504994449,0.0001609041225778168
2.05505,0.005121963512763598,0.0001408843596337258
2.05769,0.004058017966148723,0.0001141655919699017
2.06034,0.004166865774139846,0.0001156587865015013
2.06298,0.005407421753607104,0.000148411797421043
2.06562,0.005539444644839066,0.0001506420341886604
2.06827,0.005157298418423971,0.0001413073631900072
2.07091,0.004985712610987792,0.0001379018297218124
2.07355,0.005913645324639291,0.000159613756197209
2.0762,0.004122552927302998,0.000115558139245587
2.07884,0.004944913568257491,0.0001358016289099677
2.08149,0.005011229467258604,0.0001377808454132184
2.08413,0.004393763665371808,0.0001231195631621379
2.08677,0.003951791204217534,0.0001100298054573283
2.08942,0.00364145935072142,0.0001038101059768427
2.09206,0.005079683407325193,0.0001398826452234435
2.0947,0.004659038706992231,0.0001294539619321675
2.09735,0.005777350929522751,0.0001572429573183876
2.09999,0.004547844547724749,0.0001264969837697765
2.10263,0.005287549528301887,0.0001466690357668535
2.10528,0.003849158365704776,0.0001071824862557309
2.10792,0.005383509572697004,0.0001483714433887507
2.11057,0.003016375346836849,8.703245376695494e-05
2.11321,0.005436619519977801,0.0001534976577345972
2.11585,0.003537024972253053,0.000105076589770962
2.1185,0.005691552302996669,0.0001604988245031153
2.12114,0.005424464275804662,0.0001575299799752401
2.12378,0.004561597599889014,0.0001321797258506196
2.12643,0.004857459905660374,0.0001419975679203879
2.12907,0.00506987680355161,0.0001500115723486353
2.13172,0.005449747641509435,0.0001597892813859776
2.13436,0.00428990156770255,0.0001297607502452069
2.137,0.005693097461154275,0.0001671668301958692
2.13965,0.003359269977802442,0.0001039363661689968
2.14229,0.004809097599889012,0.0001445694683880985
2.14493,0.005977390538290788,0.0001776906744447945
2.14758,0.003391086501109877,0.0001063849078455522
2.15022,0.004763763804106548,0.0001439939279014765
2.15287,0.004746492369589348,0.0001456947444542661
2.15551,0.004790031492785794,0.0001462017074157215
2.15815,0.002868360640954496,9.133945950191849e-05
2.1608,0.005562846351276358,0.0001687137236935533
2.16344,0.003622981548279688,0.000113050756633726
2.16608,0.005056890607658156,0.0001539498424358652
2.16873,0.004491999098224196,0.0001362256167780732
2.17137,0.003885044950055493,0.0001176477702663039
2.17402,0.004091139289678133,0.0001224496559649896
2.17666,0.00374346496947836,0.0001131647056718467
2.1793,0.004805155729744728,0.0001413537887034283
2.18195,0.003853251317980023,0.0001148405296976026
2.18459,0.004254445338512761,0.0001256550485087636
2.18723,0.004275960807436183,0.0001263152990774263
2.18988,0.005472854051054386,0.000157558361826218
2.19252,0.004634426054384017,0.0001349462892289963
2.19516,0.003640859600443953,0.0001076414184718666
2.19781,0.004570525180355163,0.0001337436950329321
2.20045,0.004880190899001111,0.0001408086805424437
2.2031,0.003676540163706993,0.0001088494274669607
2.20574,0.003866857866259711,0.0001136094276849869
2.20838,0.007068757491675913,0.0001968022603373632
2.21103,0.004089111126526082,0.0001200293767812439
2.21367,0.006101154273029969,0.0001732449527499312
2.21631,0.004077546476137622,0.0001198682754444434
2.21896,0.003778685418978912,0.0001107072356515556
2.2216,0.004799414608768037,0.0001375818329549726
2.22425,0.004682227524972256,0.0001353909129951053
2.22689,0.001124659961154274,3.481471135342182e-05
2.22953,0.004873609669811322,0.0001393745796196128
2.23218,0.004602396642619314,0.0001342342357902226
2.23482,0.00546262853773585,0.0001552879571183711
2.23746,0.002556920851831297,7.771452325195492e-05
2.24011,0.004381585529966704,0.0001272127785785851
2.24275,0.00464588998335183,0.0001355650690320041
2.2454,0.003656576720310768,0.0001078504595383598
2.24804,0.003283136029411765,9.804924052343497e-05
2.25068,0.00498219422863485,0.0001441122579361025
2.25333,0.004569405799112101,0.0001323249431883682
2.25597,0.003826894353496118,0.0001130640546569706
2.25861,0.003622960946170924,0.0001072633233497805
2.26126,0.004953923557158711,0.0001435137795008083
2.2639,0.005223129023307437,0.0001498877925070872
2.26655,0.003925324361820198,0.0001157680675820688
2.26919,0.00543010467536071,0.0001576404061322493
2.27183,0.003408314442286348,0.00010092557813943
2.27448,0.002295514428412878,6.966116226767402e-05
2.27712,0.004767360016648168,0.0001377504042281982
2.27976,0.003526865843507215,0.0001062081496940487
2.28241,0.003161704911209766,9.508005108063125e-05
2.28505,0.003719985432852386,0.0001098197801730485
2.28769,0.003560392341842399,0.0001055018077014673
2.29034,0.00372211660654828,0.0001089432419176938
2.29298,0.003840459697558266,0.0001137241924562609
2.29563,0.00357404238346282,0.0001054787548100174
2.29827,0.002833316453940065,8.511327585663941e-05
2.30091,0.003750732935627082,0.0001126403075519245
2.30356,0.002983125832408433,8.855218533555666e-05
2.3062,0.00476246129300777,0.0001390129788434167
2.30884,0.00370827885682575,0.000109405325775202
2.31149,0.00310660113762486,9.38792484853991e-05
2.31413,0.005763916065482799,0.0001648155554248017
2.31678,0.004011876109877914,0.0001186309064008016
2.31942,0.006768538984461712,0.000190947973521803
2.32206,0.002891476206992232,8.614529860359496e-05
2.32471,0.004368711501109878,0.0001285276453002871
2.32735,0.003806498265815763,0.0001132090533983661
2.32999,0.004820980438401777,0.0001400328624674801
2.33264,0.004159304800221977,0.0001243701391815357
2.33528,0.002607709628190897,7.79216469228447e-05
2.33793,0.002335471073806884,7.156516075980369e-05
2.34057,0.002213055632630412,6.734245904764657e-05
2.34321,0.0034333528718091,0.0001023789510007394
2.34586,0.003878072280799111,0.0001161075978407588
2.3485,0.005437402400110988,0.000156209612302508
2.35114,0.003374652885682574,0.0001007250856886568
2.35379,0.002478831992230854,7.489491213415467e-05
2.35643,0.004397291204217538,0.0001281731312216778
2.35908,0.004377366675915651,0.0001293003050086207
2.36172,0.003241723501664817,9.706117254069008e-05
2.36436,0.003606866120976694,0.0001071714186156681
2.36701,0.003847123335183127,0.0001130937258456915
2.36965,0.003448518312985571,0.0001024984877083684
2.37229,0.003454776775804662,0.0001030852434477083
2.37494,0.004002998890122086,0.0001180865527279276
2.37758,0.004860252635960044,0.0001430306235450812
2.38022,0.003959670366259711,0.0001157507406775742
2.38287,0.00389231978357381,0.0001164373233433194
2.38551,0.003612723987236404,0.00010613482407575
2.38816,0.004910549250832411,0.0001431157378968964
2.3908,0.002329297308546058,7.132338395404995e-05
2.39344,0.003897875485571585,0.0001154990459988589
2.39609,0.004184736958934517,0.0001236015626763062
2.39873,0.004172897613762489,0.0001221686061626439
2.40137,0.003859207616537179,0.0001144414360024938
2.40402,0.004166130965593783,0.0001209489093193676
2.40666,0.004383714414539401,0.0001284378546864271
2.40931,0.004180213651498333,0.000123286358197488
2.41195,0.002853504231409543,8.555098342625389e-05
2.41459,0.004859176748057715,0.000141810755113297
2.41724,0.003285393104883461,9.765267622703602e-05
2.41988,0.003686179661487236,0.0001095827010694425
2.42252,0.004537259642064376,0.0001331284795608239
2.42517,0.002106966218091013,6.399972055018627e-05
2.42781,0.002909823529411765,8.815786474162203e-05
2.43046,0.003841139567147612,0.0001133081802752542
2.4331,0.003340116884017758,9.993144118003887e-05
2.43574,0.00419919963928968,0.0001234441158454109
2.43839,0.00380227712264151,0.0001132119612534385
2.44103,0.003228524417314096,9.675693009766712e-05
2.44367,0.003424906007214209,0.00010201365435573
2.44632,0.003762222044950053,0.0001117683419925805
2.44896,0.003330788706992229,9.933376628981614e-05
2.45161,0.004334267064372923,0.0001269252606445089
2.45425,0.001906658781908991,5.896644874650663e-05
2.45689,0.002438206922863486,7.361897965865575e-05
2.45954,0.00341056922863485,0.0001024397839646186
2.46218,0.003060546268035514,9.223457973799636e-05
2.46482,0.003218337819089899,9.577679326151642e-05
2.46747,0.004131020394006662,0.000121313427325171
2.47011,0.005077950541065484,0.0001481586070333492
2.47275,0.003312217050499445,0.0001000906965655248
2.4754,0.003843753745837956,0.0001131871076238301
2.47804,0.002697166273584907,8.176902739544187e-05
2.48069,0.00286811799389567,8.677972967988764e-05
2.48333,0.003345294880688122,0.0001010020856919656
2.48597,0.004166160724195338,0.0001235474549801065
2.48862,0.002887076512208658,8.696170715205608e-05
2.49126,0.003922197419533849,0.0001172492029226448
2.4939,0.002232350652053271,6.801596898004273e-05
2.49655,0.003864049112097671,0.0001152150252293684
2.49919,0.00220418528024417,6.74226835676629e-05
2.50184,0.002902969894561601,8.764716757139727e-05
2.50448,0.003039477178135403,9.196648256301286e-05
2.50712,0.003661660862930079,0.0001098531531398918
2.50977,0.003595058823529414,0.0001071322012939599
2.51241,0.002980923695893451,8.974975070254239e-05
2.51505,0.004033377844062155,0.0001199390914340426
2.5177,0.003326533226970035,0.0001005586968002818
2.52034,0.003452524278579356,0.0001030272063025452
2.52299,0.003745815899001113,0.0001121313544344852
2.52563,0.004161996809100999,0.0001232587270718145
2.52827,0.003053466009988902,9.248860114585729e-05
2.53092,0.003654278440621532,0.0001090628342201017
2.53356,0.003915627635960045,0.0001157292594165872
2.5362,0.003055839830743619,9.280694203173073e-05
2.53885,0.00265148682019978,8.075676372126743e-05
2.54149,0.00277639511653718,8.448422749010327e-05
2.54414,0.003627202691453941,0.0001088609909340033
2.54678,0.003790231756381797,0.0001133116284058947
2.54942,0.004030891856270813,0.0001198088470255142
2.55207,0.003200732172586017,9.657715002865906e-05
2.55471,0.003089393798557158,9.334710574924606e-05
2.55735,0.002942560280244176,8.954738606966319e-05
2.56,0.0037067634572697,0.0001115817769108924
2.56264,0.002967935210876805,9.098231750166118e-05
2.56529,0.004339307713651496,0.0001273720789297572
2.56793,0.002735335113762485,8.359611192691011e-05
2.57057,0.004049786279134295,0.0001200215428953091
2.57322,0.003820198668146504,0.0001144510667558536
2.57586,0.0030173734045505,9.122519164109288e-05
2.5785,0.003452183199223086,0.0001036567309236348
2.58115,0.003840908365704774,0.000115850614505137
2.58379,0.003302524902885682,9.984163599068851e-05
2.58643,0.003274638804106546,9.896564906593017e-05
2.58908,0.003540650943396225,0.0001063588323737202
2.59172,0.001367126179245285,4.289819951142815e-05
2.59437,0.002867032949500557,8.775321998054456e-05
2.59701,0.004240154342397337,0.0001254014841843077
2.59965,0.001518393729189791,4.742780701426611e-05
2.6023,0.003404418354605994,0.0001027263254929685
2.60494,0.002363164886237513,7.311863044586155e-05
2.60758,0.004660009295227526,0.0001391615953744845
2.61023,0.003322426539955603,0.0001006672941574959
2.61287,0.003571709766925639,0.0001078663656070776
2.61552,0.004286641856270809,0.0001280007802559604
2.61816,0.003089718854051053,9.388008415357436e-05
2.6208,0.002097402261376247,6.482699699645233e-05
2.62345,0.002659638387902332,8.175241522777325e-05
2.62609,0.003884161348501667,0.0001168300324839309
2.62873,0.00330723134017758,0.0001004497319448194
2.63138,0.002877629300776914,8.796554306505255e-05
2.63402,0.002835617022752499,8.681785981301764e-05
2.63667,0.001883735502219754,5.885859956039159e-05
2.63931,0.003333487583240842,0.0001019371994260877
2.64195,0.002981580674250832,9.110828526204549e-05
2.6446,0.003119610224750278,9.430838844148694e-05
2.64724,0.004599649694783574,0.0001357456983551694
2.64988,0.00356011306881243,0.0001082040855576043
2.65253,0.004121406076581577,0.0001239653007553275
2.65517,0.003486950402330745,0.0001055477079490601
2.65782,0.002238011653718088,6.936870099675983e-05
2.66046,0.003097300430077694,9.458097811341296e-05
2.6631,0.003138218507214205,9.551048707510025e-05
2.66575,0.002601902122641511,7.958233084198782e-05
2.66839,0.003268744311875693,0.0001001202633746511
2.67103,0.003747521295782465,0.0001154906724886677
2.67368,0.002380747641509434,7.649147644710835e-05
2.67632,0.003225914816870142,0.000103527976913787
2.67896,0.003101265191453939,9.912776736285529e-05
2.68161,0.004069291897891229,0.0001307224880121837
2.68425,0.003935767341842395,0.000127918039964434
2.6869,0.002616122155937847,8.695793422235036e-05
2.68954,0.002691979120421752,8.973985021720598e-05
2.69218,0.003683274764150942,0.0001207343676540528
2.69483,0.003224383393451723,0.0001084793530448413
2.69747,0.00197317612375139,6.805428877257776e-05
2.70011,0.00336350714483907,0.0001114221257899059
2.70276,0.002791720796337406,9.625896213463799e-05
2.7054,0.004530177094894562,0.000149738422255612
2.70805,0.002515455674250832,8.746736327083946e-05
2.71069,0.003568406562153166,0.0001204607442922378
2.71333,0.003590931534406218,0.0001229575259419139
2.71598,0.002296235502219756,8.151171008488134e-05
2.71862,0.003199409059378467,0.0001121008109550745
2.72126,0.003149517619311878,0.0001106162137662078
2.72391,0.004352046684239733,0.0001488491976079369
2.72655,0.004801069644839064,0.0001604053486618212
2.7292,0.002687462680355164,9.218726279550193e-05
2.73184,0.003993602039400666,0.0001317736798938294
2.73448,0.002990336570477249,0.0001001006938125742
2.73713,0.003006767896781355,9.888965979800366e-05
2.73977,0.002526805147058824,8.493629301363416e-05
2.74241,0.002953108559933407,9.738978150569555e-05
2.74506,0.002990847044950052,9.747808450530608e-05
2.7477,0.003837870699223088,0.0001238728499945868
2.75035,0.003512098709766928,0.0001125958822089317
2.75299,0.004193069367369591,0.0001340688657026521
2.75563,0.002897153232519423,9.329132042645676e-05
2.75828,0.003947602108768038,0.0001247584107293673
2.76092,0.001236490496670366,4.176823547985759e-05
2.76356,0.002789891786903441,9.006242680613489e-05
2.76621,0.004330588443396226,0.0001357800671416113
2.76885,0.002053277122641509,6.760236382163424e-05
2.77149,0.00206475020810211,6.760339499007436e-05
2.77414,0.002640643243618201,8.558605112794647e-05
2.77678,0.003525496947835738,0.0001114019670666993
2.77943,0.0009838491259711467,3.270747810753395e-05
2.78207,0.001278676748057713,4.250872635848794e-05
2.78471,0.004832572558268592,0.0001505964783499158
2.78736,0.004065279064927858,0.0001277585352188625
2.79,0.002958016440066592,9.404805389597607e-05
2.79264,0.003102805771365146,9.913158035973822e-05
2.79529,0.002959218229744727,9.460688260264622e-05
2.79793,0.004574814997225306,0.0001414602210178181
2.80058,0.002708616467813538,8.60572305801889e-05
2.80322,0.003437308476692561,0.0001092221866336274
2.80586,0.002531069783573806,8.183295949850262e-05
2.80851,0.003605955049944505,0.0001131481141327984
2.81115,0.002498761098779134,7.978514221242044e-05
2.81379,0.002207147405660378,7.109298278525928e-05
2.81644,0.003408921059933405,0.0001079503769168374
2.81908,0.00355789033018868,0.0001116597554175645
2.82173,0.003537141717536071,0.0001110052263277708
2.82437,0.003063016231964485,9.651390526683123e-05
2.82701,0.003874922447280801,0.000120259067275585
2.82966,0.002758125624306326,8.815861587924957e-05
2.8323,0.003370843784683682,0.0001051648962469216
2.83494,0.002443943465593785,7.803706785120312e-05
2.83759,0.003237804522752498,0.00010097600285318
2.84023,0.003144753953940065,9.905339757868542e-05
2.84288,0.003947373196448392,0.0001233775550955356
2.84552,0.002734895602108765,8.570204261159596e-05
2.84816,0.003169210946170922,0.0001006286485446394
2.85081,0.002657129508879021,8.455037666171712e-05
2.85345,0.002721540857380688,8.630578567239098e-05
2.85609,0.002993447488901223,9.432746788991042e-05
2.85874,0.002443650457824642,7.788257094887861e-05
2.86138,0.002835278232519422,9.035341123936132e-05
2.86402,0.00273728315760266,8.705696835684637e-05
2.86667,0.00255085467536071,8.137071232562609e-05
2.86931,0.001940858282463927,6.253805277173734e-05
2.87196,0.002783374653163153,8.76599932707839e-05
2.8746,0.001253397960599335,4.137167179805167e-05
2.87724,0.003249007491675917,0.0001023392171192591
2.87989,0.002594286209766924,8.27962358669066e-05
2.88253,0.00303641890954495,9.59382702799016e-05
2.88517,0.003488399417314096,0.0001099773924266228
2.88782,0.003081560418978911,9.780346658444179e-05
2.89046,0.00222957394561598,7.082003528374838e-05
2.89311,0.003375905036071032,0.00010654298730419
2.89575,0.003832225721420645,0.0001195556827468885
2.89839,0.00316944214761376,9.900161204566896e-05
2.90104,0.002411655382907881,7.735561178620735e-05
2.90368,0.002737269422863487,8.613111426431038e-05
2.90632,0.001666621323529411,5.403999178780659e-05
2.90897,0.003226237583240845,0.0001020477073180339
2.91161,0.002558099750277471,8.150391458834731e-05
2.91426,0.003097474403440618,9.707471842563775e-05
2.9169,0.004074050985016649,0.0001268160018803198
2.91954,0.003715576581576027,0.0001161198954109354
2.92219,0.001789203870699225,5.707825728198013e-05
2.92483,0.002421674875138732,7.725113513130921e-05
2.92747,0.003351672377913431,0.0001046816539208572
2.93012,0.003927306742508322,0.0001228030771713569
2.93276,0.001625607103218647,5.265062977714387e-05
2.93541,0.002875324153718087,9.009420336776974e-05
2.93805,0.002236901428967813,7.131217962108313e-05
2.94069,0.002462718854051056,7.806175885535521e-05
2.94334,0.002832219963928969,9.025079890049347e-05
2.94598,0.002964478634850167,9.236978242848939e-05
2.94862,0.0014109445754717,4.612770138993761e-05
2.95127,0.003062684309101,9.678615997933217e-05
2.95391,0.0042485577136515,0.0001305271378747366
2.95655,0.0009715427996670355,3.178856191614179e-05
2.9592,0.002754820130410651,8.603039677770985e-05
2.96184,0.004552038221420644,0.0001397970675459165
2.96449,0.003737909267480577,0.0001173478574791234
2.96713,0.003115876664816869,9.788421741807148e-05
2.96977,0.002934717744173141,9.291506852303563e-05
2.97242,0.004131235571587126,0.0001272247050309049
2.97506,0.003919784683684796,0.0001226038859758202
2.9777,0.003160851068257492,9.92362764764927e-05
2.98035,0.004749754370144283,0.0001444559740776834
2.98299,0.001900066107103221,6.15632189551352e-05
2.98564,0.002438117647058823,7.740977209415372e-05
2.98828,0.002663170504994451,8.462382184146429e-05
2.99092,0.001887427857935624,6.045222009670228e-05
2.99357,0.001911704009433962,6.163656683181399e-05
2.99621,0.002716211778579357,8.652968499510397e-05
2.99885,0.001866761653718091,6.018988870099471e-05
3.0015,0.003175991329078805,9.974512484172179e-05
3.00414,0.002936395671476138,9.284281700037044e-05
3.00679,0.003325704564372918,0.0001039432167143213
3.00943,0.002199618479467258,7.067383188029449e-05
3.01207,0.002538997017203106,8.008361268584859e-05
3.01472,0.003975650735294117,0.0001235007554861872
3.01736,0.002279870560488343,7.30566812234471e-05
3.02,0.003739493340732521,0.0001160345000854166
3.02265,0.001388030452275251,4.50956682617542e-05
3.02529,0.002930498890122085,9.201551762648766e-05
3.02794,0.001702720796337399,5.514133215394278e-05
3.03058,0.001845246184794674,5.916743922122957e-05
3.03322,0.003167361334628189,9.965838059343346e-05
3.03587,0.001979853496115425,6.355794021019948e-05
3.03851,0.0021992041481687,6.95575297748725e-05
3.04115,0.002642952968923418,8.359449585782712e-05
3.0438,0.002451096975582686,7.76129019113011e-05
3.04644,0.002070818673695894,6.579966209478904e-05
3.04908,0.00201481756381798,6.475093575223846e-05
3.05173,0.002794946170921201,8.785277812541742e-05
3.05437,0.002311233837402885,7.353026845553217e-05
3.05702,0.002430183546059937,7.666833236852302e-05
3.05966,0.00283115552164262,8.774085410592974e-05
3.0623,0.003904282741398446,0.00012022968184464
3.06495,0.002023942008879021,6.42317599018018e-05
3.06759,0.004310206090455048,0.0001310849668566313
3.07023,0.002112727941176473,6.725944647631095e-05
3.07288,0.002963418770810208,9.276799551989006e-05
3.07552,0.00287250624306326,9.045078609299593e-05
3.07817,0.003327645740843507,0.0001038533231199509
3.08081,0.002591985640954496,8.126789936206851e-05
3.08345,0.003205523307436185,9.97120949297919e-05
3.0861,0.003153947072697005,9.789655842539905e-05
3.08874,0.002034561251387348,6.460690499384764e-05
3.09138,0.002387658504439512,7.547060724270834e-05
3.09403,0.004214983143729189,0.0001285743774221323
3.09667,0.002368200957269701,7.543211595868922e-05
3.09932,0.002577140677025527,8.041714050400497e-05
3.10196,0.002733041412319647,8.565301621752833e-05
3.1046,0.002926552441731408,9.119208000040164e-05
3.10725,0.002934720033296338,9.158651759806525e-05
3.10989,0.002619635960044395,8.263857246485408e-05
3.11253,0.003137314303551612,9.739336982844111e-05
3.11518,0.002099863068812431,6.674823698280543e-05
3.11782,0.002202585183129856,6.954202602189562e-05
3.12047,0.002255205258046613,7.116510809712855e-05
3.12311,0.002871135058268591,9.005798284783064e-05
3.12575,0.003898855230299669,0.0001189571230785218
3.1284,0.002275550985016648,7.219994235083284e-05
3.13104,0.002155992369589347,6.84257662276837e-05
3.13368,0.003632955258046618,0.0001130002089873496
3.13633,0.002510568396226414,7.882047053508909e-05
3.13897,0.002708785862930077,8.464865105924953e-05
3.14161,0.002228276012763596,7.10468306016973e-05
3.14426,0.00185143597391787,5.965082850767777e-05
3.1469,0.003422284961154274,0.0001060459505677063
3.14955,0.002158368479467261,6.853114041893546e-05
3.15219,0.001629908365704771,5.213075915459062e-05
3.15483,0.002790571656492783,8.720668227043608e-05
3.15748,0.002803484600443952,8.781249334109734e-05
3.16012,0.003198873404550497,9.949214978178055e-05
3.16276,0.003607852733074364,0.0001117372279186625
3.16541,0.003094068188124305,9.686230864992805e-05
3.16805,0.0007744286903440642,2.525886865534189e-05
3.1707,0.003899626664816871,0.0001197885269879665
3.17334,0.002475993479467259,7.764588732479374e-05
3.17598,0.00227104599056604,7.207003990381846e-05
3.17863,0.00220854605993341,6.985355988479157e-05
3.18127,0.002611303551609324,8.195859719852862e-05
3.18391,0.002642694298002216,8.288484458758876e-05
3.18656,0.0029457673418424,9.158191187797149e-05
3.1892,0.003285709003884573,0.0001025932276559714
3.19185,0.002587675221975584,8.123466024769284e-05
3.19449,0.002685951859045504,8.420688461856238e-05
3.19713,0.002729765677025529,8.567340241580099e-05
3.19978,0.003018751456714764,9.355290759382343e-05
3.20242,0.003812134087125418,0.0001165762857318941
3.20506,0.003714420574361818,0.0001134780709962048
3.20771,0.002781566245837957,8.646944034702595e-05
3.21035,0.002914344547724751,9.047036365963464e-05
3.213,0.002881555147058824,8.944886802307928e-05
3.21564,0.002069497849611544,6.450770198440043e-05
3.21828,0.001638684864039956,5.202431339354896e-05
3.22093,0.003302627913429522,0.0001014942477596395
3.22357,0.002658457200332961,8.295244081147764e-05
3.22621,0.001847551331853497,5.823871997114487e-05
3.22886,0.003321371254162042,0.0001015946631920309
3.2315,0.002889184794672587,9.191280828059076e-05
3.23414,0.002731445893451723,8.871149580326593e-05
3.23679,0.003121361403995561,0.0001013058903961102
3.23943,0.002399255202552717,7.968416670240175e-05
3.24208,0.002282104744728083,7.720230815381846e-05
3.24472,0.001829236057158713,6.314975000485393e-05
3.24736,0.002997075749167592,0.0001006166965358034
3.25001,0.002350267966148726,8.119243985364734e-05
3.25265,0.004075740357935627,0.0001380453896225738
3.25529,0.003199278579356272,0.0001113699449542852
3.25794,0.002554226553829078,8.931946440947263e-05
3.26058,0.002899874999999997,0.0001014146832674028
3.26323,0.003760766162597115,0.000129748220623805
3.26587,0.003434785862930077,0.0001204675335752112
3.26851,0.00270306763318535,9.729584096241855e-05
3.27116,0.002995026983906773,0.0001066812084399858
3.2738,0.002124347530521643,7.730728955736032e-05
3.27644,0.002440431950610433,8.911986329641158e-05
3.27909,0.00208995116537181,7.742492922409378e-05
3.28173,0.002582158435072143,9.402797481100343e-05
3.28438,0.003445093784683686,0.0001259930336978385
3.28702,0.003074402330743616,0.0001092843989599761
3.28966,0.002952989525527192,0.0001041640447253056
3.29231,0.003426130688124308,0.0001179039219892714
3.29495,0.002017431742508324,7.076835692689532e-05
3.29759,0.002382203523862376,8.255952046500864e-05
3.30024,0.003433723709766929,0.0001158479300870557
3.30288,0.002834305355160933,9.664143314389216e-05
3.30553,0.002313690066592675,7.930650085578823e-05
3.30817,0.002251242785793561,7.705881522793332e-05
3.31081,0.002862731687014428,9.703371204850821e-05
3.31346,0.002542664192563818,8.680209832114429e-05
3.3161,0.004682976068257493,0.0001521359544922393
3.31874,0.003247920158157603,0.0001089406828880125
3.32139,0.00397356305493896,0.0001305017586873571
3.32403,0.002168074361820202,7.409201963999504e-05
3.32667,0.001016015885127634,3.514904945816553e-05
3.32932,0.00359155417591565,0.000118195225846717
3.33196,0.002759444159267478,9.291053322859775e-05
3.33461,0.002648385058268593,8.913947155383386e-05
3.33725,0.002077649417314096,7.046850085555289e-05
3.33989,0.003010407602663708,0.0001000669864670025
3.34254,0.001586749236958934,5.360764277677446e-05
3.34518,0.002471211501109878,8.27593499530732e-05
3.34782,0.004018173487791345,0.0001299612362022481
3.35047,0.003444919811320758,0.0001121053526057764
3.35311,0.002655025804661486,8.777717996170623e-05
3.35576,0.002524820477247503,8.403013490972995e-05
3.3584,0.002061133393451721,6.88928646244469e-05
3.36104,0.003268803829078801,0.0001064647266365188
3.36369,0.001192521018312983,4.088252350025856e-05
3.36633,0.002949361265260823,9.66700083283911e-05
3.36897,0.004014735224750278,0.0001294728995972564
3.37162,0.00236647953662597,7.765326120694974e-05
3.37426,0.002217029550499444,7.403359646291926e-05
3.37691,0.003180642827413982,0.000104196511409592
3.37955,0.002721513387902333,8.915665597136243e-05
3.38219,0.003979626942286351,0.0001271251980714525
3.38484,0.00303578024417314,9.884337018397915e-05
3.38748,0.001678755965593787,5.63217531738002e-05
3.39012,0.0028467650527192,9.391125730356492e-05
3.39277,0.003103586362375136,0.0001010171075022443
3.39541,0.002215573668146502,7.313485388689654e-05
3.39806,0.00131791003052164,4.471927337911581e-05
3.4007,0.00402300124861265,0.0001290945478032004
3.40334,0.003465354814095452,0.0001124009832873025
3.40599,0.003123604744728079,0.0001018062411738484
3.40863,0.002161820477247501,7.12314737738032e-05
3.41127,0.002397661972807993,7.909625123871413e-05
3.41392,0.003035180493895673,9.877105300074251e-05
3.41656,0.002650600929522753,8.698843246320078e-05
3.41921,0.002131436945061043,7.070266396811816e-05
3.42185,0.001092003329633742,3.683734558399498e-05
3.42449,0.002116557644284128,7.045981777443579e-05
3.42714,0.002593583448945618,8.445236084104427e-05
3.42978,0.004276572003329634,0.0001358993515529169
3.43242,0.002594329703107657,8.53539637977818e-05
3.43507,0.002235447835738068,7.402113359934055e-05
3.43771,0.003091337264150943,0.000100506777557457
3.44035,0.002527482727524973,8.261870694682533e-05
3.443,0.003836776498335184,0.0001228288936786286
3.44564,0.00139711369311876,4.696938754417465e-05
3.44829,0.001573540996115426,5.208397735898888e-05
3.45093,0.003203163221420645,0.0001032304634186408
3.45357,0.001614129439511652,5.362909320888929e-05
3.45622,0.002150274139844619,7.07371790040194e-05
3.45886,0.003179463928967817,0.0001030121422256764
3.4615,0.002907534406215316,9.332467596286735e-05
3.46415,0.002092716426193116,6.861904936085267e-05
3.46679,0.001679417522197558,5.559958745806521e-05
3.46944,0.002760492577691453,8.961329807799845e-05
3.47208,0.004048817980022197,0.0001279463389346558
3.47472,0.002086185557713651,6.851019209700141e-05
3.47737,0.001910509087125414,6.260784848860169e-05
3.48001,0.002375869519977804,7.678924055818799e-05
3.48265,0.00417016440066593,0.0001301236162726763
3.4853,0.002842646920088792,9.119978206709653e-05
3.48794,0.002616861542730301,8.492147258357387e-05
3.49059,0.002593347669256381,8.413498115131395e-05
3.49323,0.002986186390122088,9.480732317897208e-05
3.49587,0.003080701997780243,9.736107577275559e-05
3.49852,0.003572552164261933,0.0001134113545216588
3.50116,0.003600543562708106,0.000114279069884469
3.5038,0.004384414886237516,0.0001367257604883611
3.50645,0.002768046684239731,8.88460708233865e-05
3.50909,0.003233713859600444,0.0001029177936202414
3.51174,0.00292165371809101,9.331083621210054e-05
3.51438,0.002660462472253055,8.616692020710362e-05
3.51702,0.002619523793007767,8.402126164332116e-05
3.51967,0.003675201026637073,0.0001164566964707476
3.52231,0.002101302927302999,6.831942396656394e-05
3.52495,0.00373367438956715,0.0001185207393179588
3.5276,0.002831611057158714,9.035887968971119e-05
3.53024,0.002540400249722532,8.157944868678575e-05
3.53288,0.002943546892341843,9.404613499539308e-05
3.53553,0.002157858004994449,7.040164337471972e-05
3.53817,0.00253965170643729,8.22153014814667e-05
3.54082,0.003770916134850166,0.0001182710036927815
3.54346,0.003590979605993341,0.0001133796273480107
3.5461,0.002343430355160932,7.655803451425892e-05
3.54875,0.001753447766370699,5.747307326878499e-05
3.55139,0.001998340455049944,6.500233684936894e-05
3.55403,0.003720713374028854,0.0001174896026263803
3.55668,0.001671325471698113,5.452429509698364e-05
3.55932,0.003373693743063267,0.0001072151495198918
3.56197,0.002428530799112097,7.828219800921496e-05
3.56461,0.002491117716426193,8.005796049358215e-05
3.56725,0.002805311320754719,9.016948766498371e-05
3.5699,0.00209847586015538,6.851699350368909e-05
3.57254,0.003591304661487236,0.0001124727081147668
3.57518,0.002715596004439512,8.686174406314949e-05
3.57783,0.003437706784128745,0.0001090566927258243
3.58047,0.003131213790233074,9.990511248420534e-05
3.58312,0.003877339761376248,0.0001217831192505543
3.58576,0.002654318465593785,8.501999292193709e-05
3.5884,0.002002433407325195,6.524531835937332e-05
3.59105,0.003384514428412876,0.000107181839858605
3.59369,0.001921956992230853,6.268706178108789e-05
3.59633,0.0001587049112097668,5.344967904144658e-06
3.59898,0.001895304730854604,6.158920969152846e-05
3.60162,0.002156798140954494,7.034760179980967e-05
3.60427,0.003449422516648169,0.0001096305185929552
3.60691,0.001643004439511655,5.373053231584754e-05
3.60955,0.003205024278579353,0.0001017897344159474
3.6122,0.003340815066592671,0.0001061392905719803
3.61484,0.003009597253052163,9.671526573709392e-05
3.61748,0.002091823668146507,6.764320905414768e-05
3.62013,0.002638898931742511,8.459468543416956e-05
3.62277,0.0028529548418424,9.134138620398038e-05
3.62541,0.002805405174805772,8.954796195107514e-05
3.62806,0.00250982900943396,8.132153025284284e-05
3.6307,0.0008597900943396226,2.867677346458855e-05
3.63335,0.003391713720865703,0.0001079721561817021
3.63599,0.002914706229189793,9.325527625843526e-05
3.63863,0.002615124098224196,8.406645480510953e-05
3.64128,0.002152771573251941,6.990540759373764e-05
3.64392,0.002797571795227529,8.964045916088385e-05
3.64656,0.002362398029966704,7.62018584694249e-05
3.64921,0.001155176262486124,3.852276513104705e-05
3.65185,0.002247623682019976,7.287238925151027e-05
3.6545,0.002323611126526084,7.495577043166946e-05
3.65714,0.002648618548834629,8.498356657976979e-05
3.65978,0.002362775735294116,7.644888884318285e-05
3.66243,0.001542674458934515,5.070192182942394e-05
3.66507,0.002795065205327415,8.949984133540867e-05
3.66771,0.002546070407880136,8.19207010003643e-05
3.67036,0.002595023307436185,8.312788617917481e-05
3.673,0.001797913984461708,5.863456483130585e-05
3.67565,0.002779437361265259,8.845682378914148e-05
3.67829,0.002251821933962265,7.248125887628278e-05
3.68093,0.002997387069922309,9.585615624938797e-05
3.68358,0.003555468437846839,0.0001108931252080244
3.68622,0.003745834211986679,0.0001177601683398038
3.68886,0.001965805147058824,6.326292270182007e-05
3.69151,0.002322748127081022,7.466508508457329e-05
3.69415,0.00174921975582686,5.65588815953327e-05
3.6968,0.002596300638179802,8.210448434261032e-05
3.69944,0.002773320824084348,8.852886243801208e-05
3.70208,0.001810293562708103,5.823892244280487e-05
3.70473,0.003102038915094338,9.77364656063446e-05
3.70737,0.00337936619034406,0.0001048887086053441
3.71001,0.002276478079911211,7.22345028260102e-05
3.71266,0.003342069506104331,0.0001042606153996178
3.7153,0.002816667660932298,8.96117927368546e-05
3.71794,0.003802867716426193,0.0001179650862361194
3.72059,0.002796086154273027,8.853254890864401e-05
3.72323,0.002154971420643727,6.881299797015594e-05
3.72588,0.003060793493340735,9.650244296685361e-05
3.72852,0.001198250693673695,3.905457415195841e-05
3.73116,0.002019322558268592,6.442639777099938e-05
3.73381,0.002507587957824643,7.992597353584121e-05
3.73645,0.002783958379578246,8.742928084121655e-05
3.73909,0.001686848016093228,5.481295871796581e-05
3.74174,0.002094575194228637,6.661505291251233e-05
3.74438,0.002682042036625973,8.483184442071231e-05
3.74703,0.003066204980577134,9.696882997136686e-05
3.74967,0.002966902816315204,9.388361982247771e-05
3.75231,0.001951317286348502,6.19845611409296e-05
3.75496,0.00208252524972253,6.667078892069258e-05
3.7576,0.003195684655937848,9.963377907517299e-05
3.76024,0.004187000901775803,0.0001290874410045975
3.76289,0.003235183476692564,0.0001009674673870042
3.76553,0.003138435973917867,9.851161904234915e-05
3.76818,0.002409400596559382,7.669717141835092e-05
3.77082,0.002649934794672588,8.341761032780769e-05
3.77346,0.003434103704217534,0.0001071561131632501
3.77611,0.002730649278579354,8.628172597703494e-05
3.77875,0.003590434794672588,0.0001114412971771196
3.78139,0.002683175152608212,8.503279459624352e-05
3.78404,0.002332408226970032,7.432355477780086e-05
3.78668,0.002553278856825751,8.07757533693751e-05
3.78933,0.002861374236958933,8.998378321087907e-05
3.79197,0.001815622641509434,6.0437566553029e-05
3.79461,0.002057415857380689,6.920515332533063e-05
3.79726,0.002392481687014429,8.0325069600619e-05
3.7999,0.002276100374583795,7.81559620882747e-05
3.80254,0.003899590038845724,0.0001306420624618136
3.80519,0.00265602386237514,9.220216068921196e-05
3.80783,0.001208334281354052,4.343597665774215e-05
3.81047,0.002820788082685908,9.928212304404865e-05
3.81312,0.002152668562708101,7.84106523001732e-05
3.81576,0.003462774972253054,0.0001222104474058279
3.81841,0.002343975166481686,8.449581599740097e-05
3.82105,0.002563728704217539,9.39464457068803e-05
3.82369,0.003895783226970034,0.0001386616730230916
3.82634,0.001737639081576029,6.488724131661998e-05
3.82898,0.001034619589345171,3.947593153095114e-05
3.83162,0.00308592577691454,0.0001136826522282538
3.83427,0.001248755618756936,4.813074371603506e-05
3.83691,0.002704067980022198,0.0001023751301774729
3.83956,0.003341485779689234,0.0001250592983014208
3.8422,0.004446770602108769,0.000163700125062639
3.84484,0.00321381451165372,0.0001217896164839383
3.84749,0.0003482305771365146,1.365828125229547e-05
3.85013,0.002166474264705883,7.978211233467714e-05
3.85277,0.001933597183684795,7.024612150365419e-05
3.85542,0.002269512278024419,8.225555662042482e-05
3.85806,0.00279164525527192,9.90632104517783e-05
3.86071,0.002878920366259708,0.0001012670307185301
3.86335,0.002047929730854607,7.269320153038712e-05
3.86599,0.002463455951720313,8.616462932446129e-05
3.86864,0.002864489733629301,9.902740453158801e-05
3.87128,0.003962195269145396,0.0001348872840744629
3.87392,0.003055118756936736,0.0001050668164771854
3.87657,0.002344893104883462,8.182156793858765e-05
3.87921,0.002170207824639289,7.59642782336819e-05
3.88186,0.003746816245837961,0.000126812452700408
3.8845,0.0008819030244173137,3.165600448470461e-05
3.88714,0.002715602871809103,9.286948090972159e-05
3.88979,0.002363325124861267,8.217892018509248e-05
3.89243,0.003182313887347393,0.0001083258154773268
3.89507,0.004123926401220864,0.0001360425907901829
3.89772,0.001709153232519426,5.900676275413733e-05
3.90036,0.002749202622086572,9.257680511149069e-05
3.903,0.001464766440066591,5.053631620133922e-05
3.90565,0.002263695615982242,7.679909397662715e-05
3.90829,0.002761472322419532,9.243219380475485e-05
3.91094,0.002770042799667037,9.312578753590614e-05
3.91358,0.002990755480022197,9.944347537173905e-05
3.91622,0.00373215212264151,0.0001215973567414156
3.91887,0.002787602663706993,9.34564468341545e-05
3.92151,0.001966304175915647,6.624908939693599e-05
3.92415,0.003117806395671476,0.0001026374669954898
3.9268,0.001703659336847947,5.79237017810637e-05
3.92944,0.002127149417314096,7.099995447134304e-05
3.93209,0.003118946379023307,0.0001023495676935173
3.93473,0.003045074084350723,9.918407332457245e-05
3.93737,0.002589728565482795,8.534126700693508e-05
3.94002,0.002478880063817981,8.207523499819533e-05
3.94266,0.002441901567702553,8.098774180287121e-05
3.9453,0.00269051408157603,8.868622105713166e-05
3.94795,0.001761102594339625,5.900968804039734e-05
3.95059,0.001785273446170922,6.007390740600402e-05
3.95324,0.001977305701997779,6.642375949139921e-05
3.95588,0.002699363831853496,8.906233943105261e-05
3.95852,0.001892356340177582,6.354690919308283e-05
3.96117,0.003540476970033297,0.0001152791734061786
3.96381,0.001628578385127634,5.473556452016637e-05
3.96645,0.002552214414539402,8.406532835167129e-05
3.9691,0.002756459142619314,9.056771947515852e-05
3.97174,0.002919943743063264,9.624006392060691e-05
3.97439,0.003008500763041066,9.908083622222752e-05
3.97703,0.002301516509433964,7.562100328704872e-05
3.97967,0.002121424320199778,7.047877837587651e-05
3.98232,0.002797544325749166,9.148268698730129e-05
3.98496,0.002361972253052166,7.816389014241743e-05
3.9876,0.003467291412319646,0.0001120648179049995
3.99025,0.002007943326859044,6.68509117039792e-05
3.99289,0.002062364941731407,6.916503791445229e-05
