0.0431807,68.58247227386238,0.4830638361013093
0.0458244,59.59765800499446,0.4342030317626998
0.0484682,52.40269107935627,0.4022461424209339
0.0511119,45.61503791620422,0.388575747742348
0.0537556,40.34121236820199,0.3431503584507126
0.0563993,35.63388277608213,0.3327952059977827
0.059043,31.66743646781354,0.2922902086553965
0.0616867,28.36184430008324,0.2863247024188184
0.0643304,25.42708649625417,0.2644496727834844
0.0669742,23.20366211986682,0.2421050971045928
0.0696179,20.96788119381243,0.2346863988127199
0.0722616,19.07168141578801,0.2103030404707029
0.07490529999999999,17.20589186112653,0.1982531404971105
0.07754900000000001,15.77234800846282,0.18804540166336
0.08019270000000001,14.39230721420644,0.1722556995501238
0.08283649999999999,13.16483696170921,0.1665538980931717
0.08548020000000001,12.16469921337403,0.1530375458417788
0.08812390000000001,11.19562994866815,0.1531625238690963
0.0907676,10.3374552427858,0.1453470662653603
0.0934113,9.494864040649279,0.1365670938703605
0.096055,8.757441476137625,0.1326721135424496
0.0986987,8.163762365427305,0.1232705566828366
0.101342,7.560092971698114,0.1184829321421196
0.103986,7.015343548834629,0.107899483743428
0.10663,6.529720049250833,0.1047428282438115
0.109274,6.140436428274141,0.1013215144146946
0.111917,5.684345227524974,0.09329772401660151
0.114561,5.278390746392897,0.08747051310821749
0.117205,4.932494594200888,0.08297266477045304
0.119848,4.656082189927858,0.07907401159131136
0.122492,4.328092612375139,0.07291826458075149
0.125136,4.025496988068813,0.06970447233808176
0.12778,3.787065555632631,0.06586564788884137
0.130423,3.536895476553829,0.06255064758313843
0.133067,3.363947686598224,0.06034064765446062
0.135711,3.137241074500555,0.05497486280047445
0.138354,2.974096523307437,0.05336360600460679
0.140998,2.810569894561598,0.050468961859036
0.143642,2.643341913845727,0.04778215306976939
0.146286,2.497107138596005,0.04469813164976175
0.148929,2.333903115982242,0.04188169463291758
0.151573,2.2379384704495,0.04137071138128348
0.154217,2.058326104328524,0.03756848082131053
0.15686,1.9638065822697,0.03630200273579558
0.159504,1.867855488346282,0.03436338473387397
0.162148,1.75152032463929,0.03246174136621201
0.164792,1.685766062014429,0.03190761958725183
0.167435,1.591457001942286,0.02959143756212022
0.170079,1.503047218368479,0.02827797438060711
0.172723,1.42652695754717,0.02678314965220645
0.175366,1.361073211015538,0.02588094475148187
0.17801,1.282894823806881,0.02435375179209453
0.180654,1.253590658990011,0.0236833863607544
0.183298,1.162740692980022,0.02236600376406778
0.185941,1.120545971836848,0.0214162300609354
0.188585,1.052346009988901,0.0202673640785173
0.191229,1.009227055355161,0.01958323560170561
0.193872,0.9727004779411765,0.01878897363523462
0.196516,0.9303652275249722,0.01816571497947112
0.19916,0.8882384475582686,0.01736321985370731
0.201804,0.8643326990843507,0.01726011858684031
0.204447,0.8272394263318535,0.0163000458849581
0.207091,0.7792243118756937,0.01533577940918116
0.209735,0.7347806187569368,0.01459257854020041
0.212378,0.7060522142064375,0.01411419389124367
0.215022,0.6742035058268592,0.0135035773962123
0.217666,0.652650449500555,0.01322035380638696
0.22031,0.6235170990566039,0.01283588622188323
0.222953,0.5991380743618203,0.01219614452028335
0.225597,0.5722633102108768,0.01160853103324841
0.228241,0.5476928919256382,0.01131645275402217
0.230885,0.5127499070477247,0.01068675310382067
0.233528,0.5093000152608214,0.01066854074454059
0.236172,0.4846887590177581,0.01018809470959675
0.238816,0.4893040434239734,0.01020316619455044
0.241459,0.4593127067147614,0.009634142559753008
0.244103,0.4321304675360711,0.009056294082713251
0.246747,0.4241060377358491,0.009002765781579568
0.249391,0.4085026872918979,0.008757649467911414
0.252034,0.3918245019422864,0.008497737214398792
0.254678,0.3698360543840178,0.008001030148882914
0.257322,0.3735990982241953,0.008048455784168337
0.259965,0.3594384905660378,0.00777944544859925
0.262609,0.3382398591842397,0.007417510606809718
0.265253,0.3410655757491676,0.007528162081274346
0.267897,0.3280162229467259,0.007185144539212042
0.27054,0.3249001997780244,0.007111661379238203
0.273184,0.3006468708379578,0.00662939001486128
0.275828,0.294853077136515,0.006522047341867768
0.278471,0.289843811736959,0.006509652961475005
0.281115,0.2754287909267481,0.006245667627086872
0.283759,0.2618596698113207,0.006017473278825848
0.286403,0.2602605341287458,0.00584507693021429
0.289046,0.2569692556881243,0.00584819684367489
0.29169,0.2427827809378469,0.005568382799887337
0.294334,0.2414263838790233,0.005579279083861802
0.296977,0.2389323612652608,0.005518529468518052
0.299621,0.221637554800222,0.005157973110966762
0.302265,0.2224175506381798,0.005173211629079067
0.304909,0.2115879377081021,0.004958317052631295
0.307552,0.2176550527192009,0.005092759036460822
0.310196,0.2059581596836848,0.004849672866345288
0.31284,0.1994887312708102,0.004709536321752347
0.315483,0.1925703600166482,0.004596018407130175
0.318127,0.1928432166342952,0.004562093369084279
0.320771,0.1877330215038846,0.004458595364176107
0.323415,0.1838254286903441,0.004398673583224396
0.326058,0.1771995158157603,0.004249645581118714
0.328702,0.1755907200332963,0.004277448287234309
0.331346,0.1648048087541621,0.00402803225928152
0.333989,0.1720851064095449,0.004126101584893823
0.336633,0.1659150312153163,0.003979831839242327
0.339277,0.156784817563818,0.003818386082578776
0.341921,0.1527061265260821,0.003795016746965162
0.344564,0.1522861708518313,0.003744966383695817
0.347208,0.1469354071864595,0.003658246578746617
0.349852,0.1475782387624862,0.003632372753041954
0.352495,0.1450387106687014,0.003591935903508898
0.355139,0.136919028163152,0.003438130980213868
0.357783,0.1446674377774695,0.003574612387457733
0.360427,0.1396033753468369,0.003473198620227245
0.36307,0.1350844103773585,0.003357529620274568
0.365714,0.1371467158018868,0.003404755131948111
0.368358,0.1289118560627081,0.003216569145334008
0.371001,0.1276673582130965,0.00321650312235209
0.373645,0.1218902018590455,0.003117360401884531
0.376289,0.1223463737513873,0.003091404594706363
0.378933,0.1220239026775805,0.003101035390460491
0.381576,0.1147260474472808,0.002913511413549638
0.38422,0.1208905921198668,0.003049624460012549
0.386864,0.1101277254439512,0.002836619011027673
0.389507,0.1083993550221976,0.00282102096650937
0.392151,0.1109069384017758,0.002879520401021079
0.394795,0.106273528718091,0.00274264339379929
0.397439,0.1028562180216426,0.002690191042254819
0.400082,0.1037375922586016,0.002681810634598766
0.402726,0.105215221281909,0.002719853351304481
0.40537,0.09834237610987792,0.002591328720595858
0.408013,0.1014765566037736,0.002609011795214235
0.410657,0.09474886931187571,0.002520126397373038
0.413301,0.09325276019700333,0.002463005783378695
0.415945,0.09649192903718092,0.002536948504483264
0.418588,0.09609881333240844,0.002531011245830648
0.421232,0.09331699757214207,0.002466977486547547
0.423876,0.09105346448390678,0.002463998641403141
0.426519,0.08896550943396225,0.002432915152230258
0.429163,0.08692384045504993,0.002465435784293147
0.431807,0.08382761591287458,0.002447048922984438
0.434451,0.08536639657325196,0.002518444987438295
0.437094,0.08364841419256382,0.002542990466123531
0.439738,0.08450222051886792,0.002563692589692083
0.442382,0.08171268354605993,0.002555445878525355
0.445025,0.07466056111265261,0.002397925598565952
0.447669,0.08537258178412876,0.002648693857598746
0.450313,0.08316133226970035,0.002640570584037383
0.452957,0.07949378836015539,0.002524296314416774
0.4556,0.07806261480299669,0.002480750207816407
0.458244,0.07346613554384018,0.002341695560648331
0.460888,0.0725691998473918,0.002336388831462122
0.463531,0.07401066301331853,0.00239438188834476
0.466175,0.07453495005549389,0.002374086164479704
0.468819,0.06798919540788013,0.00227883516091007
0.471463,0.071376424736404,0.002290059819615289
0.474106,0.07155747606825751,0.002347495984416856
0.47675,0.06604526970033296,0.002215692469164114
0.479394,0.07117329252219756,0.002342450033491889
0.482037,0.07004944062153165,0.002344978469611462
0.484681,0.07098560273307436,0.002247140813599595
0.487325,0.06267153933129856,0.002064644993935185
0.489969,0.06565353433684795,0.00207721163692335
0.492612,0.06570222398723639,0.002080219975974847
0.495256,0.06538510717258601,0.002033456618280622
0.4979,0.0640520980854606,0.001981977432010748
0.500543,0.06292256915926749,0.001944155766740757
0.5031870000000001,0.06015138179800222,0.001868243887161705
0.505831,0.06119694568534961,0.001893029607296544
0.508475,0.06144766648168701,0.001888558357889188
0.511118,0.0619175341981132,0.001870879833017748
0.5137620000000001,0.05594764282741399,0.00174568440869093
0.516406,0.05899016911764705,0.001791962917875307
0.519049,0.05803943215871255,0.001781590767859894
0.521693,0.05937575589622643,0.001783375655846918
0.5243370000000001,0.06003632588790233,0.001797058421908494
0.526981,0.05839149701720311,0.001764210712952259
0.529624,0.05511683990011099,0.00167032627900211
0.532268,0.05361840045782464,0.001645026366084011
0.5349120000000001,0.05431827698390678,0.001641607642935052
0.537555,0.05601668507214206,0.001676412103995585
0.540199,0.05713535668701443,0.001706057272730472
0.542843,0.05184514033018869,0.001584219300494874
0.5454870000000001,0.05252525714483908,0.001593294061499893
0.54813,0.0518341067563818,0.001545069344395691
0.550774,0.05409950090177581,0.001613123233762081
0.553418,0.05252775457824639,0.001563784445915178
0.556061,0.05056463457269702,0.001523533395285364
0.558705,0.05483188984461711,0.001621356905196678
0.561349,0.0490207880826859,0.001461528009036488
0.563993,0.04811419228634851,0.001456328214783809
0.566636,0.05037771392896782,0.001491939369268029
0.56928,0.05185712617924529,0.001533326262150802
0.571924,0.05288488068812431,0.001545780417309752
0.574567,0.05180959482519423,0.001517708105287015
0.577211,0.05112794200887902,0.001499194711963955
0.579855,0.05202702719200888,0.001500052429437094
0.582499,0.05115657207269701,0.00149650599049212
0.5851420000000001,0.04754556950610433,0.001408991588324085
0.587786,0.05277089150943396,0.001530646464868892
0.59043,0.051009237236404,0.001481651791546159
0.593073,0.04536823335183131,0.001341829276004714
0.5957170000000001,0.04434897606825749,0.001325971062437924
0.598361,0.04859008726415095,0.001417571314969328
0.601005,0.04661771004439512,0.00136550004638192
0.603648,0.04631885814372919,0.001352755530408984
0.6062920000000001,0.04448486986681465,0.001312214631363718
0.608936,0.04560279522752497,0.00133401046313653
0.611579,0.04775751713374029,0.001365164494925209
0.614223,0.04345127809378468,0.001276435089793074
0.6168670000000001,0.04522532796892342,0.001311307417993756
0.619511,0.04574116814650388,0.001312687179113718
0.622154,0.04625927455604884,0.001326919914012098
0.624798,0.04712916426193118,0.001333639580881149
0.6274420000000001,0.04406342855160933,0.001264855708183151
0.630085,0.04435447225305217,0.001279497199912176
0.632729,0.04335968111820199,0.001249264959699358
0.635373,0.04421451983906771,0.001265298886771187
0.6380169999999999,0.03898413658435072,0.001146331196810124
0.64066,0.04538523238068813,0.001287251891074214
0.643304,0.04102445040233074,0.001197763779288807
0.645948,0.04010422516648169,0.001171745820225206
0.6485919999999999,0.0412513574500555,0.001192027553380747
0.651235,0.04207580119311876,0.001218536996832584
0.653879,0.04009091391509434,0.0011727994051032
0.656523,0.04115600860155384,0.001187872402027126
0.659166,0.04354825450887902,0.001238456810455509
0.66181,0.04309885155382909,0.001212028090302106
0.664454,0.04253989345172031,0.001214216825113601
0.667098,0.04379450693673696,0.001243052191202699
0.669741,0.04182811806326304,0.00120018669307746
0.672385,0.04110328780521642,0.001176806355113804
0.675029,0.03881273619589344,0.001121745043517657
0.6776720000000001,0.04295540822697003,0.001202398193506399
0.680316,0.03750373772197558,0.001094094508719309
0.68296,0.03885856902053274,0.001111604545332308
0.685604,0.03802706562153163,0.001104194066292973
0.6882470000000001,0.04157674715593785,0.001167954500661766
0.690891,0.0401519144700333,0.001141358901800256
0.693535,0.03784880015260821,0.001086845366149988
0.696178,0.04018293666759157,0.001135086989285458
0.6988220000000001,0.03972764608768035,0.001129558631587067
0.701466,0.03729690857380688,0.001069330846206592
0.70411,0.0399720283018868,0.001131092025112109
0.706753,0.0373770118618202,0.001063158514456652
0.7093970000000001,0.03766092036625972,0.001074200974423769
0.712041,0.03711956333240844,0.001063542883968653
0.714684,0.03602543569644839,0.001033705241192854
0.717328,0.03957461591287458,0.001105592226133559
0.7199719999999999,0.03815197620699223,0.001076516404211257
0.722616,0.03633625513318536,0.001033023840945707
0.725259,0.0386362356409545,0.001082424333973069
0.727903,0.03650015406492786,0.001024193356218396
0.7305469999999999,0.03477709898723641,0.001003282076989664
0.73319,0.03409452823251943,0.0009842987169431854
0.735834,0.03436831652330744,0.0009818315001883556
0.738478,0.0369178457963374,0.001030146590071412
0.7411219999999999,0.034257484045505,0.000978255567004673
0.743765,0.0340726968645949,0.0009794296419071502
0.746409,0.03547365628468369,0.000990717202735583
0.749053,0.03903635835183131,0.001073783051423342
0.751696,0.03623410072142064,0.001006122927563437
0.75434,0.03770124556048836,0.001045062949064231
0.756984,0.03482303711154273,0.0009706737588354728
0.759628,0.03608325437014429,0.001003483083627734
0.762271,0.0348943478773585,0.0009763263976023856
0.764915,0.03482483865149834,0.000968777855490732
0.767559,0.03645471954772475,0.001014218446044779
0.7702020000000001,0.03681017459766926,0.001005726063622969
0.772846,0.03576962846836847,0.0009829751907139282
0.77549,0.0356994920227525,0.0009894333247521577
0.778134,0.0344288615427303,0.000951048132033228
0.7807770000000001,0.03719400104051054,0.001014436420649379
0.783421,0.03401681936736959,0.0009438740040041718
0.786065,0.0365897137208657,0.0009966199192804786
0.788708,0.03652533670921199,0.000995606594647635
0.7913520000000001,0.03402863353218646,0.0009357949458659754
0.793996,0.03340128100721421,0.0009284065852480824
0.79664,0.03496682609600445,0.0009537086052731474
0.799283,0.03332927892619313,0.0009202737496368822
0.8019269999999999,0.03450485814372919,0.0009434165724713367
0.804571,0.03625047481964484,0.0009722629337382331
0.807214,0.03347996046059933,0.0009219526627973527
0.809858,0.03370294624028857,0.0009152374665007851
0.8125019999999999,0.0362247885682575,0.0009796848151161094
0.815146,0.03576155015260822,0.0009560946355804051
0.817789,0.0334270702691454,0.0009120002244458178
0.820433,0.03291816842397337,0.0009058408793334896
0.8230769999999999,0.03225901539955605,0.0008832476115889142
0.82572,0.03278164740566038,0.0008999889152213856
0.828364,0.03477611008601554,0.0009315871207314396
0.831008,0.03485117730299667,0.0009377398922460227
0.8336519999999999,0.03352179189789123,0.0008999310096259524
0.836295,0.03413563172863485,0.0009162799503768474
0.838939,0.03292474507491676,0.0008948665338977757
0.841583,0.03216312860710322,0.0008662905769255595
0.844226,0.0309799746809101,0.0008584375100870369
0.84687,0.03459732498612653,0.0009183776202192163
0.849514,0.03300602955049944,0.0008872354608747653
0.852158,0.03295742001942287,0.0008892573928231291
0.854801,0.03439865427302997,0.0008982846970724703
0.857445,0.03160722190621532,0.0008564732392908915
0.860089,0.03398169963928968,0.0008939880957878399
0.8627320000000001,0.0319609532463929,0.0008560382878519327
0.865376,0.03146167258601554,0.0008757418532204205
0.86802,0.03140571039123197,0.0008685561301362946
0.870664,0.0329401256936737,0.0009134771231881779
0.8733070000000001,0.03361716134850166,0.0009131896147285523
0.875951,0.03435278711154273,0.0009455466523899152
0.878595,0.03453695622918979,0.0009484367714421967
0.881238,0.03156896607935627,0.0008838117933041141
0.8838819999999999,0.03231715912874584,0.0009140317092923721
0.886526,0.03004296559378469,0.0008455592338065385
0.88917,0.0322997205882353,0.000902785878800283
0.891813,0.03343291668978913,0.0009268657848143613
0.8944569999999999,0.03439045921198669,0.0009255068668013167
0.897101,0.03514857103218647,0.0009317719450421777
0.899744,0.03365638547447281,0.000898684304633406
0.902388,0.03123626491398447,0.000847421347013435
0.9050319999999999,0.0313944158573807,0.0008392121320675933
0.907676,0.03329851768867924,0.0008780424722463526
0.910319,0.03200093965038846,0.0008552774696893326
0.912963,0.03247798605715872,0.0008623564605054425
0.9156069999999999,0.0322836074500555,0.0008585894215385428
0.91825,0.03073374285516094,0.0008144838623947119
0.920894,0.03205676220865705,0.0008500513683727189
0.923538,0.03295334995837958,0.0008634552144138462
0.9261819999999999,0.031454546545505,0.0008272510116705316
0.928825,0.03302077837125416,0.0008677109075140668
0.931469,0.03249267078246393,0.0008471563418489337
0.934113,0.03293371843784684,0.0008641856799589289
0.936756,0.03470017071309657,0.0008810007625578755
0.9394,0.029801971281909,0.0007905721421602568
0.942044,0.03068935217813541,0.0008027042985541163
0.944688,0.03192295609045505,0.0008297815259274498
0.947331,0.03127567903718091,0.0008187965912033437
0.949975,0.03298914955604884,0.0008441482535328348
0.952619,0.03081139678135405,0.0008049541940450689
0.9552619999999999,0.03128643104883463,0.0008133834879616051
0.957906,0.03227564130133186,0.0008310533552042671
0.96055,0.02969546066870145,0.0007851024162467469
0.963194,0.03271927795504995,0.0008235975956056865
0.9658369999999999,0.0307962198945616,0.0008018137535380362
0.968481,0.03084032672031077,0.0007958264938321941
0.971125,0.03218122870421754,0.0008166884125771904
0.973768,0.03111940059655938,0.000795418746663923
0.9764119999999999,0.03139874687846837,0.0007948475856496965
0.979056,0.03278536494173141,0.0008278093420697334
0.9817,0.03187746663429523,0.0008060857023952238
0.984343,0.03099799465871255,0.0007847597286626281
0.9869869999999999,0.03032620338512763,0.0007691154589486048
0.989631,0.02921825402330744,0.0007585982022233832
0.992274,0.03061667938401776,0.0008061318200505486
0.994918,0.03086541322142064,0.0008086427046634007
0.9975619999999999,0.03021173806881243,0.0008043231691679687
1.00021,0.03187344922308546,0.0008435414491094209
1.00285,0.0318450640954495,0.000839534223964671
1.00549,0.0330783772891232,0.000881231288936109
1.00814,0.03178114261931188,0.000848946725444998
1.01078,0.03332196059933408,0.0008844768875760732
1.01342,0.02938444665649279,0.0008101148984915717
1.01607,0.03007584198113207,0.0008329763227750746
1.01871,0.02870963145116538,0.0007987612314328744
1.02136,0.03222705008324084,0.0008750659018269163
1.024,0.02890502871809101,0.0008145703149424977
1.02664,0.03086957942563818,0.0008564953823296745
1.02929,0.03004104959766925,0.0008426725826002028
1.03193,0.03037367751109878,0.0008470569922075255
1.03457,0.0287274682991121,0.0008110724800949168
1.03722,0.03130523161764705,0.0008746634173847748
1.03986,0.02978471129300777,0.0008349878493715112
1.04251,0.02971135176193119,0.0008405267638757227
1.04515,0.03251715066592675,0.0008827221903437469
1.04779,0.02778887284961154,0.0007784293854179803
1.05044,0.03123046198668147,0.0008407983382989585
1.05308,0.03116035072142064,0.0008250616262111648
1.05572,0.02944153509988901,0.000796440527411574
1.05837,0.03061793611265261,0.0008054099984422716
1.06101,0.03023963332408435,0.0008064075232690266
1.06365,0.0306145276082131,0.0008014393974182259
1.0663,0.02922892820477248,0.000774710299224932
1.06894,0.03076641779966704,0.0008035564213301111
1.07159,0.02912412985571587,0.000760179636678903
1.07423,0.0308948971281909,0.0008023415815465554
1.07687,0.02907031943673696,0.0007571205128892461
1.07952,0.02779394783573807,0.0007366723270599175
1.08216,0.02778628385127636,0.0007316319015378932
1.0848,0.02815961695338513,0.0007254821657885873
1.08745,0.02905171573251943,0.0007499825743775855
1.09009,0.02753873120144285,0.0007157799563400301
1.09274,0.02931711438679245,0.0007540347033595463
1.09538,0.0323820901082131,0.0008082170396280634
1.09802,0.03198487916204218,0.0007936621322979931
1.10067,0.02704129557436183,0.0007048528628389539
1.10331,0.02910793888734739,0.0007352527990574648
1.10595,0.03128164449223086,0.0007798236293928316
1.1086,0.02880910072142065,0.0007307133326093469
1.11124,0.02882697648446171,0.0007312103315695921
1.11389,0.02702238054938956,0.0006986268005637209
1.11653,0.02960006603773585,0.0007332708683835325
1.11917,0.0274888077136515,0.0007045605484220869
1.12182,0.02966725638179801,0.0007389200651317392
1.12446,0.03042134163429523,0.0007576787848481375
1.1271,0.02726678336570477,0.0006926640382109127
1.12975,0.0290919493618202,0.0007231851900806581
1.13239,0.02933824986126526,0.0007313380098733994
1.13504,0.02737515503607103,0.0006913125094288001
1.13768,0.02882232956437292,0.0007187244711099792
1.14032,0.02578457151775804,0.0006623287641270677
1.14297,0.02851654162042176,0.0007133643074138507
1.14561,0.02695234482519423,0.0006888934146763797
1.14825,0.02773523411487237,0.0006901809904726241
1.1509,0.02542429099611542,0.0006503205212049874
1.15354,0.02815152261376248,0.0007012985333120857
1.15618,0.02742597814927858,0.0006840651397617849
1.15883,0.02830890899001109,0.0007098123813717649
1.16147,0.0288592119173141,0.0007062855369527017
1.16412,0.02861582547169812,0.000711349850348844
1.16676,0.02587349021920089,0.0006476632171480069
1.1694,0.02536253045227525,0.0006440067607319295
1.17205,0.02674016828523863,0.0006662542808763114
1.17469,0.02506374722530522,0.0006334324926949734
1.17733,0.0261446391509434,0.0006559382594473814
1.17998,0.02674725998890122,0.0006597242336094767
1.18262,0.02599623071587126,0.0006502340470705054
1.18527,0.02576203281076582,0.0006425651285280566
1.18791,0.02698580036071032,0.0006675711832892152
1.19055,0.02659020782463929,0.0006605296253913654
1.1932,0.02582115628468368,0.0006381205035385396
1.19584,0.02393781908990011,0.0006073732107750702
1.19848,0.02444484614317425,0.0006116465268838102
1.20113,0.02509473279689234,0.0006282848822592343
1.20377,0.02457185814372919,0.000615397843438498
1.20642,0.02674060092952275,0.0006562499489228507
1.20906,0.02619157762208657,0.0006474710293583633
1.2117,0.02470356284683685,0.000611048001122443
1.21435,0.02472480819922309,0.0006152100564839138
1.21699,0.02420342376526082,0.0006023389294516038
1.21963,0.02497684524139845,0.0006182076294595735
1.22228,0.02312004356270811,0.0005846895302385986
1.22492,0.02343637062985571,0.0005846984891517043
1.22757,0.0249075901082131,0.0006147133482952929
1.23021,0.02552082789955605,0.0006218299597562336
1.23285,0.02364871427580466,0.0005878635842869195
1.2355,0.02215409309100999,0.0005607511020015707
1.23814,0.02352147336293008,0.0005845567047372032
1.24078,0.02236985668701443,0.0005658346882855282
1.24343,0.02351541176470588,0.0005848497175792604
1.24607,0.02353469991675916,0.0005820988601482065
1.24871,0.0221257903718091,0.0005548986382875448
1.25136,0.02402081582963374,0.0005888850417788261
1.254,0.02567776331853496,0.0006216636321194793
1.25665,0.02224821725860155,0.0005559955641606455
1.25929,0.02294936882630411,0.0005704164494425214
1.26193,0.02231638734739179,0.0005516393044104207
1.26458,0.02332435009711432,0.0005718700268362659
1.26722,0.02341050582685904,0.0005757185960383164
1.26986,0.02253910758879023,0.0005580066481843189
1.27251,0.02102237347391787,0.0005295291940081215
1.27515,0.02166618937291898,0.000537820900519107
1.2778,0.02254245657602664,0.0005570354673699237
1.28044,0.02167058448945616,0.0005346560513567828
1.28308,0.02344084815482797,0.0005698400832999604
1.28573,0.02177321961709212,0.000542028842685837
1.28837,0.0227955901082131,0.0005530420671302819
1.29101,0.02266914123196448,0.0005605406482634376
1.29366,0.02083378177025528,0.0005165076081516842
1.2963,0.02123097898168701,0.000525927970723285
1.29895,0.02057304834905661,0.0005137675263464131
1.30159,0.02032827011653718,0.000503535230456346
1.30423,0.02078506465038846,0.0005190123063552554
1.30688,0.02008600763041065,0.0004968986539613095
1.30952,0.02124614900110988,0.0005240865238565645
1.31216,0.01959988942841288,0.0004881119524200444
1.31481,0.02051089178690344,0.0005076848191529276
1.31745,0.01982201678690344,0.0004934391265480619
1.3201,0.01935865704772475,0.0004804309896714755
1.32274,0.02055473078523863,0.0005055917601510895
1.32538,0.01918051519145394,0.0004754872874807749
1.32803,0.01882655264983352,0.0004684572376735969
1.33067,0.02082452913429523,0.0005125960851291182
1.33331,0.01867583220033296,0.0004626374882503175
1.33596,0.01874337049112098,0.000468391789511084
1.3386,0.01855488179800222,0.0004634200649021626
1.34124,0.0205355387763596,0.0005001002142435375
1.34389,0.01870049750277469,0.0004645311872334606
1.34653,0.01739200950332963,0.0004357311721706994
1.34918,0.01957876539955605,0.0004828712402420059
1.35182,0.01758006326304107,0.0004392606651752662
1.35446,0.017207565690899,0.0004350630947501598
1.35711,0.01956246913152053,0.0004800855030500609
1.35975,0.01851622766370699,0.0004599824275080824
1.36239,0.01891765059655938,0.0004687859701850507
1.36504,0.01832134544950056,0.0004512423272674383
1.36768,0.01856383684794673,0.0004602009923290809
1.37033,0.01986179259156493,0.0004843535646809576
1.37297,0.0179627657463929,0.0004475202831154513
1.37561,0.01816438256104328,0.0004556397335038303
1.37826,0.01757428780521643,0.0004358694674340718
1.3809,0.01706220178967813,0.0004304329969006037
1.38354,0.01716138034128746,0.0004313065885596294
1.38619,0.01694120102663707,0.0004275535251951934
1.38883,0.01756396843784684,0.0004366216409230551
1.39148,0.01742982124028857,0.0004353645791606365
1.39412,0.01711500041620423,0.0004297312029231187
1.39676,0.01621942674805772,0.0004075196703229333
1.39941,0.01746695310765816,0.0004342084356440772
1.40205,0.01473657165649278,0.0003774421373982391
1.40469,0.0156077135127636,0.0004004850481261291
1.40734,0.0185903471836848,0.0004546588750696212
1.40998,0.01654869422863485,0.0004135535595406837
1.41263,0.01531978072974473,0.0003872815799130854
1.41527,0.01491486230577136,0.0003798149410708965
1.41791,0.01688419956992231,0.000421349712946806
1.42056,0.01662543250554939,0.0004154906858527229
1.4232,0.01636792674805771,0.0004087113755929333
1.42584,0.01728033691731409,0.0004263672944236076
1.42849,0.01616423369866815,0.0004055895291516569
1.43113,0.01555058615427303,0.0003930632712074793
1.43377,0.01723878017480577,0.000425398297001746
1.43642,0.01640122891231965,0.000406557591161059
1.43906,0.01492056222253052,0.0003791378765737412
1.44171,0.01522119506104329,0.0003839352384393183
1.44435,0.01624677261376248,0.0004038228327325542
1.44699,0.0133969698945616,0.0003446702298090548
1.44964,0.01495670061043285,0.000378908253200639
1.45228,0.01415747842674806,0.0003601159199016089
1.45492,0.01477275353773585,0.0003721198809744838
1.45757,0.0139974778718091,0.0003553632956465068
1.46021,0.0163835957963374,0.0004046973080765593
1.46286,0.0149883797863485,0.0003761530721430316
1.4655,0.01458855237236404,0.0003687911622254949
1.46814,0.01297988706992231,0.0003327707753320282
1.47079,0.01401251512208657,0.0003571142804917376
1.47343,0.01283705722807991,0.0003294026666131558
1.47607,0.01228151678690344,0.0003201164251640603
1.47872,0.01503745858768036,0.0003736271727660469
1.48136,0.01405238249167591,0.0003567434429479154
1.48401,0.0144259628190899,0.0003658166585326349
1.48665,0.01357594041342952,0.0003444355150708244
1.48929,0.01359141030799112,0.0003440627252838659
1.49194,0.0123506986681465,0.0003155270536368449
1.49458,0.0138995766509434,0.0003538431438757456
1.49722,0.01345086958934517,0.0003402401534447712
1.49987,0.01227694540788013,0.000315957013605827
1.50251,0.01314860002774695,0.0003372192948635774
1.50516,0.01276508948390677,0.0003249737106892325
1.5078,0.01346453565482797,0.0003402148102220009
1.51044,0.01430058983074362,0.0003579224296293425
1.51309,0.01354984211986681,0.0003411854997817265
1.51573,0.0129374192563818,0.0003302654676066126
1.51837,0.01174829071864595,0.0003012569714322758
1.52102,0.01279179210599334,0.0003247410481071661
1.52366,0.01263018000832409,0.0003193965623023751
1.5263,0.01157957547169811,0.0002965343709362263
1.52895,0.01295880424528302,0.0003291540295359545
1.53159,0.01195932269700333,0.0003074428676696621
1.53424,0.01387724167591565,0.0003492792265634727
1.53688,0.01088340961431743,0.0002829207510105028
1.53952,0.01270195088790233,0.0003202910377674192
1.54217,0.01313787777469478,0.0003282792604728103
1.54481,0.01308599937569368,0.00032906953194137
1.54745,0.01280758018867924,0.0003255750235156963
1.5501,0.0114660189372919,0.0002985427314211774
1.55274,0.01122522835738069,0.0002969499066715364
1.55539,0.01087412493063263,0.0002907866106402641
1.55803,0.01117315538290788,0.0002995993658751282
1.56067,0.01333929314650388,0.0003505817805176258
1.56332,0.01084983733351832,0.0002927868528922047
1.56596,0.01202227816315206,0.0003251854784164188
1.5686,0.01163526068257492,0.0003136704135491457
1.57125,0.01076237451442841,0.0002993417330376414
1.57389,0.01064966495560489,0.0002948940368234785
1.57654,0.01082503010543841,0.0002983466576009486
1.57918,0.01268407283573807,0.0003467880049340885
1.58182,0.0112109785654828,0.0003108489771458561
1.58447,0.009778083587680354,0.0002788629924920428
1.58711,0.01278811806326304,0.0003473558038762637
1.58975,0.01100755105438402,0.0003078704301120165
1.5924,0.010331575263596,0.0002973217230181284
1.59504,0.01025100270532741,0.0002900133623265265
1.59769,0.01103272454217536,0.0003129714284548652
1.60033,0.01082701706437292,0.0003064577486592726
1.60297,0.01184698168701443,0.0003308835369732056
1.60562,0.01078445310765816,0.0003054950534603143
1.60826,0.01266042848224195,0.0003414340969732184
1.6109,0.01001450880965594,0.0002802037504790303
1.61355,0.01058740309378468,0.0002894701395409669
1.61619,0.01162495047169811,0.0003130355947215524
1.61883,0.01076595928135405,0.0002933400143457564
1.62148,0.01030136112652608,0.0002793594294825913
1.62412,0.01142561133462819,0.0003076983972615041
1.62677,0.01104861105715871,0.00029450666279507
1.62941,0.01021919304938957,0.0002786746707804982
1.63205,0.009496931187569366,0.0002589768533414523
1.6347,0.01078209759988901,0.0002879862299965154
1.63734,0.01074656354051054,0.0002877071995965836
1.63998,0.0100590093645949,0.0002714954809431823
1.64263,0.01087977906492786,0.000288859583591968
1.64527,0.01114112368201997,0.0002928260314496348
1.64792,0.01258040073529412,0.0003262292607994683
1.65056,0.008537804592119868,0.0002342700945787691
1.6532,0.009399865496670368,0.0002534514445060375
1.65585,0.01032798134017758,0.0002760127348210029
1.65849,0.009364883115982242,0.0002506793964251505
1.66113,0.009971475582685903,0.0002661887983232045
1.66378,0.008934358559933407,0.0002428004789360901
1.66642,0.009971198598779136,0.0002666508027372438
1.66907,0.0106981256936737,0.0002845225850646213
1.67171,0.008780815621531629,0.0002372319030132076
1.67435,0.009618566037735849,0.0002577336487970302
1.677,0.009029849334073251,0.0002432862118639865
1.67964,0.009970772821864598,0.0002643209213100454
1.68228,0.008726515330188677,0.0002355247974815326
1.68493,0.009063291134850167,0.000243275222192071
1.68757,0.008569916412319644,0.0002316683055293464
1.69022,0.008573638526637069,0.0002306098046795435
1.69286,0.009289126872918982,0.0002477532312111341
1.6955,0.008992683129855718,0.0002423481987142801
1.69815,0.008409116953385129,0.0002276084908535504
1.70079,0.01033764601831298,0.000273512170772023
1.70343,0.008824304384017758,0.0002346767930764068
1.70608,0.00931780271920089,0.00024730628902197
1.70872,0.008871867785793564,0.0002358616963386754
1.71137,0.009722865357935628,0.0002566240071680922
1.71401,0.00972845768590455,0.000256925781660775
1.71665,0.01042599472807991,0.0002721966902900335
1.7193,0.009419414608768035,0.000249968028809941
1.72194,0.007740818881798004,0.0002095865569837492
1.72458,0.00876721594062153,0.0002341582687545351
1.72723,0.007754269769700331,0.0002092278878496713
1.72987,0.00778499667036626,0.0002103820790838446
1.73251,0.008509902469478359,0.0002287040836629871
1.73516,0.009276614525527194,0.0002426367491385891
1.7378,0.008460606201442839,0.0002260190822046621
1.74045,0.008536339553274142,0.0002267124916050365
1.74309,0.008842958448945615,0.0002344555935385951
1.74573,0.009336241606548279,0.0002456784927901276
1.74838,0.008964021018312986,0.0002348871452162934
1.75102,0.00978811681465039,0.0002574625101750868
1.75366,0.006480635960044397,0.0001763041769739163
1.75631,0.008889315482796893,0.0002337914239586359
1.75895,0.008187156700887904,0.0002190136243242797
1.7616,0.006491239178690345,0.0001775012881145945
1.76424,0.007504073182574917,0.0002028119169614086
1.76688,0.008364305077691456,0.0002199289506051906
1.76953,0.009496651914539401,0.0002477436067409368
1.77217,0.007387311875693675,0.0001994372904677526
1.77481,0.008295581021087682,0.0002205018046308725
1.77746,0.008223382075471698,0.0002193990861549275
1.7801,0.008235745629855719,0.0002169581074130598
1.78275,0.007536583310210876,0.0002024497586074023
1.78539,0.007114899347946725,0.0001897723332502277
1.78803,0.008719391578801331,0.0002277193468336586
1.79068,0.008783040649278576,0.0002311392480836655
1.79332,0.007297905591009989,0.0001938466649712641
1.79596,0.006674066870144281,0.0001823405450337068
1.79861,0.007068711709211987,0.0001883580058500595
1.80125,0.007655668077136516,0.0002038012614318051
1.8039,0.008367812014428414,0.0002206015008771949
1.80654,0.005203138110432853,0.000143744255411422
1.80918,0.007072742855160933,0.0001912752349890091
1.81183,0.007841325124861269,0.0002080110760021659
1.81447,0.006897517341842398,0.000185774792124293
1.81711,0.005516223779134293,0.0001516023778798781
1.81976,0.006971629994450611,0.0001866358039868331
1.8224,0.007769297863485015,0.0002075843662643585
1.82504,0.008096589830743619,0.0002135333160523057
1.82769,0.008508590801886793,0.00022490455709418
1.83033,0.006847596143174249,0.0001844308433209541
1.83298,0.007307680147058824,0.0001950547824567355
1.83562,0.007893981825749168,0.0002101816845043149
1.83826,0.006215793562708103,0.0001709320228576857
1.84091,0.006684189372918981,0.0001824640804387864
1.84355,0.007219770948945616,0.0001944323763380632
1.84619,0.007457388804106548,0.0002003305853551758
1.84884,0.006409261098779134,0.0001732040746033137
1.85148,0.007828506034961156,0.0002095667436263703
1.85413,0.007885413637624862,0.0002113378821497766
1.85677,0.006301138942841288,0.0001712655333003335
1.85941,0.00768668569644839,0.000206269588010878
1.86206,0.007035901706437296,0.0001885154369778553
1.8647,0.007769135335738067,0.0002079892850605043
1.86734,0.006563115357935626,0.000178587325648638
1.86999,0.007381110640954494,0.000197282214556299
1.87263,0.007464505688124306,0.0002021353264905563
1.87528,0.00769595206714761,0.0002053814565443179
1.87792,0.006897631798002219,0.000187291601476285
1.88056,0.006432740635405105,0.0001757257829577632
1.88321,0.005488145394006658,0.0001515880349738638
1.88585,0.007726344755826856,0.0002084201339913724
1.88849,0.006643193465593784,0.0001793187051668482
1.89114,0.006576614317425085,0.0001797667865302375
1.89378,0.006835724750277468,0.0001840472807089222
1.89643,0.007634411279134296,0.0002046367004192427
1.89907,0.006769628607103218,0.0001846189370054991
1.90171,0.006904068812430632,0.0001854456756298289
1.90436,0.006623040024972256,0.0001804125088442481
1.907,0.005848865427302995,0.0001604009344642936
1.90964,0.006357359808546059,0.0001743996720870503
1.91229,0.006885671129300775,0.0001869740956040407
1.91493,0.006354638041065481,0.0001731699747904321
1.91757,0.006417227247502775,0.0001747073169197688
1.92022,0.005773518937291899,0.0001599556931037321
1.92286,0.005880114248057712,0.0001628397027403341
1.92551,0.006082372017203106,0.0001656254806304521
1.92815,0.006160202205882351,0.0001681385458084818
1.93079,0.006313182019977804,0.0001738755080670479
1.93344,0.006389858490566037,0.0001736550089012058
1.93608,0.00594473848501665,0.0001633017330453505
1.93872,0.006627989109322979,0.000179902563528415
1.94137,0.005852555493895672,0.0001628078743437992
1.94401,0.006018519214761377,0.0001656850187051774
1.94666,0.007297830049944507,0.0001957496859742144
1.9493,0.006409902053274142,0.0001754075442684467
1.95194,0.005698346420643726,0.0001567407445715916
1.95459,0.006121225305216424,0.0001678015841594733
1.95723,0.006141946448390674,0.0001690134470067655
1.95987,0.005549196309655936,0.0001532095674291141
1.96252,0.006661330188679246,0.0001821579281797376
1.96516,0.005688411625971145,0.0001564982910544587
1.96781,0.007933327275249719,0.0002109540658627434
1.97045,0.006612750416204219,0.000179554788950743
1.97309,0.00608274285516093,0.0001671549473299595
1.97574,0.005688775596559378,0.0001576450602613144
1.97838,0.005101443812430631,0.0001422127598620861
1.98102,0.005812889567147615,0.0001611348612446912
1.98367,0.006515263526637073,0.000176730413367427
1.98631,0.006793820061043284,0.0001839918800158681
1.98896,0.006508061945061045,0.0001774054720232232
1.9916,0.005398963443396227,0.0001497342611100702
1.99424,0.004681495005549389,0.0001304349302080994
1.99689,0.0059570814372919,0.0001625834356352424
1.99953,0.006163880826859043,0.0001677377096751562
2.00217,0.00605486362375139,0.0001651882253050355
2.00482,0.004374345033296336,0.000122962176910574
2.00746,0.007414408226970034,0.000197627733137056
2.0101,0.005513241051609326,0.0001506245043535565
2.01275,0.00569307456992231,0.0001563290767713936
2.01539,0.005845708726415095,0.0001584489859469301
2.01804,0.005131879994450614,0.0001430308499200663
2.02068,0.005674260266370698,0.0001556847426925371
2.02332,0.004815788706992227,0.0001335150538356418
2.02597,0.005823202067147614,0.0001592410381746025
2.02861,0.005710696240288566,0.0001551314376685317
2.03125,0.006797810002774698,0.0001828002198149095
2.0339,0.005671955119311876,0.0001549215471088352
2.03654,0.005192901151498337,0.0001440278118035132
2.03919,0.004999891440066593,0.0001382323661751428
2.04183,0.004988500763041063,0.0001373467656072657
2.04447,0.005820281145948946,0.0001589013683146842
2.04712,0.004740197280799112,0.0001313636834030839
2.04976,0.005963857241953385,0.0001622400529199758
2.0524,0.006040574916759155,0.000164418185232069
2.05505,0.005059264428412875,0.0001395787449902727
2.05769,0.00542982082408435,0.0001493452188319012
2.06034,0.006110674736403997,0.000164246263506589
2.06298,0.005898942286348505,0.0001608370182688952
2.06562,0.005000585044395116,0.0001375211551353026
2.06827,0.005380190344062152,0.0001471228001094194
2.07091,0.00501684468645949,0.0001389511138011959
2.07355,0.004165899764150944,0.000116185419979223
2.0762,0.007220034198113207,0.0001922018861966445
2.07884,0.006394935765815757,0.0001716303874864631
2.08149,0.004392181881243066,0.000122326141640075
2.08413,0.005877573321309657,0.0001607395961435847
2.08677,0.00455939317425083,0.0001257902410651964
2.08942,0.006480384156492785,0.0001760180837408997
2.09206,0.005977019700332964,0.0001623421151835042
2.0947,0.005197211570477248,0.0001432888555791359
2.09735,0.005222696379023307,0.0001437993500682254
2.09999,0.004899156284683681,0.0001356674305983659
2.10263,0.005260194506104327,0.0001462586133985996
2.10528,0.00464391904827969,0.0001277071820034989
2.10792,0.004898902192008882,0.0001364434240600565
2.11057,0.005334867993895673,0.0001478707834485109
2.11321,0.005323788637624859,0.0001508976734531807
2.11585,0.005760679245283019,0.0001646847271430106
2.1185,0.005273718645948947,0.0001500842876032714
2.12114,0.003806305979467256,0.0001140548981093383
2.12378,0.00452231624583796,0.0001313826546120935
2.12643,0.005116130826859041,0.0001491644907404363
2.12907,0.006042067425083243,0.0001760831835617413
2.13172,0.004904020671476138,0.000145453463139039
2.13436,0.005043480923973362,0.0001507918444607579
2.137,0.004878398515538293,0.0001455820053980078
2.13965,0.005562253468368483,0.0001656197449497101
2.14229,0.006132371046059936,0.000180507769461983
2.14493,0.005361868201997778,0.0001614149700345328
2.14758,0.006268033643174253,0.0001871665690752858
2.15022,0.005749620491120977,0.0001711375095332689
2.15287,0.004012439234184243,0.0001250618244538073
2.15551,0.005288945893451718,0.0001603150186495354
2.15815,0.005446256728634851,0.0001657074416549387
2.1608,0.003545968576581575,0.0001117176903828298
2.16344,0.003748517064372918,0.0001169175254226558
2.16608,0.006171258670921196,0.0001845987053254928
2.16873,0.005536228426748059,0.0001651113358459533
2.17137,0.004538978773584905,0.000136078093094652
2.17402,0.005040988068812429,0.000148605097073416
2.17666,0.004989915441176474,0.0001477141336064568
2.1793,0.004761410585460603,0.0001404430428957279
2.18195,0.004851446379023312,0.0001422629482627666
2.18459,0.005774949639289675,0.0001663322503090359
2.18723,0.004422212888457269,0.0001305349094820214
2.18988,0.004907188817980024,0.0001429545829595009
2.19252,0.004593908573806883,0.0001341185471232624
2.19516,0.004260914400665926,0.0001247718802830139
2.19781,0.005433707755271921,0.0001568790296389623
2.20045,0.004986886931187573,0.0001438871974424796
2.2031,0.005032845657602665,0.0001456483844710781
2.20574,0.004547940690898998,0.0001322141388115188
2.20838,0.006129163984461708,0.000173676889147485
2.21103,0.003899983768035515,0.0001150959352592002
2.21367,0.004959431187569368,0.0001439221030188858
2.21631,0.004947161487236404,0.0001434207561974654
2.21896,0.004563076373473918,0.0001320422064574022
2.2216,0.004474816939511655,0.0001292664735374065
2.22425,0.004912421753607104,0.0001417332760621899
2.22689,0.005213494103773583,0.0001495456573914321
2.22953,0.004878897544395117,0.0001397780377385106
2.23218,0.003767187153163154,0.0001117902092621905
2.23482,0.005037217882907881,0.0001445369666848025
2.23746,0.005583759780799111,0.0001607337163576492
2.24011,0.00473136355438402,0.0001367595087824937
2.24275,0.005898543978912317,0.0001686637196677804
2.2454,0.005697146920088793,0.0001623329466814933
2.24804,0.002737203038290789,8.277056529538549e-05
2.25068,0.004757287874583796,0.0001384265881881901
2.25333,0.00438515427302997,0.0001276541666983369
2.25597,0.005368939303551611,0.0001545587257251425
2.25861,0.004202658504439514,0.0001233290169648621
2.26126,0.005269959905660376,0.0001521069822374452
2.2639,0.003671744450610431,0.0001085768695251638
2.26655,0.003545627497225306,0.0001055122727147442
2.26919,0.002890574292452831,8.813227039157022e-05
2.27183,0.005566408226970033,0.000158856490542247
2.27448,0.004361493895671476,0.000127491030147891
2.27712,0.003966739178690343,0.0001165253762724136
2.27976,0.005371784683684793,0.0001566767624265269
2.28241,0.004861012624861265,0.0001419278630599859
2.28505,0.004527496531631521,0.0001319408756341376
2.28769,0.003787473362930081,0.0001119689506253838
2.29034,0.003516438887347392,0.0001035147423670767
2.29298,0.003668935696448391,0.0001092005367267072
2.29563,0.004005793909544949,0.0001174984491398681
2.29827,0.004311906908990011,0.0001262291032617809
2.30091,0.005064460738068813,0.0001487420243633269
2.30356,0.004787046476137626,0.0001377209145518121
2.3062,0.005479254439511652,0.0001582159067933798
2.30884,0.004944748751387347,0.0001428959937784103
2.31149,0.002675650804661486,8.169399225147961e-05
2.31413,0.004340127219755829,0.0001275024662226224
2.31678,0.003884005688124306,0.0001153426013533037
2.31942,0.003327757907880135,0.0001000019754555715
2.32206,0.004514785030521643,0.0001307586364433686
2.32471,0.003927139636514984,0.0001167082132053766
2.32735,0.004203890052719201,0.0001243468727852137
2.32999,0.003871612375138737,0.0001146558950502713
2.33264,0.004777299389567148,0.000141506925664507
2.33528,0.00440368701442841,0.0001274797837354358
2.33793,0.004036060696448393,0.0001199142237586857
2.34057,0.003877248196448392,0.0001144996359523232
2.34321,0.003659586917314094,0.0001088673366251596
2.34586,0.004559338235294117,0.0001350604871114046
2.3485,0.003388087749722527,0.0001012396561226536
2.35114,0.004354237375138735,0.0001278565889425743
2.35379,0.003946228634850163,0.0001161603287490704
2.35643,0.004127449361820203,0.0001211311928173135
2.35908,0.004396663984461709,0.0001300714979976879
2.36172,0.004263862791342953,0.0001254883201459842
2.36436,0.003497560488346283,0.0001043342578882147
2.36701,0.004574835599334074,0.000132971515396087
2.36965,0.00401319922308546,0.0001182649689041965
2.37229,0.003471762069922309,0.0001037562750804224
2.37494,0.003306418701442838,9.900357863816002e-05
2.37758,0.00456035460599334,0.0001351930313560814
2.38022,0.005127695477247503,0.0001470478885260046
2.38287,0.00390896170921199,0.0001171220979060009
2.38551,0.003941899902885681,0.0001153224309348119
2.38816,0.003873095726970034,0.0001152508817079593
2.3908,0.004298492647058826,0.0001269963292989576
2.39344,0.003372590385682574,0.000101122819853074
2.39609,0.005392547031076583,0.000156171745651266
2.39873,0.003925924112097669,0.000115684790142758
2.40137,0.00501480278856826,0.0001458918674949986
2.40402,0.002962784683684791,8.814416246104794e-05
2.40666,0.004467977039400666,0.000130956604236145
2.40931,0.003190808823529411,9.605335613864171e-05
2.41195,0.004290203731964484,0.0001254192099505746
2.41459,0.003575276220865703,0.0001070467840672892
2.41724,0.004207955535516093,0.0001231630773581645
2.41988,0.004372733490566038,0.0001285875443215473
2.42252,0.004494933754162046,0.0001322396478200155
2.42517,0.003344145740843508,9.935918152111168e-05
2.42781,0.004893554800221976,0.0001431510387902987
2.43046,0.004377526914539398,0.0001281009614008522
2.4331,0.004404238693118759,0.0001294226743863669
2.43574,0.005137946170921201,0.0001487860031715027
2.43839,0.002955782255826858,8.961291842878698e-05
2.44103,0.003499236126526083,0.0001045362598802002
2.44367,0.005312700124861268,0.0001531201446694039
2.44632,0.005300375485571586,0.0001534320691064856
2.44896,0.004373415649278581,0.0001281743961590798
2.45161,0.002586246809101001,7.841358000525805e-05
2.45425,0.003163730785238624,9.562349328799487e-05
2.45689,0.003138083448945616,9.365575222261809e-05
2.45954,0.003298379300776918,9.947105086365942e-05
2.46218,0.004441986334628188,0.0001306972203903077
2.46482,0.003733962819089899,0.0001102583789246515
2.46747,0.003015553551609324,9.059501682262722e-05
2.47011,0.00310053725027747,9.404313383493925e-05
2.47275,0.002639512416759159,8.095938092752941e-05
2.4754,0.004859414816870144,0.0001407481220076462
2.47804,0.007256161140399559,0.0002032376537048308
2.48069,0.004282086501109878,0.0001264127724810392
2.48333,0.002811768937291896,8.594552481326661e-05
2.48597,0.004036390330188678,0.0001202157453658405
2.48862,0.002090392966148723,6.408833499058235e-05
2.49126,0.004407125277469477,0.0001308145976115665
2.4939,0.003426723571032184,0.0001022319667725623
2.49655,0.00288405258046615,8.778299351183221e-05
2.49919,0.005038302927302994,0.0001464147466335467
2.50184,0.00334042133740289,0.0001002060673316221
2.50448,0.003437990635405104,0.0001034357364423682
2.50712,0.004671438887347391,0.0001378081733516358
2.50977,0.003591373335183131,0.000107233971307388
2.51241,0.004938650527192007,0.0001436973905323097
2.51505,0.004709264359045506,0.0001385804995069462
2.5177,0.00353388200610433,0.000106610188965875
2.52034,0.004535645810210875,0.0001329123417603621
2.52299,0.00324854966703663,9.835131561720595e-05
2.52563,0.002735186320754719,8.337498070256491e-05
2.52827,0.00315295130410655,9.550192814290107e-05
2.53092,0.003713864317425085,0.0001109288704302659
2.53356,0.004124464345172035,0.0001216664180048885
2.5362,0.005127633670921198,0.0001501731329309252
2.53885,0.004025235432852386,0.0001196740673622407
2.54149,0.003001896642619311,9.11208459430878e-05
2.54414,0.002769353773584907,8.46561844549228e-05
2.54678,0.003594305701997779,0.0001080560033244963
2.54942,0.002016326096004443,6.241200032726068e-05
2.55207,0.004256842050499443,0.0001261718115032147
2.55471,0.00316775048557159,9.575360191295766e-05
2.55735,0.003637881451165375,0.0001094518876943411
2.56,0.003378938124306328,0.0001025429015883583
2.56264,0.003153377081021089,9.650559415562643e-05
2.56529,0.005441543423973361,0.000156902089483972
2.56793,0.003627154619866815,0.0001091796809212848
2.57057,0.003323973987236405,0.0001000426810652599
2.57322,0.003599801886792452,0.0001084994229914408
2.57586,0.002967928343507214,8.998685327363395e-05
2.5785,0.003786692771920092,0.0001132036838906143
2.58115,0.004245373543285237,0.0001273320475839657
2.58379,0.003210250346836848,9.740861929389697e-05
2.58643,0.002497641717536068,7.677515817475447e-05
2.58908,0.003321696309655937,0.0001003871897263627
2.59172,0.003798358143729191,0.0001138561859150407
2.59437,0.003031369103773585,9.26671099118945e-05
2.59701,0.003243447211431744,9.791462251645773e-05
2.59965,0.002401354328523863,7.382346374231742e-05
2.6023,0.003013665024972252,9.179480655906103e-05
2.60494,0.004995427649833516,0.0001473462169626133
2.60758,0.004416080327413983,0.0001327184941049832
2.61023,0.003613122294672587,0.0001090766519797733
2.61287,0.003136387208657049,9.569543536130278e-05
2.61552,0.004003179730854605,0.0001203956517833842
2.61816,0.002543808754162043,7.826512962474076e-05
2.6208,0.002645212333518315,8.103599598609025e-05
2.62345,0.002971050707547173,9.094273073732339e-05
2.62609,0.003661704356270811,0.0001108088701757549
2.62873,0.002696127011653716,8.302127163614422e-05
2.63138,0.00415743229744728,0.0001242826171351013
2.63402,0.004031432089345172,0.0001208879043145057
2.63667,0.004034275180355162,0.0001211027209013149
2.63931,0.003782659336847948,0.0001149101033120348
2.64195,0.00271492071309656,8.355198418716643e-05
2.6446,0.002555776290233077,7.825738298588299e-05
2.64724,0.003975199778024421,0.000118886290912773
2.64988,0.002900227524972255,8.944527167644297e-05
2.65253,0.004461340871254163,0.0001336033770297071
2.65517,0.00216372273862375,6.733404652160268e-05
2.65782,0.00105855923973363,3.367749725209606e-05
2.66046,0.004446120491120979,0.0001326253477065002
2.6631,0.002652787042175361,8.165220231329722e-05
2.66575,0.003784280036071031,0.0001133705259338643
2.66839,0.003302623335183128,0.0001012851773374307
2.67103,0.002600899486681466,8.209439032746398e-05
2.67368,0.003358065899001107,0.0001060500533945318
2.67632,0.003038801886792451,9.806540023719376e-05
2.67896,0.002514425568812432,8.145204067658667e-05
2.68161,0.004196429800221975,0.000134744812211266
2.68425,0.003837426609322974,0.000125192320864807
2.6869,0.003265706645394008,0.0001073923680373462
2.68954,0.002790205396781352,9.301431729988346e-05
2.69218,0.004473342744173139,0.0001447832255900234
2.69483,0.003455882422308547,0.0001159751777331696
2.69747,0.002908351623196448,9.864660484414268e-05
2.70011,0.002996858282463931,0.0001001595758921473
2.70276,0.00147941225027747,5.248819640525438e-05
2.7054,0.003482193604328526,0.0001175701975068946
2.70805,0.003858209558823528,0.0001310123519646433
2.71069,0.004204943049389569,0.0001405407276893203
2.71333,0.0047807490982242,0.000160465573622177
2.71598,0.00188268250554939,6.752082968042074e-05
2.71862,0.004677404342397335,0.0001596867208455651
2.72126,0.002565493618201998,9.131816687953559e-05
2.72391,0.003180381867369588,0.0001114078917801406
2.72655,0.003639820338512762,0.0001244605186960716
2.7292,0.004906218229744727,0.0001617087480481794
2.73184,0.002980893937291895,0.0001004641517804817
2.73448,0.004095525249722531,0.0001345117432559511
2.73713,0.00282933795782464,9.355005243818647e-05
2.73977,0.003547181811875694,0.0001171289905673694
2.74241,0.003599190690899,0.0001174577885278219
2.74506,0.004379246046059932,0.0001392997424219498
2.7477,0.002771253745837959,9.146467673450512e-05
2.75035,0.003709810280244173,0.0001187185709478606
2.75299,0.00392526484461709,0.0001263701923091563
2.75563,0.003639927927302996,0.0001157828450615597
2.75828,0.003738650943396227,0.0001188417659343673
2.76092,0.002429721143174247,8.024730342667702e-05
2.76356,0.003936856964483906,0.0001245819586898081
2.76621,0.003333011445615984,0.0001066652428485186
2.76885,0.0048569952136515,0.0001518026502320647
2.77149,0.002711221490011099,8.780751147372382e-05
2.77414,0.003720514220310765,0.0001183393356499653
2.77678,0.002523868201997782,8.146767860891048e-05
2.77943,0.004646791897891235,0.0001441217273176784
2.78207,0.003716863068812431,0.0001179382488979806
2.78471,0.003988069228634852,0.0001264715805241048
2.78736,0.003458821656492786,0.0001101566741382444
2.79,0.002916835113762487,9.298992015551407e-05
2.79264,0.003107315344062152,9.945670111567831e-05
2.79529,0.005052598501664815,0.0001556528862848103
2.79793,0.003147523793007769,0.000100127323470174
2.80058,0.002342562777469477,7.510571826526395e-05
2.80322,0.002102223154827967,6.871483536107971e-05
2.80586,0.003400410099889012,0.0001082898333937284
2.80851,0.002842875832408433,9.068541573133325e-05
2.81115,0.002272435488346284,7.302488817364207e-05
2.81379,0.003288048487791341,0.000103865319747479
2.81644,0.003112365149833518,9.93163946681971e-05
2.81908,0.004050784336847951,0.0001261956522031532
2.82173,0.003847180563263042,0.0001202625516443086
2.82437,0.002770557852386239,8.796200351475638e-05
2.82701,0.003061162042175363,9.66716469251287e-05
2.82966,0.003481923487791344,0.0001099500155633604
2.8323,0.00374410821309656,0.0001162101999520572
2.83494,0.002471458726415095,7.902386029434426e-05
2.83759,0.002744109322974473,8.655820656848413e-05
2.84023,0.003682491884017756,0.0001150303753051087
2.84288,0.003492822003329636,0.0001103246865930331
2.84552,0.001974174181465037,6.291833164198052e-05
2.84816,0.003384113831853499,0.0001072114514958616
2.85081,0.003712529758601554,0.0001159645790693619
2.85345,0.005520245768590456,0.000166521339183336
2.85609,0.00300054377081021,9.471878958298688e-05
2.85874,0.002810253537735851,8.90846400731389e-05
2.86138,0.003348224958379577,0.0001058402413845891
2.86402,0.003528999306326302,0.000110750910246895
2.86667,0.003540579980577137,0.0001110005726990343
2.86931,0.00451976158435072,0.0001388699492303921
2.87196,0.003065829564372919,9.621617969041478e-05
2.8746,0.003372301956159821,0.000106871217451591
2.87724,0.003347851831298559,0.00010545263029233
2.87989,0.005553389983351831,0.0001680704019049
2.88253,0.003157902677580469,9.973235111766522e-05
2.88517,0.002290249445061044,7.406538522299883e-05
2.88782,0.003203776706437293,0.0001016368908359874
2.89046,0.003933002081021088,0.0001210921169443332
2.89311,0.00361379071864595,0.0001137479698367389
2.89575,0.003702890260821312,0.0001160228983835012
2.89839,0.002857411764705881,8.99606839363272e-05
2.90104,0.002345568396226418,7.547926038242031e-05
2.90368,0.003379986542730298,0.0001052499874742317
2.90632,0.002059984253607103,6.638912187818559e-05
2.90897,0.003232692910654828,0.0001024342825356796
2.91161,0.003046026359600444,9.631198374159051e-05
2.91426,0.002151356895116535,6.882273018728717e-05
2.9169,0.00461178891509434,0.0001423982119282736
2.91954,0.003747784544950055,0.0001172793312785387
2.92219,0.003556429869589347,0.0001098373441290528
2.92483,0.002495224403440621,7.963360370986892e-05
2.92747,0.002404341634295229,7.663988170770801e-05
2.93012,0.004238329911209766,0.0001320135600621683
2.93276,0.003533087680355163,0.0001104682964463078
2.93541,0.002883542105993338,9.050964109755225e-05
2.93805,0.004118675152608211,0.0001268956190105931
2.94069,0.001901242716426194,6.106417839504277e-05
2.94334,0.003510143798557159,0.0001106080049930435
2.94598,0.002747675776914542,8.613628971440839e-05
2.94862,0.003114031631520534,9.855896987330672e-05
2.95127,0.003439611334628191,0.0001081225253033793
2.95391,0.002618450194228635,8.313512808956894e-05
2.95655,0.003034223640399558,9.542401359564306e-05
2.9592,0.00303404737791343,9.442329124873781e-05
2.96184,0.004264180979467258,0.0001318984620370849
2.96449,0.003490867092119866,0.0001103188581646895
2.96713,0.002559825749167591,8.145806697296232e-05
2.96977,0.003009732311320756,9.533278769381564e-05
2.97242,0.004279937014428412,0.0001316936110008013
2.97506,0.001346849125971145,4.443909383613869e-05
2.9777,0.003214531007214208,0.0001010101066282468
2.98035,0.003379370768590453,0.0001056274955550692
2.98299,0.003519506312430633,0.0001106602627419306
2.98564,0.003397306048834629,0.000106072694297336
2.98828,0.003865486681465038,0.0001202594572316854
2.99092,0.003075093645948942,9.639821522588348e-05
2.99357,0.003142794464483905,9.905776332899045e-05
2.99621,0.003641200679800223,0.0001141540769216106
2.99885,0.002327035654827969,7.44789171790121e-05
3.0015,0.002566512278024421,8.172466239412469e-05
3.00414,0.002805618063263039,8.910566381691551e-05
3.00679,0.002856319852941177,9.025885075991724e-05
3.00943,0.003170847669256383,0.0001001404676389624
3.01207,0.003317298903995559,0.0001032707373262037
3.01472,0.003549324431187569,0.0001113608366184808
3.01736,0.002260435904550497,7.260072274029975e-05
3.02,0.004519786764705882,0.0001384903014046894
3.02265,0.003050966287458378,9.60442359547462e-05
3.02529,0.003391734322974471,0.0001057585685136019
3.02794,0.003238058615427302,0.0001018970398910731
3.03058,0.003244220935072143,0.0001014070487546287
3.03322,0.00310619596281909,9.803658647215255e-05
3.03587,0.003238779689234184,0.0001016175641185213
3.03851,0.002905421545504993,9.080743885748461e-05
3.04115,0.002967916897891229,9.345663449563224e-05
3.0438,0.003950610016648172,0.0001217742960121698
3.04644,0.002367214345172034,7.491433905961153e-05
3.04908,0.00217695615982242,6.986473763632357e-05
3.05173,0.003206187153163153,0.0001001651325740496
3.05437,0.002700384780799111,8.541031740687902e-05
3.05702,0.002794772197558268,8.770496476205432e-05
3.05966,0.003131534267480576,9.667851255469384e-05
3.0623,0.003304601137624863,0.0001031200820642654
3.06495,0.003067507491675916,9.556360196383684e-05
3.06759,0.002715946240288565,8.530253865334928e-05
3.07023,0.00358229925083241,0.0001109816067079084
3.07288,0.003083345935072142,9.648016160439855e-05
3.07552,0.004347502774694781,0.0001333579962215975
3.07817,0.002050200541065484,6.575061845642546e-05
3.08081,0.001999789470033295,6.357034292499415e-05
3.08345,0.003462591842397338,0.0001073851816928853
3.0861,0.002985513387902332,9.314851216853542e-05
3.08874,0.00210737826026637,6.694947306538619e-05
3.09138,0.002327088304661489,7.37865633741434e-05
3.09403,0.005412766856270809,0.0001618838465725613
3.09667,0.002623369519977801,8.329563103300133e-05
3.09932,0.002945620837957827,9.144066907520861e-05
3.10196,0.003319537666481688,0.0001030483151652885
3.1046,0.003315680493895669,0.0001027415542246262
3.10725,0.002675225027746951,8.407412501283564e-05
3.10989,0.003308387347391789,0.0001031813476595791
3.11253,0.004020366467813543,0.0001229811367338137
3.11518,0.003330472807991122,0.0001035153966844471
3.11782,0.002968571587125414,9.249997845167684e-05
3.12047,0.003723677788568256,0.0001144466738745249
3.12311,0.002673927094894563,8.435529739843226e-05
3.12575,0.003426746462264153,0.0001056901400321911
3.1284,0.003044650596559382,9.532459976951873e-05
3.13104,0.003780834905660378,0.0001164927598445022
3.13368,0.00386816266648169,0.0001200074697482496
3.13633,0.003560520532741397,0.0001097367489680699
3.13897,0.004304556534406217,0.0001307651970655698
3.14161,0.003815782949500555,0.0001181798760429845
3.14426,0.004535135335738068,0.0001389792482639069
3.1469,0.00256194089900111,8.088433831851915e-05
3.14955,0.003799005965593785,0.0001170509003733928
3.15219,0.003906532949500555,0.0001197138433739104
3.15483,0.003924443049389564,0.0001202595500800718
3.15748,0.003640456714761375,0.0001124218949755302
3.16012,0.002984084975027744,9.337639493952657e-05
3.16276,0.002737024486681467,8.636817854283004e-05
3.16541,0.002495462472253051,7.920151850360357e-05
3.16805,0.002980202622086572,9.312308929675537e-05
3.1707,0.003330573529411765,0.0001036178203029909
3.17334,0.002236642758046616,7.060698746533931e-05
3.17598,0.002707307089345174,8.5340420599461e-05
3.17863,0.002573798557158714,8.097361358781327e-05
3.18127,0.001824673834628194,5.830309521273919e-05
3.18391,0.001782510474472808,5.699493959297718e-05
3.18656,0.003715416342952277,0.0001140479445769958
3.1892,0.003453021018312986,0.0001076773541079692
3.19185,0.003235062153163152,0.000100464840073392
3.19449,0.003962138041065481,0.0001214332693203487
3.19713,0.002916237652608213,9.136545169906852e-05
3.19978,0.003782998127081025,0.0001157655067116641
3.20242,0.003120452622086572,9.688319674267405e-05
3.20506,0.003572540718645948,0.0001096448300720549
3.20771,0.002635840663152053,8.233058093750176e-05
3.21035,0.002991098848501663,9.289294478921442e-05
3.213,0.001894599680910101,6.009142035632548e-05
3.21564,0.001409664955604882,4.462317213178862e-05
3.21828,0.002964796822974472,9.183302608280837e-05
3.22093,0.002522242924528301,7.885008119516952e-05
3.22357,0.002644882699778026,8.270884053152412e-05
3.22621,0.003267563124306327,0.0001003294540346951
3.22886,0.003509308268590455,0.0001071650166540309
3.2315,0.00349431451165372,0.0001100725634172899
3.23414,0.002900497641509433,9.406882769479513e-05
3.23679,0.003026110987791346,9.85852560216302e-05
3.23943,0.004435224264705879,0.0001419583290575263
3.24208,0.003018424112097671,0.0001008288899364757
3.24472,0.002627064164816872,8.941374165452693e-05
3.24736,0.00283441065482797,9.563749400886761e-05
3.25001,0.003483315274694785,0.000117911156152375
3.25265,0.003823364525527192,0.0001303642465536151
3.25529,0.002212117092119868,7.868555007126964e-05
3.25794,0.00251258740288568,8.810398148333192e-05
3.26058,0.003109032186459489,0.0001084930991647256
3.26323,0.002046350235849056,7.31665484552926e-05
3.26587,0.005260636306881244,0.000178740577027662
3.26851,0.001809993687569366,6.647284704598027e-05
3.27116,0.003825383532186462,0.0001343756883061221
3.2738,0.002724624306326303,9.816856549943261e-05
3.27644,0.001572510890677027,5.855557653709368e-05
3.27909,0.003040395116537179,0.0001107496428152238
3.28173,0.002649298418423975,9.652994040636496e-05
3.28438,0.002582277469478359,9.623704525178944e-05
3.28702,0.002125240288568257,7.711443311582845e-05
3.28966,0.002483650596559377,8.859387776155295e-05
3.29231,0.003249501942286351,0.0001124174080209226
3.29495,0.004076658296337406,0.0001376842332414079
3.29759,0.002852893035516096,9.814027723545064e-05
3.30024,0.00345416557991121,0.0001167148077096986
3.30288,0.002086677719200888,7.235933069387687e-05
3.30553,0.002278025527192009,7.828950315751258e-05
3.30817,0.003131868479467259,0.0001055606226040323
3.31081,0.003538091703662594,0.0001185988655750714
3.31346,0.003729666134850169,0.000124641969957619
3.3161,0.003530539886237513,0.0001174134016574371
3.31874,0.003372562916204216,0.0001130648464222741
3.32139,0.001829089553274144,6.27510496491098e-05
3.32403,0.002647783018867925,8.978656776600555e-05
3.32667,0.002935134364594892,9.784360944364223e-05
3.32932,0.003006751872918981,0.0001002618016837123
3.33196,0.003418482727524973,0.0001138427602170772
3.33461,0.003585254508879023,0.0001187148703671594
3.33725,0.002799822003329634,9.376830491070697e-05
3.33989,0.003739813817980022,0.0001228133795308475
3.34254,0.004552903509988901,0.000145557575898435
3.34518,0.004165414470033294,0.0001353041563100822
3.34782,0.002881074431187571,9.542122391592703e-05
3.35047,0.003470741120976693,0.00011310539053241
3.35311,0.003392329495005548,0.0001107608541453799
3.35576,0.002096250832408433,7.050413043105101e-05
3.3584,0.003320380063817982,0.0001084744950071246
3.36104,0.00339118035516093,0.000110398607582013
3.36369,0.004505688054938956,0.0001448960596636989
3.36633,0.003366187708102107,0.0001096536888668542
3.36897,0.000974733837402885,3.347130993537429e-05
3.37162,0.002196420574361822,7.24564297062293e-05
3.37426,0.002384707824639289,7.951397749505674e-05
3.37691,0.004507487305771366,0.0001442703432384719
3.37955,0.003015185002774695,9.840177850942147e-05
3.38219,0.003115849195338514,0.0001013839168815662
3.38484,0.001911065344062152,6.37522252840805e-05
3.38748,0.00245209961154273,8.113250285282915e-05
3.39012,0.00380419082963374,0.0001234208111786041
3.39277,0.002936251456714758,9.606894498482935e-05
3.39541,0.003775519561598224,0.0001210964977560883
3.39806,0.002094083032741399,7.005005938162758e-05
3.4007,0.002612054384017759,8.630246957430444e-05
3.40334,0.002532468437846837,8.380922254653446e-05
3.40599,0.004988026914539398,0.0001572699342394702
3.40863,0.003521445199778024,0.000113216053461061
3.41127,0.003106946795227528,0.0001012727199333591
3.41392,0.002424923140954496,8.001485724291162e-05
3.41656,0.002939556950610432,9.6103692244581e-05
3.41921,0.002443833587680357,8.070890561542618e-05
3.42185,0.003203637069922311,0.0001037758386974924
3.42449,0.003584274764150943,0.0001161488454368478
3.42714,0.004556369242508327,0.0001432128765285036
3.42978,0.004064759433962262,0.0001299268062743649
3.43242,0.004562060002774695,0.0001448261885298732
3.43507,0.002135848085460598,7.100195813818474e-05
3.43771,0.004061353218645949,0.0001298687496050325
3.44035,0.004022646434517204,0.0001280139188706085
3.443,0.002003120144284132,6.660619403179591e-05
3.44564,0.004112107658157603,0.0001312823523761016
3.44829,0.002191787389012207,7.177903910573755e-05
3.45093,0.003373084836293008,0.000108556376670755
3.45357,0.00292303863762486,9.476309400540513e-05
3.45622,0.002196995144284131,7.23442630812485e-05
3.45886,0.003157259433962265,0.0001025324705887409
3.4615,0.002676561875693675,8.646695740212318e-05
3.46415,0.00273383115982242,8.866597320630289e-05
3.46679,0.002651516578801332,8.623323118426418e-05
3.46944,0.002380429453385125,7.801261423138288e-05
3.47208,0.003374716981132075,0.000108235431826556
3.47472,0.003908394006659269,0.0001240236235289755
3.47737,0.001768537666481684,5.823629182597553e-05
3.48001,0.002307287389012212,7.481737847381529e-05
3.48265,0.002006004439511658,6.540100694709427e-05
3.4853,0.002259057852386238,7.346223819158542e-05
3.48794,0.00216785002774695,7.112442695628088e-05
3.49059,0.001931081437291898,6.361385516511818e-05
3.49323,0.004007638942841291,0.0001250242300468286
3.49587,0.002994562291897892,9.497741413898375e-05
3.49852,0.002870272058823529,9.254144381384401e-05
3.50116,0.003020159267480579,9.712676248964912e-05
3.5038,0.002060611473362933,6.733065287405356e-05
3.50645,0.003562463998335182,0.0001128064081110196
3.50909,0.003262259225860154,0.0001039667844364958
3.51174,0.002360841426193119,7.638056410202682e-05
3.51438,0.002194168077136516,7.187629857829571e-05
3.51702,0.002738764220310764,8.780568457503845e-05
3.51967,0.00228975499445061,7.46949954143661e-05
3.52231,0.003083954841842397,9.852022959373554e-05
3.52495,0.003645131104328526,0.0001161267277540156
3.5276,0.002813366745283022,8.998048133094444e-05
3.53024,0.003264747502774692,0.000103562177279994
3.53288,0.003530706992230855,0.0001117452828271305
3.53553,0.003410008393451719,0.0001087508958673901
3.53817,0.00363781277746948,0.000115476139563916
3.54082,0.001122885890677028,3.721410069651128e-05
3.54346,0.00378461653718091,0.0001192822566228489
3.5461,0.002532168562708104,8.25665777133701e-05
3.54875,0.00348606222253052,0.0001106159447369872
3.55139,0.00308711612097669,9.84423794770024e-05
3.55403,0.003024957269700334,9.699426867666529e-05
3.55668,0.002090784406215316,6.775836395423121e-05
3.55932,0.002582939026082133,8.352579085500518e-05
3.56197,0.00224796476137625,7.28676127396357e-05
3.56461,0.003146425013873475,0.0001000170370213423
3.56725,0.003957861958934519,0.0001246635817044235
3.5699,0.003132083657047723,0.0001003736350208003
3.57254,0.002282384017758048,7.346065304300457e-05
3.57518,0.003137252497225303,9.971459407052566e-05
3.57783,0.0009514259850166459,3.181337360746472e-05
3.58047,0.002854504578246395,9.174473210340342e-05
3.58312,0.002394766231964483,7.756593759386009e-05
3.58576,0.003163968854051057,0.0001005223623166934
3.5884,0.003313597391786901,0.0001053982282581592
3.59105,0.003367552025527193,0.0001068829808123515
3.59369,0.004289780244173142,0.0001338477550678504
3.59633,0.002203922031076579,7.123844467358052e-05
3.59898,0.004205373404550497,0.0001309336417968833
3.60162,0.003540985155382908,0.0001125955556873436
3.60427,0.002269677094894564,7.398778974206679e-05
3.60691,0.003921231409544951,0.0001227537770426261
3.60955,0.002186478912319645,7.099437026820571e-05
3.6122,0.00441564997225305,0.0001377231647517082
3.61484,0.002380958240843508,7.763038932879829e-05
3.61748,0.003899269561598227,0.000121963397348024
3.62013,0.002502650319089901,8.059770823909027e-05
3.62277,0.002741131173695895,8.81239212892414e-05
3.62541,0.002002106062708103,6.507110267043426e-05
3.62806,0.001743368756936737,5.749527510217556e-05
3.6307,0.003530624583795783,0.0001117526372081414
3.63335,0.003489894214761373,0.0001110976730351446
3.63599,0.002033782949500559,6.635650616704755e-05
3.63863,0.002502453454495004,8.078014564908918e-05
3.64128,0.003316103981687015,0.0001054254197818631
3.64392,0.004215363138179802,0.0001316911226033111
3.64656,0.002968786764705882,9.479859460219032e-05
3.64921,0.003449147821864593,0.0001099515873444716
3.65185,0.001593710460599336,5.246774461746033e-05
3.6545,0.002555865566037736,8.221957071522434e-05
3.65714,0.003534738138179801,0.0001116870591751544
3.65978,0.002202308199223083,7.162623772573812e-05
3.66243,0.002304812846836847,7.471088481891148e-05
3.66507,0.002984719062153165,9.539849903663508e-05
3.66771,0.00379641238901221,0.000119433346975475
3.67036,0.003659213790233077,0.0001150330459448648
3.673,0.003954606825749168,0.0001238020127887762
3.67565,0.002990586084905658,9.496280655376544e-05
3.67829,0.003058646295782462,9.707020225184081e-05
3.68093,0.00413503551609323,0.0001296141810330311
3.68358,0.002882672239178693,9.125875513217881e-05
3.68622,0.003776416897891232,0.0001188782331971134
3.68886,0.001654173071587129,5.368303038585587e-05
3.69151,0.003700273793007771,0.0001159890550201687
3.69415,0.002663701581576027,8.471502406747589e-05
3.6968,0.003564553967813541,0.0001108213552378707
3.69944,0.004134914192563818,0.0001288150764086537
3.70208,0.002651592119866817,8.403353809154944e-05
3.70473,0.004399880202552719,0.0001355014419955427
3.70737,0.003121313332408434,9.754914923968548e-05
3.71001,0.001925143451720309,6.164375635988184e-05
3.71266,0.002175097391786904,6.956905899780699e-05
3.7153,0.00171743299112098,5.599752076640018e-05
3.71794,0.002154264081576026,6.917515635769415e-05
3.72059,0.005080974472807991,0.0001543039395266561
3.72323,0.002069220865704772,6.631722260930883e-05
3.72588,0.003679085668701442,0.0001148345368974005
3.72852,0.002342594825194225,7.470200125539774e-05
3.73116,0.001956623473917873,6.262583555279406e-05
3.73381,0.002785441731409547,8.846148090969113e-05
3.73645,0.003508923695893453,0.0001088694152642454
3.73909,0.003959887832963372,0.0001232211878177098
3.74174,0.003076151220865705,9.611790965746409e-05
3.74438,0.003271765954495005,0.0001024839411063574
3.74703,0.002297311390122085,7.391803699774685e-05
3.74967,0.004261264636514984,0.0001317767928402996
3.75231,0.003305860155382912,0.0001024239474979495
3.75496,0.003389866398446171,0.0001059380012634569
3.7576,0.001792497918978911,5.758396922789198e-05
3.76024,0.002420278509988901,7.735240540094597e-05
3.76289,0.003579513387902331,0.0001111868161229682
3.76553,0.004087666689789121,0.0001262257445986516
3.76818,0.001577533226970034,5.117779709863037e-05
3.77082,0.002432284961154275,7.704420646248295e-05
3.77346,0.00299532456992231,9.445087919861822e-05
3.77611,0.002513274139844617,7.991287681570532e-05
3.77875,0.002515760127635959,7.988892671099291e-05
3.78139,0.001549802788568254,5.035215481576554e-05
3.78404,0.002831322627635961,8.949622302598982e-05
3.78668,0.003612982658157605,0.0001121729214472961
3.78933,0.001674177719200886,5.40281539991295e-05
3.79197,0.002361285516093228,7.786739754625438e-05
3.79461,0.002991080535516096,9.892105567446527e-05
3.79726,0.002185773862375136,7.383343337195204e-05
3.7999,0.001763863276914538,6.131921685605517e-05
3.80254,0.002513205466148722,8.665504652598855e-05
3.80519,0.002859893174250833,9.906635235485709e-05
3.80783,0.001931694922308547,6.852997858291527e-05
3.81047,0.00229751741120977,8.186912657277076e-05
3.81312,0.001926372710876802,7.063182415648502e-05
3.81576,0.005416060904550498,0.0001847476643218515
3.81841,0.001408747017203107,5.187879208993044e-05
3.82105,0.003013861889567149,0.0001096537387147786
3.82369,0.002651621878468368,9.686808061303226e-05
3.82634,0.001861343299112098,6.946317305837718e-05
3.82898,0.002056362860710321,7.696543192685999e-05
3.83162,0.00284174500554939,0.0001053903575719906
3.83427,0.002885762555493895,0.000107768138152481
3.83691,0.004124331576026639,0.0001522117856667839
3.83956,0.001524327136514982,5.928019195687276e-05
3.8422,0.003255098848501666,0.0001228173781674475
3.84484,0.001408115219200887,5.543428187866625e-05
3.84749,0.001374872572142066,5.284694125730104e-05
3.85013,0.002021572766370702,7.480789310580088e-05
3.85277,0.003773548626526084,0.0001324451817877606
3.85542,0.002711221490011099,9.757986792804804e-05
3.85806,0.002631933129855719,9.387037862187252e-05
3.86071,0.002160364594894559,7.723640527360328e-05
3.86335,0.003195100929522756,0.0001110699348964638
3.86599,0.003704824569922309,0.00012672374962875
3.86864,0.003100635682574917,0.0001069067384293072
3.87128,0.002915539470033299,0.0001014720773880346
3.87392,0.001591430493895672,5.645708702784351e-05
3.87657,0.003167352178135406,0.0001089384694209983
3.87921,0.003242272891231964,0.0001113202712146125
3.88186,0.004166206506659268,0.0001401575720858767
3.8845,0.002965579703107658,0.0001021744822460399
3.88714,0.002312900319089901,7.989138698116442e-05
3.88979,0.003197138249167594,0.0001095315501552195
3.89243,0.003651309447835737,0.0001234039418502512
3.89507,0.001815597461154272,6.275375227762739e-05
3.89772,0.002243228565482799,7.675333482863371e-05
3.90036,0.00330520775527192,0.0001103039138748318
3.903,0.004119744173140954,0.0001351447781656921
3.90565,0.004186032602663707,0.0001371182267557931
3.90829,0.003011444575471698,0.000100499133114024
3.91094,0.003173661001664816,0.0001060561230713893
3.91358,0.002809868965038844,9.393875313788748e-05
3.91622,0.002258254370144283,7.586591399226057e-05
3.91887,0.002555256659267481,8.623114474051131e-05
3.92151,0.002559461778579356,8.537343806887727e-05
3.92415,0.0007613234600443922,2.634641551017443e-05
3.9268,0.002649422031076579,8.853715438879204e-05
3.92944,0.001008134433962264,3.450317426574589e-05
3.93209,0.003167544464483905,0.0001040439333981884
3.93473,0.002701820061043285,8.87621367109987e-05
3.93737,0.004382249375693675,0.0001398317161334297
3.94002,0.00255080431465039,8.449803047673774e-05
3.94266,0.003541871046059934,0.0001151825382980142
3.9453,0.001671487999445061,5.634335013698478e-05
3.94795,0.002612061251387349,8.619461069439396e-05
3.95059,0.001853420643729191,6.239871923959968e-05
3.95324,0.002907262000554938,9.603311011944727e-05
3.95588,0.002107762832963372,7.050917409702153e-05
3.95852,0.00424079071864595,0.0001363134164019058
3.96117,0.002130285516093228,7.145209442860187e-05
3.96381,0.002989418632075469,9.793997657806975e-05
3.96645,0.002526438887347392,8.341837829718146e-05
3.9691,0.001533863623751385,5.176496774081263e-05
3.97174,0.002967671961709213,9.79080843342961e-05
3.97439,0.003328749098224195,0.0001091546380484693
3.97703,0.001717172031076582,5.719843651403818e-05
3.97967,0.002582430840732518,8.516674581363983e-05
3.98232,0.003185939858490564,0.0001035938784987974
3.98496,0.002848204911209768,9.352589515219238e-05
3.9876,0.001500813263041067,5.055046122039113e-05
3.99025,0.003656112028301886,0.0001180498858238903
3.99289,0.002839785516093231,9.392531104816954e-05
