0.0431807,68.76530454356271,0.4843917693797022
0.0458244,60.03080589622643,0.4372601797280176
0.0484682,52.44838197835738,0.4026818932406429
0.0511119,45.85406816037735,0.3905827456866035
0.0537556,40.67066297863486,0.3458577002483921
0.0563993,35.98656798695893,0.3359919485264658
0.059043,31.98015358768036,0.2950729539881374
0.0616867,28.43065534336849,0.2870402461185907
0.0643304,25.95747634087126,0.2697497857073013
0.0669742,23.50145415649279,0.245092674164061
0.0696179,21.2006438186737,0.2372140366357093
0.0722616,19.20136253399001,0.211700932743705
0.07490529999999999,17.29945290441177,0.1993152098264123
0.07754900000000001,15.89225457061598,0.1894413796142168
0.08019270000000001,14.51559023307436,0.1736883512548824
0.08283649999999999,13.42907274139845,0.1697668436626751
0.08548020000000001,12.26639122225305,0.1542770984798019
0.08812390000000001,11.3250203482242,0.1548725955912313
0.0907676,10.42083655521643,0.1464876326290268
0.0934113,9.650856340871252,0.1387118452292636
0.096055,8.928418376803553,0.1351569266689742
0.0986987,8.2655367827414,0.1247457345736848
0.101342,7.710737880133186,0.120744310631877
0.103986,7.078585155382909,0.1088377665589964
0.10663,6.590876264567148,0.1056888454272441
0.109274,6.189414508185351,0.1021057158097389
0.111917,5.768557491675916,0.09461479232607053
0.114561,5.327334489456161,0.08825118260685264
0.117205,4.997148589761377,0.08400668787044757
0.119848,4.695972450749168,0.07972721011649768
0.122492,4.326416974195339,0.07291286071625097
0.125136,4.080733530799113,0.0706103854704192
0.12778,3.824098990704773,0.0664789012395669
0.130423,3.675900193534961,0.06482840283698589
0.133067,3.405252625554939,0.06104292835820333
0.135711,3.220803227663708,0.05632891870829303
0.138354,3.001421786903441,0.05382928083857218
0.140998,2.800419922308546,0.05032099868172863
0.143642,2.669023586986681,0.04822052126388324
0.146286,2.516789019839068,0.04503391515255378
0.148929,2.374670110987792,0.04255245549784613
0.151573,2.224601580882353,0.04116434430252391
0.154217,2.116399328523863,0.03852770309080538
0.15686,1.996007220449501,0.03684663936626228
0.159504,1.887120062430633,0.03469309253859507
0.162148,1.759565219200888,0.03260797694875062
0.164792,1.689507633879023,0.03198438291745297
0.167435,1.612867857935627,0.02995296989710596
0.170079,1.504443583518313,0.02831475543879036
0.172723,1.410847837125416,0.02654245785424228
0.175366,1.370748876942286,0.02605354691405459
0.17801,1.30474564927858,0.02472407225691654
0.180654,1.226970445338513,0.02326641998154013
0.183298,1.181108846420644,0.02267984474955952
0.185941,1.12506286972808,0.02150217489809744
0.188585,1.05700025527192,0.02035535921361541
0.191229,1.022097421614872,0.01980631174670766
0.193872,0.9805633872086571,0.01892757451969611
0.196516,0.9296558282463929,0.01816595745942347
0.19916,0.8907155077691453,0.01741513478654834
0.201804,0.8438358899833518,0.01693113026466029
0.204447,0.8049120054106548,0.01594847409777954
0.207091,0.7525972308546061,0.01491978111885643
0.209735,0.7490993132630411,0.0148349201453793
0.212378,0.7094398876248613,0.01417958441311571
0.215022,0.6825274445061044,0.01364799827126562
0.217666,0.6475232713651499,0.01314795746965389
0.22031,0.6283482935627082,0.0129253939886583
0.222953,0.5931078371254163,0.0121074654000278
0.225597,0.5802319769700334,0.01174468407186883
0.228241,0.5527211799389568,0.01140783487171345
0.230885,0.5126020296892342,0.01069393661052273
0.233528,0.5148944034406215,0.010768934606605
0.236172,0.4917220900388458,0.01031244504493613
0.238816,0.4780413283851276,0.01003208516249825
0.241459,0.4557881437291899,0.00958553963570298
0.244103,0.4436145407880133,0.009246162279274082
0.246747,0.4239890635405106,0.009009478609444881
0.249391,0.4065404508879023,0.008734496128133656
0.252034,0.4081754800221976,0.008772515546912078
0.254678,0.3850701692563818,0.008257234531995233
0.257322,0.3588949153718092,0.007820365169328831
0.259965,0.3469797086570477,0.00758494900029268
0.262609,0.3368206028024417,0.007402767791353688
0.265253,0.3315027635960045,0.007378712571872207
0.267897,0.3271749701720311,0.007179201635770236
0.27054,0.3141337666481687,0.006945070785691444
0.273184,0.3017948661209767,0.00665524996685996
0.275828,0.2903707450055494,0.006457514059861962
0.278471,0.2765410301054384,0.00629829512791853
0.281115,0.2810737687291898,0.00634549270629783
0.283759,0.2672001942286348,0.006112662245063128
0.286403,0.267414730854606,0.005967952986510592
0.289046,0.2476177296059933,0.005702945752718924
0.29169,0.2431893292175361,0.005581669731743617
0.294334,0.2396021816037736,0.005555785070796682
0.296977,0.2322323265815761,0.005414482096488504
0.299621,0.2188542099056604,0.005117962540152842
0.302265,0.224135766509434,0.005207829249787127
0.304909,0.2203099549112098,0.005108990503519032
0.307552,0.2052226872918979,0.004893096168303549
0.310196,0.2038993222807991,0.004821476767925694
0.31284,0.1977009947280799,0.004685745099988111
0.315483,0.1960024653163152,0.004658997704244212
0.318127,0.1853979121115427,0.004442777023289914
0.320771,0.1885365953107658,0.004477680906953438
0.323415,0.1852636619034406,0.004428380928173053
0.326058,0.1799430299667037,0.004301044329789411
0.328702,0.175519436736959,0.004281973250856767
0.331346,0.1709595285099889,0.004138291376413836
0.333989,0.1685755142896782,0.004072859122854142
0.336633,0.1601555285793562,0.003888812184119678
0.339277,0.1575494533851277,0.003836429788270828
0.341921,0.1554153038290788,0.00384643630913362
0.344564,0.1546024659406215,0.003789469997557292
0.347208,0.1475838013318535,0.003674389819864978
0.349852,0.1392905597946726,0.003494784464086368
0.352495,0.1365020208795782,0.003450663212506019
0.355139,0.1335557567980022,0.003384548531744411
0.357783,0.1333854712125417,0.003385340907581037
0.360427,0.1346554126664817,0.003392917750040536
0.36307,0.134469231409545,0.003351688299064424
0.365714,0.1305560096420644,0.003296330560067114
0.368358,0.1237828237375139,0.003132501590899456
0.371001,0.1282414703107658,0.003230966858231405
0.373645,0.1202931263873474,0.003093843961831574
0.376289,0.1196806668978912,0.003049246718809285
0.378933,0.1184704738485017,0.003043655625585057
0.381576,0.1165271295782464,0.002949064920323953
0.38422,0.1125471958934517,0.00290903813927457
0.386864,0.114669208518313,0.00292044467627963
0.389507,0.1136920367647059,0.002918384144356979
0.392151,0.1030797394561598,0.002743381062730595
0.394795,0.101549098917869,0.002662412925259167
0.397439,0.1076611791759157,0.002779307280376794
0.400082,0.1008380514705882,0.00263419484811085
0.402726,0.1070828024417314,0.002756697102275473
0.40537,0.09571189886237513,0.00254764497184831
0.408013,0.1037410488346282,0.002652607559877246
0.410657,0.09578998543285239,0.002542757924498069
0.413301,0.0896577151082131,0.002401099780683884
0.415945,0.09617140600721422,0.002534996791362807
0.418588,0.09292428017480577,0.002477413386031008
0.421232,0.08714980209489456,0.002357824325918417
0.423876,0.09121963193673695,0.002470830446282755
0.426519,0.08958494617092122,0.002448159626659844
0.429163,0.08640638415649281,0.002459299744779144
0.431807,0.08488944859877913,0.00247194526559417
0.434451,0.0842689222391787,0.002500173635286452
0.437094,0.08333349951442841,0.002540406218470897
0.439738,0.08624923355993341,0.002603796431553476
0.442382,0.08086442605438403,0.002541289720361074
0.445025,0.08922361951997779,0.002713464231882764
0.447669,0.07900723980299666,0.002516057104277143
0.450313,0.08160346947835738,0.002610711774261128
0.452957,0.07626310301054384,0.002457133689605792
0.4556,0.07925801782741397,0.002510549709261604
0.458244,0.07798694783573806,0.002443573023206541
0.460888,0.07867133844339623,0.002473090271128014
0.463531,0.08105459267480578,0.002551882846381698
0.466175,0.06994042799667036,0.002275812503862142
0.468819,0.07237906985294117,0.002382336626995499
0.471463,0.0702356630826859,0.002268185068875157
0.474106,0.07023793389289679,0.002321458923270975
0.47675,0.06474101886792452,0.002188791866564136
0.479394,0.06674960772752497,0.002244882747001409
0.482037,0.0681763884572697,0.002305331175233459
0.484681,0.0639535536209767,0.002092818803245462
0.487325,0.0678891836154273,0.002185112077180922
0.489969,0.06009680223362929,0.001956323160937923
0.492612,0.06765656291620421,0.00212598080020528
0.495256,0.06600408608490566,0.002050006460210267
0.4979,0.06183325097114317,0.001937161059810173
0.500543,0.05776091682852386,0.001834762423423585
0.5031870000000001,0.0617310141509434,0.00190523114450165
0.505831,0.05847884080188678,0.001837199406127933
0.508475,0.05934984531076581,0.001846470337504918
0.511118,0.06089372384850167,0.001852300433016634
0.5137620000000001,0.05780105431465039,0.001788638286150608
0.516406,0.05464234586570477,0.0017013936853154
0.519049,0.05821752594339622,0.001788251804929281
0.521693,0.0594409959073252,0.001787574571485418
0.5243370000000001,0.05636695296892342,0.001722748687529133
0.526981,0.05746659968091011,0.00174751953843355
0.529624,0.05588857200332963,0.00168933611162552
0.532268,0.0550549626109878,0.001678353130225671
0.5349120000000001,0.05306443264428413,0.001617565369814459
0.537555,0.0586772185072142,0.001734216965098664
0.540199,0.05476425998890122,0.001659117364130015
0.542843,0.0513568932436182,0.001576282380677335
0.5454870000000001,0.05647262118479467,0.001678783715429351
0.54813,0.05317727268312986,0.001575631990381159
0.550774,0.05050159440899001,0.001539816480511909
0.553418,0.05320915788013317,0.001580553619887798
0.556061,0.05276601567702553,0.001572333915398004
0.558705,0.05191943840177581,0.001563168729718474
0.561349,0.0482623100027747,0.001447814412158281
0.563993,0.0507922832963374,0.001515427661750911
0.566636,0.05417763554384018,0.001572670830182777
0.56928,0.05025407609600445,0.001502370887174201
0.571924,0.05076741884017758,0.001504471667612833
0.574567,0.04813530029134296,0.001443432256710258
0.577211,0.05178288304661487,0.001515105020096194
0.579855,0.0478997609600444,0.001417461291786415
0.582499,0.04972039907047725,0.001469297349876809
0.5851420000000001,0.04760133254716981,0.001412461615595494
0.587786,0.04712474625416205,0.001416106777869296
0.59043,0.0471800148446171,0.001404581790956069
0.593073,0.04634156853496116,0.00136446752342317
0.5957170000000001,0.04784941169533852,0.001401581402163997
0.598361,0.04813597100443952,0.001410517197026444
0.601005,0.04754240135960044,0.001386899416360292
0.603648,0.04546199354883464,0.001337121313061515
0.6062920000000001,0.04702774236958935,0.001367220264370265
0.608936,0.04295647724750278,0.001280600449905428
0.611579,0.04526230417591565,0.001316304550738501
0.614223,0.04580387867647059,0.001327360006294334
0.6168670000000001,0.04281744506104328,0.001263376173883552
0.619511,0.04633652330743619,0.001326945318299332
0.622154,0.04360258684794673,0.001274446262874367
0.624798,0.04428728648723641,0.001278089171992357
0.6274420000000001,0.04210654869589345,0.001226539594491969
0.630085,0.04389012361265261,0.001272067043870063
0.632729,0.04318614268867924,0.001247748718221603
0.635373,0.04017945948945615,0.001183580400813886
0.6380169999999999,0.04015536646781354,0.001173048723658091
0.64066,0.04456451304106548,0.001272774157710845
0.643304,0.04149809288290789,0.001209648281650509
0.645948,0.04168326234739179,0.001206652225605867
0.6485919999999999,0.04278342182297448,0.001225553735893214
0.651235,0.03922746809100999,0.001160762475702993
0.653879,0.04121109635127636,0.001198218851999378
0.656523,0.03992148446170921,0.00116407652946715
0.659166,0.04173004973640399,0.001203303836900478
0.66181,0.03765192869034407,0.001101488372755264
0.664454,0.03611187527746948,0.001081100491947691
0.667098,0.03907499875138735,0.00114752474738535
0.669741,0.03760953870699223,0.00111371863154121
0.672385,0.03814647315482797,0.001117102499574412
0.675029,0.03940099507491675,0.001135862441352813
0.6776720000000001,0.0392491804245283,0.00112888837519132
0.680316,0.04022969429800223,0.001152792839326846
0.68296,0.0404915150527192,0.001146981037020284
0.685604,0.03583820602108768,0.001059511310273719
0.6882470000000001,0.03901359302164262,0.001117513711369246
0.690891,0.03551451713374029,0.001046175395902519
0.693535,0.03755826463651499,0.001082603776464531
0.696178,0.03642215905937847,0.001059095349417509
0.6988220000000001,0.03546912153163152,0.001042362560013
0.701466,0.03819953274139845,0.001089781246975134
0.70411,0.03437718229744728,0.001015868989052841
0.706753,0.03887029848779134,0.001095562665192428
0.7093970000000001,0.03568696365149834,0.001034869090824185
0.712041,0.03602169984739179,0.001042381567150874
0.714684,0.03452502989733629,0.001003816486011642
0.717328,0.03588525894839068,0.00103173043536016
0.7199719999999999,0.03636353003607104,0.001041454907387008
0.722616,0.03395815371809102,0.0009849427879491108
0.725259,0.03571071330466148,0.001024220506144277
0.727903,0.03583140961431742,0.001012189506166445
0.7305469999999999,0.03663621039123197,0.001043761427069642
0.73319,0.03505135883740288,0.001006100101197136
0.735834,0.03624880833795783,0.001022429967502019
0.738478,0.03609096871531631,0.001015029244649976
0.7411219999999999,0.03520229675360711,0.0009995503853884361
0.743765,0.03457744852941177,0.000991694698935264
0.746409,0.0349876067563818,0.0009824251392277965
0.749053,0.03512117938401776,0.0009964077254792957
0.751696,0.03598328149278579,0.00100272094335671
0.75434,0.03380110613207547,0.0009669239152438385
0.756984,0.0356302048418424,0.0009887358896700196
0.759628,0.03495515156770256,0.0009821943613355531
0.762271,0.03581853558546061,0.0009967722373899093
0.764915,0.03480888346281909,0.0009700791330147941
0.767559,0.03435834052441732,0.0009730904322621779
0.7702020000000001,0.03314002337680355,0.0009329359854586592
0.772846,0.0333982570754717,0.0009364567806865357
0.77549,0.03280963422586015,0.0009317403261989297
0.778134,0.03384806520532742,0.0009408404595492449
0.7807770000000001,0.03578209274417314,0.0009880025220799717
0.783421,0.0319955006936737,0.0009038617584697158
0.786065,0.03356816266648169,0.0009375569674018026
0.788708,0.03736233171476137,0.001013787048854896
0.7913520000000001,0.03372001394284129,0.0009311303339515611
0.793996,0.03590347579078802,0.0009803394783587831
0.79664,0.03529639116259711,0.0009618693473346734
0.799283,0.03388095761653719,0.0009330008672008187
0.8019269999999999,0.03557891474750278,0.0009663728330176081
0.804571,0.03202960634017758,0.0008894572758250982
0.807214,0.03432437222530522,0.0009404880245131397
0.809858,0.03271514379855716,0.0008969479354311732
0.8125019999999999,0.03468420865704773,0.0009508359036385441
0.815146,0.03017238117369589,0.0008450931814018691
0.817789,0.03323471524694784,0.0009096797906568909
0.820433,0.03367440316315206,0.0009225818069715746
0.8230769999999999,0.03131367619311876,0.0008655358278543934
0.82572,0.03203791127913429,0.0008864327247021839
0.828364,0.03306054959766926,0.000899222446671545
0.831008,0.03499504869589345,0.0009421426742751229
0.8336519999999999,0.03066562999445061,0.0008440188650479986
0.836295,0.0353806400527192,0.0009421029440831073
0.838939,0.03212703142341843,0.0008803662883567417
0.841583,0.0324727096281909,0.0008738905758221098
0.844226,0.03121683025804661,0.0008647367747612134
0.84687,0.03034690392619312,0.0008352140853242544
0.849514,0.0360866628745838,0.0009485059789071672
0.852158,0.03398040628468369,0.0009109153471261752
0.854801,0.03464899278579357,0.0009045839125273566
0.857445,0.03463168014705882,0.0009174129532856921
0.860089,0.03216995019422864,0.0008601080164612167
0.8627320000000001,0.03189138679245283,0.0008561099731104904
0.865376,0.03274587069922309,0.0009034099518490134
0.86802,0.03189929113485017,0.0008801035531534593
0.870664,0.0329991621809101,0.0009162270087756521
0.8733070000000001,0.03179648432297447,0.0008779558860679226
0.875951,0.03080093777746948,0.0008743087244147632
0.878595,0.03022884926470588,0.0008612751621826108
0.881238,0.03433944610155382,0.0009417262525735543
0.8838819999999999,0.03099042910654828,0.0008877958858700078
0.886526,0.03230974694783574,0.0008939547253429398
0.88917,0.03152361625971143,0.0008882551369446463
0.891813,0.02891475978079911,0.0008339777173625192
0.8944569999999999,0.03184513734739178,0.0008761043804763599
0.897101,0.03160619866814651,0.0008634324628994036
0.899744,0.03397349771087681,0.0009063969619267033
0.902388,0.03074584316037736,0.0008389818152517264
0.9050319999999999,0.03064768097946726,0.0008257708442071171
0.907676,0.02956525534128746,0.0008054789744808784
0.910319,0.02998561847946726,0.0008164861612247837
0.912963,0.0321079035099889,0.000856558373770339
0.9156069999999999,0.02962918597391787,0.0008071517361101666
0.91825,0.02921843486403996,0.0007857138467957298
0.920894,0.03023906104328524,0.0008155826979603399
0.923538,0.03110241072419534,0.000828863814059925
0.9261819999999999,0.0306718266509434,0.0008133374109858836
0.928825,0.02973682512486126,0.0008045809108935575
0.931469,0.02903414900110988,0.0007806719194679121
0.934113,0.03084910550776914,0.0008250390169966139
0.936756,0.03194102185072142,0.0008304232401132867
0.9394,0.03052453301886792,0.0008061313033294026
0.942044,0.02844397412597115,0.0007597778286498889
0.944688,0.03034419360432852,0.000800587815170511
0.947331,0.03069806458102109,0.0008089470971124485
0.949975,0.03250413013318535,0.0008364200057111852
0.952619,0.03249406256936738,0.0008385670871242485
0.9552619999999999,0.02897171545504994,0.0007695941848029606
0.957906,0.0308337912735849,0.0008048860091088925
0.96055,0.03296327559655939,0.0008494621020661871
0.963194,0.03048136244450611,0.0007828419248543914
0.9658369999999999,0.02978593826304107,0.0007835998846893632
0.968481,0.03004123959489456,0.0007817942380406884
0.971125,0.03058962423695893,0.0007879601964042736
0.973768,0.03055199562985571,0.000785988270317031
0.9764119999999999,0.03238405417591565,0.0008145122306793528
0.979056,0.03113493000832408,0.0007982933120949346
0.9817,0.03156671816037736,0.0008016362026977059
0.984343,0.03307047523584906,0.0008244739548449267
0.9869869999999999,0.03142619575471699,0.0007910165624028273
0.989631,0.03096428274139845,0.0007933320950915995
0.992274,0.03240281354051055,0.0008418935857301011
0.994918,0.03122812479189789,0.0008170413650154226
0.9975619999999999,0.02912149736403995,0.0007839874279034085
1.00021,0.03137954800221975,0.0008353104580666109
1.00285,0.02894327996670366,0.0007833742067532115
1.00549,0.02891178392064373,0.0007991743866097684
1.00814,0.02946578607103219,0.0008039810469717659
1.01078,0.03061891814650389,0.0008324134101837864
1.01342,0.03169169970865705,0.0008583167998125489
1.01607,0.02895133310210877,0.0008110613238366098
1.01871,0.02950068375416204,0.0008165218564717974
1.02136,0.02956067938401776,0.0008223130652118746
1.024,0.02982193701442841,0.0008351370172213678
1.02664,0.02934552698390678,0.0008263468015535256
1.02929,0.02914078322697004,0.0008252209978975313
1.03193,0.03039226519145394,0.0008488746520191116
1.03457,0.02790471163984462,0.0007949733494380687
1.03722,0.02915817140677026,0.0008311347138449169
1.03986,0.03023553121531632,0.0008457972639979706
1.04251,0.02890958636237514,0.000824990914120025
1.04515,0.02976361015538291,0.000828176114634293
1.04779,0.02982880209489457,0.0008221025402034991
1.05044,0.02819039192563819,0.0007804399783896946
1.05308,0.02974915205327414,0.0007985194918120651
1.05572,0.03114347530521643,0.0008316901886670222
1.05837,0.03010702670643729,0.0007967474185661569
1.06101,0.02815094575471698,0.0007658692289871905
1.06365,0.02915766093229745,0.0007742062201023576
1.0663,0.02868542168423973,0.0007652462180032028
1.06894,0.0278328606409545,0.0007470257601434581
1.07159,0.03002982144839068,0.0007790290370279314
1.07423,0.02983155362097669,0.0007831510559025855
1.07687,0.0279145869173141,0.000735757500608507
1.07952,0.02857852192008879,0.0007534478864150467
1.08216,0.03036720158157603,0.0007830270652361181
1.0848,0.0291558204772475,0.0007458702695318486
1.08745,0.02592756617647058,0.0006897837787465474
1.09009,0.0277269658018868,0.0007206724259278577
1.09274,0.02911860162319645,0.0007515087780363021
1.09538,0.03029761452552719,0.0007707991421447336
1.09802,0.02747741245837958,0.0007100525177044305
1.10067,0.02728856666204218,0.0007109091369799409
1.10331,0.02866506222253052,0.0007281124447368723
1.10595,0.02876770650665927,0.0007340447014211757
1.1086,0.0277811012763596,0.0007123283531523081
1.11124,0.02916620165094339,0.0007388697892525791
1.11389,0.02797444977802441,0.0007182519644013556
1.11653,0.02937699098224196,0.0007303824894920487
1.11917,0.02896181270810211,0.0007338227937238353
1.12182,0.02874746379023308,0.0007229746932781034
1.12446,0.02699429529689235,0.0006942656966137518
1.1271,0.02699964268867925,0.0006887261633193049
1.12975,0.02764648251942286,0.0006972934964441129
1.13239,0.02559690690899001,0.000661228736937353
1.13504,0.02871385717258602,0.0007176943413315186
1.13768,0.02729049410377359,0.0006910955245608155
1.14032,0.02684411508046615,0.0006839400779738686
1.14297,0.02716383004994451,0.0006890412274433661
1.14561,0.02638976990843507,0.0006791921582422942
1.14825,0.02863520289955605,0.0007080951161608509
1.1509,0.02718414601831298,0.0006851198268533842
1.15354,0.0267034461709212,0.0006751950884117821
1.15618,0.02841558899833518,0.0007036957500596737
1.15883,0.02542397280799112,0.0006558341352428179
1.16147,0.02632828863762486,0.0006603541912117457
1.16412,0.02589984947280799,0.0006613021004237013
1.16676,0.02465384538013319,0.0006253844253658711
1.1694,0.02644599535238624,0.0006658207405311501
1.17205,0.02423035072142065,0.0006192776709677845
1.17469,0.02578035724195339,0.000648219276791988
1.17733,0.02768833226970034,0.0006860398282600038
1.17998,0.02597484114872364,0.0006463703979611461
1.18262,0.02709576526082131,0.000672002357426495
1.18527,0.02514325991953386,0.000631902093375927
1.18791,0.02556157658157603,0.0006419010956192586
1.19055,0.02351465635405105,0.0006026341773271939
1.1932,0.02270325603496115,0.0005793508486639245
1.19584,0.02523053274139845,0.0006332534564151381
1.19848,0.0243360212264151,0.0006106160186347859
1.20113,0.02322504564372919,0.000593286593315162
1.20377,0.0249315022891232,0.0006233025391271363
1.20642,0.0230139541481687,0.0005865019415345297
1.20906,0.02468283941453941,0.0006200578955596821
1.2117,0.02524162125416204,0.0006222155251428618
1.21435,0.02190014463096559,0.0005615140165684039
1.21699,0.02506683525249722,0.0006196684673457688
1.21963,0.02463903933129856,0.0006128978158364941
1.22228,0.02446884073251943,0.0006116608564113088
1.22492,0.02419974743340733,0.0006002693862899218
1.22757,0.02475357789955605,0.0006128740796898838
1.23021,0.02371956263873474,0.0005891010468988259
1.23285,0.02333979710044395,0.000582975997991625
1.2355,0.02178204189789123,0.0005544101980412201
1.23814,0.02411957547169812,0.000596895917156848
1.24078,0.02095774236958935,0.0005389744302717681
1.24343,0.02448854092674806,0.0006042399922634165
1.24607,0.02275651248612653,0.00056825775549531
1.24871,0.02307348737513874,0.0005741037916827047
1.25136,0.02251796066870145,0.000561333020509169
1.254,0.0233012871809101,0.0005783185261494995
1.25665,0.02229148168701444,0.0005577878437648686
1.25929,0.02199688755549389,0.0005530661106750356
1.26193,0.02382894839067702,0.0005811480149331784
1.26458,0.02094560772752497,0.0005272261770560189
1.26722,0.02175066259711432,0.0005449763960711859
1.26986,0.0217236074500555,0.0005432914957897107
1.27251,0.02153051304106549,0.0005403599122362099
1.27515,0.02244050818534962,0.0005535680675442207
1.2778,0.02302690371809101,0.0005671739735661211
1.28044,0.02035321698113208,0.0005100223994852881
1.28308,0.02077752198945616,0.0005200265213816984
1.28573,0.02218626900665927,0.000550909553681216
1.28837,0.02336665767203108,0.0005646183745533083
1.29101,0.02244455535516093,0.000557233956093303
1.29366,0.02006971822974473,0.0005025258222589461
1.2963,0.01995406028024417,0.0005019874998491654
1.29895,0.02217321413706992,0.0005454147893935021
1.30159,0.01933483643174251,0.0004849775753941102
1.30423,0.02181963387902331,0.0005398640533044416
1.30688,0.02082942327968924,0.0005120900823768509
1.30952,0.02024037694228635,0.0005055513962733223
1.31216,0.02095862139289679,0.0005152783535884122
1.31481,0.01916507047724751,0.0004822547601424887
1.31745,0.01779614275804662,0.0004539200211243643
1.3201,0.02009646434517203,0.00049560560699596
1.32274,0.0186942459073252,0.0004701822683666088
1.32538,0.01963682900943396,0.0004851978146067211
1.32803,0.01923406236126526,0.0004772512436513262
1.33067,0.01964927039400666,0.0004907374488159343
1.33331,0.01801434427025527,0.0004503871166398134
1.33596,0.01954566238901221,0.0004849249387025202
1.3386,0.01997452733074362,0.0004919356552117208
1.34124,0.01770892945338513,0.0004458446008753315
1.34389,0.01931336445615982,0.0004773140839513941
1.34653,0.01758750062430633,0.0004403982467742381
1.34918,0.01899744256381798,0.0004723779836067504
1.35182,0.0172144673973363,0.0004327156200539352
1.35446,0.01961874493618202,0.0004834201823743316
1.35711,0.01665363450332963,0.0004232737584767922
1.35975,0.0161921724472808,0.0004140593911121107
1.36239,0.01799685079078802,0.0004514299973380769
1.36504,0.01872141551054385,0.0004598255669040165
1.36768,0.0186270166481687,0.0004622412673126728
1.37033,0.01720206034961154,0.0004330727744482476
1.37297,0.01829558136792453,0.000454871335999848
1.37561,0.01689433122918979,0.0004308729922406614
1.37826,0.01739282900943396,0.0004330306794494393
1.3809,0.01707399077413984,0.0004314240916551098
1.38354,0.01677271011376249,0.0004242276134200844
1.38619,0.01636436487236404,0.0004165786960866756
1.38883,0.01614205667314095,0.000408824945327526
1.39148,0.01663842556881243,0.0004202400092652577
1.39412,0.01624900221975583,0.0004129348023047241
1.39676,0.01627624278579357,0.0004093794676241673
1.39941,0.01578994145394007,0.0004011615293045499
1.40205,0.01594165767203108,0.0004029919053056236
1.40469,0.01606405022197559,0.0004106027577920959
1.40734,0.01607705015260821,0.0004056120996428012
1.40998,0.0162334819644839,0.0004079269487826454
1.41263,0.01577062354328524,0.0003971826257831857
1.41527,0.01629087715038846,0.000408646232987148
1.41791,0.01698695831021088,0.0004241352415030782
1.42056,0.01639727559655938,0.0004116277719760423
1.4232,0.01553443410099889,0.0003925460969143559
1.42584,0.01585304571309656,0.0003985597170931696
1.42849,0.01514722204495006,0.0003855265056126241
1.43113,0.01512588512763596,0.0003850299032127
1.43377,0.014621190690899,0.0003732200136164653
1.43642,0.01624382880133185,0.0004041208431122041
1.43906,0.01525607900943396,0.0003867158593041302
1.44171,0.01442721268035516,0.0003681917161441379
1.44435,0.01462575291342952,0.0003715368306684487
1.44699,0.01517010183129855,0.0003822241530239122
1.44964,0.01453094658712542,0.0003707517407252284
1.45228,0.01453017057436182,0.0003684896240073829
1.45492,0.01499722495837958,0.0003773701792784951
1.45757,0.0147760086709212,0.0003720913077731495
1.46021,0.01456179710044395,0.0003685204807985122
1.46286,0.01420737673418424,0.000360713647610296
1.4655,0.01504749868201998,0.0003788621220696614
1.46814,0.01383826248612653,0.00035145148166969
1.47079,0.01344359933407325,0.0003457766235878738
1.47343,0.01477667709489456,0.000370397000153572
1.47607,0.01379609225860155,0.0003530041261394852
1.47872,0.01324903530799112,0.0003373960713414376
1.48136,0.012597621809101,0.0003266076191740229
1.48401,0.0146899673973363,0.0003719053790045922
1.48665,0.01360567612375138,0.0003456621991664275
1.48929,0.01240612520810211,0.000319602623176104
1.49194,0.0139587390399556,0.000349776577670019
1.49458,0.01403472648446171,0.0003572837223237332
1.49722,0.01262941773029967,0.0003235295164239354
1.49987,0.0158240791481687,0.0003896852845361247
1.50251,0.01215351817425083,0.0003164574624065736
1.50516,0.01352887832963374,0.0003415305015515167
1.5078,0.01280332241953385,0.0003269175722823421
1.51044,0.01211099771087681,0.0003125841921525946
1.51309,0.01277632450055494,0.000325593904860381
1.51573,0.01260810599334073,0.0003238506312867098
1.51837,0.01138702129578247,0.0002939798014602499
1.52102,0.012178421545505,0.0003122877964417844
1.52366,0.01210997676193119,0.0003089477439878608
1.5263,0.01055695546614872,0.0002747272015245217
1.52895,0.01076733504439512,0.0002823802629977916
1.53159,0.01227091814650388,0.0003146560917697703
1.53424,0.01260622891231965,0.0003232756419082822
1.53688,0.01273656929800222,0.0003232594803151133
1.53952,0.01181805174805772,0.0003021362629053434
1.54217,0.01117767869034407,0.0002873202950103528
1.54481,0.01126761147336293,0.0002909951353411136
1.54745,0.01093516897891232,0.0002857710845524172
1.5501,0.01136234454772475,0.0002967965939541728
1.55274,0.01203530327413984,0.0003153583713104824
1.55539,0.01270709454772475,0.0003318561403685242
1.55803,0.01255267258601554,0.0003308205140313413
1.56067,0.01117961986681465,0.0003031242699747071
1.56332,0.01042337368201998,0.0002835028096195287
1.56596,0.01132327150388457,0.0003098178520276641
1.5686,0.01084656617647059,0.0002962038211462408
1.57125,0.010488068881798,0.0002933893453429852
1.57389,0.01208068743063263,0.00032843645295502
1.57654,0.01009681423418424,0.000281711264285387
1.57918,0.01087273543285239,0.0003054201533587452
1.58182,0.01028186924250832,0.0002894209357544865
1.58447,0.009441902955049947,0.0002711005596985967
1.58711,0.01158969339622641,0.0003205888001357336
1.58975,0.01146535280244173,0.0003191729383114707
1.5924,0.01123884635127636,0.000319791084862441
1.59504,0.01013466946448391,0.0002877134804292345
1.59769,0.008959511445615983,0.0002624474378530974
1.60033,0.009983475166481686,0.0002865542839131371
1.60297,0.009521186736958938,0.0002754350851464871
1.60562,0.01126491717536071,0.0003174732301700269
1.60826,0.01073999146781355,0.0002980522583812219
1.6109,0.01069256999167591,0.0002967752994740406
1.61355,0.008735868687569363,0.0002459765832648071
1.61619,0.0101771487236404,0.0002802484517817961
1.61883,0.01002231471975583,0.0002765421771381691
1.62148,0.01042350874028857,0.0002826718883902068
1.62412,0.01170600603496116,0.0003145648978008197
1.62677,0.009422646850721422,0.0002576192078661706
1.62941,0.01016448300499445,0.0002778978208271336
1.63205,0.01052522821864595,0.0002832311147824572
1.6347,0.008459003815205332,0.0002342549921211356
1.63734,0.009786871531631519,0.0002661607391253426
1.63998,0.009646372017203109,0.000262424853198094
1.64263,0.007446231617647059,0.0002086262720626181
1.64527,0.01023261646781354,0.0002729484650954243
1.64792,0.00836775020810211,0.0002310901030368108
1.65056,0.01012016100166482,0.0002716459734648911
1.6532,0.007997525735294119,0.0002207112653582058
1.65585,0.01028002420921199,0.0002754103548325126
1.65849,0.008403314026082128,0.0002286569648155334
1.66113,0.009225015399556048,0.0002494437757539063
1.66378,0.01030945775527192,0.0002749589040521677
1.66642,0.009839367993895672,0.0002641060928570855
1.66907,0.009764804384017757,0.0002637548273499767
1.67171,0.009474648862375135,0.0002537468168134068
1.67435,0.01043093007769146,0.0002766789107368456
1.677,0.00916733407325194,0.0002469128508339619
1.67964,0.009322699153718091,0.0002499689618684097
1.68228,0.008676177511098778,0.0002347621892316435
1.68493,0.008809999653163153,0.0002378140445565935
1.68757,0.008976464692008877,0.0002415861544233458
1.69022,0.008444280174805771,0.000227989798079376
1.69286,0.008911902261376248,0.0002394747574055091
1.6955,0.009625030521642621,0.0002573748243928962
1.69815,0.009669553967813544,0.0002571964085216451
1.70079,0.008085194575471697,0.0002217381742790503
1.70343,0.007817960044395115,0.0002115706246239323
1.70608,0.009189588928967816,0.0002448056230681653
1.70872,0.009352927025527192,0.000247294447093512
1.71137,0.00806613533573807,0.0002187336857758052
1.71401,0.008857835460599333,0.0002374663093118034
1.71665,0.007638735432852385,0.0002084948430369006
1.7193,0.008228772960599331,0.0002227803839297637
1.72194,0.008032773654273033,0.0002168704473320223
1.72458,0.009347737583240845,0.0002479042290939251
1.72723,0.007181554037180911,0.0001959035213722413
1.72987,0.008606105160932298,0.0002300252567332292
1.73251,0.009188467258601557,0.0002448037158975628
1.73516,0.008367901290233078,0.000222318213574049
1.7378,0.00859573314372919,0.0002295576050535263
1.74045,0.008273136168146504,0.0002210121697512624
1.74309,0.008379525457824642,0.0002241630301405024
1.74573,0.006613398238068813,0.0001819997887546931
1.74838,0.008113451512208658,0.0002157731738972566
1.75102,0.008212581992230857,0.0002216938894859952
1.75366,0.009318896920088793,0.0002428377503445181
1.75631,0.00788081936736959,0.0002109209107627959
1.75895,0.006944323043840178,0.0001898478775921738
1.7616,0.007408811320754718,0.0001999303650205309
1.76424,0.00688017265538291,0.0001881874708489573
1.76688,0.008635131243063265,0.0002265074440383917
1.76953,0.007814192147613759,0.0002095803113893016
1.77217,0.007949543423973365,0.0002130654843776583
1.77481,0.007525062153163152,0.0002028496152529306
1.77746,0.0067387025527192,0.0001844930099135251
1.7801,0.007750085252497228,0.00020609926346401
1.78275,0.008217414331298556,0.0002187485773466872
1.78539,0.0052991439372919,0.0001459637975923054
1.78803,0.007777028232519422,0.0002065048602557884
1.79068,0.007603638596004437,0.000204215209961644
1.79332,0.007503858004994449,0.0001990117868319734
1.79596,0.008467297308546059,0.0002251540782707417
1.79861,0.007120972391786904,0.0001899266817940537
1.80125,0.007824170435627083,0.0002080940373514366
1.8039,0.007572433268590454,0.0002025360424096411
1.80654,0.007066598848501664,0.0001895275628993227
1.80918,0.006569959836293011,0.0001794737271250048
1.81183,0.007625643937291898,0.0002033492939226388
1.81447,0.007451622502774698,0.0001992496899181348
1.81711,0.007144934933407324,0.0001914173545495202
1.81976,0.00727557977247503,0.0001941646330098101
1.8224,0.00670268091009989,0.0001825416241320963
1.82504,0.007978448182574916,0.0002111845367703043
1.82769,0.007479607033851276,0.0002013021620327483
1.83033,0.006820698945615981,0.0001841152675595195
1.83298,0.005297509503329636,0.0001464852950551062
1.83562,0.007186436736958936,0.0001938796082084468
1.83826,0.008126227108768036,0.0002169638882094504
1.84091,0.006752473917869037,0.0001844486801144719
1.84355,0.007212239733629299,0.0001945994727378131
1.84619,0.005902135613207547,0.0001629929748039906
1.84884,0.006149308268590453,0.0001671992899419952
1.85148,0.006619688748612656,0.0001810563353054672
1.85413,0.005660637694228636,0.0001576811535524893
1.85677,0.00694980778301887,0.0001872117082980479
1.85941,0.006256235502219756,0.0001721806653820964
1.86206,0.006641439997225305,0.0001794156356073276
1.8647,0.00630579044117647,0.0001732222928057709
1.86734,0.006631468576581576,0.0001805644192602095
1.86999,0.005922481340177578,0.0001624631545249188
1.87263,0.006518983351831297,0.0001796225518561699
1.87528,0.007063078177025526,0.0001907559790739024
1.87792,0.006829347253052163,0.0001859784193013767
1.88056,0.006656891578801332,0.0001814931149405266
1.88321,0.006215170921198668,0.0001698562790545988
1.88585,0.006147994311875691,0.0001705350297356402
1.88849,0.005246118687569368,0.000145269733680291
1.89114,0.005870831853496117,0.0001626857188039978
1.89378,0.005836270671476135,0.00016006017055903
1.89643,0.006544857311320752,0.0001788999353347239
1.89907,0.006503334905660378,0.0001784649231005384
1.90171,0.005309580049944506,0.0001467611740020424
1.90436,0.006573205812985574,0.0001795238538983312
1.907,0.004981860016648168,0.0001389420917330694
1.90964,0.008126783365704774,0.000217011093298972
1.91229,0.007951670019422862,0.0002125983031484105
1.91493,0.007181652469478357,0.0001933946457919535
1.91757,0.006327859877913431,0.0001728385284080674
1.92022,0.006033632006104332,0.0001667132379523198
1.92286,0.006595877289123196,0.0001807828387612986
1.92551,0.006558189164816869,0.0001774899106439178
1.92815,0.006403009503329631,0.0001743669637761414
1.93079,0.006875001526082133,0.0001879146637119791
1.93344,0.006670276082130965,0.000180751470193929
1.93608,0.006109097530521643,0.0001676496097343441
1.93872,0.006890803343507217,0.0001865558099283698
1.94137,0.005719122502774694,0.0001597508904513279
1.94401,0.007204834420088791,0.0001948180460698746
1.94666,0.006259758462819092,0.0001711126642052353
1.9493,0.005022670504994452,0.0001410273135145715
1.95194,0.006695648723640397,0.0001814252409769729
1.95459,0.007031060210876803,0.0001901880769693083
1.95723,0.007801034267480575,0.0002092590162462355
1.95987,0.007946457685904554,0.0002112433389687057
1.96252,0.006119792314095451,0.0001691928647596468
1.96516,0.006699288429522754,0.0001815024059991043
1.96781,0.006017491398446172,0.0001653830888670863
1.97045,0.006661737652608213,0.000181060343844418
1.97309,0.006849942494450608,0.0001861536339849079
1.97574,0.005970543770810211,0.0001649518389626501
1.97838,0.005703780799112098,0.0001576112371952178
1.98102,0.006054689650388458,0.0001674411691486354
1.98367,0.004974889636514986,0.0001388128170176476
1.98631,0.006628110432852385,0.0001803182075853307
1.98896,0.006731297239178692,0.000183133620443603
1.9916,0.004430572766370698,0.0001252392284720459
1.99424,0.005910250554938957,0.0001614952781902426
1.99689,0.00571580785238624,0.0001569253188964513
1.99953,0.00557124972253052,0.0001534223913465751
2.00217,0.006989741537180912,0.0001880747330016828
2.00482,0.005586664678135405,0.0001540027826194132
2.00746,0.005926615496670366,0.0001621665364279681
2.0101,0.004667135335738069,0.0001296545902878307
2.01275,0.005080390746392899,0.0001412569995295248
2.01539,0.006312232033851276,0.0001700565988586974
2.01804,0.005038850027746948,0.0001409229877269014
2.02068,0.004163690760266367,0.0001175651635752564
2.02332,0.004359703801331851,0.0001220801457733618
2.02597,0.006273335252497224,0.0001705447740687614
2.02861,0.005266034059378466,0.0001444173720570863
2.03125,0.005652058060488348,0.0001552351090732902
2.0339,0.006061380757491674,0.0001647507913359395
2.03654,0.00575877240566038,0.0001584368695557648
2.03919,0.004698551262486127,0.0001308314578618489
2.04183,0.004976070824084348,0.0001372801648029239
2.04447,0.005327066662042178,0.0001469420840167602
2.04712,0.005164783851276358,0.0001423132007073676
2.04976,0.005571158157602661,0.0001528572066705114
2.0524,0.004793506381798002,0.0001335664628796807
2.05505,0.004989423279689233,0.0001380691857388412
2.05769,0.004530355646503885,0.0001268321126950808
2.06034,0.004879126456714762,0.000134202855220202
2.06298,0.003700262347391791,0.0001051278837783064
2.06562,0.004757823529411761,0.0001316393031113167
2.06827,0.004262846420643727,0.0001191130889526486
2.07091,0.006049422377913431,0.000164891765804676
2.07355,0.005734223848501667,0.0001558191313696033
2.0762,0.004612036140399557,0.0001286082203290179
2.07884,0.004509407880133185,0.0001252678013287555
2.08149,0.004934543840177583,0.0001363580298839493
2.08413,0.006174152122641509,0.0001682982418055345
2.08677,0.004996547031076578,0.0001370262845600933
2.08942,0.005983415510543839,0.000164184499424239
2.09206,0.005042118895671476,0.0001394537259673408
2.0947,0.005581715593784683,0.0001531224189483465
2.09735,0.005229197488901221,0.0001442199422457033
2.09999,0.004030044880688121,0.0001135821818959219
2.10263,0.004624756798002218,0.000130295570339003
2.10528,0.005588388387902331,0.0001514317339251842
2.10792,0.004384742230854608,0.0001234895658432324
2.11057,0.003724584281354051,0.0001064438255885932
2.11321,0.004194037666481687,0.0001215448652366994
2.11585,0.005738795227524973,0.0001644156933958064
2.1185,0.003215178829078802,9.518081952279241e-05
2.12114,0.005186143659822419,0.0001518052957274264
2.12378,0.003532499375693672,0.000104679518118659
2.12643,0.002734366814650386,8.343689620824103e-05
2.12907,0.00449441412319645,0.0001348762432809519
2.13172,0.005114391093229744,0.0001513990676772768
2.13436,0.005571741884017757,0.0001653488828978105
2.137,0.005354696379023309,0.0001587410285888448
2.13965,0.005350440899001111,0.0001601928769628512
2.14229,0.00359302379300777,0.0001108464375009306
2.14493,0.005645902608213094,0.000169425068747128
2.14758,0.004946248127081022,0.0001513797046246233
2.15022,0.004902644908435071,0.0001483707632098393
2.15287,0.005000012763596007,0.0001533485927743406
2.15551,0.003305832685904549,0.0001040831443764046
2.15815,0.004891579286903443,0.0001505650818461047
2.1608,0.004401665718645951,0.0001367609143204913
2.16344,0.004638116120976694,0.0001425936816872349
2.16608,0.003033237028301888,9.625039826118179e-05
2.16873,0.004515874653163154,0.0001373962293524973
2.17137,0.005169403301886791,0.0001535247099660179
2.17402,0.003705559378468369,0.0001121163322824973
2.17666,0.00517691391509434,0.0001530134180882499
2.1793,0.003566442494450612,0.0001077162129431633
2.18195,0.004781055840732523,0.0001406263876309196
2.18459,0.004181033157602662,0.0001241111616508254
2.18723,0.004775355923973363,0.0001403117689669023
2.18988,0.004309269839067706,0.0001271201661489347
2.19252,0.005093761514983351,0.0001476597324367849
2.19516,0.005774436875693675,0.0001649065383236925
2.19781,0.005240551539955603,0.0001520881074634468
2.20045,0.003968730715871256,0.0001168528446548204
2.2031,0.005050288776359603,0.0001463701229781547
2.20574,0.00356897426470588,0.0001058340284047069
2.20838,0.004220218368479467,0.0001239178528631499
2.21103,0.00462852011653718,0.0001350398866490961
2.21367,0.005395783851276363,0.0001556629015427953
2.21631,0.005130634711431741,0.0001485197109127597
2.21896,0.003668464137069923,0.0001080974634127168
2.2216,0.004327031145948949,0.0001255550517066688
2.22425,0.004785054938956717,0.0001386207077615396
2.22689,0.003943831922863485,0.0001159464299626321
2.22953,0.004404110502219756,0.000127476532037509
2.23218,0.004031145948945616,0.0001192502124949872
2.23482,0.003981977871809103,0.0001166584562796803
2.23746,0.00408976352663707,0.0001211530011641203
2.24011,0.004584562083795782,0.0001331058497558884
2.24275,0.003551963790233075,0.0001061636463168169
2.2454,0.002977783018867925,8.929250485607556e-05
2.24804,0.005925127566592679,0.0001693117347408234
2.25068,0.005729776082130966,0.000164171828402914
2.25333,0.003838900804661487,0.0001130773374214135
2.25597,0.005178117993895672,0.0001498343672950899
2.25861,0.004530140468923419,0.0001323852492783931
2.26126,0.003525510682574916,0.0001052314275969378
2.2639,0.001976854744728078,6.052020929834846e-05
2.26655,0.003620573390677025,0.0001077850237493184
2.26919,0.004300948876248612,0.0001278972607634786
2.27183,0.005378402538845728,0.0001542661613016188
2.27448,0.002836525804661486,8.548391873806021e-05
2.27712,0.00499444103773585,0.0001442587881236785
2.27976,0.00453364511653718,0.0001344803734901775
2.28241,0.005848792175360711,0.0001681390714733345
2.28505,0.00525156908990011,0.0001513510927690052
2.28769,0.004156708934517205,0.0001222694910417314
2.29034,0.003901950124861265,0.0001142502380211435
2.29298,0.004465321656492786,0.0001312088242518011
2.29563,0.003564702760821311,0.0001056113867766292
2.29827,0.00371838304661487,0.000110247610822426
2.30091,0.003990014983351834,0.0001197303792612945
2.30356,0.004537669395116536,0.0001313628888520604
2.3062,0.004672819228634851,0.0001371232589549712
2.30884,0.004051166620421752,0.0001192006180443354
2.31149,0.004172554245283018,0.0001240397451035272
2.31413,0.003679371809101002,0.0001096103871781237
2.31678,0.003538164955604883,0.0001059469577800308
2.31942,0.005491322697003331,0.0001589098564632977
2.32206,0.00436651852108768,0.0001270303115030119
2.32471,0.004212936667591568,0.0001247618288849075
2.32735,0.003454934725305219,0.0001038196533586511
2.32999,0.004403352802441731,0.0001293541445541786
2.33264,0.003755961293007769,0.0001135826950749558
2.33528,0.002696115566037736,8.072343351571381e-05
2.33793,0.005171442910654829,0.0001507799109499117
2.34057,0.004813774278579359,0.0001400125536326649
2.34321,0.003419435002774694,0.0001023693836591007
2.34586,0.004034282047724748,0.0001208808690294054
2.3485,0.005252624375693671,0.0001519502765649738
2.35114,0.00375940871254162,0.0001118111137317789
2.35379,0.002272078385127636,6.918575021987298e-05
2.35643,0.002489421476137625,7.550065224072559e-05
2.35908,0.003945477802441734,0.0001179195506791061
2.36172,0.003478556187569365,0.0001040693457172794
2.36436,0.003828407463928971,0.0001137094976009799
2.36701,0.005343500277469477,0.000153495885218396
2.36965,0.003667953662597115,0.0001089777698786658
2.37229,0.003650542591564929,0.0001089265561360099
2.37494,0.003972301748057714,0.0001176820942139157
2.37758,0.004637520948945617,0.0001375341788091438
2.38022,0.003111687569367368,9.276718752011635e-05
2.38287,0.004347672169811324,0.0001294417553958241
2.38551,0.003998349680910097,0.0001170624474267034
2.38816,0.00458698168701443,0.0001349620875648385
2.3908,0.003466762624861267,0.0001042130423487264
2.39344,0.004852554314650388,0.0001418187913729897
2.39609,0.002832574778024419,8.614118594762005e-05
2.39873,0.004270551609322976,0.000125264706297596
2.40137,0.003170822488901221,9.561416471277525e-05
2.40402,0.004573938263041063,0.0001322972885673316
2.40666,0.003105101761931189,9.351436895865657e-05
2.40931,0.003474660099889012,0.0001042209110883116
2.41195,0.003581903232519423,0.0001062921382124449
2.41459,0.003881766925638182,0.0001157623355354106
2.41724,0.00411968694506104,0.0001209924443647467
2.41988,0.005142222253052167,0.0001493964039811565
2.42252,0.003200823737513877,9.665063872298358e-05
2.42517,0.004688959836293012,0.0001361586331978672
2.42781,0.004143546476137626,0.000123093991592798
2.43046,0.00470409322974473,0.0001370889666513423
2.4331,0.003829531423418427,0.0001139406064830462
2.43574,0.002954946725860159,8.926211916100057e-05
2.43839,0.003408112999445061,0.0001026146894381117
2.44103,0.002786471836847946,8.453035063097253e-05
2.44367,0.004567567633185352,0.0001336611476223051
2.44632,0.004406541551054384,0.0001298442501509926
2.44896,0.003505952413984461,0.0001045989365099472
2.45161,0.003524489733629304,0.0001051508913554723
2.45425,0.0044245798418424,0.0001308450754754708
2.45689,0.002878061945061043,8.647972822474946e-05
2.45954,0.004228221143174253,0.0001255452392325168
2.46218,0.004160813332408432,0.0001232764365495585
2.46482,0.005268453662597114,0.00015159196544068
2.46747,0.004038837402885684,0.0001192472733501866
2.47011,0.002601554175915651,7.983029728336302e-05
2.47275,0.004607677649833519,0.0001364418154948573
2.4754,0.003148226553829076,9.427479929277346e-05
2.47804,0.00401309163429523,0.0001191052416535823
2.48069,0.004465971767480576,0.0001316381614036756
2.48333,0.005168077899556048,0.0001514052594244844
2.48597,0.004558791134850167,0.0001347195109820679
2.48862,0.004457048765260823,0.0001308248806919907
2.49126,0.003116838096559377,9.496743470889795e-05
2.4939,0.004433571517758045,0.0001300815367933752
2.49655,0.003594459073251944,0.0001081200892402402
2.49919,0.002306760890677025,7.067854845354797e-05
2.50184,0.003286970310765819,9.888028131812688e-05
2.50448,0.003533447072697004,0.000106307588983384
2.50712,0.002860238831853496,8.746951289586297e-05
2.50977,0.003793411348501667,0.0001130430766159643
2.51241,0.002644971975582684,8.045185141047327e-05
2.51505,0.002848962610987793,8.697082712150311e-05
2.5177,0.002833868132630414,8.680455955060999e-05
2.52034,0.003984150249722529,0.0001181487430201706
2.52299,0.003686893867924531,0.0001108997132227754
2.52563,0.003916259433962264,0.0001169390401392291
2.52827,0.003974998335183133,0.0001187659034773042
2.53092,0.003342339622641508,0.000100713604468953
2.53356,0.003376539123196449,0.0001011786999072626
2.5362,0.003937884780799113,0.0001180535449330687
2.53885,0.00403745935072142,0.0001202259827910957
2.54149,0.004587274694783572,0.000135421612174212
2.54414,0.003567708379578244,0.0001075934567762199
2.54678,0.005100205396781353,0.0001494327445703043
2.54942,0.003824847877358492,0.0001145411599308468
2.55207,0.002712668215871253,8.293317194270495e-05
2.55471,0.003795107588790234,0.0001135697151415039
2.55735,0.002962956367924531,9.046729657842696e-05
2.56,0.002740639012208658,8.435765869306475e-05
2.56264,0.004313916759156494,0.0001294089730311514
2.56529,0.003267860710321863,9.822825758021511e-05
2.56793,0.004347450124861265,0.0001293569627855267
2.57057,0.004017097599889015,0.0001195655669698257
2.57322,0.003414611820199777,0.0001034631174596939
2.57586,0.003169027816315206,9.588824955899093e-05
2.5785,0.002625374791897895,8.039430029501804e-05
2.58115,0.004125766856270808,0.0001242419006743235
2.58379,0.003648068049389568,0.000109976163338006
2.58643,0.00297579377081021,9.078697642978658e-05
2.58908,0.003266322419533849,9.899559961075381e-05
2.59172,0.002279982727524972,7.049264443254737e-05
2.59437,0.0028854375,8.861350193331922e-05
2.59701,0.003762597461154272,0.0001126805034418287
2.59965,0.003413833518312989,0.0001030970395032942
2.6023,0.002570834142619313,7.912916590255636e-05
2.60494,0.004383773931742508,0.0001309789448024497
2.60758,0.003507229744728081,0.000107405229480697
2.61023,0.002832714414539402,8.69709877070612e-05
2.61287,0.002433283018867926,7.541108659359337e-05
2.61552,0.003732765607658158,0.0001130368647294314
2.61816,0.002959765330188682,9.049142349726702e-05
2.6208,0.003579884225860156,0.0001079247480090338
2.62345,0.002719315829633741,8.379890600670115e-05
2.62609,0.003409420088790236,0.0001038537018062998
2.62873,0.003134173626526082,9.586436114241327e-05
2.63138,0.00362965205327414,0.0001097741560565114
2.63402,0.003307542660932299,0.0001007216515913813
2.63667,0.003593069575471699,0.0001089524878687627
2.63931,0.003527811251387349,0.0001078796059129
2.64195,0.004100481201442839,0.0001231256376582423
2.6446,0.003357885058268592,0.0001014291924381724
2.64724,0.003533513457269702,0.0001067421309697624
2.64988,0.004083360849056603,0.0001233503010454975
2.65253,0.003106981132075473,9.562747823841138e-05
2.65517,0.003639955396781355,0.0001102687913903274
2.65782,0.003227988762486126,9.850405449376482e-05
2.66046,0.003095102871809102,9.486887348555694e-05
2.6631,0.003725081021087677,0.0001125396453933764
2.66575,0.004585267133740287,0.0001356026785859816
2.66839,0.004553079772475026,0.0001366385972828375
2.67103,0.003764071656492785,0.0001163959132915511
2.67368,0.003312420782463929,0.0001048888293361885
2.67632,0.003633859461709212,0.0001161409072136575
2.67896,0.004505161556603775,0.0001407859445660496
2.68161,0.003450290094339621,0.0001125601959072961
2.68425,0.00360691190344062,0.0001184021697871268
2.6869,0.00396466752219756,0.0001288988626030533
2.68954,0.003293514913984461,0.0001089316199403809
2.69218,0.004085908643174248,0.000133424688906004
2.69483,0.003630016023862375,0.0001216357684426656
2.69747,0.003264539192563819,0.0001101652651572405
2.70011,0.003273910862930081,0.0001090404726981855
2.70276,0.005729375485571588,0.0001877735642578287
2.7054,0.002931316107103221,0.0001001969290674148
2.70805,0.002427713582130965,8.487737664358947e-05
2.71069,0.003253926817425083,0.0001109132766048112
2.71333,0.003284761306881246,0.00011354907943188
2.71598,0.0006930045782463915,2.552731799675201e-05
2.71862,0.003164431256936738,0.0001113626233423631
2.72126,0.003312938124306327,0.0001164197729168581
2.72391,0.002619386445615982,9.293232711840867e-05
2.72655,0.00409503537735849,0.000139094374283007
2.7292,0.003008580882352941,0.0001029341587361443
2.73184,0.004036454425638178,0.0001335739456171589
2.73448,0.004814401498335185,0.000156342392406715
2.73713,0.003909529411764705,0.0001268881245196961
2.73977,0.004028653093784684,0.0001320700048512896
2.74241,0.003444102594339621,0.0001129304374250634
2.74506,0.003010853981687015,9.845588893973055e-05
2.7477,0.002688707963374031,8.904441250272578e-05
2.75035,0.002688907117092121,8.790524647765372e-05
2.75299,0.002803365566037737,9.236796966415772e-05
2.75563,0.004023058476692565,0.000127288844832521
2.75828,0.002124773307436185,6.981115679821992e-05
2.76092,0.002544909822419534,8.401068427992832e-05
2.76356,0.002932710183129855,9.476060865848542e-05
2.76621,0.001816284198113209,5.999360448522967e-05
2.76885,0.002832128399001109,9.213825191075521e-05
2.77149,0.002081987305771367,6.839795300956749e-05
2.77414,0.003984839275804663,0.000126350407939616
2.77678,0.001484810002774696,4.903548419914146e-05
2.77943,0.002942013179800222,9.43643103678909e-05
2.78207,0.001575509642064373,5.224733594626274e-05
2.78471,0.003917014844617091,0.0001246078388915245
2.78736,0.004146451373473921,0.000130595471419211
2.79,0.002330338859600442,7.528768895374621e-05
2.79264,0.002538285099889011,8.23039800840262e-05
2.79529,0.002844144006659266,9.147087603620818e-05
2.79793,0.003099772683129855,9.887611999047847e-05
2.80058,0.002154122155937846,6.944749083456684e-05
2.80322,0.004079956922863482,0.0001285513444318227
2.80586,0.004552823390677026,0.0001421430113632572
2.80851,0.00413238471143174,0.0001288809933479072
2.81115,0.003127423002219759,9.900816790323556e-05
2.81379,0.003703547239178689,0.0001162714014612535
2.81644,0.002947685627081019,9.453496922389678e-05
2.81908,0.004471685418978914,0.0001384783495577149
2.82173,0.003057524625416203,9.719704233440216e-05
2.82437,0.002307742924528302,7.407185561235092e-05
2.82701,0.002119966148723643,6.833018163520252e-05
2.82966,0.002644150180355163,8.502146195560389e-05
2.8323,0.002583751664816867,8.215145362755873e-05
2.83494,0.001911493410099892,6.191858278275319e-05
2.83759,0.004076333240843507,0.0001256189927926356
2.84023,0.003338299320199779,0.0001051496891829162
2.84288,0.003703261098779133,0.0001167131338742447
2.84552,0.003108388942841285,9.706771533847594e-05
2.84816,0.002730683615427304,8.777874994194399e-05
2.85081,0.003440787943951164,0.0001082280217170935
2.85345,0.003945054314650387,0.0001226611640512074
2.85609,0.003232294603218648,0.0001017639132920839
2.85874,0.002288447905105438,7.343659255111251e-05
2.86138,0.003047571517758045,9.707465995245633e-05
2.86402,0.002556053274139841,8.188653828677112e-05
2.86667,0.00278420789400666,8.873411521174185e-05
2.86931,0.001986274486681463,6.418074218629793e-05
2.87196,0.001456026567702553,4.726045361276349e-05
2.8746,0.004097931118202,0.0001283286560481244
2.87724,0.002844244728079913,9.063449432704837e-05
2.87989,0.0026900173418424,8.600810894166039e-05
2.88253,0.003320338859600445,0.0001047231016675085
2.88517,0.003240624722530523,0.0001030354751654203
2.88782,0.002712920019422864,8.704680537469857e-05
2.89046,0.002705597114317424,8.544390917913329e-05
2.89311,0.002594421268035517,8.345497562477622e-05
2.89575,0.003380673279689236,0.0001067685113171803
2.89839,0.00221460307991121,7.073097245076036e-05
2.90104,0.003576887763596007,0.0001125822287763473
2.90368,0.00281432130965594,8.875122447960402e-05
2.90632,0.003724108143729188,0.0001164054440141797
2.90897,0.00277063339345172,8.87505894652639e-05
2.91161,0.002723488901220867,8.681276857187054e-05
2.91426,0.003290264359045504,0.0001031167674236206
2.9169,0.003672584558823528,0.0001156197713377644
2.91954,0.002723264567147615,8.706242203614812e-05
2.92219,0.003130813193673698,9.764700572702234e-05
2.92483,0.002909967744173141,9.22835545197919e-05
2.92747,0.004277645602108766,0.0001317917306925622
2.93012,0.004988727386237513,0.0001535490368034486
2.93276,0.003302756104328524,0.0001039008758895881
2.93541,0.003225102178135404,0.0001007472329063298
2.93805,0.002722699153718089,8.629096831979619e-05
2.94069,0.003880601761931189,0.0001201411909330543
2.94334,0.004723104397891234,0.0001457745156536038
2.94598,0.001592332408435073,5.116627609240751e-05
2.94862,0.002998980299667038,9.53017820434855e-05
2.95127,0.004092103010543842,0.0001272992117158201
2.95391,0.003557379855715871,0.0001111184963660473
2.95655,0.00248364372918979,7.909228588923418e-05
2.9592,0.004078482727524972,0.0001246974424852026
2.96184,0.003178701650943394,0.0001005313866409353
2.96449,0.00286314372918979,9.175507174382279e-05
2.96713,0.004030999445061043,0.0001248985415896587
2.96977,0.003909975790788011,0.0001219548742308099
2.97242,0.003371315344062155,0.0001057059525240352
2.97506,0.002589094478357384,8.341639269028818e-05
2.9777,0.002871780591009992,9.10029514289402e-05
2.98035,0.002835314858490564,8.972070932012267e-05
2.98299,0.002453988138179802,7.891911389360603e-05
2.98564,0.004312291481687017,0.000132596150077462
2.98828,0.002667840316315204,8.5079782946023e-05
2.99092,0.00271178690344062,8.576304733532452e-05
2.99357,0.001750915996115428,5.685074702732741e-05
2.99621,0.002627599819644838,8.416579952907111e-05
2.99885,0.003727246531631521,0.0001163088931595381
3.0015,0.003116634364594897,9.835700577644876e-05
3.00414,0.003080885127635958,9.749812701310981e-05
3.00679,0.001942936806326305,6.263730209782236e-05
3.00943,0.00263958795782464,8.438269555376331e-05
3.01207,0.003252722738623752,0.000101566983767109
3.01472,0.003551567771920088,0.0001116269572920946
3.01736,0.003534264289678136,0.0001109401911588434
3.02,0.003594935210876806,0.0001122693461110969
3.02265,0.003738161071032187,0.0001163507881672715
3.02529,0.00264401512208657,8.379680299343632e-05
3.02794,0.003331615080466145,0.0001048410871010709
3.03058,0.003453835946170921,0.0001077253210916007
3.03322,0.003451533088235291,0.0001084088338254027
3.03587,0.003401444783573805,0.0001065812711166354
3.03851,0.001752161279134296,5.612544654626955e-05
3.04115,0.001392336293007769,4.533655933903321e-05
3.0438,0.002547972669256385,8.082519586027083e-05
3.04644,0.002974862097669257,9.319250669596321e-05
3.04908,0.00228887139289678,7.342255685065635e-05
3.05173,0.00170054612930078,5.484890872917026e-05
3.05437,0.003721791551054385,0.0001156230930737932
3.05702,0.002190512347391788,6.969780277643296e-05
3.05966,0.002845348085460598,8.848420275452213e-05
3.0623,0.00180749167591565,5.820439980035321e-05
3.06495,0.00316161334628191,9.849537301209941e-05
3.06759,0.002336592744173139,7.407533151591407e-05
3.07023,0.003542376942286349,0.0001100263428877491
3.07288,0.00281664019145394,8.875691272612153e-05
3.07552,0.002880655521642619,9.103000482536996e-05
3.07817,0.003996481756381798,0.0001236098321528999
3.08081,0.003047887416759157,9.506439102508236e-05
3.08345,0.002630976276359604,8.30684171035742e-05
3.0861,0.001242865704772474,4.02394186637213e-05
3.08874,0.004165780729744726,0.0001274483270690369
3.09138,0.004338975790788014,0.0001325818967671677
3.09403,0.001410166273584907,4.562727344202514e-05
3.09667,0.002737436528856824,8.687825912020609e-05
3.09932,0.002633910932297449,8.240338016882917e-05
3.10196,0.003681173349056608,0.0001136923942815191
3.1046,0.003185520948945616,9.913300901732047e-05
3.10725,0.00153240545227525,4.93734673046607e-05
3.10989,0.003973560765815762,0.0001226067892473993
3.11253,0.003128707200332965,9.75026861110802e-05
3.11518,0.003334432991120977,0.0001038169407798741
3.11782,0.003084080743618202,9.605768361695676e-05
3.12047,0.003165360640954494,9.849490570482682e-05
3.12311,0.002400491329078801,7.627408530192206e-05
3.12575,0.002789614802996673,8.726308353000468e-05
3.1284,0.002415759780799112,7.671771336348733e-05
3.13104,0.003673658157602664,0.0001136224141768787
3.13368,0.002763271573251945,8.774319987186987e-05
3.13633,0.003098621254162039,9.652378513390313e-05
3.13897,0.002584990080466148,8.127777336630105e-05
3.14161,0.003139461501109876,9.867609187482141e-05
3.14426,0.004382450818534962,0.0001349186764989766
3.1469,0.003392182991120979,0.0001055637178368164
3.14955,0.00328747849611543,0.0001024644351780416
3.15219,0.003913308754162041,0.0001201216540215966
3.15483,0.002146297932852386,6.81831426123249e-05
3.15748,0.002026601970033295,6.470864361735026e-05
3.16012,0.003774839692008878,0.0001165571835713092
3.16276,0.002465786279134298,7.83688457159832e-05
3.16541,0.003104621046059933,9.753348394788168e-05
3.16805,0.003819051817425083,0.0001176605515584071
3.1707,0.001763394006659266,5.670254633987446e-05
3.17334,0.003319764289678137,0.0001028070487172722
3.17598,0.001661406700887905,5.357639324185258e-05
3.17863,0.002507803135405107,7.914222236915237e-05
3.18127,0.003617212957824642,0.0001117356471544934
3.18391,0.003009526290233071,9.40603867451976e-05
3.18656,0.001993698113207546,6.339445121984287e-05
3.1892,0.002297059586570475,7.340404813723208e-05
3.19185,0.00319495671476138,9.947498775049278e-05
3.19449,0.002137111681465037,6.799320300822202e-05
3.19713,0.00255952358490566,8.090138416856483e-05
3.19978,0.002476412389012211,7.78526471317555e-05
3.20242,0.003367677927302999,0.000104246712096314
3.20506,0.002712288221420641,8.478660094600052e-05
3.20771,0.003105912111542731,9.630378017961334e-05
3.21035,0.002770953870699225,8.65791426418963e-05
3.213,0.001627756589900112,5.200395883341134e-05
3.21564,0.001323374167591564,4.204273700120531e-05
3.21828,0.004030040302441731,0.0001225450551221263
3.22093,0.003364228218645948,0.0001036488329705962
3.22357,0.003495177511098778,0.000107713644208365
3.22621,0.003055475860155385,9.437201433211195e-05
3.22886,0.003428456437291899,0.0001050453222962342
3.2315,0.002893144977802442,9.237450619245692e-05
3.23414,0.002245922863485018,7.392813271802342e-05
3.23679,0.003021189372918982,9.86116532427881e-05
3.23943,0.004059304453385126,0.0001310647712086803
3.24208,0.002107765122086569,7.182243590946894e-05
3.24472,0.003687111334628193,0.0001231608664210562
3.24736,0.002243336154273033,7.671485201339468e-05
3.25001,0.003443736334628194,0.0001168699653895974
3.25265,0.002605711223640398,9.114414342605609e-05
3.25529,0.003334497086570478,0.0001162026666904996
3.25794,0.001602935627081021,5.735369791950601e-05
3.26058,0.002977659406215316,0.0001043628854337817
3.26323,0.002106508393451717,7.536057861914622e-05
3.26587,0.002099036695338511,7.586456164259017e-05
3.26851,0.003006605369034408,0.0001079721491066144
3.27116,0.001953086778579359,7.128564442240233e-05
3.2738,0.001654917036625972,6.102666460334876e-05
3.27644,0.003838353704217537,0.000136949935821402
3.27909,0.001814729883462817,6.785807304725366e-05
3.28173,0.003225722530521643,0.0001164371192459471
3.28438,0.002516716981132078,9.40866632089721e-05
3.28702,0.003471588096559376,0.0001229238592710061
3.28966,0.003313709558823529,0.0001165029057756339
3.29231,0.002815163706992234,9.839027902698878e-05
3.29495,0.001736167175360713,6.14795956696191e-05
3.29759,0.003052229883462822,0.0001047772196001835
3.30024,0.002742637416759157,9.41191541940391e-05
3.30288,0.002440415926748059,8.417537540641815e-05
3.30553,0.005785900804661488,0.0001865625256150765
3.30817,0.002542007214206437,8.683003053582216e-05
3.31081,0.001102551609322973,3.888041109982001e-05
3.31346,0.0008237203801331862,2.925636705117672e-05
3.3161,0.003032358004994452,0.0001020045979979251
3.31874,0.0022156400527192,7.613531103721676e-05
3.32139,0.002306600652053275,7.851568505893535e-05
3.32403,0.003435058268590456,0.0001149061349195778
3.32667,0.002390277261376245,8.068564538939886e-05
3.32932,0.003430308337957824,0.000113656837595194
3.33196,0.002562053066037735,8.692666859681283e-05
3.33461,0.004011878399001112,0.0001320092656956599
3.33725,0.002158455466148723,7.336008544070403e-05
3.33989,0.003378269700332967,0.0001119102510591982
3.34254,0.001868792105993343,6.300774754332992e-05
3.34518,0.001920860502219756,6.528623894908945e-05
3.34782,0.002549769630965597,8.515770725980457e-05
3.35047,0.002473896642619314,8.235187941688228e-05
3.35311,0.003139587402885682,0.0001031960325096702
3.35576,0.003038637069922307,0.0001004867038146423
3.3584,0.003215469547724752,0.0001054480338184925
3.36104,0.004434333795782463,0.000141788719820492
3.36369,0.003233988554384016,0.000106734613819093
3.36633,0.002425266509433963,8.061868543453337e-05
3.36897,0.003269465385682576,0.000107340476184865
3.37162,0.003573969131520536,0.0001149877940473285
3.37426,0.00247389206437292,8.248770435870024e-05
3.37691,0.002803990496670366,9.28842297086376e-05
3.37955,0.002788538915094343,9.157170362179308e-05
3.38219,0.001585130826859044,5.329068105525667e-05
3.38484,0.001876911625971142,6.27697251363059e-05
3.38748,0.002419845865704772,8.026159128593652e-05
3.39012,0.0030841471281909,0.0001016436190684797
3.39277,0.003341334697558267,0.0001086533255726758
3.39541,0.003629015677025527,0.0001169326709449416
3.39806,0.003239285585460598,0.0001061006628357631
3.4007,0.004245298002219755,0.0001361658090104099
3.40334,0.003191026290233076,0.0001044363580032738
3.40599,0.002924840177580465,9.605628256829972e-05
3.40863,0.002152641093229742,7.120615298401655e-05
3.41127,0.002831084558823531,9.294375617432888e-05
3.41392,0.002491147475027749,8.224000589902709e-05
3.41656,0.00378195428690344,0.0001218647112609593
3.41921,0.004481519492230857,0.0001425756060770154
3.42185,0.00246669963928968,8.120670951816478e-05
3.42449,0.001758813471143176,5.920058909650319e-05
3.42714,0.003093779758601556,0.0001001282420044617
3.42978,0.003529104605993339,0.0001141606251251882
3.43242,0.0009022189927857932,3.085809270455307e-05
3.43507,0.003077364456159824,0.0001005797969734925
3.43771,0.002698683962264149,8.874927786587235e-05
3.44035,0.002860481478912319,9.323775615285077e-05
3.443,0.003402415371809102,0.0001102359579022804
3.44564,0.002892050776914541,9.467705142855089e-05
3.44829,0.002233838582130966,7.32263277216349e-05
3.45093,0.004280607727524974,0.0001356601979894496
3.45357,0.003733319575471695,0.0001193695887847205
3.45622,0.002889477802441729,9.401508337356432e-05
3.45886,0.002983789678135405,9.740353361985276e-05
3.4615,0.00295610960044395,9.51454129581308e-05
3.46415,0.002872872502774695,9.308814272764089e-05
3.46679,0.002479901012763593,8.10740065138645e-05
3.46944,0.003259819020532739,0.0001051829726309345
3.47208,0.003042885682574914,9.840537709857833e-05
3.47472,0.002242873751387348,7.369131425710738e-05
3.47737,0.003889570546614873,0.0001230621092816663
3.48001,0.001546039470033297,5.100463930339693e-05
3.48265,0.003713736126526083,0.0001173067722577741
3.4853,0.002466658435072144,8.002424547104046e-05
3.48794,0.002827827136514984,9.172454749637046e-05
3.49059,0.002019235571587126,6.65178870054168e-05
3.49323,0.002852753399001113,9.11440939220594e-05
3.49587,0.002878366398446171,9.166281803029767e-05
3.49852,0.003933501109877912,0.0001244798754581135
3.50116,0.002476263596004441,8.064511103885001e-05
3.5038,0.001865807089345174,6.131820406327399e-05
3.50645,0.00335298633462819,0.0001067928232360017
3.50909,0.001441694367369589,4.775722866531256e-05
3.51174,0.002664493618202001,8.584379595128746e-05
3.51438,0.003269094547724751,0.0001050007741003917
3.51702,0.003502667522197559,0.0001108376141238397
3.51967,0.001716224334073251,5.674905681253395e-05
3.52231,0.003763252150388456,0.0001188816660495525
3.52495,0.003763112513873474,0.0001198313033635526
3.5276,0.002973742716426195,9.498038503875772e-05
3.53024,0.002330968368479465,7.544761832327912e-05
3.53288,0.001519224680910101,5.014358899419395e-05
3.53553,0.001867917660932296,6.15318397344931e-05
3.53817,0.002912206506659266,9.392601938819277e-05
3.54082,0.002181509225860155,7.084982549763623e-05
3.54346,0.002075717397336292,6.777511337259405e-05
3.5461,0.003829368895671479,0.0001219531094043513
3.54875,0.001511297447280796,4.997074887697615e-05
3.55139,0.002621668701442839,8.452328758081763e-05
3.55403,0.002811450749167592,9.06906300661235e-05
3.55668,0.002764885405105437,8.857256007968362e-05
3.55932,0.003990108837402887,0.0001257930490131521
3.56197,0.00360095102663707,0.0001138377213965582
3.56461,0.001673122433407325,5.48727159774102e-05
3.56725,0.002829370005549392,9.123763286627339e-05
3.5699,0.002635206576026636,8.543361332886511e-05
3.57254,0.001676521781354052,5.472562629039395e-05
3.57518,0.002857636098779133,9.14885869665427e-05
3.57783,0.001970539053829077,6.460601874045657e-05
3.58047,0.002404783435072146,7.812383086126855e-05
3.58312,0.003653555077691452,0.0001156686015581956
3.58576,0.002310148793007768,7.478669626633621e-05
3.5884,0.003407176748057714,0.000108374815260254
3.59105,0.001706486403995562,5.608597787525901e-05
3.59369,0.0045030807436182,0.0001402014870281073
3.59633,0.002247209350721418,7.270561387303218e-05
3.59898,0.00287479765538291,9.19553958565597e-05
3.60162,0.003493668978912319,0.0001113918764536595
3.60427,0.001728109461709213,5.707029856713855e-05
3.60691,0.003581090593784684,0.0001130413658009066
3.60955,0.004495174112097667,0.0001398466296661501
3.6122,0.003602736542730297,0.0001143069857074384
3.61484,0.001952999791897889,6.435390883202584e-05
3.61748,0.001741450471698113,5.692861831126783e-05
3.62013,0.003576867161487239,0.0001130191298917577
3.62277,0.001575415788013321,5.196004455997868e-05
3.62541,0.003642789331298557,0.0001148296421596971
3.62806,0.003138101761931188,0.0001007855607302206
3.6307,0.002036994589345173,6.652799643384399e-05
3.63335,0.002836670019422863,9.163461533681908e-05
3.63599,0.002823530452275254,9.083687488726791e-05
3.63863,0.003197316800776916,0.0001019871522570832
3.64128,0.002802584975027748,9.016121748472335e-05
3.64392,0.002589971212541623,8.36417680266728e-05
3.64656,0.002687888457269702,8.646027672776427e-05
3.64921,0.001514630410654825,5.030938395085691e-05
3.65185,0.003207979536625971,0.0001024351432285397
3.6545,0.004190665788013318,0.0001308448685145676
3.65714,0.001950207061598224,6.369897194276568e-05
3.65978,0.003408492993895669,0.0001084287005017857
3.66243,0.004320935210876802,0.000134929904732952
3.66507,0.004055204633740289,0.0001272102841711367
3.66771,0.002801284753052167,9.000778049845281e-05
3.67036,0.002434830466148724,7.853763818631077e-05
3.673,0.004464074084350721,0.000138672748114797
3.67565,0.002530930147058823,8.124823822160654e-05
3.67829,0.002343867577691452,7.558408949587104e-05
3.68093,0.002674849611542732,8.641279492267674e-05
3.68358,0.001764847599889016,5.724355300197624e-05
3.68622,0.003203632491675917,0.0001021611560388499
3.68886,0.002687318465593787,8.553992652149848e-05
3.69151,0.002782838998335184,8.89627936459331e-05
3.69415,0.002182367647058822,7.020397764663148e-05
3.6968,0.003635997502774697,0.000113090945432529
3.69944,0.003676746184794674,0.0001157475218274736
3.70208,0.00140081749445061,4.561839023446195e-05
3.70473,0.002746492300221975,8.746734131808596e-05
3.70737,0.00211501477524972,6.755594654090192e-05
3.71001,0.003064920782463927,9.609460924363212e-05
3.71266,0.003331241953385127,0.00010433058786507
3.7153,0.002911574708657051,9.279864296926817e-05
3.71794,0.001612028024417313,5.244541958730215e-05
3.72059,0.002645210044395113,8.432232814402483e-05
3.72323,0.003444571864594894,0.0001076204198861932
3.72588,0.003523219270255271,0.000110497054950586
3.72852,0.00317485134572697,9.976135437464688e-05
3.73116,0.001842739594894565,5.92256585025469e-05
3.73381,0.002168133879023309,6.984059136936013e-05
3.73645,0.003243316731409544,0.000101323615718144
3.73909,0.001158294048279689,3.820390337093304e-05
3.74174,0.002900941731409547,9.1118750193509e-05
3.74438,0.003386885960044396,0.0001060435886946726
3.74703,0.002317547239178689,7.467303024597115e-05
3.74967,0.00170306416481687,5.550157392628988e-05
3.75231,0.004021028024417314,0.0001231244210761266
3.75496,0.001226686182019978,4.013002925370888e-05
3.7576,0.002847760821309654,8.972301441671036e-05
3.76024,0.003197000901775804,0.000100806058785512
3.76289,0.002214761029411763,7.079729713366295e-05
3.76553,0.002765377566592674,8.777017089215498e-05
3.76818,0.00307159815482797,9.686104628732721e-05
3.77082,0.003538183268590459,0.0001098872744629265
3.77346,0.002434764081576026,7.778105434998565e-05
3.77611,0.003545943396226413,0.0001106748897011732
3.77875,0.00260627205882353,8.276323801354164e-05
3.78139,0.002368672516648169,7.581797889236611e-05
3.78404,0.002313545851831298,7.4024802679341e-05
3.78668,0.003144650943396228,9.869554043243771e-05
3.78933,0.00318677309933407,9.995289246638971e-05
3.79197,0.002929445893451721,9.567386165269082e-05
3.79461,0.002114529481132078,7.130761903973817e-05
3.79726,0.003639069506104328,0.0001196761767054974
3.7999,0.002541455535516093,8.712940479220347e-05
3.80254,0.002016763318534962,7.036569257883018e-05
3.80519,0.001350619311875693,4.83439078352293e-05
3.80783,0.003345320061043283,0.0001155996012532626
3.81047,0.003208222183684798,0.0001124837870476949
3.81312,0.003530606270810211,0.0001255840534294818
3.81576,0.003656640815760265,0.0001290525391838138
3.81841,0.001780816523307437,6.518611263497181e-05
3.82105,0.002508949986126528,9.238469731490658e-05
3.82369,0.004602801817425084,0.0001622849175422463
3.82634,0.003143526983906772,0.0001145615491230054
3.82898,0.002021110363485016,7.583675060224495e-05
3.83162,0.00202729786348502,7.656196327872667e-05
3.83427,0.003199006173695893,0.0001189494249221529
3.83691,0.002145727941176471,8.246248376633638e-05
3.83956,0.003175982172586013,0.0001196888411780832
3.8422,0.003671948182574915,0.0001376776049290377
3.84484,0.003809970865704775,0.0001432843987074843
3.84749,0.002498317008879024,9.401410004924001e-05
3.85013,0.003431649764150945,0.0001237232277310104
3.85277,0.003465547100443951,0.0001225723751144112
3.85542,0.003121409475582687,0.0001116356182006678
3.85806,0.003867762069922309,0.000134931915165109
3.86071,0.001373824153718088,5.00107877747214e-05
3.86335,0.002675973571032188,9.414367022268883e-05
3.86599,0.00278603919256382,9.718329509942953e-05
3.86864,0.002752116675915649,9.570573729863507e-05
3.87128,0.003445791967258603,0.0001189067065039811
3.87392,0.002890324778024417,0.0001000875616047045
3.87657,0.003665556950610432,0.0001250928988128438
3.87921,0.002027229189789124,7.143116665184738e-05
3.88186,0.003459783088235294,0.0001181820716763716
3.8845,0.00178568777746948,6.31183672321329e-05
3.88714,0.002349228704217539,8.123262329545701e-05
3.88979,0.002438934864039955,8.49919231573971e-05
3.89243,0.002787508809655936,9.598271249151781e-05
3.89507,0.001562099958379578,5.437128020857798e-05
3.89772,0.001447147058823532,5.042088304433348e-05
3.90036,0.003500675985016647,0.0001165969144675559
3.903,0.00321288512763596,0.0001074178326795598
3.90565,0.004644910238623755,0.0001511473352086976
3.90829,0.001545238276914539,5.320719368461412e-05
3.91094,0.002239515607658157,7.637716504603075e-05
3.91358,0.0009401154273029927,3.271457455451075e-05
3.91622,0.001795714137069922,6.100740489054986e-05
3.91887,0.002365923279689237,8.029267746921229e-05
3.92151,0.002850684031631519,9.471258909759464e-05
3.92415,0.002077926401220865,7.008629764272376e-05
3.9268,0.002563946170921196,8.598126687394485e-05
3.92944,0.002137976970033296,7.161115849430384e-05
3.93209,0.002865059725305216,9.483958309039809e-05
3.93473,0.000770942355715871,2.639595856156886e-05
3.93737,0.002506610502219756,8.304613739146124e-05
3.94002,0.001869492577691453,6.289392083786433e-05
3.94266,0.002676490912874587,8.868123352968578e-05
3.9453,0.002481860502219756,8.245148853290453e-05
3.94795,0.002383858559933408,7.916527966346265e-05
3.95059,-0.0001357839206437313,-4.780936500992371e-06
3.95324,0.003369115496670366,0.0001104873022936206
3.95588,0.004663477316870145,0.0001487775060415871
3.95852,0.0009555486958934525,3.284520240078517e-05
3.96117,0.002070035793562707,6.964184306195921e-05
3.96381,0.002273289331298558,7.568168455281779e-05
3.96645,0.002738892411209766,9.021412506059833e-05
3.9691,0.002699505757491675,8.912663963109818e-05
3.97174,0.004519102316870145,0.0001450121015418532
3.97439,0.003421916412319642,0.0001122096855124531
3.97703,0.002366848085460599,7.795552014470341e-05
3.97967,0.002476993826304107,8.200890377942193e-05
3.98232,0.002840328038290787,9.314836502150774e-05
3.98496,0.002890759711431744,9.501475627683266e-05
3.9876,0.002124056811875693,7.075643319167367e-05
3.99025,0.003531080119311877,0.0001144909843994017
3.99289,0.002267481825749169,7.60057675172227e-05
