0.0431807,68.6686348709767,0.4834487392154244
0.0458244,59.23181033573807,0.4315611673803438
0.0484682,52.26227626248613,0.4010929555921875
0.0511119,45.61902099056604,0.3884962356498354
0.0537556,40.45214327830189,0.3439165400529866
0.0563993,35.57880647197558,0.3322204241176901
0.059043,31.72306216148724,0.2926822157803116
0.0616867,28.3137269304939,0.285785756270768
0.0643304,25.5892250922586,0.2659875979060647
0.0669742,23.11598870144284,0.2411699996601423
0.0696179,20.94213771434517,0.2343546591029948
0.0722616,19.04420049181465,0.2099580630316401
0.07490529999999999,17.28453697766371,0.199060338311904
0.07754900000000001,15.77746190968369,0.1880560560914132
0.08019270000000001,14.38636465038846,0.1721401585141617
0.08283649999999999,13.28283897336293,0.1679324890583851
0.08548020000000001,12.15078592258602,0.1528258449738047
0.08812390000000001,11.20142143035516,0.1531964081652901
0.0907676,10.26299006520533,0.1443143379860072
0.0934113,9.505263527330744,0.1366663513678107
0.096055,8.882516878468369,0.1344352303914694
0.0986987,8.170400822697005,0.1233270765491304
0.101342,7.586049339622643,0.1188356115635413
0.103986,7.066052205882354,0.1085959278409993
0.10663,6.584304191870144,0.1055317155747007
0.109274,6.063547069228635,0.1000946143111949
0.111917,5.677546531631521,0.09316169406242325
0.114561,5.30216557991121,0.08780942129917707
0.117205,5.005023173557158,0.08407683003360797
0.119848,4.651822131659268,0.07897899796143179
0.122492,4.346025603496116,0.07316941148135148
0.125136,4.0867356118202,0.07065961661183802
0.12778,3.783245009017759,0.0657767200650827
0.130423,3.569744394422864,0.06305720358342967
0.133067,3.330313599472808,0.0597587454045682
0.135711,3.186489270948945,0.05573608516367091
0.138354,2.965487130965594,0.05319785182950697
0.140998,2.807491023862375,0.05039419900903144
0.143642,2.621565484877913,0.04740131681151021
0.146286,2.461797413290788,0.04410227228882518
0.148929,2.288672330743618,0.04113266043738385
0.151573,2.210195441870144,0.04088665650692021
0.154217,2.087665109600444,0.0380228521756468
0.15686,1.950835494589345,0.03606726561498548
0.159504,1.859728872086571,0.03420999830224147
0.162148,1.780914268867925,0.0329169728512667
0.164792,1.667261019006659,0.03157738203038926
0.167435,1.583644224472808,0.02944440857809556
0.170079,1.491378641786903,0.028066905736931
0.172723,1.445788326859046,0.02707650040324781
0.175366,1.332092453523863,0.02538616662278415
0.17801,1.302549693396227,0.02465665862838184
0.180654,1.229333049389567,0.02327286966819926
0.183298,1.182263480160933,0.02266778888539805
0.185941,1.085413653579356,0.02082925222136536
0.188585,1.05400951581576,0.02027660996236286
0.191229,1.000450099195338,0.01942282036809963
0.193872,0.9582451227802442,0.01853983785295794
0.196516,0.9190120921198668,0.01796438154825083
0.19916,0.8567142452830189,0.01683839678539894
0.201804,0.8460217737236405,0.01694028846976436
0.204447,0.7975044027469478,0.01580127465282813
0.207091,0.7853431381798003,0.01541825295629741
0.209735,0.7425375416204218,0.01470331542462824
0.212378,0.7029023806881244,0.01404845954395305
0.215022,0.6659397710876804,0.01335605764043796
0.217666,0.6443258240843508,0.01307109991674505
0.22031,0.6177631589900112,0.01272727943715795
0.222953,0.6051454203662596,0.01228062916713463
0.225597,0.5802692896781354,0.01172085946732448
0.228241,0.5457553780521643,0.01127165512927465
0.230885,0.532589051054384,0.01099372236839416
0.233528,0.5061531576026637,0.01060418012142609
0.236172,0.4944596524694784,0.01033588846717792
0.238816,0.4777148994173142,0.01000437434129957
0.241459,0.4579657866259712,0.009600197740842097
0.244103,0.4455550305216426,0.009254843729820416
0.246747,0.4257700013873474,0.009017798085832649
0.249391,0.4115419561598225,0.008794866167015844
0.252034,0.3991448890122087,0.008605192192202763
0.254678,0.3881671240288569,0.008288263071751061
0.257322,0.3549292383462819,0.007736778609488385
0.259965,0.3528162860710322,0.007661054567953124
0.262609,0.3476410592397337,0.007557080437608549
0.265253,0.3286731784128746,0.007313491717352184
0.267897,0.3206019818257492,0.007054386464131417
0.27054,0.3110738956714761,0.006877419947281612
0.273184,0.3063124507491676,0.006710431046093153
0.275828,0.287243115982242,0.006389670680662161
0.278471,0.2945470442563818,0.006576402047208459
0.281115,0.2784076269422864,0.006284742945749794
0.283759,0.2718043077136515,0.006171472876908671
0.286403,0.2627133296337403,0.005875611874140199
0.289046,0.2516857304384018,0.005752753000703595
0.29169,0.2501212520810211,0.005679586592034633
0.294334,0.2467002948113207,0.005656882257677364
0.296977,0.2392157547169811,0.005514010387816653
0.299621,0.2326564782186459,0.005331111200561285
0.302265,0.2224965253884573,0.005165632844025487
0.304909,0.2116703461431743,0.004951261057990798
0.307552,0.2140663942841288,0.005024832175816204
0.310196,0.2094016877081021,0.004898335284005902
0.31284,0.1997848751387348,0.004706221692534375
0.315483,0.2012630306603774,0.00473146806094999
0.318127,0.1898152331437292,0.004503551856840472
0.320771,0.1941357906492786,0.004556267991555309
0.323415,0.1854649445061043,0.004418048575090443
0.326058,0.1781029640677025,0.004257061619042955
0.328702,0.1691928953940067,0.004161578807709974
0.331346,0.1657894750971143,0.004037619742309697
0.333989,0.1654675259433963,0.004007941197001201
0.336633,0.1614419013596004,0.003897908503055547
0.339277,0.1628180306603774,0.003911861002254463
0.341921,0.1530222544395117,0.00379319930381681
0.344564,0.148394066245838,0.003671474249574102
0.347208,0.1426999112097669,0.003578685724606133
0.349852,0.1461728315760266,0.003601616363271345
0.352495,0.1440041872225306,0.003567476702091106
0.355139,0.1440968486403996,0.003554530041312641
0.357783,0.1459011607241953,0.003588768015916355
0.360427,0.1327224999306326,0.003348223968801477
0.36307,0.1330430847669256,0.003316140652582567
0.365714,0.1329520806742508,0.00332651234902488
0.368358,0.1271466216009989,0.003180027516063464
0.371001,0.1204806559378468,0.003085754630829402
0.373645,0.1225463561320755,0.003122606270123564
0.376289,0.1195477146226415,0.003036648709120995
0.378933,0.1174036279827969,0.003014522154311138
0.381576,0.1142653385127636,0.002899697236042699
0.38422,0.109739448945616,0.002849482699138904
0.386864,0.1104932068534961,0.002837362553109655
0.389507,0.1152408804106548,0.002935236090422722
0.392151,0.1078144932019978,0.002818784172187926
0.394795,0.1026471455327414,0.002672718486074358
0.397439,0.1059563088928968,0.002739618096737504
0.400082,0.1032656895116537,0.002668031114123579
0.402726,0.1003716884017758,0.002628492930210683
0.40537,0.09809611223640399,0.002581562810780222
0.408013,0.09600745213651497,0.002506769242339095
0.410657,0.09844136237513873,0.002581149684858652
0.413301,0.09539315905937845,0.002496486592690285
0.415945,0.09344231333240845,0.002476918567913085
0.418588,0.09258532970310766,0.00246238398662432
0.421232,0.09465933941453941,0.002486043185506739
0.423876,0.0860550495283019,0.002366169916713613
0.426519,0.089223493618202,0.002432685265595028
0.429163,0.08691653815205329,0.002460002291890371
0.431807,0.09092907124028858,0.002581232634180621
0.434451,0.08569603031354052,0.002519715162199075
0.437094,0.08356406000277471,0.00253579524063422
0.439738,0.07886562090732518,0.002440040193381404
0.442382,0.0796001204217536,0.002504843866249699
0.445025,0.08170758109045505,0.002545599218766579
0.447669,0.0799948362236404,0.002528167472059823
0.450313,0.07973874972253053,0.002560423190220246
0.452957,0.0784694972946726,0.002496617988293204
0.4556,0.0804414258462819,0.002526917282653827
0.458244,0.07470104883462819,0.002363614670092706
0.460888,0.07879881971420644,0.002466722216789939
0.463531,0.06770438041065482,0.002247497265454086
0.466175,0.0704530084628191,0.002278808972739557
0.468819,0.07670381874306327,0.002469414167295268
0.471463,0.07150614934794672,0.002288023686219918
0.474106,0.06532776463651498,0.002200507001872299
0.47675,0.07387217105993341,0.002388355553596359
0.479394,0.06843547828801332,0.002275158425052521
0.482037,0.07320989567147615,0.002411840992228331
0.484681,0.07041806041897891,0.002229893412017989
0.487325,0.07076583317147614,0.002239858184461843
0.489969,0.06682893042452831,0.002098425286891307
0.492612,0.0655303337264151,0.002071907105044647
0.495256,0.06408051297169812,0.002000831820911231
0.4979,0.0607968962264151,0.001907295691317723
0.500543,0.0642382427164262,0.001967896708244322
0.5031870000000001,0.06275109322974472,0.001919767276032732
0.505831,0.06042086424805772,0.001872183117791455
0.508475,0.06003907741398447,0.001854320873128906
0.511118,0.05639850395394006,0.001749347242824648
0.5137620000000001,0.0604770164400666,0.001838702975105691
0.516406,0.06205468701442841,0.001852123803199145
0.519049,0.05660818077136514,0.001747028897817327
0.521693,0.05657629557436182,0.001720519926439671
0.5243370000000001,0.05781312943951166,0.001746671134681975
0.526981,0.05857844970865705,0.001764227003924563
0.529624,0.05760942036625971,0.00171889682401299
0.532268,0.05531741058546061,0.001677456049826099
0.5349120000000001,0.06116460953107659,0.001779342077834854
0.537555,0.05613226290233073,0.001675088778205929
0.540199,0.05589559045504995,0.001676474211570334
0.542843,0.05745546080743618,0.001698500326376315
0.5454870000000001,0.05322776616259711,0.001604609109135627
0.54813,0.05697602684517202,0.00164732246169485
0.550774,0.05703344721143175,0.001669787416380384
0.553418,0.05409177511098779,0.001592761514660698
0.556061,0.0496765463374029,0.001501257620971498
0.558705,0.05181617605438402,0.001554943808440122
0.561349,0.05171018736126527,0.001514354068811756
0.563993,0.05395846115427304,0.001574870261810729
0.566636,0.04876015080466149,0.001454692407808219
0.56928,0.05245612104605994,0.001542225423852995
0.571924,0.04961875971143174,0.001474675168235704
0.574567,0.04894867154550499,0.001454933885183838
0.577211,0.05021039275804662,0.001476898326300199
0.579855,0.04674494408990011,0.001387752373874379
0.582499,0.04816887715038845,0.001431288622489921
0.5851420000000001,0.04795818396226415,0.001414427863505244
0.587786,0.05105489608768036,0.001492292015772629
0.59043,0.04618724500554938,0.001378179331069995
0.593073,0.04981883823529412,0.00143062361606628
0.5957170000000001,0.04721633178412875,0.001383037594044805
0.598361,0.04417059156492786,0.00132196791379232
0.601005,0.04716281895116538,0.001373678808500721
0.603648,0.04615710869866815,0.001346324109567741
0.6062920000000001,0.04714448765260822,0.00136430011370352
0.608936,0.04281473473917869,0.001272553645354047
0.611579,0.04460063311598224,0.001297470211394683
0.614223,0.04363978738901222,0.001277458162228409
0.6168670000000001,0.04847148779134296,0.00137403281570401
0.619511,0.04600439442286348,0.001315045165985205
0.622154,0.0448389422863485,0.001294935040334388
0.624798,0.04434810849056604,0.001274328431772334
0.6274420000000001,0.04176004411764707,0.001214516568869231
0.630085,0.0431058013318535,0.001250914245943085
0.632729,0.04310838117369589,0.001241256421887088
0.635373,0.04531247488901221,0.001284617645701332
0.6380169999999999,0.04338886743895671,0.001235231245489536
0.64066,0.04112963790233074,0.001197249522689587
0.643304,0.04212844873751388,0.001217941148104566
0.645948,0.04115268937291899,0.001190917414854761
0.6485919999999999,0.04160271496947836,0.001196542160387348
0.651235,0.04159893104883463,0.001205874900530902
0.653879,0.04275641474750277,0.001225359613755152
0.656523,0.04100428551609323,0.00118200488687947
0.659166,0.03987814907047724,0.001160159653020382
0.66181,0.03946486847946726,0.001135096894047847
0.664454,0.04088691759156492,0.001177609361437869
0.667098,0.04007280466148723,0.001163893279753504
0.669741,0.04153785724195339,0.0011914903370149
0.672385,0.04023527518035516,0.001156255065797126
0.675029,0.04118174979189789,0.001167898903476218
0.6776720000000001,0.04195114698945616,0.001179516348207516
0.680316,0.04037287895394006,0.001151163339878143
0.68296,0.03931680570199779,0.00111847368440529
0.685604,0.03873028426748058,0.001116307098914742
0.6882470000000001,0.04054467307158713,0.001144418386514567
0.690891,0.03934554793285239,0.001122235707133584
0.693535,0.0361195964900111,0.001048167626304452
0.696178,0.03839050742230855,0.001095854349557312
0.6988220000000001,0.03659230271920089,0.001061990502445707
0.701466,0.03681845893451721,0.001056936286268038
0.70411,0.03882618479467259,0.001105127335531077
0.706753,0.0355158631381798,0.001021997608686986
0.7093970000000001,0.04162506367924529,0.001151582381389413
0.712041,0.03549696413706992,0.001027197024135763
0.714684,0.03759236341564929,0.001063678448739437
0.717328,0.03590364060765815,0.001027990859984457
0.7199719999999999,0.03958462395948946,0.001102972493709603
0.722616,0.03737938568257491,0.001052008221686421
0.725259,0.03770089990288569,0.001061006652033905
0.727903,0.03623125076304107,0.001016341248413889
0.7305469999999999,0.03877367917591566,0.001083079015807337
0.73319,0.03719324562985572,0.00104627890793016
0.735834,0.03519826102941177,0.000996776566225241
0.738478,0.03560386619034406,0.001001023883259132
0.7411219999999999,0.03886590108213098,0.001069620412504656
0.743765,0.03287363124306326,0.0009517797146332423
0.746409,0.03536565545227525,0.0009862357524775347
0.749053,0.03645772974472809,0.001019705015179262
0.751696,0.03116069408990011,0.0008985703818514631
0.75434,0.03357626845172031,0.0009583403974154093
0.756984,0.03728208192286348,0.001017870496457665
0.759628,0.03408489560210878,0.0009604050088834084
0.762271,0.03630758386514983,0.001002639451303007
0.764915,0.03467918174250832,0.0009635731504484436
0.767559,0.034561568881798,0.0009733609317517679
0.7702020000000001,0.03221938380965594,0.0009101069654056795
0.772846,0.03573224708657048,0.0009799433140622006
0.77549,0.0373452342536071,0.001019980616036604
0.778134,0.0373247397336293,0.001006372623499021
0.7807770000000001,0.03618511577413985,0.0009920880116117017
0.783421,0.03661218146503884,0.000993538971310666
0.786065,0.03628184954217537,0.0009882345381568658
0.788708,0.03766055868479468,0.001015577831633251
0.7913520000000001,0.03447286077968923,0.0009425264951612009
0.793996,0.03636134621254162,0.0009854468959982891
0.79664,0.03492562187846837,0.000950677093455962
0.799283,0.03520262867647059,0.0009556405250432004
0.8019269999999999,0.03520551297169812,0.0009551429058098741
0.804571,0.03285991710599335,0.0009027503432024697
0.807214,0.03569727386237514,0.000963889557834054
0.809858,0.03254325353773585,0.0008898908634371621
0.8125019999999999,0.03558474972253052,0.0009648445487645379
0.815146,0.03326194207824639,0.0009046038148001442
0.817789,0.03229535065205328,0.0008871090557008765
0.820433,0.03368117896781354,0.0009190253175422775
0.8230769999999999,0.03300810807436182,0.0008961940008410299
0.82572,0.033691322072697,0.0009160799017063294
0.828364,0.03320183428135405,0.0008984329650012268
0.831008,0.03429952150388457,0.0009247243915615849
0.8336519999999999,0.03163532547169811,0.000860261222274986
0.836295,0.0299276510127636,0.0008297302507001816
0.838939,0.03238638908157603,0.000882024885404815
0.841583,0.03451813276914539,0.0009102930055460528
0.844226,0.02823332443118756,0.0007994272122500835
0.84687,0.03018650506381798,0.0008285807322230958
0.849514,0.03198888054938957,0.000865035633929787
0.852158,0.03066976186182021,0.0008413778152255988
0.854801,0.03200720726970033,0.0008498829560138018
0.857445,0.03209240156770255,0.0008641094923344158
0.860089,0.0340259026082131,0.0008927608784792254
0.8627320000000001,0.03232499250832409,0.0008611922412436231
0.865376,0.03121643881798002,0.0008686460161320076
0.86802,0.03256050437014428,0.0008899361379962392
0.870664,0.03231533240843507,0.0008986090362719736
0.8733070000000001,0.03008495269145394,0.0008392614494685304
0.875951,0.031669431118202,0.000888801451712438
0.878595,0.0312504849472808,0.0008791822745237647
0.881238,0.03169278475305216,0.000884297556066784
0.8838819999999999,0.03207153620976693,0.0009067997104415458
0.886526,0.03108371545504994,0.000865223076446844
0.88917,0.0307014089900111,0.0008675484812603293
0.891813,0.03224948577968924,0.0009005563555653876
0.8944569999999999,0.03455559655937848,0.0009266077716683873
0.897101,0.03230772336293008,0.0008739879619946283
0.899744,0.03228668860987792,0.0008696485429837456
0.902388,0.03256981652330743,0.0008718892414515151
0.9050319999999999,0.03245853766648169,0.0008581172200918714
0.907676,0.03232589213374028,0.0008570885129962645
0.910319,0.03219109711431743,0.0008570099663667512
0.912963,0.03384070109600444,0.0008866841719231036
0.9156069999999999,0.03294308095172031,0.0008694117407289132
0.91825,0.03392363602941177,0.0008740273284107915
0.920894,0.03173951262486126,0.0008418721023924857
0.923538,0.03078882373751387,0.0008193659623596716
0.9261819999999999,0.02781529848779134,0.0007530775461687967
0.928825,0.03160069790510544,0.0008381680892995821
0.931469,0.03019489470033297,0.0008005542617914391
0.934113,0.03106703003607103,0.0008259885206054108
0.936756,0.03094802309933407,0.0008080181733108084
0.9394,0.03027483546059934,0.0007979886148199064
0.942044,0.03360143736126527,0.0008562572885807447
0.944688,0.03093117057436182,0.0008087555299783833
0.947331,0.03028528988623752,0.0007976317205354754
0.949975,0.03011066870144284,0.0007873253599223318
0.952619,0.02785286528856826,0.0007448956147010819
0.9552619999999999,0.03217509156492786,0.0008284162129433911
0.957906,0.03293348952552719,0.0008414890930201443
0.96055,0.03333093167314095,0.0008529541437826845
0.963194,0.02949097329356271,0.0007607505345807975
0.9658369999999999,0.02976153620976692,0.000779945729786245
0.968481,0.03285496115427303,0.0008319353463678146
0.971125,0.03008249188401776,0.0007751000568678809
0.973768,0.03111477656770256,0.0007934690602127711
0.9764119999999999,0.03070159440899001,0.0007799415888594951
0.979056,0.03255897065760266,0.000821680781822934
0.9817,0.03228584621254162,0.0008117778025142752
0.984343,0.03364939449223085,0.0008316835747805167
0.9869869999999999,0.03070466412319645,0.0007744023727015877
0.989631,0.0308225173418424,0.000787443113064094
0.992274,0.03120802857935627,0.0008156602486481405
0.994918,0.02921259759988902,0.0007744285067764744
0.9975619999999999,0.03196783892896782,0.0008366409589393304
1.00021,0.02988030965593785,0.0008023808052569375
1.00285,0.02980534087125416,0.000797460882713208
1.00549,0.02769490892064373,0.0007707623241749612
1.00814,0.0320039429800222,0.000851343257340794
1.01078,0.02955731437291898,0.0008075979047690883
1.01342,0.02949560647891232,0.0008104832358869922
1.01607,0.03068719811320755,0.0008435133935667659
1.01871,0.02959082942563818,0.0008150761612925906
1.02136,0.03099300665926748,0.0008482320365692029
1.024,0.03050038734739179,0.000845748505847947
1.02664,0.03187455029134296,0.0008749245015709324
1.02929,0.03078311466426194,0.0008560353421796282
1.03193,0.03145499063540511,0.0008672230632280621
1.03457,0.02986291918701443,0.0008328870915338073
1.03722,0.02932202684517204,0.0008312243826839377
1.03986,0.03008586834073252,0.0008392912155419744
1.04251,0.03009906055771365,0.0008466575608376546
1.04515,0.0304852333518313,0.000839661371995991
1.04779,0.02908394429800222,0.0008035090872531884
1.05044,0.02868477386237514,0.0007874577444706842
1.05308,0.03163154384017758,0.0008323220113783154
1.05572,0.03000152330743619,0.0008057563150403011
1.05837,0.02880156263873474,0.0007677276540054366
1.06101,0.0310819390954495,0.0008210331042163859
1.06365,0.03144337333518313,0.0008155419390040526
1.0663,0.02972326435904551,0.0007825905346807271
1.06894,0.02985507207269701,0.0007839873091728363
1.07159,0.02974418465593784,0.000770398039072031
1.07423,0.02814497343229745,0.0007469217665149615
1.07687,0.03093018625138735,0.0007909534364329913
1.07952,0.02998482186459489,0.0007776983016546792
1.08216,0.02716084961154273,0.0007175418512612518
1.0848,0.02948932283573807,0.0007491930494684596
1.08745,0.02760647780244173,0.0007202064176813213
1.09009,0.02999766155660377,0.0007611967556482345
1.09274,0.02715716641231964,0.0007104169186801506
1.09538,0.03218623272752497,0.0008027447443387586
1.09802,0.02927808254716981,0.0007415712746785438
1.10067,0.02592028905382909,0.000681068454017279
1.10331,0.02975798120144284,0.0007457061316449943
1.10595,0.02845464601831299,0.0007251132724888662
1.1086,0.02920500457824639,0.000736455633347879
1.11124,0.02922489476970034,0.0007369815540572706
1.11389,0.02740590024972253,0.0007043985745828962
1.11653,0.02755965607658157,0.0006935094042880891
1.11917,0.02636081936736959,0.0006811001853235139
1.12182,0.02794631645394007,0.0007049562303843467
1.12446,0.02729565836570477,0.000697231482190736
1.1271,0.02903487923140955,0.0007243211547048546
1.12975,0.02562635418978913,0.0006557921869414246
1.13239,0.0285023994173141,0.0007140457644226166
1.13504,0.02795077795504994,0.0007005351319069426
1.13768,0.02790986216703662,0.0006999787801883202
1.14032,0.02755356014150944,0.000694648914623138
1.14297,0.02814073626526082,0.0007046644252037278
1.14561,0.02575167681742508,0.0006640174224197328
1.14825,0.02888320650665926,0.000709805761453652
1.1509,0.02740227656770255,0.0006864350976396002
1.15354,0.02664972044950056,0.0006714287412356844
1.15618,0.02721997995283019,0.0006785893363674633
1.15883,0.02667511598224195,0.0006772725355800728
1.16147,0.02567934510266371,0.0006453733082935469
1.16412,0.02640473848501665,0.0006682446106845062
1.16676,0.02487261688401776,0.0006270442082239837
1.1694,0.02739424174528302,0.0006809040925490665
1.17205,0.02659082588790233,0.0006618742205679132
1.17469,0.02743005965593785,0.0006764784818988173
1.17733,0.02527152178135405,0.0006377721848409138
1.17998,0.02588320754716981,0.0006420195624302404
1.18262,0.02798911847946726,0.0006857545442438107
1.18527,0.02707125104051054,0.000665497511036219
1.18791,0.02606360418978912,0.0006487591058009439
1.19055,0.02523944200887903,0.000633468503228314
1.1932,0.0256473202691454,0.0006333596183255106
1.19584,0.02462057297447281,0.0006190521446032285
1.19848,0.02512338804106548,0.0006230208133101109
1.20113,0.02548019825194229,0.0006340735966201375
1.20377,0.02564955445338513,0.0006342799809545124
1.20642,0.02539235314927858,0.0006296035599197081
1.20906,0.02533572024139845,0.0006298953538335376
1.2117,0.0245849404827969,0.0006073662486143533
1.21435,0.02292654168978912,0.0005793027412910122
1.21699,0.02570691988068812,0.0006290499258276552
1.21963,0.0243732721281909,0.0006053757069041037
1.22228,0.02596622488901221,0.0006372603911403992
1.22492,0.02362803891509434,0.0005869665342075266
1.22757,0.02423374091287459,0.0006005986471663764
1.23021,0.02043441904827969,0.0005227877992870339
1.23285,0.0257985214345172,0.0006266048004067089
1.2355,0.02564647100443952,0.0006257311619201531
1.23814,0.02492417938401776,0.0006094948531584209
1.24078,0.02304750582685905,0.0005775635692669217
1.24343,0.02521556645394007,0.0006152870277466535
1.24607,0.02314758629300777,0.0005733806870526734
1.24871,0.02311496628745838,0.0005725378221644193
1.25136,0.02199002018590455,0.0005488706470141149
1.254,0.02177467092119867,0.0005466562335871471
1.25665,0.02206634642064373,0.0005511698319633502
1.25929,0.0234807887763596,0.0005791254722270724
1.26193,0.02346385613207547,0.0005719687400457656
1.26458,0.02230912395948946,0.0005513231456310811
1.26722,0.0209639596281909,0.0005274487479977041
1.26986,0.02086635370421754,0.0005244149029843212
1.27251,0.02165227150388457,0.0005404915914160957
1.27515,0.02269057200332963,0.0005560263069836656
1.2778,0.02086285821309656,0.0005234408389887294
1.28044,0.02218671309655938,0.0005432000966947836
1.28308,0.02039123245005549,0.0005103584078575243
1.28573,0.02222644311875694,0.0005494095090804734
1.28837,0.02059585717258601,0.0005100245660853446
1.29101,0.02077985918423974,0.0005228682892567436
1.29366,0.01987924028856826,0.0004967349225624524
1.2963,0.02128992390399556,0.0005257977855260499
1.29895,0.01992261688401776,0.000499842246415851
1.30159,0.02143664067702553,0.0005235342369070769
1.30423,0.02022457283573807,0.0005068520532309921
1.30688,0.01979547211431743,0.0004900805829226167
1.30952,0.02224967771920089,0.0005418301067735107
1.31216,0.02003338068812431,0.0004953722193068732
1.31481,0.02038176234739179,0.0005039802099115635
1.31745,0.0197420577136515,0.0004906929118542776
1.3201,0.01907180701997781,0.0004736736187443591
1.32274,0.01858255958657048,0.0004660281948299205
1.32538,0.01848450728357381,0.0004607043835024699
1.32803,0.02079725880965594,0.0005052420469659908
1.33067,0.01941490996115428,0.0004841325837628247
1.33331,0.01909126227802442,0.0004696123917959274
1.33596,0.01901163283851277,0.0004725228307451628
1.3386,0.01877546170921199,0.000466640062947482
1.34124,0.01870801727247503,0.000463726647769466
1.34389,0.01685264858490566,0.0004266145717132673
1.34653,0.0187773868618202,0.0004619576379762957
1.34918,0.0177786904827969,0.0004463597011984185
1.35182,0.01917201109877913,0.000469326783860913
1.35446,0.01625506152885682,0.000414672048564845
1.35711,0.01990727975860156,0.0004855381849525348
1.35975,0.01848417993895671,0.000458247113070329
1.36239,0.01822612937014429,0.0004540932904752676
1.36504,0.01899521753607103,0.0004632099639592608
1.36768,0.01988271517758046,0.0004845540757739262
1.37033,0.01899451248612653,0.0004665408305785767
1.37297,0.01654243347669257,0.0004180355600711112
1.37561,0.01775018860987791,0.0004463059733339046
1.37826,0.01861540392619312,0.0004551384331676205
1.3809,0.01830260897613763,0.0004540339472182074
1.38354,0.01764392751109878,0.0004398685438491821
1.38619,0.01781415815760267,0.0004439398653459815
1.38883,0.01808126449778024,0.0004457259287253476
1.39148,0.01660218874861265,0.0004177612705597212
1.39412,0.01568077316870145,0.000399582277917445
1.39676,0.01654104855715871,0.0004129980452789573
1.39941,0.01776774389567148,0.000439082449442025
1.40205,0.01610448300499445,0.0004046165851103628
1.40469,0.01639276831298557,0.0004155946211846092
1.40734,0.01477321136237514,0.0003771803828751591
1.40998,0.01562826068257491,0.0003939749721377708
1.41263,0.01760979668423973,0.0004321507484057565
1.41527,0.01769330847669257,0.0004347526905874167
1.41791,0.01663807304384018,0.0004154241171258406
1.42056,0.0151778138873474,0.0003851240949405254
1.4232,0.01601679814095449,0.0004006765180801276
1.42584,0.01629248869311875,0.0004057406331982985
1.42849,0.01707219152330744,0.0004227229374328834
1.43113,0.01529058754162042,0.00038680311283838
1.43377,0.0150864778718091,0.0003812420307638535
1.43642,0.01551005036071032,0.000387689338855674
1.43906,0.01477094513041065,0.0003751315182131603
1.44171,0.01526274264705882,0.0003838521294171438
1.44435,0.01305914567147614,0.0003371280429838055
1.44699,0.01528400860155383,0.0003829464436068523
1.44964,0.01547488942841287,0.0003885755477594305
1.45228,0.0142017958518313,0.0003601617570089794
1.45492,0.01324895289955605,0.0003395333835489223
1.45757,0.0155034920227525,0.0003852867790549285
1.46021,0.01472045622918979,0.0003702368068123095
1.46286,0.01394405889289678,0.0003537381134492078
1.4655,0.01611276505271921,0.0003987252389001157
1.46814,0.01404155951720311,0.000354199382815981
1.47079,0.0158565640954495,0.0003938782333930725
1.47343,0.01467581832685905,0.0003668016876425131
1.47607,0.01339183310210877,0.0003430426351929381
1.47872,0.01475985661764706,0.0003671119468418249
1.48136,0.01306609087125416,0.000335214314104282
1.48401,0.01562610432852386,0.0003893457079353992
1.48665,0.0142840348917869,0.000358228975165686
1.48929,0.01267816460876804,0.000324051368476722
1.49194,0.01375663235294118,0.0003441625978394564
1.49458,0.01459668333795783,0.00036736897042352
1.49722,0.01328609850166482,0.0003359812505286654
1.49987,0.01356432540233074,0.0003422987014548413
1.50251,0.01228951498335183,0.0003180629188812388
1.50516,0.01337472877358491,0.0003369150833578795
1.5078,0.01304947183684795,0.0003307207367877316
1.51044,0.01293764587957824,0.0003288254737685548
1.51309,0.01405944672586015,0.0003508273774792673
1.51573,0.01246302136514983,0.0003194032530913518
1.51837,0.01480188949778025,0.0003637118090397057
1.52102,0.01371744485294118,0.0003431837216499929
1.52366,0.01129891752219756,0.0002902813159291635
1.5263,0.01250197766370699,0.0003154040779286134
1.52895,0.01244688762486127,0.0003175539095214821
1.53159,0.01196568645948945,0.0003068292052565002
1.53424,0.01199088970588236,0.0003088009824460144
1.53688,0.01327316266648169,0.0003330742772609702
1.53952,0.0134661288845727,0.0003353229757356909
1.54217,0.01125990399556049,0.0002878853070075806
1.54481,0.01318491238901221,0.0003303153837811791
1.54745,0.01113136972807991,0.0002888669477467044
1.5501,0.01303523577968923,0.0003314165894454911
1.55274,0.01024633060488347,0.0002742176031420505
1.55539,0.01192471802164262,0.0003134420049500281
1.55803,0.01150132408435072,0.0003062291956913137
1.56067,0.0119285294117647,0.0003187286404350157
1.56332,0.01032887867647059,0.0002801326327753537
1.56596,0.01147968729189789,0.000312087156005464
1.5686,0.01132776276359601,0.0003059502852984996
1.57125,0.0116819381936737,0.0003199316683185573
1.57389,0.01043439581021088,0.0002891235050179792
1.57654,0.01136109697558269,0.0003100002681040586
1.57918,0.009899720726970034,0.0002808801901221758
1.58182,0.0114094913290788,0.0003146999936654238
1.58447,0.00994493777746948,0.0002822319393769668
1.58711,0.01168361612097669,0.0003214100447068362
1.58975,0.01059958351831299,0.0002974649428327924
1.5924,0.01169744929245283,0.0003293010766948132
1.59504,0.01247191003052164,0.0003412575875969846
1.59769,0.01014916877081021,0.0002908582998905057
1.60033,0.009792745421753608,0.0002806817753188871
1.60297,0.01012938387902331,0.0002891850411245718
1.60562,0.009669009156492787,0.0002777537853848559
1.60826,0.01160120539678136,0.0003166987207648844
1.6109,0.0106748521781354,0.0002951088789093887
1.61355,0.009891418077136515,0.0002725414014625211
1.61619,0.008572473362930077,0.0002407787767023524
1.61883,0.01015583927580466,0.0002784980118281267
1.62148,0.0106535198390677,0.0002867431715695908
1.62412,0.00984794762763596,0.0002706771604288268
1.62677,0.01001896344339623,0.0002703772865035231
1.62941,0.00979169929245283,0.0002680525494835919
1.63205,0.01130575055493896,0.0002996162376972798
1.6347,0.009815950263596005,0.0002652159231137695
1.63734,0.009071841009988901,0.0002483096488558887
1.63998,0.01101215448113208,0.0002924169033859879
1.64263,0.008893094825194228,0.0002425445707021677
1.64527,0.009483180424528302,0.0002546831338434845
1.64792,0.01073381083518313,0.000284908625841194
1.65056,0.01014843167314095,0.0002711442574924167
1.6532,0.009172876040510546,0.0002475646145469693
1.65585,0.00992901005826859,0.0002662539546535782
1.65849,0.009406796961709213,0.0002510264063022774
1.66113,0.009027624306326304,0.0002437966945382397
1.66378,0.01031259385405105,0.0002738716024330598
1.66642,0.0102630618063263,0.0002726127989649791
1.66907,0.01036167036625971,0.0002762479124265004
1.67171,0.009337118340732519,0.0002495239351219789
1.67435,0.01011931173695893,0.0002684949614755182
1.677,0.009402518590455048,0.0002512857975169015
1.67964,0.01052451172308546,0.0002760874309012907
1.68228,0.008398094825194229,0.0002272376551340343
1.68493,0.009452052927302997,0.0002516068701199001
1.68757,0.008656765746392897,0.0002331288671947995
1.69022,0.008656939719755829,0.0002319799717684688
1.69286,0.009555260335738067,0.0002532166623505191
1.6955,0.01008029134295227,0.0002666028764138548
1.69815,0.008474677441731414,0.0002285852285207706
1.70079,0.01023136202830189,0.0002704550293802713
1.70343,0.01031248626526082,0.0002675853282925785
1.70608,0.00974602899556049,0.0002564064899460936
1.70872,0.009010840455049943,0.0002384658087123298
1.71137,0.01006321219478357,0.0002636297579529239
1.71401,0.009444652192008877,0.0002498819820542081
1.71665,0.009037160793562709,0.0002402909695435115
1.7193,0.007248478842952274,0.0001984766056827545
1.72194,0.008480503260266375,0.000226396969660021
1.72458,0.008427235363485016,0.0002257084992057954
1.72723,0.00821781721698113,0.000219588466447563
1.72987,0.00758900194228635,0.000205216412673061
1.73251,0.00883200499445061,0.0002355964946885969
1.73516,0.009348218299112102,0.0002436479874401058
1.7378,0.007503500901775806,0.0002029962401681088
1.74045,0.009146986057158716,0.0002400870008070307
1.74309,0.008306387971698113,0.0002215180978708093
1.74573,0.009569617716426193,0.0002503245121018773
1.74838,0.009193139359045506,0.0002394723140309883
1.75102,0.008164029689234189,0.0002196167757060464
1.75366,0.008516719478357384,0.0002237115145110544
1.75631,0.007731064927857936,0.0002065257930804763
1.75895,0.008405813748612651,0.0002235437259189429
1.7616,0.008418406215316313,0.0002226362668905552
1.76424,0.008944778648723643,0.0002357573108866689
1.76688,0.007259871809101,0.000193763865220594
1.76953,0.007429871254162041,0.0001996496328501226
1.77217,0.00820993118756937,0.0002182121749099832
1.77481,0.007204539123196452,0.0001943945408245424
1.77746,0.008927310349611542,0.0002350052168156523
1.7801,0.00909418971975583,0.0002358476352377003
1.78275,0.007500392272475028,0.0002010973859266203
1.78539,0.008852092050499444,0.0002292013097670171
1.78803,0.007264768243618205,0.0001936785961390837
1.79068,0.008390135543840176,0.0002216024081811783
1.79332,0.008716910169256381,0.0002258721282339737
1.79596,0.008726059794672586,0.0002301256486256835
1.79861,0.008163004162042178,0.0002132269468460453
1.80125,0.00857218722253052,0.0002243546034051006
1.8039,0.009264988068812431,0.0002403023241234451
1.80654,0.008090798349056603,0.0002125724848642261
1.80918,0.007645641717536074,0.0002043616869007689
1.81183,0.007686992438956718,0.0002039170383589996
1.81447,0.006901157047724751,0.0001854023732285281
1.81711,0.007745211709211984,0.0002046353560904308
1.81976,0.00706953579356271,0.0001884897949651024
1.8224,0.006446619589345171,0.0001755679655038004
1.82504,0.007176453870699222,0.0001915987356516041
1.82769,0.007939262971698117,0.0002112118490917889
1.83033,0.007426927441731407,0.0001976726492587315
1.83298,0.008446290024972254,0.0002208962860738169
1.83562,0.00503125013873474,0.0001401997423437241
1.83826,0.006809180077691455,0.0001849344334091739
1.84091,0.007515415788013319,0.0002018900226202861
1.84355,0.007068024972253051,0.0001903459160004087
1.84619,0.005789877011653717,0.0001595188811377804
1.84884,0.006433067980022198,0.0001733494208235843
1.85148,0.007654326650943399,0.0002049682010366246
1.85413,0.005139518798557156,0.0001438555476864737
1.85677,0.006998085391231963,0.0001875647645322308
1.85941,0.006905476623196447,0.0001872045529924211
1.86206,0.007383825541065486,0.00019624726200517
1.8647,0.007751257283573807,0.000207057672038605
1.86734,0.007074528371254161,0.0001904181464979718
1.86999,0.007382094963928968,0.0001968189238185495
1.87263,0.005712777053274141,0.0001589039049950562
1.87528,0.005694869242508325,0.0001566825507945248
1.87792,0.007447456298557159,0.000199916535721468
1.88056,0.009041539886237517,0.0002363211319973814
1.88321,0.006870409544950055,0.0001849412950233691
1.88585,0.006391030521642616,0.0001757954756068543
1.88849,0.007373744242508327,0.0001961948078266107
1.89114,0.00839399500554939,0.0002222854453758818
1.89378,0.006472852941176469,0.0001748877210668472
1.89643,0.005997482172586016,0.0001647512672096159
1.89907,0.007011062430632633,0.0001899713133660794
1.90171,0.006446244173140952,0.0001740286410316173
1.90436,0.005654214414539405,0.0001561778942879408
1.907,0.006955999861265259,0.000186807720128056
1.90964,0.006268816523307435,0.0001718002898983156
1.91229,0.006775358282463929,0.0001838602480831384
1.91493,0.007210907463928965,0.0001932665200345583
1.91757,0.007011529411764707,0.0001885706713816937
1.92022,0.007007791273584908,0.0001896780487850799
1.92286,0.006361516856270811,0.0001743019908020511
1.92551,0.005357406700887903,0.0001473307323012837
1.92815,0.006554663915094337,0.0001772897703751533
1.93079,0.006932664539400665,0.0001885056234003758
1.93344,0.004768129162042173,0.0001329408414620606
1.93608,0.005585071448390677,0.0001539859935482849
1.93872,0.006710946933962268,0.0001814540590317736
1.94137,0.006531166065482796,0.0001791446109666549
1.94401,0.006671674736403997,0.0001812143404738503
1.94666,0.005390715732519426,0.0001489292240204053
1.9493,0.006106913706992232,0.0001675577277881517
1.95194,0.006285643867924528,0.0001707552450764039
1.95459,0.006363666342952272,0.0001733069447168705
1.95723,0.0064056076581576,0.0001750515784122601
1.95987,0.005444835183129859,0.00015022754845974
1.96252,0.005929955327413985,0.0001637793983697926
1.96516,0.005717575055493896,0.0001568324195946281
1.96781,0.004887305493895669,0.0001363844474316414
1.97045,0.006811721004439513,0.0001838936764807828
1.97309,0.005957413360155382,0.0001636565201639115
1.97574,0.006620608976137624,0.0001801527165281742
1.97838,0.00735220130410655,0.0001967678901869283
1.98102,0.00697745810210877,0.0001891835189579819
1.98367,0.006520940552164263,0.0001764308637023756
1.98631,0.006178160377358491,0.0001686263010384552
1.98896,0.00551247648446171,0.0001524696449705989
1.9916,0.004794154203662596,0.0001340564301412186
1.99424,0.006178902053274142,0.00016736026878223
1.99689,0.006555366675915648,0.0001766778305889524
1.99953,0.0053050704772475,0.0001461411077786775
2.00217,0.004991794811320754,0.0001383774496065318
2.00482,0.006073927441731411,0.0001653450871234602
2.00746,0.004901775041620423,0.0001359302824928624
2.0101,0.005389376595449502,0.000147192302735443
2.01275,0.006854690135960047,0.0001841202726049579
2.01539,0.005210454148168702,0.0001424304414048628
2.01804,0.005761846698113208,0.0001584305852003915
2.02068,0.005283621392896781,0.0001455946752800545
2.02332,0.005380606964483907,0.0001473374108062666
2.02597,0.005374556811875694,0.0001477522644574243
2.02861,0.005341895602108768,0.000145680816989963
2.03125,0.006304023238068814,0.0001704994516791195
2.0339,0.00509454668423973,0.0001402125563729502
2.03654,0.005378159891786905,0.0001483122662198735
2.03919,0.005848469408990012,0.0001589370792942834
2.04183,0.006784317910654826,0.0001807017609686395
2.04447,0.006287216495560492,0.0001698752944348696
2.04712,0.006112618201997782,0.0001649978701485382
2.04976,0.005193063679245279,0.0001428154716045523
2.0524,0.005300753190899002,0.0001457631373590752
2.05505,0.004184773584905659,0.0001169947251627182
2.05769,0.005535669880688124,0.0001516003416761705
2.06034,0.004545509642064374,0.0001252355367803492
2.06298,0.00577342966148724,0.0001573633771019457
2.06562,0.004896727524972251,0.0001345751374697721
2.06827,0.005388568534961152,0.0001469654417343457
2.07091,0.005010137555493896,0.0001384370431389259
2.07355,0.0052818702136515,0.0001440413018071169
2.0762,0.005475218715316316,0.0001497225539728179
2.07884,0.004422947697003329,0.0001225321541336779
2.08149,0.004044303829078805,0.0001130661615088689
2.08413,0.006476591079356273,0.0001748968793078053
2.08677,0.004904524278579356,0.0001341479543634929
2.08942,0.004768646503884572,0.0001330880964288895
2.09206,0.004410435349611541,0.0001228544356458393
2.0947,0.00582639997225305,0.0001584768069377207
2.09735,0.005214295296892341,0.0001432330528316647
2.09999,0.005495175291342951,0.0001502060032023514
2.10263,0.00540825499445061,0.000149611287285977
2.10528,0.005415719825194229,0.00014656406268862
2.10792,0.005825882630410655,0.0001592352803817829
2.11057,0.005035427788568255,0.0001399519886613969
2.11321,0.006663704009433959,0.0001841165788466828
2.11585,0.006445836709211989,0.0001816726247418426
2.1185,0.005516434378468368,0.0001559416966360507
2.12114,0.005348854536625969,0.0001554503206972481
2.12378,0.004695076373473919,0.0001356463199264149
2.12643,0.004674513179800218,0.0001370132742934849
2.12907,0.005726397336293007,0.0001673842553919651
2.13172,0.00357040038845727,0.0001082450167454037
2.13436,0.003768210391231962,0.0001150140873450426
2.137,0.004761401428967815,0.0001420348403505496
2.13965,0.005420533851276363,0.0001613999697168837
2.14229,0.004977966218091011,0.0001491110581856051
2.14493,0.005130941453940066,0.0001547107096507966
2.14758,0.005308959697558267,0.0001607570808471904
2.15022,0.00439471136237514,0.0001336472058384355
2.15287,0.004551436182019979,0.0001401180081172087
2.15551,0.004390007214206438,0.0001348825057378761
2.15815,0.005792990219200891,0.0001747662078054013
2.1608,0.005199814303551612,0.0001586067428569871
2.16344,0.004007531354051053,0.0001240911151996489
2.16608,0.006186481340177581,0.0001845487012547531
2.16873,0.004838274764150946,0.0001457268009613864
2.17137,0.002976812430632629,9.164781222535854e-05
2.17402,0.004339783851276359,0.0001292283111146958
2.17666,0.004034778787458383,0.0001212370195072153
2.1793,0.005114759642064373,0.0001495510543590933
2.18195,0.003779289747502777,0.0001127250555949558
2.18459,0.003928176609322975,0.0001166507456063928
2.18723,0.003760427372364038,0.0001120873240194582
2.18988,0.006152952552719203,0.0001749842436131547
2.19252,0.004393312708102108,0.0001284073633517254
2.19516,0.004744056742508323,0.0001373678631144232
2.19781,0.004077608282463931,0.0001203288496685217
2.20045,0.004868035654827971,0.0001404065544394696
2.2031,0.00358289213374029,0.0001062010062788061
2.20574,0.005232709003884573,0.0001499038020507021
2.20838,0.004441141648168701,0.0001293233490260701
2.21103,0.005349571032186458,0.0001534433475409833
2.21367,0.0068150173418424,0.0001911011352421176
2.21631,0.004726238207547169,0.00013721968175239
2.21896,0.00553373328246393,0.0001570294535899076
2.2216,0.003353833310210877,9.865183302979701e-05
2.22425,0.005410489178690346,0.0001543562558910845
2.22689,0.004783757006104328,0.0001379219839895265
2.22953,0.00410629557436182,0.0001189887112551065
2.23218,0.003572062291897893,0.0001061247481457766
2.23482,0.003852642411209768,0.0001126555470685638
2.23746,0.006045659059378469,0.0001722168802693068
2.24011,0.002803235086015538,8.379930072837848e-05
2.24275,0.00399108629300777,0.0001178001080940436
2.2454,0.005345560488346284,0.0001528622400060172
2.24804,0.003148856062708103,9.422608450087846e-05
2.25068,0.004146206437291897,0.0001216972761372326
2.25333,0.003835192425083243,0.0001124925647586232
2.25597,0.004293600790788014,0.0001256908209493343
2.25861,0.004646313471143176,0.0001349173402335891
2.26126,0.004234978634850167,0.00012421690658772
2.2639,0.003683350305216424,0.0001086255965767455
2.26655,0.00381004411764706,0.0001125421494130917
2.26919,0.005059884780799113,0.0001477738938161431
2.27183,0.003728471212541621,0.000109683911578501
2.27448,0.003317928412874586,9.864521327420905e-05
2.27712,0.00506281714761376,0.0001454334758208254
2.27976,0.006247351415094336,0.0001790176593393541
2.28241,0.004136138873473918,0.0001220570649655431
2.28505,0.003771238901220864,0.0001111614496375008
2.28769,0.00352921448390677,0.0001045779029257779
2.29034,0.003629132422308549,0.0001063428551572191
2.29298,0.003661770740843505,0.0001087301812952678
2.29563,0.003235069020532743,9.603241162860078e-05
2.29827,0.005880299667036625,0.0001670356129156848
2.30091,0.002301855299667037,7.106979267837161e-05
2.30356,0.005219393174250831,0.0001486533322927782
2.3062,0.004331923002219756,0.0001273632508944714
2.30884,0.004374894422863484,0.0001274168234721395
2.31149,0.004447455049944505,0.0001309838290194533
2.31413,0.004182612652608217,0.0001229220373243856
2.31678,0.004084693118756936,0.000120550935817031
2.31942,0.003490445893451721,0.0001043062693098272
2.32206,0.004438396989456158,0.0001284037724460664
2.32471,0.003898594270255275,0.0001156331832995338
2.32735,0.004173742300221975,0.0001232165477108913
2.32999,0.004747522475027749,0.0001380017328209423
2.33264,0.005238214345172032,0.0001534978159291223
2.33528,0.003330477386237511,9.809416309552885e-05
2.33793,0.003944312638734741,0.0001170963981568968
2.34057,0.004907353634850168,0.0001418896450282815
2.34321,0.003048780174805771,9.152879384810193e-05
2.34586,0.004123947003329632,0.0001228345284414425
2.3485,0.004558035724195335,0.0001329374255996728
2.35114,0.004134962264150941,0.0001216038637572362
2.35379,0.003502230299667036,0.0001036901388982269
2.35643,0.005815998196448393,0.0001652459867453979
2.35908,0.00382294103773585,0.000114031415843149
2.36172,0.002523190621531632,7.656264725454525e-05
2.36436,0.003638684933407325,0.0001079897170864015
2.36701,0.003608436459489456,0.0001064852983420777
2.36965,0.004296089067702552,0.0001256372679595281
2.37229,0.003403179938956717,0.0001015857839859264
2.37494,0.004725400388457269,0.0001375025772779313
2.37758,0.00482781576026637,0.0001420760759362047
2.38022,0.00425407450055494,0.0001236142682920294
2.38287,0.004221770394006663,0.0001254463191982562
2.38551,0.004175779619866813,0.0001213423111949553
2.38816,0.002980314789123201,8.99724464752035e-05
2.3908,0.003158303274139847,9.509348112222713e-05
2.39344,0.003575292244728078,0.0001065225495494108
2.39609,0.004195015122086569,0.000123809345811406
2.39873,0.004305231825749168,0.0001256634606043431
2.40137,0.002172741884017757,6.652606058175602e-05
2.40402,0.003585494866814649,0.0001051548811808207
2.40666,0.003868364109322977,0.000114346981713814
2.40931,0.00362567355715871,0.0001079768717205333
2.41195,0.0034174984045505,0.0001012950004903248
2.41459,0.004512420366259713,0.0001324424174552834
2.41724,0.003827709281354049,0.0001125460085879122
2.41988,0.004798762208657049,0.000139678790054787
2.42252,0.003166898931742508,9.527879664188598e-05
2.42517,0.002283892549944506,6.909009837596809e-05
2.42781,0.003638130965593785,0.0001086349725056837
2.43046,0.004756285238623752,0.0001378895725158761
2.4331,0.003038456229189792,9.138103835541315e-05
2.43574,0.003232937846836848,9.672163085999067e-05
2.43839,0.004169360918423975,0.0001232245377945776
2.44103,0.003303058268590454,9.879337564658261e-05
2.44367,0.003333112167036628,9.939664423186133e-05
2.44632,0.003289792799667036,9.855045065072562e-05
2.44896,0.003008457269700332,9.022150383461506e-05
2.45161,0.003799184517203111,0.0001122852904281547
2.45425,0.005431748265815762,0.0001570898479426343
2.45689,0.003854785030521643,0.0001132267755041423
2.45954,0.004440468645948946,0.0001307765000595557
2.46218,0.003636581229189785,0.0001083355844293096
2.46482,0.002960422308546059,8.848519612984325e-05
2.46747,0.002362329356270809,7.169666708945869e-05
2.47011,0.00205143208934517,6.33774698303528e-05
2.47275,0.004071977039400665,0.0001212410223872719
2.4754,0.003543970172031077,0.0001048832456720266
2.47804,0.002393697211431745,7.295960533054592e-05
2.48069,0.003344072488901219,0.0001002052281619247
2.48333,0.00398618070199778,0.0001188248354535181
2.48597,0.00318577504162042,9.617921628435738e-05
2.48862,0.004927188887347391,0.0001427921863019576
2.49126,0.003975625554938955,0.0001186580370957006
2.4939,0.001635873820754715,5.041036007706181e-05
2.49655,0.003558290926748056,0.000106646811052701
2.49919,0.003997369936182018,0.0001180747411354271
2.50184,0.003040820893451722,9.151238065889156e-05
2.50448,0.003327403093784684,0.0001000682572736373
2.50712,0.004913605230299668,0.0001439609625974521
2.50977,0.004719727941176473,0.0001377004364421821
2.51241,0.002929395532741397,8.823396682676121e-05
2.51505,0.005437319991675915,0.0001575556231468876
2.5177,0.003317124930632631,0.000100233512245356
2.52034,0.004856374861265261,0.0001411412551203035
2.52299,0.004289551331853496,0.0001270495403892074
2.52563,0.003072648862375142,9.282078917550483e-05
2.52827,0.004423346004439513,0.0001305198751496015
2.53092,0.002822411071032187,8.553182177913398e-05
2.53356,0.002919630133185353,8.787427542093343e-05
2.5362,0.001767155036071031,5.502502504860759e-05
2.53885,0.004123095449500554,0.0001220592450220917
2.54149,0.004140483629300775,0.0001227059209375464
2.54414,0.004613929245283019,0.0001358962645131537
2.54678,0.00466955264983352,0.0001372840035898825
2.54942,0.003828808060488347,0.0001141608066386205
2.55207,0.004290331922863487,0.0001267709074940053
2.55471,0.005045701373473919,0.0001469723146455595
2.55735,0.00446027185072142,0.0001318356696813578
2.56,0.003974636653718092,0.0001189773831072628
2.56264,0.004145918007769147,0.0001242207058284012
2.56529,0.00482471628745838,0.000140298028173959
2.56793,0.003772285030521646,0.0001129571774940637
2.57057,0.00386979252219756,0.0001150007143872669
2.57322,0.002481084489456156,7.621436024594871e-05
2.57586,0.00496122814927858,0.0001446492768226882
2.5785,0.003632497433407327,0.0001086371264577226
2.58115,0.003594667383462817,0.0001088646299799018
2.58379,0.002569387416759159,7.874100944782623e-05
2.58643,0.00349933913706992,0.00010524511630087
2.58908,0.003743261237513872,0.0001119531262678432
2.59172,0.003195242855160936,9.663060547721889e-05
2.59437,0.002382700263596006,7.357826786366703e-05
2.59701,0.002460635751942285,7.523300934004777e-05
2.59965,0.003336918978912322,0.0001004891587407207
2.6023,0.00233267376526082,7.182905151904064e-05
2.60494,0.002034469686459487,6.332908169673051e-05
2.60758,0.00354346656492786,0.0001079755557248238
2.61023,0.004687888526637068,0.000138384588268632
2.61287,0.003029050221975584,9.238205042451507e-05
2.61552,0.002266513526637069,7.032165737258056e-05
2.61816,0.002952119658712544,8.988409348558167e-05
2.6208,0.004335798487791342,0.0001283557135139664
2.62345,0.003952123127081024,0.000118437434783213
2.62609,0.003766477524972255,0.000113472731347822
2.62873,0.002976453038290789,9.092671723497495e-05
2.63138,0.003168027469478358,9.624421947861618e-05
2.63402,0.003255121739733631,9.879975322134149e-05
2.63667,0.003751843160377357,0.0001129407309082523
2.63931,0.002651397544395117,8.211319568584954e-05
2.64195,0.004318909336847945,0.0001286124814166047
2.6446,0.003770865774139846,0.0001125437999083749
2.64724,0.003562928690344064,0.0001071107889733713
2.64988,0.003010448806881244,9.241441288988407e-05
2.65253,0.004261843784683686,0.0001277810769823199
2.65517,0.002533095657602663,7.805620937504028e-05
2.65782,0.003821489733629302,0.0001148233395293744
2.66046,0.003088418632075472,9.427073940278239e-05
2.6631,0.003150694228634847,9.581111348583483e-05
2.66575,0.003037682505549389,9.207260115255007e-05
2.66839,0.002784114039955603,8.603583750781868e-05
2.67103,0.004348622155937848,0.0001324562405038893
2.67368,0.002535950194228633,8.117869889006563e-05
2.67632,0.004428757491675915,0.0001388609377240688
2.67896,0.003917978565482797,0.0001232378430724541
2.68161,0.003792193534961154,0.0001223846949988992
2.68425,0.003408536487236402,0.0001118366367761386
2.6869,0.003310756589900113,0.0001085089324677757
2.68954,0.003500703454495005,0.0001148368727144958
2.69218,0.003449234808546059,0.0001134966378338926
2.69483,0.004243523931742509,0.0001399721849046228
2.69747,0.003721677094894564,0.0001239722188012881
2.70011,0.00258206915926748,8.677267927931294e-05
2.70276,0.003489949153718095,0.0001186442113872177
2.7054,0.001802824153718091,6.274551272722702e-05
2.70805,0.001907579009433963,6.709846291302197e-05
2.71069,0.003111245768590455,0.000105886396979649
2.71333,0.003837309864039956,0.0001307123046814189
2.71598,0.00435012839900111,0.0001483833916722768
2.71862,0.003253363693118759,0.000113805126277075
2.72126,0.002892929800221977,0.0001020541496437555
2.72391,0.002712805563263039,9.56579213046253e-05
2.72655,0.003398066037735846,0.0001164353035890294
2.7292,0.002024578385127639,7.033716989312323e-05
2.73184,0.00324004557436182,0.0001083817977290879
2.73448,0.004269498612652608,0.0001394292994731598
2.73713,0.003502729328523863,0.0001140580271006803
2.73977,0.001604036695338512,5.489956506390122e-05
2.74241,0.003938805008324085,0.0001274062249001308
2.74506,0.002839696240288568,9.277083490524441e-05
2.7477,0.003682874167591566,0.000119146395105089
2.75035,0.002783493687569368,9.044061570302721e-05
2.75299,0.00312613193673696,0.0001019212812920859
2.75563,0.002534693465593785,8.2150810948576e-05
2.75828,0.003128416481687015,0.0001003499200979082
2.76092,0.002718654273029965,8.905465870189191e-05
2.76356,0.00261758948390677,8.473600611103978e-05
2.76621,0.002177393382352943,7.109281515698945e-05
2.76885,0.002568444298002221,8.363868704733108e-05
2.77149,0.003179530313540511,0.0001017915246664029
2.77414,0.003421096906215317,0.0001091596327447888
2.77678,0.002911348085460598,9.303141397503746e-05
2.77943,0.002838315899001112,9.083012288126862e-05
2.78207,0.001840171198668147,6.043140965460086e-05
2.78471,0.002840485987791345,9.186143505560128e-05
2.78736,0.001776545019422864,5.834761301791759e-05
2.79,0.003020601068257492,9.58657375561627e-05
2.79264,0.003494314511653716,0.000110738241478475
2.79529,0.004376689095449502,0.0001361490254156935
2.79793,0.002196049736403997,7.099056153410065e-05
2.80058,0.003117453870699222,9.821266018777203e-05
2.80322,0.002821831922863485,9.069066640507465e-05
2.80586,0.004017191453940068,0.0001261292741960523
2.80851,0.001993794256381796,6.451524518598369e-05
2.81115,0.003617158018867928,0.0001129646130186723
2.81379,0.003684272821864593,0.0001152138016823913
2.81644,0.003540660099889012,0.0001117736470405026
2.81908,0.003412324986126526,0.0001073260616499084
2.82173,0.003506192771920087,0.0001100339862705374
2.82437,0.004247820615982244,0.0001308284680850482
2.82701,0.002158537874583799,6.922090986002104e-05
2.82966,0.003213249098224199,0.0001017373263863097
2.8323,0.003566472253052164,0.0001107913114596053
2.83494,0.003105912111542731,9.784674644441733e-05
2.83759,0.003229701026637069,0.0001006798083156075
2.84023,0.003573186251387345,0.0001115676274969591
2.84288,0.00428513332408435,0.0001330164429487425
2.84552,0.002299779064927856,7.264060103610287e-05
2.84816,0.003763696240288571,0.0001180811831650313
2.85081,0.002468597322419535,7.880019689932881e-05
2.85345,0.002122431534406216,6.807519290148412e-05
2.85609,0.002368585529966703,7.551185905492732e-05
2.85874,0.002661918354605997,8.442020813791154e-05
2.86138,0.002874445130410655,9.147722818012598e-05
2.86402,0.003259546614872364,0.0001025644396372373
2.86667,0.002885982311320757,9.140086939031717e-05
2.86931,0.001385599403440623,4.513217880770007e-05
2.87196,0.002867179453385126,9.010048151270245e-05
2.8746,0.002662971351276361,8.535305262881341e-05
2.87724,0.002445021642619314,7.819606413245005e-05
2.87989,0.003712683129855719,0.0001158908015061181
2.88253,0.002389283781908992,7.6414597882482e-05
2.88517,0.003757554522752497,0.0001177887242060809
2.88782,0.00286590212264151,9.128713763802017e-05
2.89046,0.002756140954495005,8.658146909357998e-05
2.89311,0.003759378953940068,0.0001177087450733234
2.89575,0.004927685627081022,0.0001505876488862933
2.89839,0.003343850443951164,0.000104044358232711
2.90104,0.004412555077691455,0.0001361576608638027
2.90368,0.003271504994450611,0.0001018281644153442
2.90632,0.003014685973917868,9.510397514179342e-05
2.90897,0.002416986750832408,7.763587104215453e-05
2.91161,0.002093659544950058,6.728831389500489e-05
2.91426,0.002253451789678134,7.176178974314648e-05
2.9169,0.002238975374583797,7.219826182285348e-05
2.91954,0.004031384017758049,0.0001251778563858562
2.92219,0.003783304869589349,0.0001160631536438071
2.92483,0.002941649209211987,9.283088029924645e-05
2.92747,0.002754829286903439,8.698875047076863e-05
2.93012,0.003063780799112096,9.733865137584482e-05
2.93276,0.002082195615982245,6.6783491254317e-05
2.93541,0.001701828038290786,5.455405492503135e-05
2.93805,0.002252993965038847,7.175999227542905e-05
2.94069,0.002997412250277472,9.396506579565709e-05
2.94334,0.003979803204772476,0.0001239916536013904
2.94598,0.002304043701442841,7.267529359597593e-05
2.94862,0.00296278926193119,9.381413410642198e-05
2.95127,0.002732981895116536,8.687109247049643e-05
2.95391,0.004579862513873475,0.0001397768922168051
2.95655,0.003452011514983351,0.0001074340964267785
2.9592,0.002948708865149832,9.168859286260648e-05
2.96184,0.003623112028301883,0.0001131329486510544
2.96449,0.003245564650388457,0.000102795301506838
2.96713,0.004117848779134296,0.0001268389686087459
2.96977,0.003041871600998889,9.605035885019526e-05
2.97242,0.002105247086570479,6.738024229179184e-05
2.97506,0.002421370421753609,7.79402905778298e-05
2.9777,0.003267020602108771,0.0001023010078513477
2.98035,0.003565522266925636,0.0001107754842901228
2.98299,0.002905975513318538,9.222690687982041e-05
2.98564,0.002950675221975582,9.269106203864214e-05
2.98828,0.003228675499445059,0.0001014127117851567
2.99092,0.002152828801331851,6.854557702963028e-05
2.99357,0.002788415302441731,8.82794399955565e-05
2.99621,0.004036555147058822,0.000125297319249337
2.99885,0.002498353634850166,7.949110347435445e-05
3.0015,0.003463985918423976,0.0001081282794901325
3.00414,0.003997999445061045,0.0001237977016533431
3.00679,0.00365749008046615,0.0001135280586994174
3.00943,0.002904164816870145,9.196380323534698e-05
3.01207,0.001561106478912321,5.018448249743953e-05
3.01472,0.003258880480022195,0.0001025630558306913
3.01736,0.001652605022197559,5.360085295637286e-05
3.02,0.003100393035516093,9.733137753247968e-05
3.02265,0.002718768729189786,8.592894097389733e-05
3.02529,0.001930449639289679,6.179467650189365e-05
3.02794,0.002516778787458377,8.012474286113206e-05
3.03058,0.003181567633185348,9.931923974252094e-05
3.03322,0.003159830119311872,9.93776283391342e-05
3.03587,0.003631432991120978,0.0001128080152507435
3.03851,0.002506610502219756,7.875505415940614e-05
3.04115,0.00288495907325194,9.076414745343968e-05
3.0438,0.00293927538845727,9.212922110223395e-05
3.04644,0.00255430438401776,8.033443606827907e-05
3.04908,0.003659735710321865,0.0001137977963897839
3.05173,0.003211452136514987,0.0001000697546210979
3.05437,0.001540199916759154,4.974995605483374e-05
3.05702,0.002578770532741401,8.106885578387599e-05
3.05966,0.002289892341842396,7.167618290539307e-05
3.0623,0.003107072697003333,9.708263640381683e-05
3.06495,0.003049766786903441,9.480639716088747e-05
3.06759,0.004078409475582684,0.0001244944276075284
3.07023,0.002900918840177582,9.084575336348568e-05
3.07288,0.003155911140399553,9.83655567503862e-05
3.07552,0.003853578662597115,0.0001190042236079066
3.07817,0.002736021850721419,8.632971149877754e-05
3.08081,0.00229707789955605,7.240301706053902e-05
3.08345,0.003689993340732522,0.0001136623295113342
3.0861,0.003123593299112098,9.695437413022967e-05
3.08874,0.001960508115982241,6.231168444582783e-05
3.09138,0.00497219304938957,0.0001495469708545827
3.09403,0.002516613970588233,7.926540273261681e-05
3.09667,0.003358017827413984,0.0001048446837282958
3.09932,0.001898507214206439,6.000179782076451e-05
3.10196,0.002481993271365152,7.812774112850864e-05
3.1046,0.00278519908435072,8.697582419886106e-05
3.10725,0.004505859739178692,0.0001364379537482215
3.10989,0.002318318673695895,7.352695064618245e-05
3.11253,0.002661451373473918,8.333811380420081e-05
3.11518,0.003445249445061043,0.000106580931952181
3.11782,0.00464018091009989,0.0001397906005270716
3.12047,0.001017464900110986,3.291025538935613e-05
3.12311,0.002296885613207547,7.281784284430015e-05
3.12575,0.003406487721975584,0.000104844724276764
3.1284,0.004279655452275254,0.0001305642177930107
3.13104,0.002037301331853497,6.477556875162285e-05
3.13368,0.002749834420088791,8.696539590608535e-05
3.13633,0.002701687291897889,8.445109713347605e-05
3.13897,0.002300749653163152,7.243668269371061e-05
3.14161,0.002739070962819088,8.63964705072183e-05
3.14426,0.003088546822974471,9.7022798844038e-05
3.1469,0.00279208934517203,8.753154667759164e-05
3.14955,0.003310346836847949,0.0001026902007556379
3.15219,0.003086477455604884,9.583030173158156e-05
3.15483,0.002648462888457267,8.294662594947665e-05
3.15748,0.003196961986681464,9.931691919406007e-05
3.16012,0.002699867438956713,8.474205760882507e-05
3.16276,0.002183194020532742,6.948153648444029e-05
3.16541,0.002259064719755824,7.186036915208713e-05
3.16805,0.003299169048279692,0.0001022054751413777
3.1707,0.002534141786903441,7.987892746866201e-05
3.17334,0.003295156215316316,0.0001016552361563242
3.17598,0.001745348848501668,5.594513918459714e-05
3.17863,0.002335477941176471,7.363853118522698e-05
3.18127,0.003810895671476141,0.0001167845491716863
3.18391,0.003343555147058821,0.0001033818702449838
3.18656,0.002470659822419534,7.748213539095532e-05
3.1892,0.003863460807436181,0.0001192455457134949
3.19185,0.003436138734739179,0.0001060317055748336
3.19449,0.001925848501664817,6.127178563375893e-05
3.19713,0.002010637624861268,6.398228961281009e-05
3.19978,0.002834042105993342,8.809250894956669e-05
3.20242,0.003496463998335182,0.0001075039898496114
3.20506,0.002736507144839069,8.513632553605431e-05
3.20771,0.002486956090455052,7.77139775191882e-05
3.21035,0.003150513387902332,9.730176976829846e-05
3.213,0.002609057921753605,8.137505005048987e-05
3.21564,0.004764574153718094,0.0001410084411480018
3.21828,0.001653976206992231,5.246231947896255e-05
3.22093,0.003009414123196447,9.295313856201215e-05
3.22357,0.002783328870699224,8.658589859438458e-05
3.22621,0.002878847114317427,8.884134470176206e-05
3.22886,0.003225250971143174,9.87779877352142e-05
3.2315,0.003731902608213096,0.0001167321244608053
3.23414,0.003393872364039956,0.0001087490672917934
3.23679,0.003452139705882352,0.0001112620998660771
3.23943,0.002938755757491674,9.651325832877884e-05
3.24208,0.002966735710321867,9.89544480046183e-05
3.24472,0.002553308615427302,8.681364373717443e-05
3.24736,0.00140199181465039,4.855810876769256e-05
3.25001,0.002268157117092121,7.8439640784192e-05
3.25265,0.002825238138179798,9.796935821577597e-05
3.25529,0.003252248890122086,0.0001130308843230919
3.25794,0.00299282255826859,0.0001037012511109089
3.26058,0.004451877635960041,0.000151084489255155
3.26323,0.002480047516648166,8.767748110943476e-05
3.26587,0.003718888942841288,0.0001296527470100417
3.26851,0.001979223987236402,7.22526118100906e-05
3.27116,0.002906575263596005,0.0001036478648628693
3.2738,0.002626558268590454,9.458038613440179e-05
3.27644,0.004449503815205327,0.0001563020658642679
3.27909,0.002699063956714758,9.872630520514354e-05
3.28173,0.003212491398446174,0.0001154924559655654
3.28438,0.002488583657047725,9.268764854494773e-05
3.28702,0.002349002081021087,8.464244905508884e-05
3.28966,0.003261471767480574,0.0001142911679181579
3.29231,0.004827783712541622,0.0001617975903780031
3.29495,0.003264019561598228,0.0001116582489928986
3.29759,0.002086334350721421,7.269598488358023e-05
3.30024,0.003749187777469481,0.0001256682950123079
3.30288,0.003014619589345173,0.0001023672379559028
3.30553,0.002857745976692564,9.684603662324395e-05
3.30817,0.00287289997225305,9.707774608685363e-05
3.31081,0.003433478773584905,0.0001150347646349119
3.31346,0.004090500624306327,0.0001354343742627498
3.3161,0.002175882561043287,7.413404922628573e-05
3.31874,0.001513996323529413,5.255610427022974e-05
3.32139,0.001269962056048837,4.396482610037258e-05
3.32403,0.004236434517203108,0.0001389822727303989
3.32667,0.001847297239178689,6.277354744250899e-05
3.32932,0.00348506416481687,0.0001148564812834524
3.33196,0.002780778787458381,9.353436420534759e-05
3.33461,0.002872329980577139,9.619292007822366e-05
3.33725,0.002824567425083244,9.431510866041318e-05
3.33989,0.002905039261931187,9.67074287771954e-05
3.34254,0.0008126799389567149,2.788753424342726e-05
3.34518,0.004005633670921198,0.0001301749720012032
3.34782,0.002138551539955605,7.170944004373261e-05
3.35047,0.003094844200887905,0.0001013350247140941
3.35311,0.004439878052164263,0.0001417840681126151
3.35576,0.002743981132075471,9.087569700450759e-05
3.3584,0.002722209281354054,8.974575349628842e-05
3.36104,0.003407776498335181,0.0001106274975767509
3.36369,0.001929607241953385,6.509511780739351e-05
3.36633,0.003163508740288569,0.0001031974578963025
3.36897,0.005213961084905663,0.0001644094227227268
3.37162,0.002312959836293009,7.593346591260116e-05
3.37426,0.002725672724750278,9.003708219754481e-05
3.37691,0.002050502705327414,6.86685926567798e-05
3.37955,0.00244784870976693,8.057790665205917e-05
3.38219,0.00162000332963374,5.418969886953862e-05
3.38484,0.002616115288568257,8.583138607885508e-05
3.38748,0.003779905521642622,0.0001215654569435608
3.39012,0.00291502670643729,9.597705259250512e-05
3.39277,0.002331739802996667,7.702747539001356e-05
3.39541,0.003118884572697002,0.00010105649830461
3.39806,0.002020876872918977,6.753351810290364e-05
3.4007,0.002220293840177578,7.375488870787972e-05
3.40334,0.003263431256936737,0.0001061999303429188
3.40599,0.002684436459489454,8.820333977503814e-05
3.40863,0.002325996392896777,7.634518645457146e-05
3.41127,0.002807254786348504,9.18089423132619e-05
3.41392,0.001788821587125415,5.963812401997584e-05
3.41656,0.003269396711986681,0.0001059357041072701
3.41921,0.001837193049389569,6.127497072028612e-05
3.42185,0.001064094339622646,3.589586468482246e-05
3.42449,0.001941279481132076,6.481794674826328e-05
3.42714,0.002540201096004442,8.275313394572365e-05
3.42978,0.003522832408435071,0.0001134833991274002
3.43242,0.002613283643174252,8.589465578033123e-05
3.43507,0.002954987930077691,9.639688880009132e-05
3.43771,0.002579443534961152,8.466474110325732e-05
3.44035,0.001850245629855716,6.127574180792497e-05
3.443,0.002242035932297448,7.400363553937272e-05
3.44564,0.003157085460599337,0.0001023805003112894
3.44829,0.003112426956159822,9.985332271940392e-05
3.45093,0.003979885613207547,0.0001262984449829898
3.45357,0.002060519908435073,6.779377168520794e-05
3.45622,0.002599262763596006,8.469247672456352e-05
3.45886,0.003891930632630413,0.0001243120747342155
3.4615,0.002924336570477248,9.377822088723261e-05
3.46415,0.003080633324084352,9.898922610550044e-05
3.46679,0.002076717744173139,6.815382324661892e-05
3.46944,0.004058860363485016,0.000128436805865915
3.47208,0.0008403302580466144,2.83239438018888e-05
3.47472,0.004499079356270809,0.0001408365024987404
3.47737,0.003357944575471699,0.0001068617394995293
3.48001,0.00246356582963374,7.94386409563596e-05
3.48265,0.001767088651498337,5.774913562021882e-05
3.4853,0.004261331021087682,0.0001329968206304957
3.48794,0.002681712402885683,8.686286693093116e-05
3.49059,0.002375217119866812,7.734938412750393e-05
3.49323,0.001463660793562711,4.788773223277568e-05
3.49587,0.002035808823529412,6.563895908235234e-05
3.49852,0.00330703676470588,0.0001054566424550356
3.50116,0.004433235016648169,0.0001384428388798652
3.5038,0.002992650874028859,9.575276182164457e-05
3.50645,0.002576469963928968,8.296380936817395e-05
3.50909,0.002787449292452829,8.944339572441137e-05
3.51174,0.003102288429522756,9.867685287372374e-05
3.51438,0.003609098016093232,0.0001146677246618573
3.51702,0.001854315690899002,6.037031784785964e-05
3.51967,0.002447773168701444,7.939735070170129e-05
3.52231,0.002676857172586014,8.598494317650677e-05
3.52495,0.003420957269700334,0.0001091821902541278
3.5276,0.002412976206992234,7.759937428957926e-05
3.53024,0.003713987930077689,0.0001165162499373626
3.53288,0.0009428852663706975,3.136741805364398e-05
3.53553,0.002434315413429522,7.893423395430748e-05
3.53817,0.003531345657602665,0.0001120465012658403
3.54082,0.002820975790788013,9.006443950298817e-05
3.54346,0.002329718507214207,7.535313505221206e-05
3.5461,0.003253059239733632,0.0001043074910002357
3.54875,0.003192756867369586,0.0001016277309154692
3.55139,0.003190035099889012,0.0001012677871109266
3.55403,0.001709473709766924,5.614572431141334e-05
3.55668,0.003241366398446173,0.0001024423808208519
3.55932,0.002388020185904554,7.733100797175182e-05
3.56197,0.003219995144284128,0.0001021115744639289
3.56461,0.00241527906492786,7.769250332991072e-05
3.56725,0.002612246670366262,8.423613457439275e-05
3.5699,0.002677120421753605,8.634832343198972e-05
3.57254,0.002180792730299666,7.015838386119018e-05
3.57518,0.002201390260821308,7.109942233024366e-05
3.57783,0.002179375763041063,7.084234590056947e-05
3.58047,0.002774362375138736,8.908688092796921e-05
3.58312,0.003151229883462817,0.0001003025789826629
3.58576,0.001893230785238625,6.154951907214745e-05
3.5884,0.002020197003329635,6.576155908770632e-05
3.59105,0.002217931465038845,7.182753787987244e-05
3.59369,0.00180105695061043,5.885589316451593e-05
3.59633,0.002566404689234183,8.215378342186119e-05
3.59898,0.001912816523307434,6.209965049955139e-05
3.60162,0.002361285516093228,7.665373065851362e-05
3.60427,0.003904729120421757,0.0001229509637267608
3.60691,0.002952291342952275,9.394302535259934e-05
3.60955,0.002225531354051053,7.202474760187136e-05
3.6122,0.003194997918978912,0.0001017350275074623
3.61484,0.002304684655937849,7.507222877271586e-05
3.61748,0.002569403440621533,8.224713885579129e-05
3.62013,0.003258816384572698,0.0001031530356164257
3.62277,0.00266192751109878,8.549894952285845e-05
3.62541,0.002339454148168704,7.532777464525149e-05
3.62806,0.003036487583240841,9.729881756787315e-05
3.6307,0.002752872086570476,8.824307042378886e-05
3.63335,0.003130593437846836,0.0001001114514686361
3.63599,0.003070252150388459,9.787568671603498e-05
3.63863,0.003392716356825747,0.0001073497804744518
3.64128,0.003164380896226414,0.0001006471151854916
3.64392,0.00352885509156493,0.0001114067795647817
3.64656,0.002910803274139845,9.282073770666374e-05
3.64921,0.003529152677580466,0.0001120477744401944
3.65185,0.003452480785238622,0.0001092553572511278
3.6545,0.002157581021087681,6.979442291667983e-05
3.65714,0.002133886306881246,6.913915311040404e-05
3.65978,0.002172252011653717,7.051556034420376e-05
3.66243,0.003079291897891231,9.804136964241366e-05
3.66507,0.002811569783573806,8.994622892590865e-05
3.66771,0.00175861202830189,5.746751495458322e-05
3.67036,0.00274903551609323,8.774105689753966e-05
3.673,0.00421135488346282,0.0001308782229536917
3.67565,0.002157734392341841,6.949205759768693e-05
3.67829,0.002976901706437292,9.439123941992431e-05
3.68093,0.002254475027746947,7.313987343683475e-05
3.68358,0.001036860640954497,3.400144455073273e-05
3.68622,0.003123352941176468,9.933166981460008e-05
3.68886,0.001758662389012209,5.680725750001552e-05
3.69151,0.002088685280244174,6.742234197862671e-05
3.69415,0.001811483906770253,5.846279988017854e-05
3.6968,0.003768675083240844,0.0001164225016952782
3.69944,0.002858201512208658,9.103138848137091e-05
3.70208,0.002074664400665927,6.634657231551783e-05
3.70473,0.001044845102663708,3.431909361510199e-05
3.70737,0.00201546080743618,6.422991575255327e-05
3.71001,0.002691084073251941,8.463350942343794e-05
3.71266,0.001579488138179799,5.101248189643247e-05
3.7153,0.004132638804106551,0.0001280727927815319
3.71794,0.001341694020532742,4.371266799028493e-05
3.72059,0.002944673140954491,9.290621841618479e-05
3.72323,0.002081376109877912,6.652363943497054e-05
3.72588,0.003616592605438403,0.000112737693831336
3.72852,0.003535937638734739,0.0001098623042112411
3.73116,0.001590297377913432,5.115948547306217e-05
3.73381,0.002387683684794674,7.624283547151564e-05
3.73645,0.002308164123196447,7.313234233997599e-05
3.73909,0.002223793909544949,7.142118403686301e-05
3.74174,0.003456672169811324,0.0001069481401688255
3.74438,0.003188556326304105,9.979036972656634e-05
3.74703,0.002673483004994449,8.51590534112357e-05
3.74967,0.003724098987236405,0.0001160527362178527
3.75231,0.001262501803551611,4.065790516901761e-05
3.75496,0.002858789816870145,9.004940612906209e-05
3.7576,0.001626818049389569,5.230987499029646e-05
3.76024,0.002908159336847945,9.182073586847062e-05
3.76289,0.003338491606548278,0.0001039226103326371
3.76553,0.002863306256936734,9.031243321174371e-05
3.76818,0.003347483282463931,0.0001045473675971559
3.77082,0.002754387486126526,8.64768801846386e-05
3.77346,0.002958538360155381,9.312621105719143e-05
3.77611,0.003079603218645948,9.658080632592586e-05
3.77875,0.004279003052164262,0.0001310332221344512
3.78139,0.003310715385682573,0.0001035847395197085
3.78404,0.002191718715316317,6.999904037645925e-05
3.78668,0.003170609600443953,9.903402869254392e-05
3.78933,0.002427974542175359,7.696801714384717e-05
3.79197,0.00323719561598224,0.0001046308916889251
3.79461,0.002004285307991124,6.745228907584546e-05
3.79726,0.003239548834628189,0.0001068982434534061
3.7999,0.003797520324639287,0.0001265192917447318
3.80254,0.002018480160932298,7.012060587242258e-05
3.80519,0.001229039400665928,4.391626631831899e-05
3.80783,0.002329865011098776,8.178446846821173e-05
3.81047,0.00225791557991121,8.03210202775929e-05
3.81312,0.002673352524972254,9.629579220597585e-05
3.81576,0.001415497641509434,5.202093215957316e-05
3.81841,0.004476659683684793,0.0001547400624566293
3.82105,0.003832910169256382,0.0001368910904217102
3.82369,0.0013073045227525,4.897271444660416e-05
3.82634,0.003438205812985573,0.0001240585031538346
3.82898,0.001932956229189788,7.23465361362398e-05
3.83162,0.003675008740288569,0.0001337797324116335
3.83427,0.002884984253607102,0.0001074719714569162
3.83691,0.004152258879023311,0.0001527812437417357
3.83956,0.002438678482241951,9.284881323145679e-05
3.8422,0.002484236612097671,9.494336563537017e-05
3.84484,0.0009890088096559391,3.918200998777661e-05
3.84749,0.002814399139844618,0.0001047976447587469
3.85013,0.00166129224472808,6.177793494583828e-05
3.85277,0.001962119658712545,7.119877137486342e-05
3.85542,0.003767651845172031,0.0001325052135731439
3.85806,0.002137848779134298,7.681665941560576e-05
3.86071,0.003912573945615981,0.0001348426552738342
3.86335,0.002019155452275251,7.167177433670428e-05
3.86599,0.001674294464483908,5.94782809239009e-05
3.86864,0.002067485710321865,7.256745289900603e-05
3.87128,0.001892296822974475,6.706587629559121e-05
3.87392,0.001251900874028856,4.461403326480849e-05
3.87657,0.002610843437846836,9.056292863764958e-05
3.87921,0.001141899347946725,4.080804435285551e-05
3.88186,0.003530814581021089,0.0001199281966498311
3.8845,0.001256820199778026,4.472665521089019e-05
3.88714,0.003365210252497228,0.000113563286565218
3.88979,0.004018132283573808,0.0001351453917565679
3.89243,0.002361342744173139,8.165484482851822e-05
3.89507,0.003257813748612653,0.0001091686928896613
3.89772,0.0012160371809101,4.23917227180249e-05
3.90036,0.003380062083795784,0.0001123587580091698
3.903,0.002150548834628191,7.31135639933829e-05
3.90565,0.003130266093229747,0.0001043408012598675
3.90829,0.002503785724195338,8.418580792319821e-05
3.91094,0.002384279758601553,8.072883121317817e-05
3.91358,0.002329542244728078,7.842955378170816e-05
3.91622,0.00248270289955605,8.282494455168512e-05
3.91887,0.003713118063263045,0.0001221843039146594
3.92151,0.002930734669811322,9.680340037039411e-05
3.92415,0.002962878537735848,9.777347512652585e-05
3.9268,0.003821910932297446,0.0001245426382655872
3.92944,0.002936011098779136,9.638515153979706e-05
3.93209,0.004213559309100999,0.0001353304205114946
3.93473,0.003136936598224196,0.0001019358862743033
3.93737,0.002731219270255274,8.970043167296532e-05
3.94002,0.003585487999445062,0.0001161338024916004
3.94266,0.002095854814095454,6.995831208382231e-05
3.9453,0.001599266162597116,5.385397406594242e-05
3.94795,0.001635333587680355,5.49058732603681e-05
3.95059,0.002271368756936738,7.563039353050445e-05
3.95324,0.00241395595172031,8.032647756531175e-05
3.95588,0.001691911556603775,5.694119822670547e-05
3.95852,0.003022015746392898,9.916154024598739e-05
3.96117,0.00314040690899001,0.0001029830543823909
3.96381,0.003638865774139844,0.0001174406356485358
3.96645,0.001069917869034406,3.631480063686707e-05
3.9691,0.002751102594339624,9.034828928017661e-05
3.97174,0.00276762548557159,9.144142394858752e-05
3.97439,0.002658676956159819,8.811527753577567e-05
3.97703,0.001691694089900109,5.623832341864382e-05
3.97967,0.00189805167869034,6.330840094273185e-05
3.98232,0.002574629508879023,8.45158155893218e-05
3.98496,0.002575822142064374,8.482694151793209e-05
3.9876,0.003025696656492787,9.857303036563209e-05
3.99025,0.001302728565482796,4.398777952361856e-05
3.99289,0.002374429661487236,7.907613830107377e-05
