0.0431807,68.89990498751388,0.4853629398502436
0.0458244,59.66161610710323,0.4348256696833309
0.0484682,52.1335130826859,0.4005117933534301
0.0511119,45.74515167869035,0.38976052227722
0.0537556,40.35833500971144,0.3434293781473184
0.0563993,35.84606160516093,0.3347853381065458
0.059043,31.79480328246393,0.2935080963836673
0.0616867,28.49175204148169,0.2876641860742117
0.0643304,25.58247217882908,0.2660704416214822
0.0669742,23.1555905327414,0.2417171998248862
0.0696179,20.89827353565483,0.234012022704821
0.0722616,19.08289354120422,0.2104905960176422
0.07490529999999999,17.34868278787458,0.19988021426571
0.07754900000000001,15.91708468992786,0.189746923812921
0.08019270000000001,14.47428529411765,0.1732439783920598
0.08283649999999999,13.28316173973363,0.1680307945358501
0.08548020000000001,12.19929473224195,0.1535047948153969
0.08812390000000001,11.24974253190899,0.1539156436332229
0.0907676,10.36606470449501,0.1457772649198649
0.0934113,9.600191177164263,0.1380458071842812
0.096055,8.769576118201998,0.1328902023226705
0.0986987,8.163483092397337,0.12331286785341
0.101342,7.573898673695894,0.1187281242181357
0.103986,6.983124139844619,0.1074776342854455
0.10663,6.514776653024418,0.1045587265672126
0.109274,6.142528686875695,0.1013917104870364
0.111917,5.691778010543841,0.09345046658928453
0.114561,5.262112791342952,0.08725443175629571
0.117205,4.935266722391787,0.08305359390541815
0.119848,4.642679373612653,0.0788945984561316
0.122492,4.358819513041066,0.07343269977408023
0.125136,4.067307823251943,0.0704085570618954
0.12778,3.771554456853497,0.06565103190723097
0.130423,3.571374250138735,0.06314392590424998
0.133067,3.375530649972253,0.06056247182955223
0.135711,3.185383624445061,0.05577575274514871
0.138354,2.929266334628191,0.05265888542497326
0.140998,2.833136071032186,0.05086724324271451
0.143642,2.642607105299667,0.04779891763822208
0.146286,2.478698009850167,0.0444257643921951
0.148929,2.369354766925638,0.0424791471014534
0.151573,2.247861590593784,0.04156272729092951
0.154217,2.117315664539401,0.03855361312698351
0.15686,1.975102947419534,0.03651400913820498
0.159504,1.878615283018868,0.0345643545943772
0.162148,1.79460734600444,0.03318732515177063
0.164792,1.701738190205327,0.03219949981735528
0.167435,1.595223525249723,0.0296774766536099
0.170079,1.496864296614872,0.02819949924047823
0.172723,1.427097407047725,0.02681612634046848
0.175366,1.371717862791343,0.02607893642054968
0.17801,1.301743235294118,0.02468409777829057
0.180654,1.255443475305216,0.02373588447245259
0.183298,1.164485920504995,0.02241645825606356
0.185941,1.137440387763596,0.02171141790614829
0.188585,1.055445482796892,0.02033898895962683
0.191229,1.014906827830189,0.01969641571099125
0.193872,0.9621203794395117,0.01864031360983741
0.196516,0.9224004522752498,0.01805577180144988
0.19916,0.8866131700887903,0.01735726383113374
0.201804,0.8432514768312985,0.01692923787064136
0.204447,0.8275322051886792,0.01632384107109701
0.207091,0.7758522044950057,0.01530066458944114
0.209735,0.7484643104883464,0.01483200029855585
0.212378,0.7209019852941176,0.01437127614443902
0.215022,0.6893490316315206,0.01376490559611768
0.217666,0.6558440052719201,0.0132898297548715
0.22031,0.6284023168701445,0.01293346388654009
0.222953,0.5986170699223086,0.01220395198211931
0.225597,0.5747435751942287,0.01166496959956526
0.228241,0.5540111008601555,0.01143541930262719
0.230885,0.5327550124861266,0.01102608047789979
0.233528,0.5120712278024417,0.01072974405091806
0.236172,0.4940070928135405,0.01035607638141277
0.238816,0.4698204002497225,0.009906443480179708
0.241459,0.4573479522752498,0.009616889216460848
0.244103,0.4324234753052165,0.009076210071139979
0.246747,0.4290342910654829,0.009097116618008712
0.249391,0.4129435862930078,0.008844164573640349
0.252034,0.3877755008324084,0.008445959897685476
0.254678,0.3745056367924529,0.008090714547093543
0.257322,0.3671678066037736,0.007959255135971554
0.259965,0.3589037513873474,0.007784191886782837
0.262609,0.3395716710599335,0.007452589822916925
0.265253,0.3297827164261932,0.007355694674674939
0.267897,0.3307608816592675,0.007242538262090162
0.27054,0.3199435613207547,0.007044422880672797
0.273184,0.3024619166204218,0.006671048130912935
0.275828,0.2910048321309656,0.00647277279138474
0.278471,0.2821697551331853,0.006395956351733582
0.281115,0.2749565448113208,0.006249873080362228
0.283759,0.2666617924528302,0.006108635436328897
0.286403,0.2598310946170921,0.005849415023611162
0.289046,0.2611578933129856,0.00592789007992003
0.29169,0.2458140378745838,0.005629373939318925
0.294334,0.2459677753884573,0.005665415193218135
0.296977,0.2329886528856826,0.005431515945766277
0.299621,0.235162381381798,0.005391833515675785
0.302265,0.218175805355161,0.005114185530224173
0.304909,0.2155199646226415,0.005033936333454458
0.307552,0.2103387860710322,0.004982502699891205
0.310196,0.2067643888734739,0.004873318182944976
0.31284,0.2043114102386238,0.004799552307511935
0.315483,0.1939623987236404,0.004629241515711925
0.318127,0.1867387431326304,0.004469241870057076
0.320771,0.1848834522752497,0.004420923459731711
0.323415,0.1774385460599334,0.004301212282167942
0.326058,0.1771414407602664,0.004258023102069092
0.328702,0.1717087562430633,0.004221546898790424
0.331346,0.174921428482242,0.004209124041720415
0.333989,0.1607030593784684,0.003943793401998598
0.336633,0.1658331263873474,0.003987407680457402
0.339277,0.1619389386792453,0.003913448500272675
0.341921,0.1514799805771365,0.003782805191092558
0.344564,0.149584524764151,0.003707200417130627
0.347208,0.1530979099611543,0.003771656077461918
0.349852,0.1519790552164262,0.003715521511480462
0.352495,0.1397843030660377,0.003510553927787828
0.355139,0.1412674008046615,0.003521104424276109
0.357783,0.1357101673834628,0.003428971669485465
0.360427,0.134552104536626,0.003394379000458181
0.36307,0.131286526082131,0.003300182935744254
0.365714,0.1235924053135405,0.003178107111756628
0.368358,0.1213039551193119,0.003092326895235026
0.371001,0.1236760430077691,0.003155211915754998
0.373645,0.1134079245283019,0.002974815032976627
0.376289,0.1154519696170921,0.002977752096375507
0.378933,0.1142258213790233,0.002972011573669031
0.381576,0.1196501116814651,0.003006051582149864
0.38422,0.1122038274139845,0.002905918996362078
0.386864,0.1088934302164262,0.002821705162884299
0.389507,0.1096539318812431,0.00285024427441418
0.392151,0.1090715194228635,0.002853947020809126
0.394795,0.103463378190899,0.002699396563457047
0.397439,0.1014596697419534,0.002671897639224815
0.400082,0.1021377927302997,0.002660034083214802
0.402726,0.1050455972530522,0.002723598887207902
0.40537,0.0975377493063263,0.002583328040983023
0.408013,0.09490924528301888,0.002498533429807447
0.410657,0.09887476206992231,0.002600813712110999
0.413301,0.09639970942008878,0.002525952797324766
0.415945,0.09983736813263042,0.002603001397968248
0.418588,0.09601805306603774,0.002535947307408944
0.421232,0.09100340364872365,0.002431128500218255
0.423876,0.08996716107103218,0.00245031382791628
0.426519,0.08679411584350721,0.002398180429612983
0.429163,0.08734098737513876,0.00247991196744952
0.431807,0.08443821663429522,0.002465552261802745
0.434451,0.08651221718923419,0.00254796605466832
0.437094,0.08015800492508324,0.002476759803588018
0.439738,0.07839953253329633,0.002441644263015825
0.442382,0.08329895435627081,0.002595861871490121
0.445025,0.077425341218091,0.002464971981856771
0.447669,0.08237621108490567,0.002591592190358982
0.450313,0.07845837444506104,0.002544272450251202
0.452957,0.07536551491398448,0.002439788717794333
0.4556,0.07723564615704771,0.002469099739418469
0.458244,0.07432508324084351,0.002366678086952913
0.460888,0.07690843888734739,0.002437625869352836
0.463531,0.07669527802441732,0.002459912399104433
0.466175,0.068495625,0.002245670633776508
0.468819,0.07279452282186459,0.002394247069363952
0.471463,0.0670748875554939,0.002199313784941961
0.474106,0.06762004682297447,0.00226429283570071
0.47675,0.06447424445061044,0.002184907986742043
0.479394,0.06513236508046615,0.002209660031634031
0.482037,0.06480828704217537,0.002228712102406112
0.484681,0.06697622634572697,0.002163622146999853
0.487325,0.06251839698945617,0.002066716526465822
0.489969,0.06650591225027748,0.002101381380418444
0.492612,0.06862891377635962,0.002149258380474646
0.495256,0.06595253503052165,0.002051104220594171
0.4979,0.06550704189789122,0.002018400834827735
0.500543,0.06237398078523863,0.001937581007325875
0.5031870000000001,0.06248441037735849,0.00192342521697484
0.505831,0.05686297162874583,0.001803709920815623
0.508475,0.05943055979467259,0.001850223189587827
0.511118,0.06021172537458379,0.001839876640538664
0.5137620000000001,0.05827009565760267,0.001800697832418805
0.516406,0.06027097932852386,0.001823834363188457
0.519049,0.05912903190899001,0.001809616645438021
0.521693,0.0562712470172031,0.001722465387865501
0.5243370000000001,0.05825753981687015,0.001764691304428448
0.526981,0.06353740018035516,0.001875585954857407
0.529624,0.05896485599334073,0.001755525289012304
0.532268,0.05367977185072143,0.001650833103636291
0.5349120000000001,0.05350005278856827,0.001628666353486416
0.537555,0.05663733504439512,0.001693909473302049
0.540199,0.05448773390677026,0.00165509791937049
0.542843,0.05827753072974473,0.001723872896826662
0.5454870000000001,0.0544035285099889,0.001637404334074288
0.54813,0.059139088027192,0.001698991445639713
0.550774,0.05371778960876804,0.00160957791632466
0.553418,0.0516509975027747,0.001549604313717896
0.556061,0.05177040732519424,0.001553204987013292
0.558705,0.05050546989456161,0.00153488889389028
0.561349,0.05105982456992231,0.00150835312513912
0.563993,0.05081517452830189,0.00151760655201048
0.566636,0.05198568562708102,0.001529449576480677
0.56928,0.05177755625693674,0.001535885954778902
0.571924,0.04860227455604885,0.001460578183117907
0.574567,0.05005793486403996,0.001485510539171341
0.577211,0.04993029564372919,0.00147845808612746
0.579855,0.04681927192008879,0.001396309262159818
0.582499,0.04759677948113208,0.001426447090006711
0.5851420000000001,0.05167256104328525,0.001498208045181876
0.587786,0.05003619048279689,0.001478733447083631
0.59043,0.05031821961709212,0.001471524034305522
0.593073,0.0485176777192009,0.001411147499801471
0.5957170000000001,0.04560332401498336,0.001356245699143201
0.598361,0.04520928121531631,0.001350799063493914
0.601005,0.04307943521087682,0.00129448518953561
0.603648,0.0469159530382908,0.00136889130099199
0.6062920000000001,0.04905409711431744,0.001410124561621935
0.608936,0.04347759614317425,0.001293114024470755
0.611579,0.04632944762763597,0.001339788767571732
0.614223,0.04029244832130966,0.001212725365204779
0.6168670000000001,0.04483006506659269,0.001306774704043875
0.619511,0.04472910099889014,0.001295585029200634
0.622154,0.04445656714761376,0.001293612439605502
0.624798,0.04230458532186458,0.001238361467612116
0.6274420000000001,0.04302741717536071,0.001247042663021055
0.630085,0.04425333879023308,0.001280980120276343
0.632729,0.04514659357658157,0.001289260239517014
0.635373,0.04364926664816871,0.001257250899458189
0.6380169999999999,0.03877115656215316,0.001145010301319543
0.64066,0.04107362305771365,0.001202186963080773
0.643304,0.04377178738901222,0.001257988618265901
0.645948,0.03985432158712542,0.001169757896944418
0.6485919999999999,0.04184369096836849,0.001207622192253983
0.651235,0.04126648168701442,0.001205102452816251
0.653879,0.0452433868618202,0.001282178458512544
0.656523,0.03976007838512764,0.001162007240800034
0.659166,0.04092860481409544,0.001188057010194554
0.66181,0.03951740385682576,0.00114199464406292
0.664454,0.04043367119866814,0.001174225402392214
0.667098,0.04029571947835738,0.001174519474186646
0.669741,0.04050319644839068,0.001176111672272701
0.672385,0.04006439213374029,0.00115861055832388
0.675029,0.04210440378745839,0.001192622110616198
0.6776720000000001,0.0390978464900111,0.001127032740930838
0.680316,0.04227115725582686,0.001195760320034139
0.68296,0.03613787742785794,0.001057569313615777
0.685604,0.03949297433407326,0.001137926935424019
0.6882470000000001,0.04018500603496115,0.001142906248866837
0.690891,0.03733782665094339,0.001086141635583914
0.693535,0.0397510844200888,0.001129138467619135
0.696178,0.03836138977524973,0.001100881656757274
0.6988220000000001,0.03662508296337403,0.001068157393456796
0.701466,0.03725135502219756,0.001071381876852355
0.70411,0.03749114525527192,0.00108313681158811
0.706753,0.03911422745560489,0.001101773769047072
0.7093970000000001,0.03812719187014429,0.001086823894044148
0.712041,0.03458946413706993,0.001013206470913249
0.714684,0.03930362035238624,0.001104052432139126
0.717328,0.03514813838790234,0.001017419249813662
0.7199719999999999,0.03723259565760266,0.001060663385211699
0.722616,0.03786896046059934,0.001067399901261464
0.725259,0.03719285190066592,0.001056058831345532
0.727903,0.03891140198390677,0.001075795705888943
0.7305469999999999,0.03560791336015538,0.001023586861451037
0.73319,0.03606912590177581,0.001028476451695408
0.735834,0.03709317432019978,0.001040852606194899
0.738478,0.03575604710044396,0.001009323016668008
0.7411219999999999,0.03754800707547171,0.001048667506193994
0.743765,0.03514071018312986,0.001004622544287229
0.746409,0.03423308885960045,0.0009679910755804906
0.749053,0.03767602400110988,0.001049644561895315
0.751696,0.03281424223085461,0.0009383720975950403
0.75434,0.03492076206992231,0.0009913526906391533
0.756984,0.03574246344339622,0.0009921456463618549
0.759628,0.03406894041342953,0.0009650569875125083
0.762271,0.03203038006381798,0.0009194863569881897
0.764915,0.03449042064372919,0.0009646959671579183
0.767559,0.03651011632907881,0.001018212753855953
0.7702020000000001,0.03529488949778025,0.0009781386279510997
0.772846,0.03245712985571587,0.0009180375133296544
0.77549,0.03315073647336293,0.0009399360667852472
0.778134,0.0344879667036626,0.0009549305656565241
0.7807770000000001,0.03272595303829078,0.0009266480772998411
0.783421,0.03293317133740289,0.0009243407361536927
0.786065,0.03459293444783574,0.0009594870214760758
0.788708,0.03394201539955605,0.0009464533616311635
0.7913520000000001,0.03367821455327414,0.0009313531511932122
0.793996,0.03329962104605994,0.0009289747682920665
0.79664,0.03353552892619312,0.0009275934614640982
0.799283,0.0333473401082131,0.0009232620622743152
0.8019269999999999,0.03307253086847947,0.00091715465030967
0.804571,0.03324787770532742,0.0009153006588914296
0.807214,0.03208169533851277,0.0008960568834407543
0.809858,0.03336907762208657,0.0009111475345255395
0.8125019999999999,0.03287712902330744,0.0009154445011155279
0.815146,0.03074555473085461,0.0008579780972553784
0.817789,0.03090814199500555,0.0008632774121765326
0.820433,0.03539433587680355,0.000957800966258278
0.8230769999999999,0.03195788124306326,0.0008796592607371205
0.82572,0.032288822072697,0.0008925673787814189
0.828364,0.03363411230577137,0.0009116852722714234
0.831008,0.03295452427857936,0.0009027036800006136
0.8336519999999999,0.03345236279134295,0.0009011108517734047
0.836295,0.02932270442563818,0.00082150190124812
0.838939,0.0323401259017758,0.0008856824941041966
0.841583,0.03344659420088791,0.0008940971094601488
0.844226,0.03305662146226415,0.0009028998957826838
0.84687,0.03295188034128746,0.0008886491832694566
0.849514,0.03325281992230855,0.0008946262953299939
0.852158,0.0349066542036626,0.0009300334442304756
0.854801,0.03213377289123197,0.0008567841616733692
0.857445,0.03181164060765816,0.000863018885167332
0.860089,0.03003941745283019,0.0008184587478326521
0.8627320000000001,0.03241202497225305,0.0008673862053462341
0.865376,0.03412101567702553,0.0009320787185545261
0.86802,0.03247585259433963,0.0008928325889072724
0.870664,0.03314259864039956,0.0009202096914093022
0.8733070000000001,0.03339346822974473,0.0009112938691134428
0.875951,0.03275005750554939,0.0009157178988975578
0.878595,0.02945800991953386,0.0008458783757830501
0.881238,0.03250958969200888,0.0009057102812454912
0.8838819999999999,0.03243301165371809,0.0009190471592935252
0.886526,0.03089806756381798,0.0008658598544112251
0.88917,0.0324598218645949,0.0009086630289597095
0.891813,0.0323582420227525,0.0009074750804391473
0.8944569999999999,0.03051188332408435,0.0008497777962503152
0.897101,0.03223836293007769,0.0008771289542575891
0.899744,0.03141267848224195,0.0008566640628029129
0.902388,0.02900814685072142,0.0008044443247345686
0.9050319999999999,0.0301725047863485,0.0008171897637636629
0.907676,0.03179863838790233,0.0008511666061876889
0.910319,0.03279286182019978,0.0008732724254141182
0.912963,0.03081869221698114,0.0008320005897628908
0.9156069999999999,0.03024182401498336,0.0008204663729518534
0.91825,0.03421964254994451,0.0008841555641836633
0.920894,0.03321476096004439,0.0008749687737574502
0.923538,0.03170657900943396,0.0008416885374032334
0.9261819999999999,0.03282115309378469,0.0008560268368021103
0.928825,0.03081397204495006,0.0008270179928561763
0.931469,0.03149722266925638,0.000830289237016663
0.934113,0.03091899243895672,0.0008273756587849563
0.936756,0.03124734884850167,0.0008180126216348952
0.9394,0.03269881090455051,0.0008491211058314323
0.942044,0.0318689831437292,0.0008277901575814418
0.944688,0.03048092293285238,0.0008041949444285874
0.947331,0.03155348702830189,0.0008265165441887858
0.949975,0.02954974195338514,0.0007804458982058509
0.952619,0.03234575027746948,0.0008367200732864483
0.9552619999999999,0.03370434031631521,0.0008615798332165764
0.957906,0.03081183858213097,0.0008053942022102641
0.96055,0.03242608705604884,0.0008402456729656252
0.963194,0.02914646025249722,0.000758025452889923
0.9658369999999999,0.03123021476137625,0.0008124564228197872
0.968481,0.03089805840732519,0.0007992015289919423
0.971125,0.02929686480299667,0.0007639505423205637
0.973768,0.0299480791481687,0.0007753333609074681
0.9764119999999999,0.03210219443673696,0.0008102254438243273
0.979056,0.03201862312708102,0.000815869463248233
0.9817,0.02991420012486127,0.0007712703778960336
0.984343,0.03012831097391787,0.0007705825624217561
0.9869869999999999,0.02985059225860156,0.000762310955988257
0.989631,0.03281256659267481,0.0008289081694331413
0.992274,0.03195927302996671,0.000834391973388638
0.994918,0.03227249146781355,0.0008380752661719322
0.9975619999999999,0.03432545269145394,0.0008860281702434816
1.00021,0.03068495935072143,0.0008225836057863064
1.00285,0.0309194571309656,0.0008237705657872639
1.00549,0.02859162715038846,0.0007934965105302291
1.00814,0.03000995643729189,0.0008159523720886063
1.01078,0.03061733865149834,0.0008333499958299287
1.01342,0.03179725117924528,0.0008614255931806177
1.01607,0.03023207463928968,0.0008385834359451854
1.01871,0.02998753447558269,0.0008274932407291576
1.02136,0.02855703620976693,0.0008023535556589265
1.024,0.0306093725027747,0.0008524177941738912
1.02664,0.02947847925915649,0.000830090739916566
1.02929,0.03074319235571588,0.0008596842377968364
1.03193,0.03319907359877914,0.0009070125060640692
1.03457,0.02970989130133186,0.000834052472376172
1.03722,0.03183667445893452,0.000888138051912299
1.03986,0.03015403842952276,0.0008450800618071085
1.04251,0.02881973827691454,0.0008240393776396303
1.04515,0.03088731784128746,0.0008522500176462199
1.04779,0.02985874382630411,0.0008236710526901265
1.05044,0.03023728010543841,0.0008232498220513848
1.05308,0.03262374139844618,0.0008558981092024824
1.05572,0.03185214206437292,0.0008465722402572091
1.05837,0.03017819554661487,0.0007990714389330224
1.06101,0.03180498154827969,0.0008394377664091848
1.06365,0.02858785238623752,0.0007637644522718259
1.0663,0.027626290163707,0.0007448785981293005
1.06894,0.02950183747225305,0.0007811387149284653
1.07159,0.02935908546059933,0.0007669307906866209
1.07423,0.02888884690621532,0.0007655867014420529
1.07687,0.02862826685627081,0.0007506528201952679
1.07952,0.02877293715316315,0.0007581515705482627
1.08216,0.03047231811875694,0.0007859429210102631
1.0848,0.02887130535516094,0.0007412851467541542
1.08745,0.02913549764150944,0.0007537529049061377
1.09009,0.02890275104051055,0.0007442764829509799
1.09274,0.02749066877081021,0.0007207275436689822
1.09538,0.02894185842119867,0.0007458941670539472
1.09802,0.02920112222530521,0.0007439857982299682
1.10067,0.02768808733351831,0.0007195507595818936
1.10331,0.02760595359322974,0.0007086807928527151
1.10595,0.02854481458102109,0.0007306466851258533
1.1086,0.02756070449500555,0.0007089106129011862
1.11124,0.02965035120699223,0.0007488460911522366
1.11389,0.02780967869034406,0.0007159150366951398
1.11653,0.027467221281909,0.0006953706444302549
1.11917,0.02771836098779134,0.0007110103049908481
1.12182,0.02793223834628191,0.0007083812322722778
1.12446,0.02567866752219755,0.0006693958277325333
1.1271,0.02735500617369589,0.0006963427672395355
1.12975,0.02664178634850167,0.0006789198182799798
1.13239,0.02712267619311876,0.0006915813436460501
1.13504,0.02839525700610433,0.0007125649726012247
1.13768,0.02801470400943396,0.000705634103457903
1.14032,0.02452992598501665,0.0006395566638928929
1.14297,0.02765725055493895,0.000699224607382553
1.14561,0.02784549202275249,0.0007080037806907333
1.14825,0.02816368930355161,0.0007001586047229989
1.1509,0.02711680001387348,0.0006846460436892964
1.15354,0.02683005757491676,0.0006783963849076406
1.15618,0.0253633408018868,0.0006466833333669818
1.15883,0.02684842549944506,0.0006841647319452395
1.16147,0.02772469956992231,0.0006873530475266567
1.16412,0.02810484739178691,0.000703886012632355
1.16676,0.0264522721281909,0.0006604947000285487
1.1694,0.02503390392619312,0.0006395168519155252
1.17205,0.02435119353496116,0.0006223663664417885
1.17469,0.02506807366814651,0.0006353446180513336
1.17733,0.02585327955049944,0.0006522860229286357
1.17998,0.0255662326581576,0.0006393936968596754
1.18262,0.02527653038290788,0.0006384016572696274
1.18527,0.02636331680077692,0.0006557608839836738
1.18791,0.02506630188679246,0.000633190433351427
1.19055,0.02417371781354051,0.0006162366293581684
1.1932,0.02457919249445061,0.0006164240835158159
1.19584,0.02439204980577137,0.0006179272310461363
1.19848,0.02587740233074362,0.0006404607616991013
1.20113,0.02475649195338513,0.0006236486626639505
1.20377,0.02361115892064372,0.0005986730875968483
1.20642,0.02489435439789123,0.0006234852468696362
1.20906,0.02605020137347392,0.0006466909254680569
1.2117,0.02420487735849057,0.0006033481678339228
1.21435,0.02429204945893452,0.0006087503398537214
1.21699,0.02485591544117647,0.0006164275081752708
1.21963,0.02481159343784684,0.0006168805307778726
1.22228,0.02385588221420644,0.0006006364847645232
1.22492,0.02383241183407325,0.0005939789579484946
1.22757,0.02349506374861265,0.0005896764134930725
1.23021,0.022309806118202,0.0005626556008895592
1.23285,0.02478070858768036,0.000610969622390234
1.2355,0.02230952455604883,0.0005654299378426025
1.23814,0.02338382838512764,0.0005836200971400674
1.24078,0.02385263623751387,0.0005960638134833733
1.24343,0.02503534378468369,0.0006151722487783178
1.24607,0.0219192885682575,0.0005527340223647279
1.24871,0.02263610460599334,0.0005663852145678271
1.25136,0.02195609538013319,0.0005511284345899224
1.254,0.02417328288013319,0.0005954993461244914
1.25665,0.02262976831298557,0.0005649557212438938
1.25929,0.02328621330466149,0.0005784974605352693
1.26193,0.02223313193673696,0.0005516470909199717
1.26458,0.02076192848224196,0.0005242480913166168
1.26722,0.02149190011098779,0.0005405908081650459
1.26986,0.02213331471975583,0.0005518443012227036
1.27251,0.02186577802441731,0.0005475020227832255
1.27515,0.0220194468645949,0.0005461768422631601
1.2778,0.02248392369589345,0.0005575386438495223
1.28044,0.02224661945061043,0.000547228463685657
1.28308,0.02142362701165372,0.000533183538204105
1.28573,0.02165924417314095,0.0005414061402332754
1.28837,0.02346053461431742,0.0005670203634068099
1.29101,0.02344655036071032,0.0005768746438646485
1.29366,0.01886863817980022,0.0004793081752112458
1.2963,0.02083351852108768,0.0005197770240152478
1.29895,0.0202438266509434,0.0005088272515879097
1.30159,0.02026921073806882,0.0005038569711301718
1.30423,0.01991755563263041,0.0005035080480467319
1.30688,0.01963088415649279,0.0004894700239006593
1.30952,0.02106842147613763,0.0005222022524021157
1.31216,0.02010358809655938,0.0004993791000707773
1.31481,0.01905924431187569,0.0004807301106726786
1.31745,0.02114043729189789,0.0005204207921292253
1.3201,0.01981080466148723,0.0004906557565756161
1.32274,0.01875289324361821,0.0004719055427329732
1.32538,0.01868247065760267,0.0004670864761904979
1.32803,0.01860430167869034,0.0004654473471217326
1.33067,0.02065096781354051,0.0005107603732812008
1.33331,0.01832294096836848,0.0004570384923327731
1.33596,0.01963015392619312,0.0004871459189422074
1.3386,0.01934527025527192,0.0004803102832055588
1.34124,0.0173316361681465,0.0004387896498729836
1.34389,0.01997194519977803,0.0004906181078729203
1.34653,0.01682819846004439,0.000425645329993863
1.34918,0.01857118493340732,0.0004645451333369204
1.35182,0.01677674125971143,0.0004244018339005503
1.35446,0.01780177629023307,0.0004482885034378922
1.35711,0.01973751838235294,0.0004848646021196938
1.35975,0.01822841620421754,0.0004556506240126643
1.36239,0.01704464421476138,0.0004328208146185795
1.36504,0.01828957241953385,0.0004519414222203634
1.36768,0.01816280535516093,0.0004536475805749811
1.37033,0.01689678288013318,0.0004274313800706649
1.37297,0.01837762354328524,0.0004570287656155695
1.37561,0.01701782942563818,0.0004339043444219357
1.37826,0.01720695220588235,0.0004298447510698827
1.3809,0.01667286771642619,0.0004238044408009046
1.38354,0.01814911410932297,0.0004522298130271286
1.38619,0.01798462916204218,0.0004497077763921493
1.38883,0.01728348217258602,0.0004323250784512418
1.39148,0.01610968389289678,0.0004099785246643879
1.39412,0.01637101248612653,0.0004159226400594053
1.39676,0.01571604855715871,0.0003984673828693009
1.39941,0.01579870879578247,0.0004018226167928511
1.40205,0.01697496788290788,0.0004243579457510016
1.40469,0.01715406201442841,0.0004332626310589564
1.40734,0.01454031596836848,0.0003743329683601246
1.40998,0.01536336334628191,0.000390656775575143
1.41263,0.01666397676193119,0.0004157060316349803
1.41527,0.01495315933684795,0.0003817338534149912
1.41791,0.01631704640677025,0.000411183970260903
1.42056,0.01475089241120977,0.0003783275372323828
1.4232,0.01565323959489456,0.0003954422400804704
1.42584,0.01674209538013318,0.0004169372685095446
1.42849,0.01702311272197559,0.0004240168616925254
1.43113,0.01681502913429523,0.0004197700388766116
1.43377,0.01458548036903441,0.0003729246615171511
1.43642,0.01603890649278579,0.0004004869193774318
1.43906,0.01415180597946726,0.0003642121364623114
1.44171,0.01506738887347392,0.0003819071148230935
1.44435,0.01476378704217536,0.0003748388787501102
1.44699,0.01450996448390677,0.000369076890233474
1.44964,0.01303225763041065,0.0003394484946319447
1.45228,0.01374415434239734,0.0003525105489498094
1.45492,0.01464389879300777,0.0003705671983193179
1.45757,0.01510758816592675,0.000379323534970748
1.46021,0.01377754349334073,0.0003526221270359255
1.46286,0.01483903738901221,0.0003742038626575456
1.4655,0.01432914893174251,0.0003645072998392429
1.46814,0.01356860377358491,0.0003462206481379773
1.47079,0.01385621379023308,0.00035489583725147
1.47343,0.01436600839345172,0.0003624175347919541
1.47607,0.01348223057713651,0.0003468149038111647
1.47872,0.0132776035654828,0.0003384033201917046
1.48136,0.01345224306326304,0.0003452180012269111
1.48401,0.01256989594894562,0.0003276428147913955
1.48665,0.01352956277746948,0.0003444841578117993
1.48929,0.01314670234461709,0.0003357468958444119
1.49194,0.01361472960599334,0.000343082745366943
1.49458,0.01293523772197558,0.000334511851266745
1.49722,0.01440623515538291,0.0003610032835316101
1.49987,0.01293406111265261,0.0003309089804529453
1.50251,0.01301045144284129,0.0003352824886789094
1.50516,0.01462390330188679,0.0003644137469206998
1.5078,0.01194851803551609,0.0003090077956331588
1.51044,0.01044948342119867,0.0002764159900567944
1.51309,0.01348689123196448,0.0003408875490956996
1.51573,0.01210852774694783,0.0003135110130885614
1.51837,0.01282140878190899,0.0003249779334963433
1.52102,0.01212188020255272,0.0003114537441900389
1.52366,0.01223922065760267,0.0003120717783659954
1.5263,0.01126065482796892,0.000290505797835344
1.52895,0.01178837555493896,0.0003051223745450364
1.53159,0.01307684975027747,0.000332084916153665
1.53424,0.01385572391786904,0.0003498694920407181
1.53688,0.01154082290510544,0.0002981182632471521
1.53952,0.01080616773029967,0.0002805513020326266
1.54217,0.01232450652053274,0.0003122303376235771
1.54481,0.01100713214483907,0.0002856630579105976
1.54745,0.01323663054938957,0.0003355568185026456
1.5501,0.01083950880965594,0.0002855843391771693
1.55274,0.01278821878468368,0.0003320713396435693
1.55539,0.01227618999722531,0.000322871569854873
1.55803,0.01233328301886792,0.0003264009482473327
1.56067,0.009709979883462817,0.0002692497891105206
1.56332,0.01147911730022198,0.0003079486327066176
1.56596,0.01150182311320755,0.0003142969121322252
1.5686,0.01055055965593785,0.0002896987303469468
1.57125,0.01141704085738069,0.0003155503867015579
1.57389,0.01251362930077692,0.0003386110464251483
1.57654,0.01235173793007769,0.0003342701869123972
1.57918,0.01100456603773585,0.0003089131332531594
1.58182,0.01215041183407325,0.0003335133298180532
1.58447,0.01138040115149834,0.0003181341703287262
1.58711,0.01251742924528302,0.0003422611961244128
1.58975,0.01097921170921199,0.0003081187343426974
1.5924,0.009920494519977801,0.0002880876573056915
1.59504,0.01021813089622641,0.0002900829013354935
1.59769,0.009163907255826859,0.0002679341289755689
1.60033,0.0111090141509434,0.0003141161474591743
1.60297,0.01074753870699223,0.0003057603490910862
1.60562,0.0130736678690344,0.0003597835469468443
1.60826,0.01118895720033296,0.0003088922475912898
1.6109,0.0104980631936737,0.000292547403719996
1.61355,0.0101485323945616,0.0002800816944290603
1.61619,0.01017025846281909,0.0002804267566358731
1.61883,0.009814828593229743,0.0002719800645452297
1.62148,0.01030973931742508,0.0002803864889460602
1.62412,0.00974972135127636,0.0002698350875633147
1.62677,0.0110861984600444,0.0002962305492390485
1.62941,0.01055470983629301,0.0002872713635383934
1.63205,0.00965449153718091,0.0002634427276664253
1.6347,0.01068806041897891,0.0002867101911316152
1.63734,0.01006477108768036,0.0002729343121249826
1.63998,0.008274981201442842,0.0002301844619501955
1.64263,0.007778383393451717,0.0002170417240800207
1.64527,0.009956410862930077,0.0002669769631979189
1.64792,0.01124201907602664,0.0002978569263809071
1.65056,0.009115922655382908,0.0002486748945803791
1.6532,0.009113152816315208,0.000247519070276516
1.65585,0.009534296545504995,0.0002585790468769824
1.65849,0.00900272093507214,0.0002430256990051437
1.66113,0.009518366537180908,0.0002565624176298178
1.66378,0.009971743410099888,0.00026759756080002
1.66642,0.0099844984045505,0.0002677517084789506
1.66907,0.01081992993895672,0.0002881130002692611
1.67171,0.008872449223085459,0.0002400869785422537
1.67435,0.009230697003329631,0.0002495267912542803
1.677,0.01041110627081021,0.000275623263219288
1.67964,0.008361702344617094,0.000227787122492587
1.68228,0.01003886965871254,0.000266517558827955
1.68493,0.009590018382352941,0.0002561417955467713
1.68757,0.01011841668978912,0.0002680610075322012
1.69022,0.01046298924805771,0.0002744080329921938
1.69286,0.007666367438956713,0.0002102874412454654
1.6955,0.01038927719200888,0.0002750237350865219
1.69815,0.01038714830743618,0.0002737070719385353
1.70079,0.01016717501387347,0.0002704792622258886
1.70343,0.00928128204772475,0.0002458568487906226
1.70608,0.008380887486126531,0.0002262950605904414
1.70872,0.008136509850166482,0.0002194271284408016
1.71137,0.008901344825194231,0.0002385725866735656
1.71401,0.009381953107658157,0.0002498139664983885
1.71665,0.007856316592674807,0.0002139475713762296
1.7193,0.009250385751942288,0.0002468437196465053
1.72194,0.007346219825194233,0.0002007690119969348
1.72458,0.008597523238068814,0.0002309185484255223
1.72723,0.008490406007214204,0.000227154504909983
1.72987,0.007204360571587126,0.0001970956947380141
1.73251,0.007408330604883467,0.0002032309697276453
1.73516,0.008307766023862377,0.0002211952768477886
1.7378,0.008735323876248612,0.0002330683124118741
1.74045,0.009150396850721424,0.0002414756112949956
1.74309,0.009559660030521644,0.0002514733741907407
1.74573,0.009375019353496116,0.000247292710204806
1.74838,0.008885092050499446,0.0002337946720380451
1.75102,0.008411369450610435,0.0002266281682276602
1.75366,0.007404823668146504,0.0001990217926616259
1.75631,0.007680795782463928,0.0002064741506575181
1.75895,0.007638774347946724,0.0002067468221739207
1.7616,0.009089371115427304,0.0002392231452236581
1.76424,0.008367461778579357,0.0002237370684231159
1.76688,0.008011688540510544,0.0002124508825442791
1.76953,0.007553712819089899,0.0002036862050971615
1.77217,0.009150119866814651,0.0002409968894706826
1.77481,0.008152098779134295,0.000217829083578148
1.77746,0.007088984184239733,0.0001931971493967133
1.7801,0.008447077483351833,0.0002224584786072672
1.78275,0.007565838304661487,0.0002037507217371565
1.78539,0.007281570407880133,0.0001942782063171997
1.78803,0.008932852316870145,0.0002332251975056697
1.79068,0.007817282463928966,0.0002094910450063446
1.79332,0.006947761306881245,0.0001861558642954018
1.79596,0.007253375277469479,0.000196879585148431
1.79861,0.007119576026637073,0.0001901248976995561
1.80125,0.007397981478912321,0.0001983596130085177
1.8039,0.009412361820199777,0.0002449105185707118
1.80654,0.005628525874028858,0.0001548205515174013
1.80918,0.009635187361265262,0.0002511361588870016
1.81183,0.007044962056048835,0.0001898742060496826
1.81447,0.007469042730299667,0.0001999030937273967
1.81711,0.007626520671476138,0.0002029873747240686
1.81976,0.007137728773584906,0.0001911423863374094
1.8224,0.00770218077136515,0.0002066306856607591
1.82504,0.007997539470033297,0.0002118835962056756
1.82769,0.00636903891509434,0.0001747813566928533
1.83033,0.008778929384017758,0.0002300068448564707
1.83298,0.006714614109322976,0.0001815045982328184
1.83562,0.007457011098779136,0.0002005422362433674
1.83826,0.006668856825749169,0.0001825447827247378
1.84091,0.006033048279689235,0.0001670014521913406
1.84355,0.006698903856825747,0.0001824996500852134
1.84619,0.007231246323529414,0.0001955548998774911
1.84884,0.007813065899001111,0.0002070211922711475
1.85148,0.007444185141509438,0.0002011148764491549
1.85413,0.006128832061598223,0.0001695687246488984
1.85677,0.006500292660932297,0.0001766215611778346
1.85941,0.006546954148168702,0.0001795246467055833
1.86206,0.006015273238068814,0.0001644034800763759
1.8647,0.008076221212541623,0.0002158055181603231
1.86734,0.007294329980577136,0.0001967081601414
1.86999,0.006809974403440621,0.0001842730278400679
1.87263,0.006831769145394007,0.0001874911126748403
1.87528,0.006096198321309656,0.0001675018693285595
1.87792,0.006569096836847949,0.000179887590924821
1.88056,0.007142780868479468,0.0001934230710418572
1.88321,0.005819061043285236,0.0001602984389103866
1.88585,0.007714532880133182,0.0002087667090259741
1.88849,0.006670296684239733,0.0001805102566481567
1.89114,0.006280859600443951,0.0001730542771780524
1.89378,0.007721958795782463,0.000205582328610657
1.89643,0.006401146157047725,0.0001756070336270502
1.89907,0.007325931326304107,0.0001985667912286696
1.90171,0.005108389012208658,0.0001418699567401525
1.90436,0.007061613138179804,0.0001915500085114572
1.907,0.004836981409544951,0.0001354135984338382
1.90964,0.006517483976137626,0.0001788515170295387
1.91229,0.006558028926193118,0.0001795892486847394
1.91493,0.005909540926748055,0.0001627478081189941
1.91757,0.006104578801331854,0.0001675673974311694
1.92022,0.00626213228357381,0.0001725649819195338
1.92286,0.007064621046059933,0.0001923674269321586
1.92551,0.007626248265815759,0.0002031078745952341
1.92815,0.006398110779689233,0.0001744609074022721
1.93079,0.00754505077691454,0.0002042335607345765
1.93344,0.006336888179800223,0.0001728870058814729
1.93608,0.006890260821309656,0.0001868726266767823
1.93872,0.005464175985016652,0.0001517373775544062
1.94137,0.005532238485016648,0.0001552267803099683
1.94401,0.006826694159267481,0.0001859662227740963
1.94666,0.005532412458379581,0.0001533079047036567
1.9493,0.005387510960044395,0.0001504873271933995
1.95194,0.006769495837957822,0.000183426179562876
1.95459,0.007774315621531629,0.0002080407801811535
1.95723,0.004702843368479464,0.000133107235877896
1.95987,0.005879608351831298,0.0001618986799604408
1.96252,0.006092918007769143,0.0001687336530553241
1.96516,0.006734037319644841,0.0001825610999498454
1.96781,0.0043123006381798,0.0001222528233846725
1.97045,0.004646324916759157,0.0001309150251640548
1.97309,0.007841728010543838,0.0002099461734571424
1.97574,0.005765484114872365,0.000160041884846467
1.97838,0.006547986542730298,0.0001785659603845527
1.98102,0.005375758601553828,0.000150609542247179
1.98367,0.006443339275804664,0.0001755158052921026
1.98631,0.005307606825749166,0.0001478556272657714
1.98896,0.00588761799389567,0.0001626817631826499
1.9916,0.00473250811598224,0.0001332100507854733
1.99424,0.005359098362930077,0.0001480009893041798
1.99689,0.004823004023307438,0.0001346683127448326
1.99953,0.006187527469478355,0.0001688217912129151
2.00217,0.006271071309655938,0.0001709751471408592
2.00482,0.00687136639844617,0.0001856087804910692
2.00746,0.004630124791897892,0.0001297268030878362
2.0101,0.005287670851831299,0.0001454669450687643
2.01275,0.005247061806326305,0.0001456424241803469
2.01539,0.006366301123751389,0.0001715677780921279
2.01804,0.005399776082130966,0.000150239655372441
2.02068,0.005136110294117645,0.0001426795504341121
2.02332,0.006046077968923417,0.0001645853797515821
2.02597,0.005478826373473917,0.0001511734848450179
2.02861,0.005013520879578246,0.0001382735027666873
2.03125,0.004446468437846839,0.000124906708598799
2.0339,0.005693953593229742,0.0001559319453169578
2.03654,0.005694104675360714,0.00015702512399882
2.03919,0.004093787805216426,0.0001153858235304543
2.04183,0.006300443049389568,0.0001701000440143042
2.04447,0.005204094963928972,0.00014403527889298
2.04712,0.005636022752497225,0.0001542192006976786
2.04976,0.004701611820199778,0.0001311533275054556
2.0524,0.004843249028856825,0.0001349988238534801
2.05505,0.006602270810210875,0.0001779187423150079
2.05769,0.006435226623196447,0.0001745153420426808
2.06034,0.005005074014983354,0.0001375296599304968
2.06298,0.005324898862375142,0.0001470795816568081
2.06562,0.00407692383462819,0.0001143223259679886
2.06827,0.004139416897891229,0.0001160663429815926
2.07091,0.005869382838512761,0.0001606697867133496
2.07355,0.004992799736403999,0.0001376053495320596
2.0762,0.005256012278024418,0.0001450754978424049
2.07884,0.005319757491675915,0.0001458536947288237
2.08149,0.004638193951165372,0.0001290004503944103
2.08413,0.00526312687291898,0.0001459196104091328
2.08677,0.004539706714761374,0.0001256698377847122
2.08942,0.004941841564927857,0.0001382566881611247
2.09206,0.005073044950055494,0.000140403487326877
2.0947,0.005841302164261929,0.0001597154144225226
2.09735,0.004839932089345171,0.0001345743476501427
2.09999,0.004801616745283019,0.0001336013380011656
2.10263,0.005373094062153162,0.0001495510771300768
2.10528,0.004907488693118761,0.0001347312242244774
2.10792,0.005702704911209769,0.0001570632401394748
2.11057,0.004285144769700335,0.00012136590363225
2.11321,0.005191683337957823,0.0001479438138072397
2.11585,0.003903444922308546,0.0001157347022837123
2.1185,0.004362807852386239,0.0001265776718448425
2.12114,0.004847765468923418,0.0001429376574850366
2.12378,0.005091460946170922,0.0001468823358312074
2.12643,0.004877833102108768,0.0001432460311549178
2.12907,0.005716096281908989,0.000168033565629245
2.13172,0.004832325332963376,0.0001439443867486326
2.13436,0.004404220380133183,0.0001335991590752396
2.137,0.005269609669811322,0.0001566433314429803
2.13965,0.004249235294117649,0.0001299327221113615
2.14229,0.004497525041620425,0.0001366311327764001
2.14493,0.00733772488901221,0.000214262796235408
2.14758,0.005438134919533851,0.0001652052818557852
2.15022,0.006015593715316316,0.0001787770320806072
2.15287,0.004411364733629301,0.0001369053426262993
2.15551,0.003719065205327414,0.000116328053100086
2.15815,0.00359504279966704,0.0001134588650304592
2.1608,0.004660176401220864,0.00014429978235415
2.16344,0.004496304938956715,0.0001387561045834538
2.16608,0.005863234253607102,0.0001768483840506301
2.16873,0.003570123404550502,0.0001106796766743213
2.17137,0.004795703940066592,0.0001435470677872195
2.17402,0.004753840455049943,0.0001412817080121221
2.17666,0.004919822488901222,0.0001462626029942498
2.1793,0.005666827483351832,0.0001650110856036658
2.18195,0.005042885751942288,0.000147820510866829
2.18459,0.006290505965593785,0.0001801348471746571
2.18723,0.004822374514428411,0.0001417473633287459
2.18988,0.004844031908990012,0.0001417001030174446
2.19252,0.004783562430632633,0.0001396028901387807
2.19516,0.005198630826859048,0.0001501424305974098
2.19781,0.005416173071587127,0.000156893304121281
2.20045,0.004741538706992233,0.0001378232822268634
2.2031,0.004930338720865704,0.0001433738884253586
2.20574,0.004736243965038843,0.0001376369726006431
2.20838,0.005494367230854606,0.00015787928560861
2.21103,0.004085471420643729,0.0001205233781693596
2.21367,0.004309549112097672,0.0001269190090385932
2.21631,0.00578362999445061,0.0001657195759480516
2.21896,0.004503398931742508,0.0001308495248568337
2.2216,0.003608017549944509,0.0001062102490799855
2.22425,0.004083988068812433,0.0001199730333742542
2.22689,0.003114299458934515,9.311059813912494e-05
2.22953,0.004059597461154273,0.0001183861629392758
2.23218,0.005086340177580469,0.0001477934772587457
2.23482,0.004918755757491677,0.0001418604815552887
2.23746,0.004261447766370699,0.0001259935423587869
2.24011,0.005187562916204218,0.000149179499957159
2.24275,0.005212722669256382,0.000151308820228483
2.2454,0.003797128884572698,0.0001122565002403305
2.24804,0.003186237444506105,9.580393314956411e-05
2.25068,0.006467262902330744,0.000183201898364805
2.25333,0.005158282741398449,0.0001485547138305394
2.25597,0.003651776428967816,0.0001087797101470091
2.25861,0.00461891266648169,0.000134928529098936
2.26126,0.004327047169811319,0.0001274039426935774
2.2639,0.004293355854605994,0.0001258896342409773
2.26655,0.002798434794672587,8.472801323196565e-05
2.26919,0.003983928204772474,0.0001193156768456069
2.27183,0.004278204148168701,0.0001252815805213231
2.27448,0.004465008046614875,0.0001306652805077258
2.27712,0.00369460821309656,0.0001094143064114866
2.27976,0.004707984739178689,0.0001393798160819956
2.28241,0.004267740566037736,0.0001263306576270401
2.28505,0.00381793701442841,0.000113061415337331
2.28769,0.00239589248057714,7.296417532270662e-05
2.29034,0.003098834142619315,9.222117693375809e-05
2.29298,0.004235699708657044,0.0001251356078085324
2.29563,0.004481519492230853,0.0001307093245798352
2.29827,0.004625974611542732,0.000135064607138888
2.30091,0.004483984877913429,0.0001334901087586312
2.30356,0.003738261792452831,0.000109942758933157
2.3062,0.004444135821309658,0.0001311160940430408
2.30884,0.003287011514983351,9.823581505338215e-05
2.31149,0.004751565066592675,0.0001399403126134284
2.31413,0.003491411903440624,0.0001045063770792875
2.31678,0.004110056603773585,0.0001219126925756426
2.31942,0.003296282463928969,9.941636922166584e-05
2.32206,0.001698476761931185,5.206553962566294e-05
2.32471,0.004026098432297447,0.000119790242925141
2.32735,0.0034561708518313,0.0001039822517448485
2.32999,0.004366131659267481,0.0001285059277666055
2.33264,0.005614363068812431,0.0001643331864310237
2.33528,0.003727205327413985,0.0001095693871679426
2.33793,0.004879396573251944,0.0001431848854250409
2.34057,0.003620477247502776,0.0001077538244715607
2.34321,0.003400114802996668,0.0001019536844061389
2.34586,0.004057516648168699,0.0001216742989691912
2.3485,0.004069124791897888,0.0001204067116678713
2.35114,0.004899460738068813,0.0001428879267510549
2.35379,0.003546021226415091,0.0001054804667099878
2.35643,0.003076558684794676,9.23645283117533e-05
2.35908,0.005195728218645952,0.0001519567536283226
2.36172,0.003754578662597112,0.0001118831950015311
2.36436,0.004237015954495008,0.0001250638507506178
2.36701,0.002272115011098778,6.917201998201205e-05
2.36965,0.003543654273029965,0.0001056590325265664
2.37229,0.003126814095449504,9.435075514504066e-05
2.37494,0.002767261514983352,8.397500279242e-05
2.37758,0.003565959489456159,0.0001080146385513975
2.38022,0.002907886931187566,8.713912493942632e-05
2.38287,0.003706145394006662,0.0001118086781120451
2.38551,0.003215103288013316,9.56305164081969e-05
2.38816,0.003609892341842399,0.0001082763803078822
2.3908,0.004569524833518314,0.0001347440252538587
2.39344,0.004478832061598224,0.0001319465079986157
2.39609,0.003793274001109877,0.0001134099227349576
2.39873,0.004295915094339625,0.0001261044959208445
2.40137,0.003913391162597113,0.0001165047652408403
2.40402,0.00316166370699223,9.398714654310963e-05
2.40666,0.003743400874028859,0.0001115248419534117
2.40931,0.005189854328523863,0.0001510455545026129
2.41195,0.004704077205882351,0.0001368999259440691
2.41459,0.004392722114317424,0.000129926010982046
2.41724,0.003834279064927858,0.000113347872957635
2.41988,0.004054201997780244,0.0001202872892685448
2.42252,0.004766996046059933,0.0001399757911520632
2.42517,0.004298229397891234,0.000125848744416271
2.42781,0.002952561459489457,8.982165664522939e-05
2.43046,0.004647208518312986,0.0001357365391036098
2.4331,0.004528080258046617,0.0001331637884491442
2.43574,0.003018492785793567,9.118172361857053e-05
2.43839,0.003748459836293008,0.0001122748935617987
2.44103,0.003576150665926746,0.0001070040388353202
2.44367,0.004510476900665928,0.0001322904528408697
2.44632,0.003815444159267478,0.0001137974741722714
2.44896,0.003297527746947837,9.889057849766733e-05
2.45161,0.001279821309655942,3.995570158840504e-05
2.45425,0.00376851713374029,0.0001129434083770908
2.45689,0.004070992716426192,0.0001197604700245333
2.45954,0.002062916620421755,6.392678838958044e-05
2.46218,0.003614010474472807,0.0001083044172807415
2.46482,0.003583407186459487,0.0001064321097731114
2.46747,0.002708742369589348,8.210889979998511e-05
2.47011,0.002854227594339622,8.725447037085377e-05
2.47275,0.003984074708657048,0.000119474009635974
2.4754,0.003797284544950055,0.0001124672153879766
2.47804,0.004015998820754717,0.0001193318222388325
2.48069,0.003722876595449502,0.0001113784253773712
2.48333,0.004769793354605993,0.0001409158410781033
2.48597,0.003474547932852388,0.000104897327145235
2.48862,0.002848756589900108,8.629645776452663e-05
2.49126,0.003094793840177581,9.445244498280493e-05
2.4939,0.001380087194783572,4.298797538656774e-05
2.49655,0.003873251387347391,0.0001160404003410965
2.49919,0.003386448737513873,0.0001017369824584657
2.50184,0.003415710599334076,0.0001026291482305028
2.50448,0.002868617022752497,8.751442918124075e-05
2.50712,0.003050693881798004,9.306170005544407e-05
2.50977,0.003455605438401778,0.0001037574354054207
2.51241,0.002899568257491677,8.787000973377627e-05
2.51505,0.003851919048279689,0.0001154989048222585
2.5177,0.002358463027192012,7.301180579956581e-05
2.52034,0.00253570754716981,7.740258449682578e-05
2.52299,0.003903490704772476,0.0001170850715172237
2.52563,0.003597476137624861,0.00010819355900304
2.52827,0.004062969339622642,0.0001213462622306884
2.53092,0.002362663568257492,7.264824118545831e-05
2.53356,0.004778031908990015,0.000139714123907788
2.5362,0.002213305147058826,6.867864388980304e-05
2.53885,0.002370954772475027,7.297136240307797e-05
2.54149,0.004548359600443951,0.0001345323390890924
2.54414,0.004233568534961154,0.0001262546637686912
2.54678,0.003626742577691453,0.0001092946952493966
2.54942,0.003589732033851276,0.000108105265997903
2.55207,0.004679070824084351,0.000138044464912686
2.55471,0.002727712333518313,8.340883495210107e-05
2.55735,0.003691515607658157,0.0001112896534500606
2.56,0.003170788152053275,9.690407390236428e-05
2.56264,0.00357333962264151,0.0001088147530255732
2.56529,0.004462370976692562,0.0001313336295680706
2.56793,0.003918239525527192,0.0001176568118566433
2.57057,0.00288489726692564,8.782449286704845e-05
2.57322,0.00311111986681465,9.493006905819132e-05
2.57586,0.002524960113762486,7.744981396714963e-05
2.5785,0.002752352455604885,8.417705544949121e-05
2.58115,0.00386569956992231,0.0001171206374618098
2.58379,0.002335301678690345,7.229781228019892e-05
2.58643,0.003039637416759155,9.273476184793379e-05
2.58908,0.003158985432852385,9.605719351914199e-05
2.59172,0.00242856971420644,7.495858034905696e-05
2.59437,0.002643179592119866,8.165675117196693e-05
2.59701,0.002890968021642617,8.813416144957844e-05
2.59965,0.003543306326304108,0.0001068770250729505
2.6023,0.003665149486681465,0.0001105936576583284
2.60494,0.003758591495560488,0.0001137509167718911
2.60758,0.003198793285238626,9.866309726490662e-05
2.61023,0.002874033088235294,8.827658293687128e-05
2.61287,0.002883576442841287,8.868403327560405e-05
2.61552,0.001937543632075473,6.085315228849644e-05
2.61816,0.002222255618756938,6.901729760394311e-05
2.6208,0.004273465663152054,0.0001273533375176246
2.62345,0.004033478565482798,0.0001213595067924897
2.62609,0.002558072280799116,7.931247301528147e-05
2.62873,0.00410911119589345,0.0001235472468743524
2.63138,0.003154498751387349,9.638899004314091e-05
2.63402,0.003415360363485019,0.0001039192131559683
2.63667,0.003054118410099889,9.368879756127645e-05
2.63931,0.003570686528856826,0.0001092362670119581
2.64195,0.003064309586570476,9.394880654820334e-05
2.6446,0.002474375069367369,7.611620965000583e-05
2.64724,0.003469234877913431,0.0001050565941185533
2.64988,0.002465477247502777,7.692489686599501e-05
2.65253,0.00227937153163152,7.140256600592581e-05
2.65517,0.003835652538845727,0.0001159141378641774
2.65782,0.002879080604883462,8.855796865178248e-05
2.66046,0.004221580396781356,0.0001268298104449638
2.6631,0.002852490149833518,8.772486152654585e-05
2.66575,0.004417611750832407,0.000131203140026463
2.66839,0.003679206992230853,0.0001123642986103341
2.67103,0.001978921822974472,6.343486525051141e-05
2.67368,0.00279304162042175,8.944947441176754e-05
2.67632,0.003242785654827969,0.0001045510259883489
2.67896,0.003168107588790233,0.0001016344053400664
2.68161,0.003962206714761377,0.0001281693677953164
2.68425,0.002365863762486125,7.968006077009479e-05
2.6869,0.00347477226692564,0.0001141575946061885
2.68954,0.004412804592119865,0.0001431239757075449
2.69218,0.00230501657880133,7.798232887426037e-05
2.69483,0.002447386306881245,8.401467425968266e-05
2.69747,0.00436006777192009,0.0001443182102589603
2.70011,0.003155860779689234,0.0001054736346338033
2.70276,0.004162814026082131,0.000140509053246944
2.7054,0.00299509107935627,0.0001023769447058821
2.70805,0.002824555979467259,9.810920023094255e-05
2.71069,0.002886843021642622,9.922291122225278e-05
2.71333,0.003546064719755829,0.0001221262449464502
2.71598,0.003769858559933408,0.0001307003194919277
2.71862,0.003907778232519423,0.0001357420171755063
2.72126,0.002575336847946728,9.192915327376958e-05
2.72391,0.002824560557713649,9.993149525603875e-05
2.72655,0.00188761098779134,6.699308221178542e-05
2.7292,0.002777997502774696,9.559298989166129e-05
2.73184,0.001727644769700331,5.988653993725481e-05
2.73448,0.00173958254716981,5.999918607921765e-05
2.73713,0.001642267341842399,5.576053837003953e-05
2.73977,0.005205147960599332,0.0001672470397081481
2.74241,0.003182753399001109,0.0001050138815113386
2.74506,0.003637684586570477,0.000117676009264571
2.7477,0.003101986265260821,0.0001020334891507765
2.75035,0.004212272821864595,0.0001339515781049589
2.75299,0.001993862930077691,6.68435824241078e-05
2.75563,0.002913016856270812,9.423681998517267e-05
2.75828,0.001413613693118757,4.718209201689374e-05
2.76092,0.003814755133185348,0.0001230321808231919
2.76356,0.002348388596004438,7.685049323616786e-05
2.76621,0.003878555285793563,0.000123229574669467
2.76885,0.003612284475582688,0.0001158941711785117
2.77149,0.002625791412319646,8.544194822443904e-05
2.77414,0.003713601068257489,0.0001184926991173481
2.77678,0.003574552857935628,0.0001134046265555797
2.77943,0.002124979328523862,6.93484619429565e-05
2.78207,0.002327044811320752,7.609066863623561e-05
2.78471,0.003886729744728081,0.0001238671940241456
2.78736,0.003570507977247505,0.0001138162005893918
2.79,0.00293267584628191,9.374979883494891e-05
2.79264,0.002221104189789119,7.256755905462354e-05
2.79529,0.001584281562153164,5.23252802396405e-05
2.79793,0.003662690968368482,0.0001157362828446086
2.80058,0.002543410446725858,8.147049426726368e-05
2.80322,0.003127933476692562,0.000100482227889485
2.80586,0.003440378190899003,0.0001098103872925756
2.80851,0.003070162874583796,9.780276562685466e-05
2.81115,0.003981334628190903,0.0001241770574887469
2.81379,0.002775559586570477,8.882802270273409e-05
2.81644,0.004135740566037734,0.0001298142416638019
2.81908,0.003330786417869037,0.0001055057969167258
2.82173,0.003846013110432852,0.0001205929940651669
2.82437,0.001905818673695894,6.174274992484781e-05
2.82701,0.003909121947835741,0.0001218416564208167
2.82966,0.003056833310210881,9.761727201956948e-05
2.8323,0.001799017341842396,5.818000404974961e-05
2.83494,0.002975729675360713,9.45020870300974e-05
2.83759,0.002762880133185348,8.738298312511316e-05
2.84023,0.003031465246947834,9.616782598538273e-05
2.84288,0.005004558962264152,0.0001541704331176067
2.84552,0.003878449986126527,0.000119523297530086
2.84816,0.003659220657602663,0.0001156685246535793
2.85081,0.002562954980577136,8.211083264172166e-05
2.85345,0.001983390191453942,6.414939319314371e-05
2.85609,0.002024278509988901,6.53421590117904e-05
2.85874,0.002850107172586017,9.055073753823335e-05
2.86138,0.004203372710876801,0.0001311344159625895
2.86402,0.002758251526082127,8.812233710352281e-05
2.86667,0.00372300020810211,0.0001166687145463785
2.86931,0.002556655313540509,8.177492818965612e-05
2.87196,0.002578337888457267,8.193071923650101e-05
2.8746,0.003178802372364041,0.0001014224338238112
2.87724,0.002331252219755828,7.514219708680375e-05
2.87989,0.003798090316315207,0.000119021432088301
2.88253,0.004031889913984464,0.0001256213917589629
2.88517,0.004284098640399557,0.0001337126930111462
2.88782,0.004510408226970033,0.0001400545498420611
2.89046,0.00357743257491676,0.0001112210096385598
2.89311,0.002749349125971141,8.827506426863585e-05
2.89575,0.003584679938956714,0.000112911400137785
2.89839,0.002323084628190897,7.412814633421427e-05
2.90104,0.003128402746947838,9.943637020740054e-05
2.90368,0.002900575471698115,9.143089541953839e-05
2.90632,0.002768261861820199,8.823645517883219e-05
2.90897,0.004548526706437292,0.0001410230440980682
2.91161,0.002624278301886793,8.391712986789347e-05
2.91426,0.004680975374583793,0.0001431338905133312
2.9169,0.002327656007214208,7.533871407755323e-05
2.91954,0.002786375693673696,8.90801095540994e-05
2.92219,0.00130766391509434,4.233739390113041e-05
2.92483,0.002371131034961152,7.609061788523354e-05
2.92747,0.003450837194783575,0.0001081071614863954
2.93012,0.002156372364039955,7.014338225555681e-05
2.93276,0.001309433407325193,4.289763215369483e-05
2.93541,0.002291345935072141,7.298494985845852e-05
2.93805,0.003108462194783573,9.790410355448811e-05
2.94069,0.001434442425083241,4.665714802679565e-05
2.94334,0.004043417938401778,0.0001265205576301155
2.94598,0.001607532186459493,5.170247741910732e-05
2.94862,0.003317076859045508,0.0001048916960425294
2.95127,0.002551271295782464,8.183675451362577e-05
2.95391,0.00346174028856826,0.0001084603605697396
2.95655,0.003538425915649277,0.000110552991460706
2.9592,0.003261036834073252,0.0001013567510172392
2.96184,0.001474804245283018,4.831843506113758e-05
2.96449,0.004349837680355163,0.0001356722352366313
2.96713,0.002916196448390676,9.242468092234209e-05
2.96977,0.002888317216981131,9.198281379852052e-05
2.97242,0.003527502219755828,0.0001104103765224171
2.97506,0.003741049944506106,0.0001179917626592946
2.9777,0.002336057089345174,7.490417323622589e-05
2.98035,0.002646942910654828,8.417412821819997e-05
2.98299,0.002050667522197559,6.656826089218168e-05
2.98564,0.002985263873473918,9.423346520902552e-05
2.98828,0.003610981964483906,0.0001132221880630666
2.99092,0.003210403718091008,0.0001006839855825328
2.99357,0.001055015677025526,3.480326635924734e-05
2.99621,0.002504582339067702,8.052134528377063e-05
2.99885,0.003147548973362932,9.943181068366327e-05
3.0015,0.00324944929245283,0.0001024122914489251
3.00414,0.004156704356270811,0.0001290413903684432
3.00679,0.00388269402053274,0.000120673192165872
3.00943,0.003305333657047726,0.0001044341380327304
3.01207,0.003203277677580466,0.0001002404378859032
3.01472,0.003454371600998886,0.000108907784564693
3.01736,0.003599458518312985,0.0001129867182923789
3.02,0.003955884156492788,0.000122853693321426
3.02265,0.003047326581576026,9.622765946958659e-05
3.02529,0.004327001387347389,0.0001329854970649249
3.02794,0.00254333261653718,8.137652273288145e-05
3.03058,0.002229841773029965,7.130283849169647e-05
3.03322,0.00363102323806881,0.0001137971888988524
3.03587,0.00323630743618202,0.0001018528037639672
3.03851,0.002108623543285238,6.714421983821322e-05
3.04115,0.002895374583795783,9.15783591324985e-05
3.0438,0.002860918701442843,9.030762815757159e-05
3.04644,0.005112559794672588,0.0001541143340783826
3.04908,0.003059481825749169,9.677219063996192e-05
3.05173,0.003837344200887906,0.0001188075939210027
3.05437,0.002422233421198667,7.727170988244388e-05
3.05702,0.002837235432852388,8.923346118270906e-05
3.05966,0.003740875971143174,0.0001145237586190216
3.0623,0.001959100305216426,6.296940651250602e-05
3.06495,0.002703811598224193,8.508396193403835e-05
3.06759,0.003252745629855713,0.0001014083733145567
3.07023,0.004298817702552721,0.0001317858166924697
3.07288,0.002294102039400665,7.313959668627154e-05
3.07552,0.001556940274694781,5.059920406737186e-05
3.07817,0.003721466495560489,0.000115843741832508
3.08081,0.003245598987236402,0.0001009694112513085
3.08345,0.002988079495005553,9.380191863238899e-05
3.0861,0.002984826650943395,9.341082679412473e-05
3.08874,0.003484262971698112,0.0001080924337777457
3.09138,0.002881513942841287,9.063795558473891e-05
3.09403,0.002053844825194227,6.565764321372296e-05
3.09667,0.003556301678690341,0.0001112289004925438
3.09932,0.00294651359600444,9.174431182668933e-05
3.10196,0.004149230369034408,0.0001271841650093075
3.1046,0.003137128884572695,9.783842966041156e-05
3.10725,0.00244706811875694,7.748688063519732e-05
3.10989,0.003307677719200887,0.0001034738087125663
3.11253,0.001728267411209767,5.544339487490794e-05
3.11518,0.00328622405660377,0.0001025372072287867
3.11782,0.004092462402885683,0.000125216991237042
3.12047,0.002912961917314094,9.119406391084438e-05
3.12311,0.002417179037180912,7.687381841465466e-05
3.12575,0.003763316245837957,0.0001156818465348249
3.1284,0.003178289608768037,9.955224370210643e-05
3.13104,0.003761720726970033,0.0001162966236384105
3.13368,0.003279331506659267,0.000103206549826844
3.13633,0.003407744450610433,0.0001056532422821784
3.13897,0.00280522662319645,8.793108856308535e-05
3.14161,0.003203030452275249,0.0001006741030422186
3.14426,0.002139545019422862,6.886935078722816e-05
3.1469,0.003591176470588234,0.0001114693137907659
3.14955,0.001638043909544949,5.282737989076257e-05
3.15219,0.003754878537735849,0.0001157434183915525
3.15483,0.001755040996115427,5.62652050301234e-05
3.15748,0.002583545643729191,8.167711467063702e-05
3.16012,0.002350249653163151,7.46939570585252e-05
3.16276,0.002732537805216426,8.649619176468236e-05
3.16541,0.002330920296892342,7.444942845335265e-05
3.16805,0.003952988415649278,0.000121633336875954
3.1707,0.00236332741398446,7.516407638659276e-05
3.17334,0.001757163013318534,5.617712170564798e-05
3.17598,0.004163693049389568,0.0001280598040778109
3.17863,0.002547771226415094,8.04393144830239e-05
3.18127,0.003392947558268594,0.000105389605110709
3.18391,0.002826419325749165,8.876409139537255e-05
3.18656,0.001964946725860155,6.259375388377736e-05
3.1892,0.00461479682297447,0.0001412470643916343
3.19185,0.002569980299667039,8.110704530072885e-05
3.19449,0.002153227108768036,6.856814142407933e-05
3.19713,0.003791644145394006,0.0001171654199773083
3.19978,0.003319977178135408,0.000102800273734201
3.20242,0.003099186667591565,9.655470885512453e-05
3.20506,0.001794922100443948,5.722120271989306e-05
3.20771,0.002813041689789123,8.78272313534763e-05
3.21035,0.003553490635405105,0.0001095151617899308
3.213,0.00184391849334073,5.872233285176463e-05
3.21564,0.00316218791620422,9.694680725945196e-05
3.21828,0.003719543632075473,0.0001139028325118272
3.22093,0.001502012763596004,4.808362896416561e-05
3.22357,0.003403635474472807,0.000105204388074425
3.22621,0.00292190552164262,9.059295585519518e-05
3.22886,0.002699233351831301,8.397770896611711e-05
3.2315,0.003095251664816872,9.855769851014922e-05
3.23414,0.003297294256381797,0.0001064382523409595
3.23679,0.004057841703662598,0.0001300063953701189
3.23943,0.002723990219200887,9.033555188451222e-05
3.24208,0.002426823113207549,8.226700136508191e-05
3.24472,0.004697484531076581,0.0001541842502148916
3.24736,0.003096973085460602,0.0001042852243553219
3.25001,0.003025856895116538,0.0001036508343266053
3.25265,0.003955950541065483,0.0001349548505321469
3.25529,0.002921974195338515,0.0001027782902208463
3.25794,0.003585865704772474,0.0001235269629876866
3.26058,0.004557017064372917,0.0001552074867689042
3.26323,0.002869541828523859,0.0001012218442496957
3.26587,0.003260057089345172,0.0001152924013876615
3.26851,0.004269560418978912,0.0001498435666653503
3.27116,0.001012421961709215,3.772769118485299e-05
3.2738,0.001804946170921198,6.643756387965965e-05
3.27644,0.002781877566592675,0.0001014075781322361
3.27909,0.001383241606548279,5.225114629314892e-05
3.28173,0.004383080327413985,0.0001550224422911482
3.28438,0.001516269422863487,5.793469028110919e-05
3.28702,0.002979655521642618,0.0001066336966896976
3.28966,0.002978124098224194,0.0001055181434282889
3.29231,0.00301752219755827,0.0001051775570415429
3.29495,0.003142032186459491,0.0001083333133479456
3.29759,0.002198295366259712,7.684735982005585e-05
3.30024,0.003021406839622643,0.0001032528672840877
3.30288,0.001625181326304108,5.70662898748717e-05
3.30553,0.003035542175360711,0.0001030823291629586
3.30817,0.003921387069922308,0.000130598550714554
3.31081,0.002376476137624861,8.17340398166894e-05
3.31346,0.002659432366814651,9.102507515494375e-05
3.3161,0.002940472599889015,9.921387415751326e-05
3.31874,0.003739120213651499,0.0001248551610855617
3.32139,0.00262840559100999,8.901043643890543e-05
3.32403,0.002179291065482798,7.482756503914661e-05
3.32667,0.002758894769700331,9.256592846855855e-05
3.32932,0.002958199569922308,9.903601954023208e-05
3.33196,0.003730375763041066,0.0001238635177196194
3.33461,0.002385204564372919,8.110539285467212e-05
3.33725,0.002421361265260821,8.195811453448608e-05
3.33989,0.002603195477247505,8.766157317347183e-05
3.34254,0.002709083448945618,8.993450962966335e-05
3.34518,0.003410919464483903,0.0001127163580194299
3.34782,0.00318502420921199,0.0001051808964623951
3.35047,0.003281636653718095,0.000107656690948559
3.35311,0.003599907186459488,0.0001174271760237638
3.35576,0.001743428274139844,5.924161375678456e-05
3.3584,0.002780787943951168,9.207909279172269e-05
3.36104,0.003572272891231964,0.0001162393470055309
3.36369,0.003322142688679244,0.0001095907853037812
3.36633,0.002956182852386238,9.736011806131764e-05
3.36897,0.00323364060765816,0.0001063687710683923
3.37162,0.001641697350166483,5.493699882099207e-05
3.37426,0.001497038498890121,5.09952036690098e-05
3.37691,0.00269303669533851,8.95160629668946e-05
3.37955,0.003344864525527193,0.0001088005923768589
3.38219,0.002737251109877916,9.000251303874619e-05
3.38484,0.002947145394006655,9.659925548093765e-05
3.38748,0.002701545366259714,8.921180103867408e-05
3.39012,0.001439084766925639,4.910341746297333e-05
3.39277,0.00338045581298557,0.000109977111246502
3.39541,0.001516905799112096,5.105280471277297e-05
3.39806,0.001799379023307437,6.074306647431547e-05
3.4007,0.00131579030244173,4.478353499830437e-05
3.40334,0.004195424875138738,0.0001348891029373882
3.40599,0.002841081159822418,9.357532366526607e-05
3.40863,0.002825826442841285,9.2351954159995e-05
3.41127,0.002227854814095451,7.411034710283033e-05
3.41392,0.00284868562708102,9.349942654555138e-05
3.41656,0.003166615080466149,0.0001033796651123297
3.41921,0.001667742993895675,5.612935724196703e-05
3.42185,0.002626984045504997,8.631649893101692e-05
3.42449,0.002805949986126525,9.258782671485162e-05
3.42714,0.002988754786348501,9.704589174485308e-05
3.42978,0.002497259433962262,8.253453152346983e-05
3.43242,0.002965762832963374,9.733950494915302e-05
3.43507,0.003116073529411766,0.0001018934147609437
3.43771,0.001980814927857933,6.617268219041415e-05
3.44035,0.002389563054938958,7.87133326040912e-05
3.443,0.002346763318534962,7.772583035551637e-05
3.44564,0.004079556326304109,0.000130716659656293
3.44829,0.002992316662042176,9.675529774855776e-05
3.45093,0.002666043354605992,8.726297982628108e-05
3.45357,0.002429618132630411,7.978336164580456e-05
3.45622,0.002783193812430634,9.085794560581566e-05
3.45886,0.002149816315205328,7.144844810890336e-05
3.4615,0.002712043285238625,8.781728582163753e-05
3.46415,0.003127102524972252,0.0001009481909502858
3.46679,0.004072833171476136,0.0001292738626558572
3.46944,0.002891567771920088,9.408971740603513e-05
3.47208,0.002939852247502776,9.538443912255651e-05
3.47472,0.002232343784683684,7.345175835300363e-05
3.47737,0.003646877705327414,0.0001160565505354048
3.48001,0.002104173487791343,6.871754397443826e-05
3.48265,0.003002665788013321,9.626517572801146e-05
3.4853,0.003072268867924528,9.861193041486751e-05
3.48794,0.003916236542730299,0.0001245444949397947
3.49059,0.002604655937846838,8.490153698108843e-05
3.49323,0.001986388942841288,6.465102338210918e-05
3.49587,0.003385063817980023,0.0001068849438477218
3.49852,0.001908474056603774,6.292334131258096e-05
3.50116,0.001782238068812433,5.894382759017087e-05
3.5038,0.0007163765260821318,2.414845342814839e-05
3.50645,0.002995425291342949,9.618838624404138e-05
3.50909,0.003324981201442839,0.0001061577271122776
3.51174,0.003154159961154276,0.0001007823631467588
3.51438,0.002295690690899002,7.527419425367861e-05
3.51702,0.00231067529134295,7.494458360883596e-05
3.51967,0.003034109184239733,9.781998517495719e-05
3.52231,0.002534656839622643,8.209968373949384e-05
3.52495,0.001902261376248613,6.292621875290517e-05
3.5276,0.002573443743063263,8.295102440822585e-05
3.53024,0.002743628607103217,8.818702756528564e-05
3.53288,0.003947716564927858,0.0001243366165992639
3.53553,0.001856861195893451,6.125714943697027e-05
3.53817,0.003256238831853497,0.0001044436740564562
3.54082,0.004078803204772474,0.0001278162958561902
3.54346,0.004133089761376248,0.0001298081083133039
3.5461,0.003300558546059936,0.0001063183686739996
3.54875,0.002560707061598224,8.298219807084293e-05
3.55139,0.002031235155382905,6.635526801603882e-05
3.55403,0.002473141231964482,8.041587985208258e-05
3.55668,0.001960556187569368,6.389915348754041e-05
3.55932,0.004621471906215316,0.0001441812459454812
3.56197,0.003249799528301887,0.0001035661924517288
3.56461,0.002647281700887905,8.523422498947073e-05
3.56725,0.002915578385127639,9.397397374571982e-05
3.5699,0.00357189289678135,0.0001138457427533629
3.57254,0.001759891648168703,5.741968301349218e-05
3.57518,0.002710376803551609,8.71333737933902e-05
3.57783,0.002546299320199777,8.261356335356156e-05
3.58047,0.001262488068812434,4.204132992562957e-05
3.58312,0.003835448806881244,0.0001211580808356209
3.58576,0.002209084003884572,7.175026665610461e-05
3.5884,0.002222921753607103,7.246394808009742e-05
3.59105,0.002728039678135405,8.793672647492082e-05
3.59369,0.002887875416204218,9.283498915471383e-05
3.59633,0.001816304800221973,5.935143406180941e-05
3.59898,0.002703342327968922,8.686854488228921e-05
3.60162,0.002566345172031075,8.342844659331581e-05
3.60427,0.002605926401220867,8.462863426637483e-05
3.60691,0.002589968923418426,8.347297204287581e-05
3.60955,0.002336691176470586,7.587174031836669e-05
3.6122,0.001959283435072142,6.430677120863179e-05
3.61484,0.002177615427302998,7.151229980254672e-05
3.61748,0.003292423002219758,0.0001044898277106537
3.62013,0.001505638734739181,4.963201343014501e-05
3.62277,0.003827274347946726,0.0001208412565171601
3.62541,0.003846818881798004,0.0001209415573737342
3.62806,0.002872815274694781,9.286534782103151e-05
3.6307,0.00429791578801332,0.0001344941503526696
3.63335,0.003693282810765813,0.0001174667070440059
3.63599,0.005042675152608214,0.0001557803589290622
3.63863,0.002654130757491675,8.567635642943834e-05
3.64128,0.002046167105993341,6.691892632094134e-05
3.64392,0.002604987860710323,8.420518165991804e-05
3.64656,0.003451494173140956,0.0001095185629876431
3.64921,0.002974498127081018,9.599979708102908e-05
3.65185,0.003577970518867927,0.0001135812098167261
3.6545,0.003285363346281909,0.0001044915786180627
3.65714,0.002945563609877916,9.442463340264685e-05
3.65978,0.002701863554384014,8.7257395194001e-05
3.66243,0.002175477386237512,7.091922127785638e-05
3.66507,0.00262580743618202,8.478111154266237e-05
3.66771,0.002840176956159824,9.129943620866302e-05
3.67036,0.003888263457269702,0.0001220731004739946
3.673,0.002221557436182021,7.217656213108308e-05
3.67565,0.003076428204772473,9.782050962886406e-05
3.67829,0.003468628260266369,0.0001095426315295852
3.68093,0.002852737375138735,9.194570589289938e-05
3.68358,0.00276299687846837,8.794205605379028e-05
3.68622,0.003819154827968923,0.0001204888596690507
3.68886,0.002771535307991121,8.818083742221186e-05
3.69151,0.00242999354883463,7.833013226537349e-05
3.69415,0.002289429938956715,7.35799831919198e-05
3.6968,0.004105679800221975,0.0001267263796933216
3.69944,0.001842803690344062,6.024498971451296e-05
3.70208,0.001779275943396225,5.756167695745889e-05
3.70473,0.001554999098224193,5.080575413359389e-05
3.70737,0.003659852455604882,0.0001135458624613421
3.71001,0.002881104189789123,9.076968661853054e-05
3.71266,0.002348315344062153,7.507495507724958e-05
3.7153,0.002088559378468368,6.777652087339874e-05
3.71794,0.002595698598779133,8.285562793054387e-05
3.72059,0.00263880049944506,8.423260015979383e-05
3.72323,0.003259610710321865,0.0001023319190253618
3.72588,0.003222565829633743,0.0001017833343363312
3.72852,0.003238031145948943,0.0001017465885723101
3.73116,0.002622758324084354,8.307683233432232e-05
3.73381,0.00293927081021088,9.334688381707344e-05
3.73645,0.003216968923418423,0.0001006752764137709
3.73909,0.002793922932852383,8.919888696591007e-05
3.74174,0.00300816426193119,9.440387150810652e-05
3.74438,0.003902350721420642,0.0001211310662929559
3.74703,0.00295206929800222,9.403294552314129e-05
3.74967,0.00319492237791343,0.0001011440766164381
3.75231,0.002172194783573807,6.903196606272221e-05
3.75496,0.00368269103773585,0.0001147900686587352
3.7576,0.001398867161487238,4.544602243362559e-05
3.76024,0.002962365774139844,9.39511626232675e-05
3.76289,0.003040516440066591,9.572374044181884e-05
3.76553,0.003233251456714759,0.0001018007339664619
3.76818,0.002747824569922313,8.731213024481951e-05
3.77082,0.003829222391786906,0.0001184203311298528
3.77346,0.002608279619866817,8.313512068115929e-05
3.77611,0.002866806326304103,9.078614424896062e-05
3.77875,0.003714688401775803,0.0001155953705318733
3.78139,0.003324610363485014,0.0001045677338946429
3.78404,0.001831873127081022,5.926731799672022e-05
3.78668,0.002237769006659269,7.159868978054184e-05
3.78933,0.002887493132630408,9.120821801860473e-05
3.79197,0.003087647197558266,0.0001006482878134752
3.79461,0.003045538776359601,0.0001009196643577987
3.79726,0.002437211154273028,8.21590179530458e-05
3.7999,0.002869578454495006,9.786395205658894e-05
3.80254,0.002932916204217535,0.0001005942457407404
3.80519,0.003774809933407326,0.0001288442317780583
3.80783,0.002246472253052165,7.942881153706403e-05
3.81047,0.002420283088235295,8.629283477645886e-05
3.81312,0.002395086709211985,8.724071654955026e-05
3.81576,0.002905144561598225,0.000104158813403134
3.81841,0.003911841426193118,0.0001374115463610487
3.82105,0.003763458171476141,0.0001353364280876802
3.82369,0.003466275041620424,0.0001250033091712991
3.82634,0.00148846115427303,5.614798838919826e-05
3.82898,0.001082654550499445,4.147214015922605e-05
3.83162,0.004248937708102109,0.0001538605244547405
3.83427,0.002245929730854605,8.521244417353645e-05
3.83691,0.001556230646503888,6.061694950816892e-05
3.83956,0.002749152261376248,0.0001046019782347567
3.8422,0.002075216079356272,8.042053080565937e-05
3.84484,0.0007471675221975611,2.992048837569151e-05
3.84749,0.0009205274001109905,3.583467603446687e-05
3.85013,0.002080403232519423,7.71260872266146e-05
3.85277,0.001742203593229744,6.38588439217932e-05
3.85542,0.002105725513318539,7.695535274608755e-05
3.85806,0.003043265677025527,0.0001079920861296389
3.86071,0.004462398446170922,0.000153070004446377
3.86335,0.002766073460044398,9.725985453154951e-05
3.86599,0.002656131451165375,9.300527291506085e-05
3.86864,0.00228882103218646,8.042491140885799e-05
3.87128,0.001749299875138735,6.252721449512889e-05
3.87392,0.002457085321864595,8.591716252178002e-05
3.87657,0.001912409059378466,6.765616707407017e-05
3.87921,0.002361074916759159,8.273601406805926e-05
3.88186,0.003014045019422865,0.0001039849247937829
3.8845,0.002849154897336292,9.868743199296141e-05
3.88714,0.003255813054938958,0.000110713184214558
3.88979,0.004654989248057713,0.0001555557623034353
3.89243,0.00204926657880133,7.171175407194596e-05
3.89507,0.001094361126526082,3.851179630152012e-05
3.89772,0.002551046961709213,8.701314024582468e-05
3.90036,0.002434013249167592,8.288923941387024e-05
3.903,0.003276614317425083,0.0001095484593162166
3.90565,0.004997503884572697,0.000161789895503706
3.90829,0.002219591079356271,7.547239735171682e-05
3.91094,0.003252773099334071,0.0001088623130484977
3.91358,0.002709399347946725,9.103445846507166e-05
3.91622,0.003264736057158712,0.0001078513731878952
3.91887,0.001511386723085463,5.227281902868506e-05
3.92151,0.002561796684239734,8.570673985834514e-05
3.92415,0.001407671129300774,4.819763524464648e-05
3.9268,0.003055192008879021,0.0001015923864060933
3.92944,0.002274065344062154,7.605511957837758e-05
3.93209,0.003595221351276357,0.0001174741005873992
3.93473,0.002585028995560488,8.537880920927893e-05
3.93737,0.002692418632075472,8.898432107651325e-05
3.94002,0.001455387902330743,4.944211602089166e-05
3.94266,0.001604041273584906,5.43883729630951e-05
3.9453,0.001844934864039956,6.215829702531158e-05
3.94795,0.003282064719755826,0.0001072185891631358
3.95059,0.002968063401775803,9.800712070488127e-05
3.95324,0.002516211084905659,8.402031157071409e-05
3.95588,0.003246738970588232,0.0001065045498797776
3.95852,0.002634352733074362,8.758455744448656e-05
3.96117,0.003550984045504995,0.0001161697078516909
3.96381,0.004347830119311873,0.0001392348953243404
3.96645,0.002948186945061044,9.68273492981176e-05
3.9691,0.002564973987236402,8.501669470669016e-05
3.97174,0.00394080112375139,0.0001279837254965957
3.97439,0.002738887832963373,9.113162889315595e-05
3.97703,0.002037626387347392,6.763825703994558e-05
3.97967,0.003006033088235291,9.861189529774879e-05
3.98232,0.001657121462264151,5.572815554473353e-05
3.98496,0.002019130271920089,6.761815029064854e-05
3.9876,0.002478390191453941,8.207309143327341e-05
3.99025,0.002470781145948946,8.189597311485988e-05
3.99289,0.00355820394006659,0.0001163900800348853
