0.0431807,68.68873337264152,0.4838270755209642
0.0458244,59.5185459073252,0.4337223290853842
0.0484682,51.78423866537182,0.3978921621537087
0.0511119,45.53118733351832,0.3879416757773151
0.0537556,40.32722582547169,0.3430826268649459
0.0563993,35.63754537319645,0.3328595625874548
0.059043,31.92113999167592,0.2945282720440439
0.0616867,28.4192326186182,0.2869034439718308
0.0643304,25.63846413221421,0.2665676800089485
0.0669742,23.27915740288568,0.2428758894651014
0.0696179,21.06886586362375,0.2357863760886744
0.0722616,19.01165144908435,0.2096967217737792
0.07490529999999999,17.299688684101,0.1992991284017441
0.07754900000000001,15.68690877427858,0.1870928392556799
0.08019270000000001,14.55476857658157,0.1741156383854798
0.08283649999999999,13.17796279411765,0.1667278353808221
0.08548020000000001,12.14092209073252,0.1527730597180503
0.08812390000000001,11.20527402469478,0.1533031767280602
0.0907676,10.38820052580466,0.1460385138713138
0.0934113,9.488443050083241,0.1364956174558559
0.096055,8.786989478357382,0.1331103926773035
0.0986987,8.093039904273031,0.1222786400093447
0.101342,7.571531720310767,0.1186651027492606
0.103986,7.065445588235296,0.1086357342016857
0.10663,6.531093523168702,0.1047760908020654
0.109274,6.101013148584906,0.1007197574885272
0.111917,5.669859655937847,0.09308685846133886
0.114561,5.326517272475028,0.08822803973027496
0.117205,4.936537185765816,0.08304740496287882
0.119848,4.671563530105439,0.07933004670061299
0.122492,4.357226283296337,0.07338354470980524
0.125136,4.022997265538291,0.06967454096538796
0.12778,3.801255830327414,0.06610328892316492
0.130423,3.579260279550499,0.06324904858945042
0.133067,3.368283285932297,0.06042162830352754
0.135711,3.1774953059101,0.05562781696526631
0.138354,2.954856442841288,0.05305746885595308
0.140998,2.807374278579356,0.05042593562323262
0.143642,2.656655454356271,0.04800935702231247
0.146286,2.497237618618202,0.0447084596995526
0.148929,2.337899925083241,0.04195467667589602
0.151573,2.205489233490566,0.0408382342242276
0.154217,2.097175271920089,0.03820774327480357
0.15686,1.960479341703663,0.03625541041662345
0.159504,1.868083027192009,0.03437478437882367
0.162148,1.783244596281909,0.03298458612571631
0.164792,1.673728249861266,0.03171238874859563
0.167435,1.586531953385127,0.02951933264035121
0.170079,1.516902365427303,0.02851304774787675
0.172723,1.439564887624861,0.02700216741176898
0.175366,1.354380272613762,0.02577821259192251
0.17801,1.295563289400666,0.02456761551455465
0.180654,1.221945591009989,0.02317870259041896
0.183298,1.175666227108768,0.02258441739424418
0.185941,1.113219175221976,0.02130411020744865
0.188585,1.065987810765816,0.02049440696754233
0.191229,1.004593183268591,0.01951324893765786
0.193872,0.9585088297724751,0.0185677430537931
0.196516,0.9270208185349611,0.01811729235670134
0.19916,0.8875022655382908,0.01735754559710176
0.201804,0.8417392820477249,0.0168907650164945
0.204447,0.8148245955882352,0.0161041826518058
0.207091,0.7695266703662597,0.01518608846365399
0.209735,0.7606756381798002,0.01501683772059996
0.212378,0.7140233990011099,0.01424794271538074
0.215022,0.6919240663152055,0.01379386982469206
0.217666,0.6495505188679246,0.01317565336325164
0.22031,0.6263212749722531,0.01288716130877967
0.222953,0.5870144200887903,0.01200335285241536
0.225597,0.5688985280244174,0.01156057777647949
0.228241,0.5431476089067703,0.01124746044439907
0.230885,0.5221527094894561,0.01084367571411265
0.233528,0.5121254800221975,0.01071935110625883
0.236172,0.4943999063540511,0.01035198657108189
0.238816,0.4660975991953386,0.009835578032581978
0.241459,0.471597057436182,0.009838084536191781
0.244103,0.4306008754162042,0.009036853486649571
0.246747,0.4247861362375139,0.009018222673105833
0.249391,0.4093537832963374,0.008775895197025809
0.252034,0.3943949583795782,0.008544065915050771
0.254678,0.3836406118201998,0.008230081662642962
0.257322,0.3705596004439513,0.008004001894864303
0.259965,0.3578770796337403,0.007758232098515627
0.262609,0.3423527268312986,0.007487779007685159
0.265253,0.3293834933407325,0.007339990395817443
0.267897,0.3181787160099889,0.007029478427330421
0.27054,0.3141715371809101,0.006942016855242223
0.273184,0.3054148855438402,0.006710008530680271
0.275828,0.2898840774139845,0.006446117103762361
0.278471,0.2873060897613763,0.006471835704609548
0.281115,0.267483702136515,0.00611833526587683
0.283759,0.2778279064927858,0.00628376069742803
0.286403,0.2559739220310766,0.005778704268945686
0.289046,0.2546009288290788,0.005813359328674104
0.29169,0.2480170900388458,0.005657771529642053
0.294334,0.2408859218923418,0.005573785683827438
0.296977,0.2352072710876804,0.005460505121184505
0.299621,0.2295430417591565,0.005291935680825076
0.302265,0.2158914893174251,0.005069037213941126
0.304909,0.2181993833240844,0.005071121981983178
0.307552,0.2114654925083241,0.004993820808737127
0.310196,0.2016378974750278,0.004780833328025365
0.31284,0.2014903634850167,0.004745823131348391
0.315483,0.1963531360987791,0.004661895915794369
0.318127,0.1946960558407325,0.004595982723911903
0.320771,0.1871811825749167,0.004452410199686141
0.323415,0.1804306132075472,0.004344853758175869
0.326058,0.171275173418424,0.004152960817727354
0.328702,0.1717544013596005,0.004215685226656561
0.331346,0.1708319327830189,0.004133548585308635
0.333989,0.1664488730577137,0.004034576466974707
0.336633,0.1578386841009989,0.003847310334998902
0.339277,0.1483465142896781,0.003678333347167197
0.341921,0.1503133518312986,0.003756730491669018
0.344564,0.1491921690482797,0.003694628085811515
0.347208,0.1490282151775805,0.003696563805717389
0.349852,0.1428677039400666,0.00355420876473404
0.352495,0.1387613168007769,0.003487242151959043
0.355139,0.142374375,0.003534392736618125
0.357783,0.1303811114733629,0.003330623947558561
0.360427,0.1337073951859046,0.003374228363110344
0.36307,0.1286689594894562,0.003249544668964651
0.365714,0.1284055844200888,0.003256838635276981
0.368358,0.1223316798695894,0.00310512194535831
0.371001,0.1189468518312986,0.003067362497165423
0.373645,0.1151628121531631,0.003001036813503936
0.376289,0.1177102354328524,0.003012602495416338
0.378933,0.1119930792869034,0.002927378246166642
0.381576,0.1148632803829079,0.002918062318620829
0.38422,0.1158341936736959,0.002964445373904242
0.386864,0.1075704314650388,0.002793442044771957
0.389507,0.11200584572697,0.002886794087582192
0.392151,0.103604910099889,0.002750931764290818
0.394795,0.107121076581576,0.002759686426943252
0.397439,0.1080196787597114,0.002783639065611716
0.400082,0.09691149556048834,0.002561797655340832
0.402726,0.09850516023862375,0.002602422140135409
0.40537,0.09831760779689235,0.002592873949028071
0.408013,0.09323740704772476,0.002464021134888626
0.410657,0.09076883948390677,0.002449516207346233
0.413301,0.09794967473640401,0.002549304361461246
0.415945,0.0951180430771365,0.002514243802115373
0.418588,0.09193581388734741,0.002457617646342927
0.421232,0.09259310814372919,0.0024557714726876
0.423876,0.08335834794672585,0.002322276010731742
0.426519,0.09081571614872365,0.002469333430323547
0.429163,0.08081533809655939,0.002348466861517012
0.431807,0.08993366890954495,0.002569313215005365
0.434451,0.0845243426054384,0.002503473362499293
0.437094,0.08625538214483906,0.002598680002212667
0.439738,0.07991712964761376,0.002469510951054548
0.442382,0.07818727358490565,0.002481783890606683
0.445025,0.08385896774417315,0.002598872054055847
0.447669,0.0810750734600444,0.00255895671681294
0.450313,0.0809879242508324,0.002595327260783559
0.452957,0.07460447301609324,0.002418465447694915
0.4556,0.07565789088512764,0.002430043923776457
0.458244,0.07612705812985572,0.002401609890344249
0.460888,0.07428904099611544,0.002376137359480749
0.463531,0.07584532658157603,0.0024368125752671
0.466175,0.07328705743618202,0.002348533132794574
0.468819,0.07069058969200888,0.002342396489527334
0.471463,0.06667603072974473,0.002186235969388951
0.474106,0.06889540892064372,0.002289224645992592
0.47675,0.06744689983351831,0.002249881076952219
0.479394,0.0691807023446171,0.002299063627351022
0.482037,0.07270857769145396,0.002407653976070347
0.484681,0.07064271496947835,0.002241356237723093
0.487325,0.06400174882075473,0.002096531843033322
0.489969,0.06675824230022197,0.002103085374747575
0.492612,0.06381884787735849,0.002040590647763927
0.495256,0.06020019735016649,0.001921516902545193
0.4979,0.06367217230854605,0.001975433301036969
0.500543,0.06576224937569367,0.002006134571260637
0.5031870000000001,0.06038008809655938,0.001874718445709026
0.505831,0.064798331645394,0.001971049526201692
0.508475,0.06337043840177581,0.00193089111021051
0.511118,0.06221072509711432,0.001878553699055773
0.5137620000000001,0.06159710731132076,0.001867912480107409
0.516406,0.06040679300776913,0.001823299512445068
0.519049,0.06035748987236404,0.001832162240955757
0.521693,0.06045420761653718,0.001807321603988584
0.5243370000000001,0.06019841870144284,0.001801910625849576
0.526981,0.05953257914816869,0.001789561419067667
0.529624,0.05616230535516092,0.00169379613201625
0.532268,0.05726664476970034,0.001723635596265515
0.5349120000000001,0.05797258747225306,0.001719422974057933
0.537555,0.05723145407880132,0.001703066935435118
0.540199,0.05320069728079912,0.001624640478023499
0.542843,0.05359178711154274,0.001622831876130847
0.5454870000000001,0.05476113533573808,0.001641832536828283
0.54813,0.05025229973640399,0.001512968093887108
0.550774,0.05146849715593785,0.001559187828717097
0.553418,0.05994819922308546,0.00171655760668721
0.556061,0.0536444667036626,0.001589365536382708
0.558705,0.05126861778579356,0.001548182900673899
0.561349,0.05306321940899001,0.001546892915407044
0.563993,0.0493154096836848,0.00148312699071364
0.566636,0.04759880993340733,0.001434528198118925
0.56928,0.04995461299944506,0.001494892612136011
0.571924,0.04834202413984462,0.001452276281640179
0.574567,0.05022391918701442,0.001486147104067459
0.577211,0.04719950901775805,0.00141823990490851
0.579855,0.04640800804661488,0.001384951679529765
0.582499,0.04611104696170922,0.001392181187599582
0.5851420000000001,0.05019413082685904,0.001465165386544297
0.587786,0.04785124528301887,0.001430321388235936
0.59043,0.0452122616537181,0.001361698097752266
0.593073,0.04677574653163151,0.001372445240976146
0.5957170000000001,0.04658883733351831,0.001374295226062336
0.598361,0.0463553994173141,0.001372346469972147
0.601005,0.04919249292452831,0.001419621464795456
0.603648,0.04406606333240844,0.001306696919128823
0.6062920000000001,0.0411371416481687,0.001241986299940789
0.608936,0.04588582241953386,0.001341010287500283
0.611579,0.04582709954217537,0.001326907978180988
0.614223,0.04318935661764706,0.001272026087216662
0.6168670000000001,0.0461299436736959,0.001330951529178709
0.619511,0.04279927857935628,0.001253118127298508
0.622154,0.04357864261931189,0.001272929503210103
0.624798,0.0431152096281909,0.001252864315060582
0.6274420000000001,0.04428698432297448,0.001270495600089772
0.630085,0.04410301206992231,0.001275427368839291
0.632729,0.04414489615704772,0.001266419754987963
0.635373,0.04218132061598224,0.001224565064282476
0.6380169999999999,0.04587810578523863,0.001289404673906445
0.64066,0.04065331714761376,0.001191045706395201
0.643304,0.04301385869866816,0.001240045865169888
0.645948,0.04170455119311876,0.001206127202091633
0.6485919999999999,0.04293997495837958,0.001227771192611295
0.651235,0.04271629786348502,0.001232796971393125
0.653879,0.04104811077968924,0.001193861598116897
0.656523,0.0421561494173141,0.001209530619880605
0.659166,0.04051166391509434,0.001177081395013661
0.66181,0.03978008074361821,0.00114524036106054
0.664454,0.03997461043285238,0.001162389849834727
0.667098,0.04116757783018868,0.001190368848971736
0.669741,0.04018109392341842,0.001167130773763531
0.672385,0.03866507401498336,0.00112713808295602
0.675029,0.03822179904273031,0.001110338219280576
0.6776720000000001,0.03895846177857935,0.001121946195258088
0.680316,0.03811085897613763,0.001107829938800096
0.68296,0.04055062021365149,0.00114726402385927
0.685604,0.04033656201442842,0.001153094031861476
0.6882470000000001,0.03964486452552719,0.001129624845948969
0.690891,0.04036184995837958,0.001146623427915454
0.693535,0.03904541641231964,0.001112506362645606
0.696178,0.03861355958657048,0.001103944181567564
0.6988220000000001,0.03767148695893452,0.001088038340615859
0.701466,0.0396116012763596,0.00111775764039128
0.70411,0.03800892203107659,0.001091778057612596
0.706753,0.03526147287735849,0.001019887136985851
0.7093970000000001,0.03853765455049945,0.001093109170492498
0.712041,0.03757660966981134,0.001073927184491759
0.714684,0.03848670095726971,0.00108534710021288
0.717328,0.03544135217813541,0.001021591659671899
0.7199719999999999,0.03461926394284129,0.001004008299485738
0.722616,0.04007556076581575,0.001109701099473231
0.725259,0.03639243708379578,0.001037528490073922
0.727903,0.0363320408573807,0.001021639828898577
0.7305469999999999,0.0377044297308546,0.001064833742506429
0.73319,0.03519344471420644,0.00100825645837553
0.735834,0.03435755764428413,0.0009824568161471048
0.738478,0.03691283261653718,0.001030934066532077
0.7411219999999999,0.03408460946170921,0.0009754895546176803
0.743765,0.03723937832963373,0.001045840100215696
0.746409,0.03523467182297447,0.0009866896704870103
0.749053,0.03347337694228635,0.0009612762589789238
0.751696,0.03634867133740288,0.001009304364047496
0.75434,0.03773798598779134,0.001046702763636149
0.756984,0.03470068347669256,0.0009690113067298438
0.759628,0.03817926713374029,0.0010462795353419
0.762271,0.034770918354606,0.00097464696901276
0.764915,0.03524628912319645,0.0009781637144169965
0.767559,0.03385537437569367,0.0009618772730046593
0.7702020000000001,0.03415453988623752,0.0009530503924849756
0.772846,0.03592238165926748,0.0009868843278819167
0.77549,0.03439842307158713,0.0009638268779858487
0.778134,0.03393441093229745,0.0009418355813084888
0.7807770000000001,0.03415656347114317,0.0009542867506479886
0.783421,0.03518493604328524,0.0009682775587742663
0.786065,0.0349901202136515,0.0009656055624046813
0.788708,0.03189457783018868,0.0009023869819863486
0.7913520000000001,0.03339436327691454,0.000923777096343268
0.793996,0.03335815392619312,0.0009283363974110821
0.79664,0.03399740531354051,0.0009351050169143057
0.799283,0.03532019804384018,0.0009610386765647846
0.8019269999999999,0.03275342709489456,0.0009088518471945165
0.804571,0.03229937950887903,0.0008942460689805036
0.807214,0.03388625693673696,0.000930939168819381
0.809858,0.03482981291620422,0.0009383632747647334
0.8125019999999999,0.03536600110987792,0.0009636104438781501
0.815146,0.03475170345449501,0.0009371174444194666
0.817789,0.03122307956437292,0.0008680576204394639
0.820433,0.03598035141509434,0.0009673995330063836
0.8230769999999999,0.03304825929522753,0.0008998702733294655
0.82572,0.03373007692841288,0.0009197967838504333
0.828364,0.03231679057991121,0.0008835853524084824
0.831008,0.03369155327413984,0.000915643557994833
0.8336519999999999,0.03274113221420644,0.0008852198551639987
0.836295,0.02984180889289678,0.000830637347053026
0.838939,0.03091478045227525,0.0008550360982359456
0.841583,0.03254543507214206,0.0008746192699530705
0.844226,0.03468835425915649,0.0009333454831093627
0.84687,0.03246203086847947,0.0008771804931139464
0.849514,0.03307870921198668,0.0008894395701186857
0.852158,0.03122814768312986,0.000855426532024333
0.854801,0.03104215871254162,0.0008334918497090991
0.857445,0.03248681749445061,0.000874729260391829
0.860089,0.03453784211986682,0.0009054694694529639
0.8627320000000001,0.0318952096281909,0.0008554854124849327
0.865376,0.03063774847391787,0.0008595146198256733
0.86802,0.03487414407602664,0.00093888645750428
0.870664,0.03259758129855717,0.000907289499946063
0.8733070000000001,0.03050109239733629,0.0008506103626915427
0.875951,0.03130568944228635,0.0008841234974219981
0.878595,0.03272905251109878,0.00091259033900316
0.881238,0.03178544846004439,0.0008890538721137041
0.8838819999999999,0.03207890718645949,0.000909877079406507
0.886526,0.03114069173140955,0.0008691856004399531
0.88917,0.03184027067147614,0.0008940922354987246
0.891813,0.02927097024139845,0.000840928558527193
0.8944569999999999,0.03217550360710322,0.0008820856029474849
0.897101,0.03277051539955605,0.0008860031436452675
0.899744,0.02953129390954495,0.0008167182409796496
0.902388,0.03279199882075472,0.0008790651555257871
0.9050319999999999,0.03149962395948946,0.0008420245409368256
0.907676,0.02994923286625971,0.0008125849569074198
0.910319,0.02917396406770255,0.0007993337372796366
0.912963,0.02821218208934517,0.0007775180684820373
0.9156069999999999,0.03351220276082131,0.0008832308449260343
0.91825,0.03057409940344062,0.0008120471202927318
0.920894,0.03095100124861266,0.0008290622929423254
0.923538,0.03060720470310766,0.0008184123158673187
0.9261819999999999,0.02991808705604884,0.0007977951252478707
0.928825,0.03336311674528303,0.0008750500533504074
0.931469,0.03207689733629301,0.0008398849741822153
0.934113,0.03012278960876803,0.0008099795081467779
0.936756,0.03158673425360711,0.0008229468997607691
0.9394,0.02990418063263041,0.0007932836228552547
0.942044,0.03063265059655938,0.0008023030303526292
0.944688,0.03160804141231965,0.0008244541113984044
0.947331,0.03056845442563818,0.0008057531134696471
0.949975,0.0327190559100999,0.0008397962718052896
0.952619,0.03123667008879024,0.0008138656216362883
0.9552619999999999,0.03177243479467259,0.000823403874697278
0.957906,0.03171753017480577,0.0008211698532120742
0.96055,0.03189420928135406,0.0008284409426635263
0.963194,0.02836980653440622,0.0007413891896173954
0.9658369999999999,0.03089957380688125,0.0008045044695701158
0.968481,0.03241114594894562,0.000826292082888425
0.971125,0.03188551976970033,0.0008118539015043944
0.973768,0.02947228489178691,0.0007646407189755824
0.9764119999999999,0.032374806118202,0.0008136785347242172
0.979056,0.03113016863207547,0.0007975475974463788
0.9817,0.03134790087402885,0.0007968834293813225
0.984343,0.02941550090177581,0.0007554912465872192
0.9869869999999999,0.03240616939511654,0.0008084738952612078
0.989631,0.02962857935627081,0.0007671856189624062
0.992274,0.02974960529966703,0.0007898786329635976
0.994918,0.02913373730577137,0.0007753712324544069
0.9975619999999999,0.02991834114872364,0.0007992222869426127
1.00021,0.03151424001109878,0.0008372644957877285
1.00285,0.02794854148168702,0.0007625045678572351
1.00549,0.03010098342119867,0.0008227894941715399
1.00814,0.0288269833518313,0.0007902888036883551
1.01078,0.02896337846836848,0.0007980536655812572
1.01342,0.02878396385960045,0.0007984229064887149
1.01607,0.03046400860155383,0.0008416772741019377
1.01871,0.03024730417591565,0.00083116982428453
1.02136,0.02911194256381798,0.0008123357536487583
1.024,0.03160326401220865,0.0008710471399274401
1.02664,0.03233532789955605,0.0008870497788435925
1.02929,0.030216533781909,0.0008470649703554138
1.03193,0.03148216252774695,0.000870564455330168
1.03457,0.02966106430355161,0.0008313788338352001
1.03722,0.02936160578523862,0.0008347637653717971
1.03986,0.02681571850721421,0.0007724839215334368
1.04251,0.02804056652330743,0.0008057307124707706
1.04515,0.0278043725027747,0.0007864628965393825
1.04779,0.03137144221698113,0.0008527004344416976
1.05044,0.03194805632630411,0.0008557625405391393
1.05308,0.03044291662042175,0.0008116501049342113
1.05572,0.02984293285238624,0.0008051934391998317
1.05837,0.028880674736404,0.0007717883854374202
1.06101,0.02825732130965593,0.0007673975843134044
1.06365,0.02667849472807991,0.0007236943038044099
1.0663,0.02747065267758047,0.0007402509486778164
1.06894,0.0299760522336293,0.0007888875510245524
1.07159,0.03058246157047725,0.000789001510844838
1.07423,0.03084050756104328,0.0008019997720782198
1.07687,0.03094566072419534,0.0007937883905560121
1.07952,0.02948629661487236,0.0007705648943647749
1.08216,0.03054682907880133,0.0007858130416443345
1.0848,0.02965631437291898,0.0007547813075078989
1.08745,0.02890882866259711,0.0007478888886485308
1.09009,0.0289157990427303,0.0007430531647310349
1.09274,0.02781577004716982,0.0007256565728776643
1.09538,0.02821291003052164,0.0007303833322837794
1.09802,0.03115001304106549,0.00077899303520337
1.10067,0.02677836688401776,0.0007003040014206458
1.10331,0.0268656740427303,0.0006929552040977061
1.10595,0.02666956485849056,0.0006929455052229409
1.1086,0.02829919852941177,0.000721659608759662
1.11124,0.02767442584628191,0.0007098565609666495
1.11389,0.02661928884572697,0.0006913724276951303
1.11653,0.02945015135960044,0.0007311395915896248
1.11917,0.02956778940066592,0.0007445899422982816
1.12182,0.02719520935072142,0.0006928993775695388
1.12446,0.0287716850027747,0.0007275875869986687
1.1271,0.02520824354883463,0.0006533550542886939
1.12975,0.02557823682019978,0.0006569944522232247
1.13239,0.02522451234739179,0.0006533761640540675
1.13504,0.02520183858213097,0.0006500251669136842
1.13768,0.02793394374306326,0.000702707733103184
1.14032,0.02599132512486127,0.0006669308252703872
1.14297,0.02746622322419534,0.0006942182138867333
1.14561,0.02644447995283019,0.0006796899043485951
1.14825,0.02867876491398446,0.0007083206790223281
1.1509,0.02468641502497225,0.0006365252952710754
1.15354,0.02486754647613763,0.0006392424485422795
1.15618,0.02609000006936737,0.0006593585934537403
1.15883,0.02657647766370699,0.0006775896939644837
1.16147,0.02583592112930078,0.000650456593356166
1.16412,0.02705622294672586,0.0006827997094034662
1.16676,0.02699071968645949,0.0006692831775016861
1.1694,0.02788823453107659,0.0006923263508523664
1.17205,0.02678180743618202,0.000667624712967427
1.17469,0.0240278045227525,0.0006139407565287777
1.17733,0.02558716897891232,0.0006459044330706169
1.17998,0.02873035030521643,0.0006967526426729776
1.18262,0.02547112874583796,0.0006408377976653843
1.18527,0.02542956055771366,0.0006368299876682807
1.18791,0.02512600221975583,0.0006330650582314771
1.19055,0.02579803385127636,0.0006461744834572878
1.1932,0.02390204696170921,0.0006022017403388026
1.19584,0.02384163013318535,0.0006060464974942883
1.19848,0.02548740441176471,0.0006318924928192619
1.20113,0.0249214461709212,0.0006255438921127587
1.20377,0.02508052420921199,0.0006256121383673533
1.20642,0.02712423508601554,0.0006639026345492544
1.20906,0.02464987604051054,0.0006189132005248592
1.2117,0.02672005147058824,0.0006490875653001709
1.21435,0.02192367681742509,0.0005615104484577287
1.21699,0.02444618528024417,0.0006074712778372018
1.21963,0.02409040517480577,0.000601979920183895
1.22228,0.02399178745837958,0.0006020380979932147
1.22492,0.02470287382075472,0.0006092720206667456
1.22757,0.02349861188956715,0.0005885620517508776
1.23021,0.02213846524694783,0.0005581889887992295
1.23285,0.02330738311598224,0.0005818706446275872
1.2355,0.02416868174250833,0.0006000601462883588
1.23814,0.02388535238623752,0.0005919779950001527
1.24078,0.0227358417036626,0.0005734426812145176
1.24343,0.02222810044395117,0.0005606296141183901
1.24607,0.02509709517203107,0.0006118593356949573
1.24871,0.02359314123196448,0.0005835070692210002
1.25136,0.02558717126803552,0.0006184678268728389
1.254,0.02221699819644839,0.0005570424763700398
1.25665,0.02159187985571587,0.0005437707647380487
1.25929,0.01970050783851277,0.000507223371158525
1.26193,0.02172029966703663,0.0005406925860528258
1.26458,0.02030392071309656,0.0005141734081966276
1.26722,0.02144801761931187,0.000538646208059229
1.26986,0.02265086258324085,0.000560633110947539
1.27251,0.02268123238068812,0.0005620381684941963
1.27515,0.02109608324084351,0.0005272758416281538
1.2778,0.02114652635960045,0.000530695062269655
1.28044,0.02032322946725861,0.0005090067166904709
1.28308,0.01885987770532742,0.0004816067344008997
1.28573,0.02139196614872364,0.0005351387932535307
1.28837,0.02203461688401775,0.000539230405376988
1.29101,0.01968927511098779,0.0005030196333129837
1.29366,0.02089389414539401,0.000518128108806441
1.2963,0.0235929420782464,0.0005709622191424139
1.29895,0.02348087576304106,0.0005694853979891113
1.30159,0.02092868423973363,0.000515556509807865
1.30423,0.02026431201442841,0.0005093086898310256
1.30688,0.02021511417869035,0.0004998417007879354
1.30952,0.01944781381798002,0.0004895761126011439
1.31216,0.0190476384572697,0.0004776788413737804
1.31481,0.01869028343507215,0.000472423458109979
1.31745,0.02075842841287458,0.000512043102629015
1.3201,0.01925468507214207,0.0004788258563066297
1.32274,0.02008108830466149,0.0004969262069880362
1.32538,0.01868629349334074,0.000466214828812102
1.32803,0.01966283802719201,0.0004851772830325596
1.33067,0.01882376678690344,0.0004740738318501937
1.33331,0.01864238811043286,0.0004623956188427275
1.33596,0.01912320470310766,0.0004762762069660689
1.3386,0.02010429772475028,0.0004940196451728237
1.34124,0.01856968555771365,0.0004625425997911562
1.34389,0.01804878412874584,0.0004520757681100446
1.34653,0.01868971344339623,0.0004617751669168904
1.34918,0.01885272419533851,0.0004691424204565436
1.35182,0.0183284692008879,0.0004544464511126418
1.35446,0.01726131430355161,0.0004365389144135383
1.35711,0.019303706645394,0.0004755156348915255
1.35975,0.01866350985016648,0.0004632847703375493
1.36239,0.01840349063540511,0.000459106159503844
1.36504,0.01712813998335184,0.0004280554071144854
1.36768,0.01721382644284129,0.0004338157245263814
1.37033,0.01645511945061044,0.0004176038868813626
1.37297,0.01835718167314096,0.0004556991503205389
1.37561,0.01634267543007769,0.0004192165124472864
1.37826,0.01736485592397336,0.0004321116062046973
1.3809,0.01798057512486127,0.0004491807046889692
1.38354,0.01676913908157603,0.0004237981215583521
1.38619,0.01803418867924529,0.0004497732780751344
1.38883,0.01688991322142065,0.0004235864444692813
1.39148,0.01553944041342953,0.0003974247531120799
1.39412,0.01712411112652609,0.0004303010253965443
1.39676,0.01633763706992231,0.000410273565558778
1.39941,0.01736627746947835,0.0004326030180012205
1.40205,0.01582759066315205,0.0004003235560328618
1.40469,0.01664583088235294,0.0004221241880182603
1.40734,0.01587528683407325,0.0004011646545225555
1.40998,0.01598804217536071,0.0004026146892184572
1.41263,0.0159426740427303,0.0004003405065220863
1.41527,0.01544978461431743,0.0003911935197520959
1.41791,0.01542559316037736,0.0003921892595165852
1.42056,0.01450062257214207,0.0003723237654744686
1.4232,0.01457609267480577,0.0003724594441659976
1.42584,0.01643929016370699,0.0004100381791502325
1.42849,0.01444501061320755,0.0003706088259813396
1.43113,0.0141239359045505,0.0003638318946495214
1.43377,0.01401558025804661,0.0003602507973048293
1.43642,0.01452595629855716,0.0003687843988627944
1.43906,0.01462304488068813,0.0003733142958304753
1.44171,0.01594574833518313,0.0003990152089339713
1.44435,0.01619247461154273,0.0004030999407465869
1.44699,0.01589831770255272,0.0003966637007707332
1.44964,0.01363816564927858,0.0003516884209720217
1.45228,0.01482690961431742,0.0003742923949788079
1.45492,0.01373738311598224,0.0003509757738995422
1.45757,0.0132997073390677,0.0003410292305203994
1.46021,0.01434549784961154,0.0003637375939355453
1.46286,0.01302806624583796,0.0003355912743859132
1.4655,0.01491585120699223,0.0003758495676750355
1.46814,0.01272961723085461,0.000327735403340359
1.47079,0.01435966065482797,0.0003646591194709859
1.47343,0.01466755459211987,0.0003678566872515467
1.47607,0.01277356381798002,0.0003310239581191215
1.47872,0.01324715822697003,0.0003370698892284332
1.48136,0.01397423182574917,0.0003554410285405335
1.48401,0.01373331992230855,0.0003517185603337207
1.48665,0.01316362354328524,0.000336093516509588
1.48929,0.01290794679522753,0.0003300164463841005
1.49194,0.01279204162042175,0.0003251764860481119
1.49458,0.01460510731132075,0.0003687711621471726
1.49722,0.01318826137624861,0.000335054692317061
1.49987,0.01369574396503885,0.0003461772795008988
1.50251,0.01255853274139845,0.0003249321539944464
1.50516,0.01268952552719201,0.0003236723164519955
1.5078,0.01292757602663707,0.0003292638125724534
1.51044,0.01144744956992231,0.0002979304679148825
1.51309,0.01141532630410655,0.0002961335547843034
1.51573,0.0141374692008879,0.0003556059815892091
1.51837,0.01173274757214207,0.0003011964023741365
1.52102,0.01294262243340733,0.0003282087228841774
1.52366,0.01340909995837958,0.000335914794526688
1.5263,0.01320544811320755,0.0003311765631380136
1.52895,0.01213650541065483,0.0003119896113041955
1.53159,0.01382202802441731,0.0003468595655788512
1.53424,0.01186260724195339,0.0003070709655026049
1.53688,0.01184076671753607,0.0003039648498234811
1.53952,0.01153317036625971,0.000295765850769726
1.54217,0.01280112486126526,0.0003215819225341026
1.54481,0.01138955306603774,0.000293389593215365
1.54745,0.01091635238623751,0.0002851115552861362
1.5501,0.01310024687846837,0.0003338993279207846
1.55274,0.01146071046059934,0.0003024515719993633
1.55539,0.01085169152330744,0.0002905447494537488
1.55803,0.0127750609045505,0.0003353883525681592
1.56067,0.01298191523307436,0.000343118288578348
1.56332,0.01183743375416204,0.0003153380821465946
1.56596,0.01025239678135405,0.0002846058350205602
1.5686,0.01277002483351831,0.0003392647737808442
1.57125,0.01080277753884573,0.0003005661877053353
1.57389,0.009842565899001112,0.0002760240979549058
1.57654,0.01100415399556049,0.0003027891217567771
1.57918,0.01135679342397336,0.0003165504678851871
1.58182,0.01139246025249722,0.0003153620411743781
1.58447,0.01209698827691454,0.0003341445449380059
1.58711,0.01071433268590455,0.0002998260956709979
1.58975,0.01054926859045505,0.0002972680640127836
1.5924,0.01063925631243063,0.000305085493356756
1.59504,0.01081467640122087,0.0003037776923869951
1.59769,0.009889101484461711,0.000285446255646229
1.60033,0.01130143784683685,0.0003180363042838462
1.60297,0.01079746448390677,0.0003063277111741163
1.60562,0.01265901609322975,0.0003496117707269702
1.60826,0.0107037317563818,0.0002969483507204113
1.6109,0.01054018306048835,0.0002929357646996107
1.61355,0.009742808199223085,0.0002699447790202223
1.61619,0.008905426331853497,0.0002497026651493155
1.61883,0.01096238894284128,0.0002981229853235945
1.62148,0.009905251248612652,0.0002704219105138832
1.62412,0.01069444249445061,0.0002912971304103604
1.62677,0.009904713304661488,0.0002686439920982515
1.62941,0.008705441662042178,0.0002431025591877497
1.63205,0.009990489039955606,0.0002707044438270043
1.6347,0.0103273861681465,0.0002778984430228971
1.63734,0.01200036209766926,0.0003159730387224723
1.63998,0.009674299320199777,0.00026284930592224
1.64263,0.009497789608768036,0.0002575476868558099
1.64527,0.00890996108490566,0.0002421768315320896
1.64792,0.01003384274417314,0.0002699623945908285
1.65056,0.009637133115982244,0.0002603058733127595
1.6532,0.009756396434517206,0.0002619150849773276
1.65585,0.009502111473362929,0.0002572968326687281
1.65849,0.009944489109322973,0.0002641617890428354
1.66113,0.008702935072142065,0.0002369910520894679
1.66378,0.01069068833240843,0.0002833120637322631
1.66642,0.009739608004994451,0.0002615913493950474
1.66907,0.007810602802441731,0.0002172553589279094
1.67171,0.008222177996670365,0.0002242765634148822
1.67435,0.009512510960044396,0.0002555289057021574
1.677,0.008676340038845725,0.0002352453123957315
1.67964,0.007231997155937848,0.0002001477127469242
1.68228,0.008828907810765816,0.0002381375414531362
1.68493,0.008630990219200892,0.0002334241588254283
1.68757,0.009541488970588236,0.000254405310660509
1.69022,0.009263305563263042,0.0002467776128725526
1.69286,0.01038135911487236,0.0002727166440635573
1.6955,0.009176225027746945,0.0002468289803858892
1.69815,0.009714329217536071,0.0002579936310338369
1.70079,0.009049190135960044,0.0002442860664149399
1.70343,0.008243942980022196,0.0002214186786829152
1.70608,0.008926042175360714,0.0002385232605230528
1.70872,0.008730308407325195,0.0002328117125346232
1.71137,0.008765508254716982,0.0002349318755272287
1.71401,0.009426865704772473,0.0002503206308417984
1.71665,0.01034747780244173,0.0002707036713834007
1.7193,0.008602518104883461,0.0002313528014569839
1.72194,0.008698588027192009,0.0002322189805862762
1.72458,0.00836281943673696,0.0002249682303104517
1.72723,0.00696713186736959,0.0001905512566117871
1.72987,0.008529923140954495,0.0002280598770577512
1.73251,0.00772335973917869,0.000210359422336844
1.73516,0.009317818743063264,0.0002437865096069837
1.7378,0.006911739664261931,0.0001894321455495604
1.74045,0.007681008670921198,0.0002069359804005591
1.74309,0.008045107450055494,0.0002161617222209367
1.74573,0.009197429175915648,0.0002427548148675954
1.74838,0.006953758809655938,0.0001882103153508132
1.75102,0.008117674944506107,0.0002192714133694099
1.75366,0.009281332408435072,0.0002417881485727579
1.75631,0.007274865566037734,0.0001964331069396008
1.75895,0.00858418222807991,0.0002284278642885022
1.7616,0.007434151914539402,0.0002003598177513418
1.76424,0.008888809586570479,0.0002352767406419836
1.76688,0.008754028301886796,0.0002290126618607145
1.76953,0.007720429661487236,0.0002071957826596363
1.77217,0.008935880826859045,0.0002356375078814744
1.77481,0.007393300221975584,0.0001995510521700359
1.77746,0.008104439234184241,0.0002168311744265449
1.7801,0.007252086501109878,0.0001942365923417899
1.78275,0.007534843576581574,0.0002025949306174536
1.78539,0.007710025596559377,0.0002038842856053719
1.78803,0.007838353842952277,0.000207750541695354
1.79068,0.007119168562708102,0.000192546395788708
1.79332,0.006248685973917868,0.0001690234081307137
1.79596,0.008609909683684793,0.0002282427096798065
1.79861,0.00760026900665927,0.0002009781364364553
1.80125,0.006520102733074363,0.0001770099625762811
1.8039,0.008619340871254162,0.000226549405535558
1.80654,0.00850073453107658,0.0002226755154475065
1.80918,0.007859079564372921,0.0002100666704307869
1.81183,0.006514755341287462,0.0001767652733060497
1.81447,0.00689548002219756,0.0001858970976417749
1.81711,0.007708517064372918,0.0002044759651947008
1.81976,0.007105772613762489,0.0001899885439499772
1.8224,0.007552517896781356,0.0002026793492993379
1.82504,0.007289284753052164,0.0001949139790181234
1.82769,0.007347227039400666,0.0001979908255921474
1.83033,0.007387028024417311,0.0001974040201173412
1.83298,0.007559209003884576,0.0002011432429237482
1.83562,0.007075139567147616,0.0001910595113652535
1.83826,0.005897994589345174,0.0001632266448841234
1.84091,0.007549386376248613,0.0002033802850340857
1.84355,0.005909453940066593,0.0001628036760806468
1.84619,0.006418928066037736,0.0001755670736713285
1.84884,0.006310256520532742,0.0001709668530113883
1.85148,0.006941745491120976,0.0001886910840357416
1.85413,0.006361750346836846,0.0001749569929005663
1.85677,0.006452701789678134,0.000175102329290189
1.85941,0.007053560002774694,0.0001914041513614591
1.86206,0.006685871878468372,0.0001803284749602185
1.8647,0.006824459975027745,0.0001856939666433687
1.86734,0.007576510197003331,0.0002029692520666348
1.86999,0.007070659753052167,0.0001901140069231157
1.87263,0.006189006243063262,0.0001713341964788044
1.87528,0.007421074153718087,0.0001990985203953415
1.87792,0.007657574916759158,0.0002055569663313104
1.88056,0.007719365219200891,0.0002066675719492039
1.88321,0.005911038013318533,0.0001622377493482938
1.88585,0.006910684378468365,0.0001890870987074272
1.88849,0.005947712056048835,0.0001625781774386085
1.89114,0.0060776083518313,0.0001676788040968174
1.89378,0.005765994589345172,0.0001581849994766106
1.89643,0.007180913082685904,0.0001940730567847247
1.89907,0.007335774556048833,0.0001983883961398676
1.90171,0.006419278301886794,0.0001739677162681087
1.90436,0.006934246323529413,0.0001880951019516734
1.907,0.005456669950055493,0.0001507960450482504
1.90964,0.00599744096836848,0.0001656825181244844
1.91229,0.007487756312430632,0.0002015161867565626
1.91493,0.006487292730299667,0.0001765552134500407
1.91757,0.006808049250832411,0.0001843300077027963
1.92022,0.006764755063817982,0.0001844628290714995
1.92286,0.007193933615427302,0.0001950672309938851
1.92551,0.007049206090455049,0.0001890903767037787
1.92815,0.006331794880688125,0.000172483824143073
1.93079,0.005062267758046615,0.0001426062885872378
1.93344,0.006271121670366257,0.0001709257444498673
1.93608,0.005646374167591567,0.0001560426428168501
1.93872,0.006140016717536074,0.0001681844087170739
1.94137,0.005669448529411766,0.0001583634270049188
1.94401,0.004817164470033299,0.0001355394193322115
1.94666,0.006363913568257494,0.0001735056224773648
1.9493,0.005895879439511653,0.0001629041013295876
1.95194,0.005403186875693674,0.0001495199755715237
1.95459,0.005862623057713651,0.0001615695598607389
1.95723,0.00707963998335183,0.0001919705730805334
1.95987,0.006009996809101001,0.0001647773738795753
1.96252,0.005990868895671474,0.0001658516241521929
1.96516,0.005317871254162041,0.0001473864946241991
1.96781,0.005966283712541619,0.0001639757296788584
1.97045,0.006843036209766927,0.0001852709509908799
1.97309,0.005961716911764703,0.0001643204248385437
1.97574,0.005860665857380688,0.000162079665077993
1.97838,0.006501425776914541,0.0001770660284258105
1.98102,0.006987347114317426,0.0001900652497742137
1.98367,0.006415732450055493,0.0001744804888136954
1.98631,0.005324821032186459,0.0001479806403355808
1.98896,0.005999601900665926,0.0001651127328781193
1.9916,0.005432407533296336,0.0001507129099794464
1.99424,0.00630535321864595,0.0001710057335000492
1.99689,0.006663619311875695,0.0001798814171532384
1.99953,0.004920200194228634,0.0001369226964672526
2.00217,0.005146219062153164,0.0001427550214586493
2.00482,0.005068681881243062,0.0001408631345216875
2.00746,0.007355188609877912,0.00019641534926519
2.0101,0.006059265607658157,0.000164151491040572
2.01275,0.005766051817425087,0.0001582803712467211
2.01539,0.005767008670921202,0.0001566698079885041
2.01804,0.005746051748057715,0.0001585787137495703
2.02068,0.005650934100998888,0.0001552503048348944
2.02332,0.005692706021087678,0.0001555757747562525
2.02597,0.004726093992785793,0.0001318744002884377
2.02861,0.006028815690899002,0.0001630355225870968
2.03125,0.005216712610987793,0.0001442427724437152
2.0339,0.005877518382352939,0.0001601171380371292
2.03654,0.003739765746392899,0.000106598175391305
2.03919,0.005454671545504995,0.0001497502195956989
2.04183,0.005267934031631518,0.0001444625208928528
2.04447,0.004892201928412878,0.0001358641795122127
2.04712,0.005819518867924528,0.0001584083777288461
2.04976,0.005826899001109878,0.0001590327621661498
2.0524,0.004783319783573806,0.0001331910967215967
2.05505,0.005870415233074362,0.0001598325414367192
2.05769,0.004443689442286346,0.0001244923813768682
2.06034,0.005939654342397335,0.0001602594470077453
2.06298,0.005416418007769147,0.000149055850345276
2.06562,0.004938595588235293,0.0001360893996380793
2.06827,0.004138821725860152,0.0001158079190095525
2.07091,0.00518562173973363,0.0001433341829698582
2.07355,0.005928570407880134,0.0001604265628005144
2.0762,0.005175160446725861,0.0001427478069743844
2.07884,0.003722453107658156,0.000104813437783153
2.08149,0.004597333102108772,0.0001276890541405274
2.08413,0.004645498543285236,0.0001299480426098641
2.08677,0.003675356687014425,0.0001031499054778613
2.08942,0.004454601692563815,0.0001254569183983968
2.09206,0.005917571170921199,0.0001610396775258541
2.0947,0.005645627913429522,0.0001545687472150519
2.09735,0.004742117855160931,0.0001318095479279221
2.09999,0.005785756589900111,0.0001578897126845637
2.10263,0.005138298695893451,0.0001433107585630025
2.10528,0.004751896989456161,0.000130546224652449
2.10792,0.004912156215316316,0.0001369066175143935
2.11057,0.005113029064927859,0.0001424013067762544
2.11321,0.004751553620976691,0.0001361875287857247
2.11585,0.005647184517203108,0.0001619085626939303
2.1185,0.004939781354051054,0.0001415421731143532
2.12114,0.004026634087125413,0.0001202723144463862
2.12378,0.005097458448945618,0.0001467329670009476
2.12643,0.004651530382907879,0.0001368623177829513
2.12907,0.005206285654827969,0.0001541072845833042
2.13172,0.006049681048834629,0.0001760520183452443
2.13436,0.005723487860710318,0.0001692606926569337
2.137,0.005084671406770255,0.0001513225895632052
2.13965,0.005144396920088791,0.0001544526228309346
2.14229,0.004832927372364039,0.000145635263908795
2.14493,0.005073301331853494,0.0001536524554355791
2.14758,0.005060887416759158,0.0001544403543863259
2.15022,0.004650681118201998,0.0001412589842846614
2.15287,0.005348829356270812,0.0001628968365863451
2.15551,0.005017867924528299,0.0001529674167809311
2.15815,0.005546085391231967,0.0001686071467508495
2.1608,0.004803567078246395,0.000148050008475303
2.16344,0.003821723224195337,0.0001191495118238734
2.16608,0.006087362305771363,0.0001825191232149911
2.16873,0.00520801394284129,0.0001563647390520766
2.17137,0.005142231409544946,0.00015265844444962
2.17402,0.003463393035516091,0.0001051744390214852
2.17666,0.004716868826304108,0.0001404485240985311
2.1793,0.005071815690899002,0.0001489140732812438
2.18195,0.003835487721975583,0.0001146729131004178
2.18459,0.004493979189789124,0.0001325253019863437
2.18723,0.005955742300221975,0.0001712558897885992
2.18988,0.005487847807991122,0.0001583950605443653
2.19252,0.004288241953385128,0.0001260047691986239
2.19516,0.0051840948945616,0.0001494482317756778
2.19781,0.003736208448945615,0.0001113363062080465
2.20045,0.003053104328523864,9.138154452826839e-05
2.2031,0.005378320130410655,0.0001548464196586706
2.20574,0.004702639636514985,0.0001364569828178582
2.20838,0.003800049805771366,0.0001123565047667193
2.21103,0.004097191731409548,0.0001205898431580605
2.21367,0.004299751664816871,0.0001263880212593041
2.21631,0.004355217119866814,0.0001277382155069647
2.21896,0.004469886168146506,0.0001296822055379051
2.2216,0.004629538776359603,0.0001334898787039422
2.22425,0.004653750832408435,0.000135017520619394
2.22689,0.003564798903995561,0.0001054527639964505
2.22953,0.004540862721975583,0.000130998826443141
2.23218,0.004528824223085461,0.0001326395307681439
2.23482,0.006450659891786902,0.0001808293874579957
2.23746,0.004378467744173139,0.0001289045828386951
2.24011,0.004741710391231964,0.0001371596030440622
2.24275,0.004593240149833517,0.0001345371558919695
2.2454,0.004790585460599335,0.0001388066153322086
2.24804,0.004455006867369591,0.0001305400620981957
2.25068,0.004103033573806879,0.0001209385559148749
2.25333,0.002960426886792457,8.857973966850886e-05
2.25597,0.005254483143729192,0.0001517080356489114
2.25861,0.004440589969478357,0.0001298665079247525
2.26126,0.005092163706992232,0.0001475732683307791
2.2639,0.004885460460599335,0.0001414353647974644
2.26655,0.004289752774694783,0.0001260304442153017
2.26919,0.003426183337957825,0.0001034817698017477
2.27183,0.002477076234739179,7.488374416694951e-05
2.27448,0.003892887486126528,0.0001148857035883355
2.27712,0.002282310765815759,6.931683204557739e-05
2.27976,0.005083057574916758,0.0001491566593984176
2.28241,0.003246722946725863,9.775466502841062e-05
2.28505,0.004641037042175357,0.0001350977856954438
2.28769,0.002435860571587128,7.396699242469208e-05
2.29034,0.005380769492230855,0.0001533139614004808
2.29298,0.004226749236958932,0.0001246296214690429
2.29563,0.006019878953940066,0.0001705473182024685
2.29827,0.003692676193118756,0.0001094426419037785
2.30091,0.002984357380688128,9.121428218749662e-05
2.30356,0.004283691176470586,0.0001244710492902171
2.3062,0.003168682158712543,9.554501257955345e-05
2.30884,0.003425457685904548,0.0001018898901673421
2.31149,0.004741721836847945,0.0001393825571703689
2.31413,0.00352753426748058,0.0001052946938216105
2.31678,0.003828608906770257,0.0001139205536351055
2.31942,0.004556627913429524,0.0001339581095844008
2.32206,0.003266251456714761,9.689164916512718e-05
2.32471,0.00380856305493896,0.000113541511737968
2.32735,0.004317659475582688,0.0001275638460585522
2.32999,0.004107483629300777,0.0001212185832658231
2.33264,0.004441278995560491,0.0001324860061769862
2.33528,0.002671805077691452,7.996372177231159e-05
2.33793,0.003874425707547171,0.0001155668300981059
2.34057,0.003592252358490567,0.0001067460356039819
2.34321,0.004714895602108768,0.000137693673750052
2.34586,0.003300022891231962,0.0001001701563369616
2.3485,0.003374307228079911,0.0001009477809184911
2.35114,0.003712962402885683,0.0001104297770612457
2.35379,0.003746708657047722,0.0001107992583159404
2.35643,0.003656050221975586,0.0001083371646494693
2.35908,0.005268339206437293,0.0001535594513899618
2.36172,0.004020528995560486,0.0001189675962697784
2.36436,0.003483528163152056,0.0001040393750495112
2.36701,0.004543039678135402,0.0001322447418336154
2.36965,0.004084871670366258,0.0001203307170965299
2.37229,0.004756349334073252,0.0001389418153516401
2.37494,0.003629757352941174,0.0001081259379178738
2.37758,0.003391436736958934,0.0001028544325356297
2.38022,0.003928263596004436,0.0001152242609944242
2.38287,0.004578301331853499,0.00013561515530122
2.38551,0.003951033504439509,0.0001156771226255117
2.38816,0.004708785932297451,0.0001381221569885011
2.3908,0.003948256798002221,0.0001175149609734694
2.39344,0.003777444714206438,0.00011250115445328
2.39609,0.004042170366259713,0.0001200432282739239
2.39873,0.004822138734739178,0.0001399136172412997
2.40137,0.004222789053829077,0.0001247366314539201
2.40402,0.004710049528301886,0.00013578440604428
2.40666,0.003588450124861266,0.0001069931348327239
2.40931,0.003976413013318535,0.0001180515013919641
2.41195,0.003597835529966701,0.0001066401781504889
2.41459,0.003539863485016648,0.0001061561972967655
2.41724,0.004237645463374027,0.0001240789475061116
2.41988,0.003920608768035515,0.000116369121685925
2.42252,0.003829622988346282,0.0001141656477355645
2.42517,0.003289298349056606,9.79217448048855e-05
2.42781,0.004733110155382908,0.0001389852647712987
2.43046,0.003101821448390677,9.305529232756483e-05
2.4331,0.003636100513318538,0.0001084847900344757
2.43574,0.004332518174250834,0.0001274120021061147
2.43839,0.004207177233629299,0.0001246805366360723
2.44103,0.003123842813540508,9.40723287038583e-05
2.44367,0.003366853842952276,0.0001006808066844398
2.44632,0.004337638942841286,0.0001278633041164029
2.44896,0.002746810488346283,8.307631678538998e-05
2.45161,0.003098232103218647,9.310035777916682e-05
2.45425,0.004377057644284131,0.0001294396882568917
2.45689,0.003061901428967813,9.159993381129988e-05
2.45954,0.003945651775804662,0.0001176636992301909
2.46218,0.00489303516925638,0.0001429347720736518
2.46482,0.002972485987791343,8.912960172313747e-05
2.46747,0.002916594755826861,8.787010745781219e-05
2.47011,0.00392855889289678,0.0001173956687523366
2.47275,0.003160539747502774,9.605640116054287e-05
2.4754,0.002894889289678133,8.703558802202548e-05
2.47804,0.004114270879578247,0.0001217749452949351
2.48069,0.001868000069367368,5.781093497060531e-05
2.48333,0.003450457200332962,0.0001042616502562939
2.48597,0.003937683337957826,0.0001176003395117089
2.48862,0.002282496184794672,6.977337054342483e-05
2.49126,0.003924669672586013,0.0001176506500633943
2.4939,0.003370502705327413,0.0001007541913114499
2.49655,0.002634126109877914,8.064393560304875e-05
2.49919,0.003634498127081017,0.0001084523747417945
2.50184,0.002902237375138738,8.787534924998006e-05
2.50448,0.002631761445615984,8.048959388982891e-05
2.50712,0.004277503676470591,0.0001272184732430641
2.50977,0.003280991120976693,9.863319371381168e-05
2.51241,0.003531137347391787,0.0001055102562051856
2.51505,0.00320835495283019,9.717812982819118e-05
2.5177,0.003132461362375139,9.531464920023428e-05
2.52034,0.003162469478357382,9.516419108755241e-05
2.52299,0.004799018590455053,0.0001413168691404847
2.52563,0.002186391925638179,6.743389702739787e-05
2.52827,0.004419637624861268,0.0001308651039133584
2.53092,0.00435770310765816,0.0001287427446374185
2.53356,0.002211352524972257,6.771571985122268e-05
2.5362,0.002859959558823531,8.743577196792144e-05
2.53885,0.003479050638179799,0.0001045899154691472
2.54149,0.003411672586015539,0.0001028450533478688
2.54414,0.003842082685904549,0.0001151719925926058
2.54678,0.004582085252497225,0.000135386329875219
2.54942,0.003392089137069926,0.0001023185170692397
2.55207,0.003093921684239731,9.381121635089846e-05
2.55471,0.003450457200332966,0.0001038359625121222
2.55735,0.004028772128190899,0.0001204407535264256
2.56,0.003341533851276361,0.0001015744668257227
2.56264,0.00298434822419534,9.171638578721312e-05
2.56529,0.004598047308546059,0.000134711681323592
2.56793,0.003891479675360712,0.0001166660469356838
2.57057,0.003436965108213099,0.0001033187449576565
2.57322,0.003195863207547166,9.715346905042048e-05
2.57586,0.003059149902885683,9.267686353982478e-05
2.5785,0.004049117855160934,0.0001205721493472099
2.58115,0.004208930701997778,0.0001264411589975492
2.58379,0.004395123404550502,0.0001305667269095985
2.58643,0.002973619103773582,9.064544921510189e-05
2.58908,0.003862684794672585,0.0001156625363300395
2.59172,0.002966925707547169,9.042845665373942e-05
2.59437,0.004081481478912319,0.000122447921901237
2.59701,0.003419228981687013,0.0001029718937863164
2.59965,0.003453481132075474,0.000104125479572832
2.6023,0.003018884225860156,9.202985851415516e-05
2.60494,0.00433645775527192,0.0001295651861363925
2.60758,0.003352416342952274,0.0001028792626632842
2.61023,0.003555390607658157,0.0001075511087522077
2.61287,0.00335628038290788,0.0001020666414784473
2.61552,0.003385230923973364,0.0001031027532567981
2.61816,0.003669416412319648,0.0001105896188550092
2.6208,0.003641186945061045,0.0001095519091329423
2.62345,0.002610651151498337,8.055266466541625e-05
2.62609,0.003515635405105441,0.0001067808685861824
2.62873,0.003520852316870144,0.0001068067850176431
2.63138,0.003906384156492785,0.000117430696467772
2.63402,0.00261508289400666,8.064100607124907e-05
2.63667,0.002731535169256381,8.414674021102333e-05
2.63931,0.003394538498890121,0.0001039775946276937
2.64195,0.001643061667591565,5.171490883668257e-05
2.6446,0.00221696316592675,6.840054651932065e-05
2.64724,0.00256182644284129,7.877872741167608e-05
2.64988,0.003187375138734739,9.784565761887367e-05
2.65253,0.003970896226415095,0.0001201137707456994
2.65517,0.00231819277192009,7.198547416955404e-05
2.65782,0.003399077830188678,0.0001032977846421206
2.66046,0.003352423210321865,0.0001021599922217957
2.6631,0.003178598640399554,9.693956092058204e-05
2.66575,0.003876508809655938,0.0001160413386674452
2.66839,0.003634088374028858,0.0001108483207344719
2.67103,0.004468366190344062,0.0001362722130621464
2.67368,0.003034704356270811,9.652762852353795e-05
2.67632,0.002274326304106549,7.458610356125024e-05
2.67896,0.003248730507769144,0.0001038413260991734
2.68161,0.00394941051609323,0.0001275177258114019
2.68425,0.003161608768035513,0.0001045902922202213
2.6869,0.00359092237791343,0.000117467036551144
2.68954,0.003094132283573806,0.0001026380290508704
2.69218,0.004319902816315205,0.0001403384777458236
2.69483,0.003451830674250832,0.0001159558091917017
2.69747,0.003008638110432856,0.0001019437908062378
2.70011,0.003540639497780244,0.000117232822985242
2.70276,0.003561163776359601,0.0001213157087652116
2.7054,0.00417641599611543,0.0001393298817582301
2.70805,0.002632979259156492,9.160348048899189e-05
2.71069,0.00283293417036626,9.726803511017656e-05
2.71333,0.002092929314650392,7.399233147827718e-05
2.71598,0.003119427094894563,0.0001092671915126863
2.71862,0.00258377226692564,9.189641526918163e-05
2.72126,0.003182274972253053,0.0001120131407201622
2.72391,0.001637901983906769,5.922094915720783e-05
2.72655,0.002087794811320753,7.364377450123539e-05
2.7292,0.00453222128190899,0.0001505370655395716
2.73184,0.002820723987236403,9.545225326320103e-05
2.73448,0.00391280743618202,0.0001290671781890788
2.73713,0.002296590316315207,7.679973867241948e-05
2.73977,0.004572937916204215,0.0001482952665069588
2.74241,0.003772889359045506,0.0001228372940708186
2.74506,0.002941768243618202,9.624253561763835e-05
2.7477,0.004388610849056607,0.0001406116128646557
2.75035,0.002644521018312988,8.645414374198259e-05
2.75299,0.001964287458379577,6.575264266823072e-05
2.75563,0.001944282810765816,6.397959751684686e-05
2.75828,0.003547829633740292,0.00011328597254597
2.76092,0.003335138041065481,0.000108319168941876
2.76356,0.00186073668146504,6.136308835834282e-05
2.76621,0.003357825541065485,0.0001075083402435164
2.76885,0.004836530452275251,0.0001513588847127934
2.77149,0.003382987583240846,0.0001082556865791055
2.77414,0.002905723709766923,9.395785358928909e-05
2.77678,0.003322863762486126,0.000105703218763649
2.77943,0.002517747086570477,8.135630738761882e-05
2.78207,0.003172257769145391,0.000101803336583363
2.78471,0.004156342674805773,0.0001315151797592541
2.78736,0.00293907623473918,9.463402277693902e-05
2.79,0.001538164886237513,5.04536641671393e-05
2.79264,0.002518026359600442,8.160879809183647e-05
2.79529,0.003787423002219758,0.0001195207796845366
2.79793,0.002699817078246393,8.671071215786149e-05
2.80058,0.003553280036071034,0.0001114044396222913
2.80322,0.004599038498890119,0.0001433997041935524
2.80586,0.003800937985571586,0.0001202358295437315
2.80851,0.003007875832408433,9.573200167269857e-05
2.81115,0.003105355854605997,9.826581389508362e-05
2.81379,0.002715447211431742,8.682492974622537e-05
2.81644,0.003136698529411762,0.000100138396088925
2.81908,0.003221663915094342,0.0001020492530332256
2.82173,0.002384110363485015,7.67299570638671e-05
2.82437,0.001501742647058827,4.895202408293289e-05
2.82701,0.002099776082130969,6.764803400106011e-05
2.82966,0.001716460113762487,5.618952554274819e-05
2.8323,0.003155162597114317,9.912346550410697e-05
2.83494,0.003285036001664817,0.0001034897753246668
2.83759,0.003479238346281908,0.0001083185754221375
2.84023,0.004771908504439514,0.0001462404826028397
2.84288,0.003657432852386239,0.0001152688954179873
2.84552,0.002609680563263041,8.221030991152629e-05
2.84816,0.003292594686459489,0.0001045933721347892
2.85081,0.002823571656492785,8.980614376311316e-05
2.85345,0.003669169187014431,0.0001145760419988968
2.85609,0.002726169464483908,8.659806026113411e-05
2.85874,0.003401030452275251,0.0001066752000402693
2.86138,0.003905603565482796,0.0001222686814866168
2.86402,0.002836402192008878,9.029078117374508e-05
2.86667,0.003428618965038846,0.0001078202209403744
2.86931,0.002196736473362929,7.061909297689655e-05
2.87196,0.002631720241398447,8.336440540865636e-05
2.8746,0.003420716911764708,0.0001084054822826851
2.87724,0.003739864178690346,0.0001170309799108872
2.87989,0.004357300221975582,0.0001348516935968854
2.88253,0.004494910862930081,0.0001385668151262085
2.88517,0.003404686182019979,0.0001078159497607847
2.88782,0.00322872814927858,0.0001024743350400604
2.89046,0.003288430771365151,0.0001025876431288876
2.89311,0.002782335391231963,8.908786935855683e-05
2.89575,0.003589967813540513,0.0001128294982554799
2.89839,0.002515164955604882,7.978717636641613e-05
2.90104,0.004042266509433963,0.0001260150638064118
2.90368,0.001814661209766926,5.832289444258538e-05
2.90632,0.002175516301331852,7.001475415645071e-05
2.90897,0.003303655729744729,0.000104636170815298
2.91161,0.002909617508324084,9.232846261655023e-05
2.91426,0.00240249660099889,7.654280338914609e-05
2.9169,0.004041156284683684,0.0001262267820470324
2.91954,0.002538875693673699,8.139096941387128e-05
2.92219,0.002632310835183131,8.281839313741618e-05
2.92483,0.003510977039400665,0.0001099705926980221
2.92747,0.003933887971698111,0.00012186833161705
2.93012,0.001144357866259712,3.793415071846638e-05
2.93276,0.001696318118756936,5.501849279927677e-05
2.93541,0.00457985106825749,0.0001393876820025696
2.93805,0.002379880063817982,7.587038964517549e-05
2.94069,0.003311159475582687,0.0001035296274617791
2.94334,0.002675140330188682,8.575278152949893e-05
2.94598,0.0049256391509434,0.0001484633916467716
2.94862,0.001893379578246395,6.145906267609765e-05
2.95127,0.003418917660932295,0.0001076140512502981
2.95391,0.002734211154273034,8.669389621546252e-05
2.95655,0.002806913706992231,8.87462101318467e-05
2.9592,0.003150357727524971,9.791669952239752e-05
2.96184,0.002554457755271921,8.170722958315669e-05
2.96449,0.004166845172031078,0.0001301330184762851
2.96713,0.002900081021087682,9.175025399420743e-05
2.96977,0.002159185696448389,6.962095815260297e-05
2.97242,0.003759573529411764,0.0001169141413947605
2.97506,0.004069996947835742,0.0001273022414836655
2.9777,0.00291884496392897,9.232932535590307e-05
2.98035,0.003268645879578247,0.0001024785270047186
2.98299,0.005027374653163155,0.0001538754185284086
2.98564,0.002604193534961156,8.264556050939932e-05
2.98828,0.002692745976692564,8.575718313703681e-05
2.99092,0.002781238901220865,8.776417429714643e-05
2.99357,0.003236167799667037,0.0001019107994595687
2.99621,0.002791157672031077,8.903832557034652e-05
2.99885,0.002878233629300779,9.120829375149146e-05
3.0015,0.003048716079356274,9.625627154737486e-05
3.00414,0.002921607935627079,9.266451602407474e-05
3.00679,0.00185448508601554,5.984140131454483e-05
3.00943,0.002595453662597114,8.297175382179415e-05
3.01207,0.002434040718645951,7.715035089103979e-05
3.01472,0.003690105507769145,0.0001155756068830284
3.01736,0.003696677580466147,0.0001155835388279793
3.02,0.003413178829078804,0.0001068707096814403
3.02265,0.002939188401775804,9.281287379856019e-05
3.02529,0.002508911071032185,7.965787628551571e-05
3.02794,0.003446849542175357,0.0001081341913377342
3.03058,0.003155540302441732,9.889346429323018e-05
3.03322,0.002512694991675915,8.030947159696546e-05
3.03587,0.002738171337402884,8.682938684830142e-05
3.03851,0.004017180008324083,0.0001230710677311799
3.04115,0.00194355715871254,6.251666244606875e-05
3.0438,0.003252175638179802,0.0001016706033942195
3.04644,0.002795417730299669,8.780161929819294e-05
3.04908,0.002929116259711432,9.269006463796934e-05
3.05173,0.002040474056603775,6.529846022541168e-05
3.05437,0.001366194506104328,4.444270025193571e-05
3.05702,0.002461086709211989,7.781612014080151e-05
3.05966,0.002889596836847944,8.970567132007892e-05
3.0623,0.003216950610432856,0.0001006473753360013
3.06495,0.002754218091009988,8.640335509970735e-05
3.06759,0.002293076512208655,7.269570801162839e-05
3.07023,0.002429794395116536,7.707487852806551e-05
3.07288,0.002548538082685902,8.06669798093471e-05
3.07552,0.001885962819089898,6.0747660125631e-05
3.07817,0.0037692176054384,0.0001169784983261062
3.08081,0.003826944714206438,0.0001175010538411596
3.08345,0.004436041481687017,0.0001352267346469941
3.0861,0.002318394214761377,7.335988252484368e-05
3.08874,0.002492569020532742,7.865560120872862e-05
3.09138,0.003265697488901221,0.0001017422112633767
3.09403,0.003069826373473916,9.597096051812454e-05
3.09667,0.002282541967258601,7.303620164123875e-05
3.09932,0.003106889567147613,9.624090783500598e-05
3.10196,0.003724529342397337,0.0001148372788559904
3.1046,0.004529121809100997,0.0001373319156529726
3.10725,0.002632784683684796,8.288660632702638e-05
3.10989,0.00219525541065483,7.00350431416934e-05
3.11253,0.002522684725305219,7.948038165281243e-05
3.11518,0.002329301886792452,7.390805249491876e-05
3.11782,0.002904613485016649,9.070357754735414e-05
3.12047,0.002669101623196449,8.377992437798187e-05
3.12311,0.002904235779689233,9.129686149024199e-05
3.12575,0.002723207339067705,8.522283407455842e-05
3.1284,0.003092401706437292,9.681964780328295e-05
3.13104,0.002861271226415096,8.980555613541768e-05
3.13368,0.003668551123751389,0.0001143533450442563
3.13633,0.002698207824639287,8.463725160968976e-05
3.13897,0.001689485086015541,5.403777338457999e-05
3.14161,0.002936004231409545,9.256712118979091e-05
3.14426,0.002309100374583794,7.391705963714133e-05
3.1469,0.003011341564927858,9.432259876099041e-05
3.14955,0.003601385960044395,0.0001114803324638317
3.15219,0.002303986473362931,7.289439084022048e-05
3.15483,0.001764426401220866,5.643609764903243e-05
3.15748,0.003644645810210876,0.0001126466511372044
3.16012,0.002941965108213095,9.221945512065184e-05
3.16276,0.003825914608768038,0.0001183395093151519
3.16541,0.003217612167036627,0.0001007738941035365
3.16805,0.003501870907325195,0.0001084387141416339
3.1707,0.002863569506104328,8.998442379233958e-05
3.17334,0.003183813263041068,9.876573380281791e-05
3.17598,0.002209560141509435,7.040492099785063e-05
3.17863,0.001968829078801332,6.275019901052839e-05
3.18127,0.002974930771365152,9.296498253094784e-05
3.18391,0.003499993826304104,0.000108265008923576
3.18656,0.002107284406215317,6.679486109453415e-05
3.1892,0.003070508532186459,9.654722520640066e-05
3.19185,0.003039731270810211,9.484631456225047e-05
3.19449,0.001648182436182019,5.292007280490147e-05
3.19713,0.003344555493895672,0.0001040143986448445
3.19978,0.002899144769700336,9.031060497873418e-05
3.20242,0.002087119519977801,6.620971165718918e-05
3.20506,0.002690106617647059,8.405653748131104e-05
3.20771,0.002461088998335182,7.720925020116863e-05
3.21035,0.003509150319089902,0.0001080118551351881
3.213,0.002184562916204218,6.894799952146961e-05
3.21564,0.003809529064927858,0.0001151264600990214
3.21828,0.002615499514428412,8.164626129941755e-05
3.22093,0.002480970033296336,7.769549504706348e-05
3.22357,0.001846047377913428,5.871283426103505e-05
3.22621,0.00237885682574917,7.439536960124418e-05
3.22886,0.003448554938956717,0.0001055289241508505
3.2315,0.004190345310765817,0.0001303911194325477
3.23414,0.003212413568257491,0.0001036500136877605
3.23679,0.003752152192008882,0.000120653322894009
3.23943,0.002293177233629298,7.654028000712718e-05
3.24208,0.003759665094339624,0.0001239349510214965
3.24472,0.00254323647336293,8.678566560004656e-05
3.24736,0.001910543423973364,6.571399011065708e-05
3.25001,0.002785178482241955,9.565729494739384e-05
3.25265,0.003926855785238621,0.0001337547206508764
3.25529,0.002676122364039955,9.439202481577261e-05
3.25794,0.002448537735849055,8.604712862266822e-05
3.26058,0.002318163013318534,8.224709266274858e-05
3.26323,0.00332283400388457,0.0001159336643796322
3.26587,0.001421987305771364,5.207123491342151e-05
3.26851,0.002175447627635961,7.936853122244832e-05
3.27116,0.002819222322419535,0.0001010498826139523
3.2738,0.00241534087125416,8.763748893473204e-05
3.27644,0.001768642966148721,6.565494286434524e-05
3.27909,0.002721039539400664,9.982881635841231e-05
3.28173,0.001548115704772478,5.772296730810042e-05
3.28438,0.002597683268590459,9.687138621348692e-05
3.28702,0.001792195754716981,6.553027249751985e-05
3.28966,0.003694734114872361,0.0001288447709465398
3.29231,0.002992639428412874,0.0001041417299102036
3.29495,0.001748276637069922,6.183907077161546e-05
3.29759,0.001933352247502776,6.780796334563859e-05
3.30024,0.001597869797447281,5.605794922782765e-05
3.30288,0.001576894561598227,5.530972659928629e-05
3.30553,0.002192984600443952,7.556648993913466e-05
3.30817,0.001947361681465037,6.725884933926916e-05
3.31081,0.0027976519145394,9.521880804165847e-05
3.31346,0.002476233837402889,8.488779304614402e-05
3.3161,0.00247383483629301,8.406816887701155e-05
3.31874,0.002848697072697005,9.657255066334333e-05
3.32139,0.002366484114872365,8.0387841878455e-05
3.32403,0.002411041897891233,8.222385415813858e-05
3.32667,0.00211757401498335,7.180991478183404e-05
3.32932,0.003308641440066593,0.0001097865856736772
3.33196,0.005900830812985573,0.0001879468296044193
3.33461,0.002255411279134298,7.67316452481644e-05
3.33725,0.002871792036625972,9.613070900512866e-05
3.33989,0.002472463651498337,8.330144595121101e-05
3.34254,0.001625572766370701,5.503186156060537e-05
3.34518,0.003936135890677023,0.0001285206030104901
3.34782,0.002233138110432856,7.49938878607955e-05
3.35047,0.003247048002219758,0.0001063693829292798
3.35311,0.003119534683684793,0.0001024876603291754
3.35576,0.003595008462819091,0.0001175193900166601
3.3584,0.004039164747502776,0.0001303015875137696
3.36104,0.003366091564927857,0.0001097367025745166
3.36369,0.002916120907325195,9.676249421864532e-05
3.36633,0.002553892341842399,8.460297189670325e-05
3.36897,0.003274043632075473,0.0001073877355178366
3.37162,0.001006000971143177,3.404218770259622e-05
3.37426,0.003242694089900109,0.000106393507988523
3.37691,0.003277220935072141,0.0001074630704816185
3.37955,0.003185953593229746,0.0001037292660312012
3.38219,0.00367123626526082,0.0001182937650172163
3.38484,0.001687074639289677,5.659163856630575e-05
3.38748,0.00322962319644839,0.0001053287298197347
3.39012,0.003754425291342952,0.0001220347199174309
3.39277,0.003224291828523859,0.0001049952512907722
3.39541,0.003463191592674804,0.0001118477740136709
3.39806,0.004617566662042175,0.0001472282326005487
3.4007,0.001851951026637068,6.219784097094726e-05
3.40334,0.002899598016093233,9.535484751387013e-05
3.40599,0.002662575332963374,8.78232749095875e-05
3.40863,0.004155097391786902,0.0001321407689602362
3.41127,0.001877412943951166,6.27646628256934e-05
3.41392,0.002986170366259713,9.754483409414907e-05
3.41656,0.003325205535516091,0.0001079960035208592
3.41921,0.004507317910654831,0.0001432039490877497
3.42185,0.002886158573806882,9.415433487994465e-05
3.42449,0.003338171129300776,0.0001087853178510491
3.42714,0.002689337472253053,8.76530295179697e-05
3.42978,0.003459492369589344,0.0001119609267227737
3.43242,0.003029377566592677,9.909492661494307e-05
3.43507,0.001378992993895672,4.660944038456794e-05
3.43771,0.002727618479467256,8.957130467828437e-05
3.44035,0.001970287250277471,6.531538134379908e-05
3.443,0.001879003884572697,6.269679860941895e-05
3.44564,0.004405298557158713,0.0001400119884454393
3.44829,0.004175793354605994,0.0001317633653574108
3.45093,0.002034726068257492,6.731184868314894e-05
3.45357,0.002946456367924526,9.556711483508663e-05
3.45622,0.00250794963928968,8.214668380631124e-05
3.45886,0.003325532880133188,0.0001077447120823588
3.4615,0.001359450749167591,4.515379100792688e-05
3.46415,0.003590741537180912,0.0001146450416840054
3.46679,0.003770211084905657,0.0001200987190864706
3.46944,0.003334352871809102,0.0001073395136035445
3.47208,0.002528107658157602,8.252972686267349e-05
3.47472,0.003675887763596006,0.0001172756040663849
3.47737,0.002875740774139843,9.269451456886991e-05
3.48001,0.002542883948390676,8.214896164497014e-05
3.48265,0.002730946864594895,8.783585741002266e-05
3.4853,0.003434957547169813,0.0001092554836941167
3.48794,0.001904898446170922,6.289269794625516e-05
3.49059,0.002475297586015538,8.072330124185998e-05
3.49323,0.002183917383462821,7.064727927420393e-05
3.49587,0.001927830882352941,6.250759482115461e-05
3.49852,0.003674395255271921,0.0001167491290327303
3.50116,0.002855983351831302,9.222984329446489e-05
3.5038,0.002413571379023307,7.837861680528687e-05
3.50645,0.001956277816315205,6.40079103773637e-05
3.50909,0.002448315690899001,7.936716848417252e-05
3.51174,0.002926895810210879,9.373455677251609e-05
3.51438,0.002309951928412875,7.556060312709391e-05
3.51702,0.002183514497780244,7.085351687928953e-05
3.51967,0.002761268590455053,8.931439628710452e-05
3.52231,0.004654018659822421,0.0001444908875365341
3.52495,0.003031028024417315,9.780789345990005e-05
3.5276,0.002860316662042179,9.148208808189653e-05
3.53024,0.002613812430632631,8.405315814281838e-05
3.53288,0.00208464497780244,6.794892856696042e-05
3.53553,0.002251391578801332,7.352335660657472e-05
3.53817,0.003382392411209769,0.0001079976515996608
3.54082,0.001560032880133184,5.127432675910779e-05
3.54346,0.002407090871254161,7.800172979468885e-05
3.5461,0.00267290385682575,8.699045842841719e-05
3.54875,0.003511196795227523,0.000111463307472498
3.55139,0.002578015122086569,8.311593267912669e-05
3.55403,0.002509217813540509,8.135843155625251e-05
3.55668,0.001973604189789121,6.417205860875044e-05
3.55932,0.002512250901775804,8.143027780576233e-05
3.56197,0.003418164539400664,0.0001083475756975799
3.56461,0.004244677649833521,0.0001322788024276698
3.56725,0.002996704911209771,9.623275879800934e-05
3.5699,0.002026597391786901,6.645595348098077e-05
3.57254,0.002745771226415096,8.764984288852777e-05
3.57518,0.002255528024417311,7.301840590078486e-05
3.57783,0.002698319991675915,8.709668899174671e-05
3.58047,0.003160354328523865,0.0001010642265193668
3.58312,0.001880926748057714,6.161995803552733e-05
3.58576,0.003948588720865703,0.0001236910364700687
3.5884,0.001649821448390677,5.430195666648616e-05
3.59105,0.00395299528301887,0.0001241938966261342
3.59369,0.002293092536071034,7.443904670484017e-05
3.59633,0.002437183684794674,7.848555937626053e-05
3.59898,0.003063810557713652,9.755759741899683e-05
3.60162,0.003471899417314094,0.0001106477818388843
3.60427,0.003316676262486127,0.0001059833618951565
3.60691,0.002006627081021089,6.531067645517693e-05
3.60955,0.001626026012763595,5.345818720629006e-05
3.6122,0.003697117092119867,0.0001169882573735662
3.61484,0.001465267758046616,4.87354795191503e-05
3.61748,0.002557202413984463,8.215728738553503e-05
3.62013,0.002993529897336296,9.556951711457221e-05
3.62277,0.002787897960599336,8.962740798356932e-05
3.62541,0.004452932921753606,0.0001381350965730846
3.62806,0.003700218854051053,0.0001174458216592477
3.6307,0.00274012167036626,8.815794170367896e-05
3.63335,0.003258486750832409,0.0001042962578901455
3.63599,0.001635901290233078,5.386499201398558e-05
3.63863,0.001248231409544951,4.138858742801901e-05
3.64128,0.003107908226970032,9.929909131266558e-05
3.64392,0.003707658504439515,0.0001170515811495834
3.64656,0.003481733490566042,0.0001101825373070358
3.64921,0.002334024347946725,7.614720772378173e-05
3.65185,0.002951895324639292,9.464599541853147e-05
3.6545,0.002164837541620422,7.02591063367595e-05
3.65714,0.002256743548834632,7.318860983734167e-05
3.65978,0.002945197350166481,9.445935180205455e-05
3.66243,0.002605580743618199,8.402802793852872e-05
3.66507,0.002078569644839069,6.771433511515925e-05
3.66771,0.002873163221420645,9.210566312194054e-05
3.67036,0.002068112930077694,6.714735241902648e-05
3.673,0.00317607602663707,0.000101024227372397
3.67565,0.002579184864039955,8.264539259043914e-05
3.67829,0.002001414747502772,6.493470580064434e-05
3.68093,0.004462357241953385,0.0001391494623833555
3.68358,0.002793327760821311,8.866782872827011e-05
3.68622,0.003572364456159824,0.0001130032728913518
3.68886,0.003476585252497225,0.000108864727422807
3.69151,0.003588244103773586,0.0001128232436336461
3.69415,0.002802170643729189,8.895851492297509e-05
3.6968,0.001281680077691453,4.176162125401355e-05
3.69944,0.002386619242508325,7.699645946326338e-05
3.70208,0.001790446864594896,5.778792003589313e-05
3.70473,0.001477523723640399,4.825132946264685e-05
3.70737,0.003236227316870144,0.0001010090946837108
3.71001,0.002528945477247502,8.006572540611262e-05
3.71266,0.00387516051609323,0.0001200113775623814
3.7153,0.003251967327968924,0.0001028603642928477
3.71794,0.002940761029411763,9.302904638114199e-05
3.72059,0.003475200332963371,0.0001088765618301211
3.72323,0.00148374327136515,4.817817875463157e-05
3.72588,0.002093982311320756,6.750453197588234e-05
3.72852,0.002838075541065481,8.969280680844349e-05
3.73116,0.003480515677025529,0.0001081879758134226
3.73381,0.002079613485016649,6.705155509099086e-05
3.73645,0.003265612791342951,0.0001018877393788044
3.73909,0.002164826096004437,6.985049394915319e-05
3.74174,0.002122960321864596,6.767055805540547e-05
3.74438,0.002892160654827968,9.135552623654686e-05
3.74703,0.003576725235849055,0.0001123164853318117
3.74967,0.002929498543285238,9.30321169898851e-05
3.75231,0.002822076859045509,8.834380454473313e-05
3.75496,0.002739709628190898,8.67997752524365e-05
3.7576,0.001208762347391788,3.934459243415187e-05
3.76024,0.003289138110432851,0.0001034365591653447
3.76289,0.003605563609877912,0.0001120439023802097
3.76553,0.003126074708657046,9.842621364417806e-05
3.76818,0.002664477594339623,8.462566483466988e-05
3.77082,0.0016681756381798,5.371512786217687e-05
3.77346,0.001674010613207549,5.427651880929206e-05
3.77611,0.003568124999999999,0.0001112228834350417
3.77875,0.001928394006659266,6.202565049622977e-05
3.78139,0.002096884919533849,6.742825515388174e-05
3.78404,0.002338085252497228,7.470769843547093e-05
3.78668,0.002785579078801332,8.796793177115899e-05
3.78933,0.001944992438956714,6.247682067299963e-05
3.79197,0.001736638734739177,5.80698670081377e-05
3.79461,0.001973006728634852,6.667137913589108e-05
3.79726,0.002004704217536072,6.803080345257351e-05
3.7999,0.001623906284683684,5.667006339811134e-05
3.80254,0.001681244242508321,5.901452028770902e-05
3.80519,0.002933877635960044,0.0001015747753716917
3.80783,0.00241813360155383,8.502365086852615e-05
3.81047,0.002061096767480579,7.386625495541405e-05
3.81312,0.002175124861265263,7.941788210141116e-05
3.81576,0.00198583268590455,7.237109409598349e-05
3.81841,0.002741756104328524,9.832411400913903e-05
3.82105,0.0009506888873473934,3.614861949371998e-05
3.82369,0.001889504092674809,7.016676345263698e-05
3.82634,0.001998507561043286,7.444263231408273e-05
3.82898,0.001978051956159823,7.422106983045584e-05
3.83162,0.002920101692563818,0.0001082299614317255
3.83427,0.001794455119311873,6.857156550411037e-05
3.83691,0.002976633879023311,0.0001124068974654361
3.83956,0.002089678759711431,8.039924377313022e-05
3.8422,0.002427214553274142,9.319008067880608e-05
3.84484,0.001687289816870145,6.610284361038151e-05
3.84749,0.001732950957269701,6.617678011766758e-05
3.85013,0.001137726276359603,4.292200440677677e-05
3.85277,0.001870843160377358,6.824773548240724e-05
3.85542,0.002699752982796896,9.72797231080621e-05
3.85806,0.002592972253052166,9.263838162637997e-05
3.86071,0.003333814927857934,0.0001165652703386367
3.86335,0.002215539331298561,7.859843326012368e-05
3.86599,0.002304659475582687,8.109831542554032e-05
3.86864,0.002431685210876804,8.502327928632484e-05
3.87128,0.003181672932852386,0.0001102602786303308
3.87392,0.001664178829078799,5.900460380089429e-05
3.87657,0.002836848571032185,9.829726657079481e-05
3.87921,0.003208714345172031,0.000110341930256021
3.88186,0.002320852733074364,8.101973394150169e-05
3.8845,0.002715813471143173,9.411929071616583e-05
3.88714,0.001780026775804663,6.221781954196294e-05
3.88979,0.003191163637624862,0.0001094412330860347
3.89243,0.002026627150388457,7.080321370165858e-05
3.89507,0.0006792721281908981,2.406562978495693e-05
3.89772,0.002627435002774698,8.929499273832934e-05
3.90036,0.003174018104883464,0.000106294360977982
3.903,0.003065213790233074,0.0001026853010424426
3.90565,0.002792437291897894,9.401546661412441e-05
3.90829,0.003339704841842397,0.0001108520210778029
3.91094,0.002324625208102109,7.907438990383092e-05
3.91358,0.002043493410099885,6.943465123923988e-05
3.91622,0.003005767549944507,9.958658016734218e-05
3.91887,0.001766118063263041,6.062895943761923e-05
3.92151,0.003656707200332963,0.0001195155317679619
3.92415,0.002160380618756937,7.268260479050268e-05
3.9268,0.001615127497225303,5.517147897374282e-05
3.92944,0.002343013734739182,7.80886156451262e-05
3.93209,0.003732202483351829,0.0001213764058430958
3.93473,0.003241778440621534,0.0001054915517856717
3.93737,0.002979909614317426,9.772720799962297e-05
3.94002,0.002423757977247504,8.056660100282563e-05
3.94266,0.004449622849611547,0.0001423890394017684
3.9453,0.00131907290510544,4.483151951964065e-05
3.94795,0.002952888804106549,9.687958632548452e-05
3.95059,0.001898607935627082,6.392004759743848e-05
3.95324,0.003472171822974473,0.0001135417387064799
3.95588,0.002473610502219754,8.221490908215864e-05
3.95852,0.003099296545504996,0.0001018930728586437
3.96117,0.003565291065482798,0.0001163613567130337
3.96381,0.003207984114872365,0.0001047514559511852
3.96645,0.002865664053829081,9.407183229594302e-05
3.9691,0.002826964137069922,9.301870595499915e-05
3.97174,0.003187771157047726,0.0001048141832786924
3.97439,0.002757063471143174,9.151058702156624e-05
3.97703,0.002420367785793564,7.956445371101822e-05
3.97967,0.002898512971698112,9.508472065944235e-05
3.98232,0.004279637139289678,0.0001364327000961454
3.98496,0.004706995837957826,0.0001493605680852933
3.9876,0.002251698321309656,7.47493316312985e-05
3.99025,0.003923824986126527,0.0001261697869704846
3.99289,0.001587939581021088,5.393810730061839e-05
