0.0431807,69.148618222808,0.4868507412355544
0.0458244,59.88375262208658,0.4362151703118046
0.0484682,52.54766125138735,0.4033455649323621
0.0511119,45.88403278301887,0.3907916072221628
0.0537556,40.79814424944506,0.3468383789221555
0.0563993,36.06588610571588,0.3366721045259733
0.059043,32.06121144006659,0.2957504700799798
0.0616867,28.53192615357936,0.2879872168734332
0.0643304,25.88122564719756,0.2689751594946991
0.0669742,23.51866836293008,0.2452417885399431
0.0696179,21.14509824431188,0.2366040896370374
0.0722616,19.19648212333518,0.2116330813237959
0.07490529999999999,17.46226679175916,0.2010808300088271
0.07754900000000001,15.96389954841842,0.1902411077939288
0.08019270000000001,14.56547251664817,0.1742398301977982
0.08283649999999999,13.34915487236404,0.1687919994083867
0.08548020000000001,12.23710875832409,0.1539162613238741
0.08812390000000001,11.30061829495006,0.1545436642508333
0.0907676,10.40496377497226,0.1462643487544232
0.0934113,9.633200333657047,0.1384603300768015
0.096055,8.898085205327414,0.1347102628746716
0.0986987,8.247077293285239,0.1244720855153158
0.101342,7.702176559378469,0.1206075440404811
0.103986,7.107597502774696,0.1092461251344049
0.10663,6.630940498751388,0.1062827570588579
0.109274,6.179459111403996,0.1019418511010773
0.111917,5.747348765260822,0.09427963219172339
0.114561,5.319663637624862,0.08812350543158405
0.117205,5.04531860918424,0.08475144687522354
0.119848,4.672488335876803,0.07934633964196054
0.122492,4.395418014705882,0.07398111974608539
0.125136,4.064634127358491,0.07034414357724833
0.12778,3.888691179938957,0.0675052633994738
0.130423,3.591790939927858,0.06345421790592842
0.133067,3.345936865288568,0.06005268057400447
0.135711,3.20626042799667,0.05608900193974277
0.138354,2.988092222530522,0.05360362992624048
0.140998,2.849196559378468,0.05111004517427865
0.143642,2.653054663568257,0.0479516778880397
0.146286,2.468007804522752,0.04423466981156726
0.148929,2.402826326304107,0.04299669525510789
0.151573,2.225346690482797,0.04117037858737854
0.154217,2.114194445061043,0.03848542001712178
0.15686,2.016980396087681,0.03718475831336446
0.159504,1.882568140954495,0.03461269867389201
0.162148,1.80071083518313,0.03326918940358803
0.164792,1.691776154966704,0.03201692436583486
0.167435,1.61389086709212,0.02996353108984553
0.170079,1.511681791065483,0.0284282821236358
0.172723,1.446945478634851,0.02712316842666274
0.175366,1.359030855299667,0.02585566720030053
0.17801,1.290995115149834,0.02449403372737178
0.180654,1.235352756659267,0.0233965805680067
0.183298,1.160092635266371,0.02233035132775292
0.185941,1.118433111126526,0.02138962393036554
0.188585,1.062751219478357,0.02044314848223653
0.191229,1.011711440760266,0.0196310736923282
0.193872,0.969763075055494,0.01874932614782943
0.196516,0.9269425305216427,0.01811697504951055
0.19916,0.8716695449500554,0.01710328452511081
0.201804,0.8485592667869035,0.01700501532561711
0.204447,0.8077340364872364,0.01598983534307916
0.207091,0.7695328509988901,0.01518709737108828
0.209735,0.7594223432297448,0.01499746157725374
0.212378,0.7092629384017758,0.014172329684871
0.215022,0.6734968534961155,0.01349849524612763
0.217666,0.6602645310765816,0.01334976628890976
0.22031,0.6327525665926749,0.01299319305212653
0.222953,0.595067326581576,0.0121355386748729
0.225597,0.5760096892341843,0.01167384583547711
0.228241,0.5507436064095449,0.01137180129910959
0.230885,0.5429711403995561,0.01118011654943381
0.233528,0.5165068618201998,0.01079118916380486
0.236172,0.4863669152330743,0.0102209797004089
0.238816,0.4674497842674806,0.009858093767478258
0.241459,0.452723236681465,0.009532153620750003
0.244103,0.4455369464483907,0.009272682909052738
0.246747,0.4233009531076582,0.008994856826730235
0.249391,0.4265986639844618,0.009055250756378476
0.252034,0.4099861764705883,0.008798437084489999
0.254678,0.3837667425083241,0.008232787811872054
0.257322,0.3765165857380688,0.008100204408259617
0.259965,0.3585745754716982,0.007770190344547666
0.262609,0.3511663089622642,0.007629694713961892
0.265253,0.3360366009988902,0.007450218765718729
0.267897,0.3254970428690344,0.00714891767582251
0.27054,0.3020085099889013,0.006744765335281716
0.273184,0.3000100367647059,0.00662349290149015
0.275828,0.2945536598224195,0.00652167686108281
0.278471,0.2846184302164262,0.006428330520629702
0.281115,0.2857463269977802,0.006419113314155751
0.283759,0.2745988693118757,0.006231433336920425
0.286403,0.2655825166481687,0.005935527016936447
0.289046,0.2520398577968924,0.005772270924549226
0.29169,0.2505438242230855,0.005699706751733296
0.294334,0.2411441349889012,0.005578592849195783
0.296977,0.2391763817980022,0.005526509207327912
0.299621,0.2248958927580466,0.005215696192452051
0.302265,0.2240160453662597,0.005203271317321187
0.304909,0.2111250769977802,0.00495424809398046
0.307552,0.2113647710876804,0.004992665905926869
0.310196,0.2027126408157603,0.004799257387051248
0.31284,0.1971975020810211,0.004674971618002786
0.315483,0.1955816100166482,0.004649597811047199
0.318127,0.1944458317841287,0.004592274208303227
0.320771,0.1811259481132075,0.00435200922276408
0.323415,0.1806554279966704,0.004349081563388827
0.326058,0.1767080181742508,0.004244726936717259
0.328702,0.1733073196448391,0.00424238573722271
0.331346,0.1727274641370699,0.004166146157488428
0.333989,0.1695948379578247,0.004087755056751891
0.336633,0.1623867598501665,0.003924109985676508
0.339277,0.1605606347114318,0.003884716785577958
0.341921,0.1590550783851277,0.003906052619155385
0.344564,0.1472264302857936,0.003661254081204339
0.347208,0.1445688429522753,0.003620722765556986
0.349852,0.1452595172031077,0.003595660705435347
0.352495,0.1420411496254162,0.00354385086682176
0.355139,0.1420581784128746,0.003529376518472169
0.357783,0.1371136745976693,0.003448050331474779
0.360427,0.1363158281770255,0.003419646514449682
0.36307,0.1305770123473918,0.003282910747867938
0.365714,0.131184007699778,0.003305307308683795
0.368358,0.132940873127081,0.00328812650080528
0.371001,0.1274372555493896,0.003215284890347192
0.373645,0.1232227004716981,0.003143300528923121
0.376289,0.1195311184794672,0.003044892150556885
0.378933,0.1192435794256382,0.003055377426369181
0.381576,0.1122929612930078,0.002873413560585779
0.38422,0.1142124414539401,0.002936501698957196
0.386864,0.1191578357380688,0.002996589187472334
0.389507,0.1102699120421754,0.002856582677552178
0.392151,0.1097660851831299,0.002861774149878073
0.394795,0.1028089636514983,0.002683405060978905
0.397439,0.1060659578940067,0.002749547329418271
0.400082,0.1113611965871254,0.002817559515980841
0.402726,0.1043885731132075,0.002707650327046306
0.40537,0.09966871698113207,0.002617439611702319
0.408013,0.09856955327413984,0.002559903342068633
0.410657,0.09666147752497226,0.002556914829093657
0.413301,0.09616074784961154,0.002517611675998383
0.415945,0.09824065892064374,0.002570441657939811
0.418588,0.09035441890954495,0.002429001085109643
0.421232,0.08698189490843507,0.002353282592979167
0.423876,0.09245436209766925,0.002491952632031932
0.426519,0.08869562180910101,0.00243003575219172
0.429163,0.08832377663706995,0.002494561947633355
0.431807,0.09200754585183128,0.00260987150932555
0.434451,0.0880202915510544,0.00257383619515476
0.437094,0.08069242362652608,0.002483780691901604
0.439738,0.08270111549667036,0.00252844918453004
0.442382,0.08136938374028856,0.002550489121039987
0.445025,0.08454716974195338,0.002613775251063128
0.447669,0.07809964823806882,0.002494699612307948
0.450313,0.07659839317425084,0.002498694451420329
0.452957,0.076276540163707,0.002455909775288674
0.4556,0.07560672898168701,0.002429220831725392
0.458244,0.06961713512763597,0.002258573922718683
0.460888,0.07286591599611543,0.002345126754879445
0.463531,0.07521712250277469,0.0024232882626638
0.466175,0.07291690621531631,0.002340655720722587
0.468819,0.07400192085183131,0.002417175968551882
0.471463,0.07032956291620422,0.002268863910359382
0.474106,0.06699735953107658,0.002246079774050118
0.47675,0.06763840788013319,0.002254574968121969
0.479394,0.06962779099611542,0.002309560226616338
0.482037,0.06778133157602664,0.002294674682386639
0.484681,0.06314345581298557,0.002072962188354382
0.487325,0.06240000353773586,0.002060424306754065
0.489969,0.06441846080743618,0.002051903797330608
0.492612,0.06884106971420645,0.00215012854819775
0.495256,0.06530375173418423,0.002033613056362117
0.4979,0.06569369700332962,0.002018916759267089
0.500543,0.06400848342119866,0.001969213436843858
0.5031870000000001,0.06279852386237514,0.00192680847361224
0.505831,0.05950040781076581,0.001858237301601579
0.508475,0.06254946725860155,0.001913774815965466
0.511118,0.05788947856548279,0.001787131902718842
0.5137620000000001,0.05890686105715872,0.001811181020359075
0.516406,0.05766689567147613,0.00176553022148875
0.519049,0.05930231853496115,0.001810138136244855
0.521693,0.05533529321587126,0.001699437349962715
0.5243370000000001,0.05854585488346282,0.00176766133903117
0.526981,0.0602953836709212,0.001805674869915732
0.529624,0.05606723806881243,0.001692013841400334
0.532268,0.06103344277192009,0.001801695743008926
0.5349120000000001,0.05312687992508323,0.001617845972341188
0.537555,0.05548661570477247,0.001666930508025346
0.540199,0.05209733990011099,0.001601211765975804
0.542843,0.05533479418701444,0.001659796906266042
0.5454870000000001,0.05466874632352942,0.001640110065735599
0.54813,0.05328467834350722,0.001576842515788774
0.550774,0.0539255504300777,0.001611066157996526
0.553418,0.05106289886237514,0.001534458815692498
0.556061,0.05202965052719202,0.001555906060812578
0.558705,0.0511770070754717,0.00154644552854947
0.561349,0.04804534690621533,0.001442250269213927
0.563993,0.05353211195893452,0.001571222987426946
0.566636,0.05151698765260822,0.001517076660647286
0.56928,0.04986616127913431,0.001493230084361563
0.571924,0.05223765399556049,0.001533961587707152
0.574567,0.04916394069089901,0.001464173028604017
0.577211,0.05086572294672587,0.001495236085963369
0.579855,0.04663891190344062,0.001390020257094607
0.582499,0.05164408663984461,0.001507947164581652
0.5851420000000001,0.04723287527746948,0.001403795044231635
0.587786,0.04717927316870145,0.001416326186494473
0.59043,0.04901957713651499,0.001442111291915857
0.593073,0.04664416773029968,0.001369885412498515
0.5957170000000001,0.04702175631243064,0.001383499311499563
0.598361,0.04456992910654829,0.001334812749397499
0.601005,0.04514781825749168,0.00133609045207296
0.603648,0.0457642264844617,0.001342544887880003
0.6062920000000001,0.04602753288013318,0.001345678911786657
0.608936,0.04490683310210877,0.001320828959644926
0.611579,0.04525703919256381,0.001315324397371081
0.614223,0.0431606510127636,0.001271593484706125
0.6168670000000001,0.04658593701442841,0.001340419596120323
0.619511,0.04416506104328525,0.001281654382094051
0.622154,0.04850256950610433,0.00137340830406849
0.624798,0.04275364261931188,0.001245512635161276
0.6274420000000001,0.04177382463928968,0.001218788677729194
0.630085,0.0417850917036626,0.001227488040889062
0.632729,0.04200708400388457,0.001222501565561791
0.635373,0.04078969395116537,0.001195657375324676
0.6380169999999999,0.04244185717258601,0.001219864509383545
0.64066,0.04128092605438402,0.001204355938343578
0.643304,0.04196081624583796,0.001218464723260315
0.645948,0.04061527192008879,0.001183622423045912
0.6485919999999999,0.04056723009156493,0.001178980962607085
0.651235,0.04100515538290789,0.001197470834108736
0.653879,0.03851569956992231,0.001140542379680778
0.656523,0.04203784753052165,0.001207261341290688
0.659166,0.04282550964206437,0.00122497265060619
0.66181,0.04087416717536071,0.001167987591326606
0.664454,0.04213881617647058,0.00120723523114772
0.667098,0.04150877164261932,0.00119758407742341
0.669741,0.03956390052719201,0.001154377064028788
0.672385,0.041516703454495,0.001186446384291296
0.675029,0.03810715975305217,0.001108079816476895
0.6776720000000001,0.03915489144006659,0.001126176146449991
0.680316,0.03897587284961154,0.001126071885177417
0.68296,0.03978385550776915,0.00113176018582696
0.685604,0.03825378038290788,0.001110055364243874
0.6882470000000001,0.03856925131798003,0.001107558124071289
0.690891,0.0402934509572697,0.001145382499962461
0.693535,0.03746699729467259,0.001079972653904119
0.696178,0.0372437253745838,0.001075640525101683
0.6988220000000001,0.03821268146503885,0.001099456298891339
0.701466,0.03865767785793563,0.00109845927270904
0.70411,0.03772333102108769,0.001085997708714968
0.706753,0.03806036091842397,0.001078282791832598
0.7093970000000001,0.03644402247502775,0.001050035572784577
0.712041,0.0380212260682575,0.001083240051167665
0.714684,0.03812804113485018,0.001078177229839834
0.717328,0.03495351713374029,0.001011455811700988
0.7199719999999999,0.03577023508601554,0.001028378949276692
0.722616,0.03865250443951165,0.00108134084464378
0.725259,0.03566412964761376,0.00102255889562668
0.727903,0.03562099341009989,0.001007174627488066
0.7305469999999999,0.03499083442008879,0.001008790196179423
0.73319,0.03459305348224195,0.0009958033716461615
0.735834,0.03640284343784684,0.001024895155682207
0.738478,0.03887078836015538,0.001070359340714855
0.7411219999999999,0.03568175360710322,0.001008761217651933
0.743765,0.03655557144839068,0.001032013710234684
0.746409,0.03755861258324086,0.001033749067813491
0.749053,0.03811961029411765,0.001056617818572868
0.751696,0.03967343965038846,0.001075456211082299
0.75434,0.03678662638734739,0.0010276854062868
0.756984,0.03322946399833518,0.0009387847001468379
0.759628,0.03344050742230855,0.0009502454178464223
0.762271,0.03623987160099889,0.001004606979219994
0.764915,0.03394723460044395,0.0009518187409277814
0.767559,0.03487087520810211,0.0009829865947307862
0.7702020000000001,0.0369058599472808,0.001008627954001454
0.772846,0.03331294145394006,0.0009340644472529935
0.77549,0.03370820664539401,0.0009497600462212337
0.778134,0.03334606048834628,0.0009299496863851933
0.7807770000000001,0.03460248466981132,0.0009635065617682744
0.783421,0.03406823307436182,0.0009458633643820618
0.786065,0.03622725395394006,0.0009904409893097749
0.788708,0.03348096309655937,0.000935304235626344
0.7913520000000001,0.03396978017480577,0.0009355455007023596
0.793996,0.03669102573529411,0.0009952326695459378
0.79664,0.03300749687846837,0.0009151704895679548
0.799283,0.03149871288845727,0.0008836324862682148
0.8019269999999999,0.03224867543007769,0.0008986438420083983
0.804571,0.0338692144145394,0.0009261254217546305
0.807214,0.03442406354051054,0.0009418436150217956
0.809858,0.03412075700610433,0.0009244699465781417
0.8125019999999999,0.03643170241398446,0.0009847222327849466
0.815146,0.03205010314927859,0.0008831484120575531
0.817789,0.0309824927164262,0.0008632204519309272
0.820433,0.03300577316870144,0.000908519958421782
0.8230769999999999,0.0311961526082131,0.0008625460954014547
0.82572,0.03371071094617092,0.0009195362702902279
0.828364,0.03244067792730299,0.0008861982671509265
0.831008,0.03370876748057714,0.0009161111934782597
0.8336519999999999,0.03375606076581576,0.00090545824878143
0.836295,0.03344575867092121,0.0009036052291446193
0.838939,0.03304954807158713,0.000898258719875537
0.841583,0.03491067161487237,0.0009208908753006697
0.844226,0.03290274660099889,0.0008981687650047081
0.84687,0.03314606666204218,0.0008908659930923686
0.849514,0.03484408102108769,0.0009240177356477209
0.852158,0.02905364088512764,0.0008109602952964729
0.854801,0.03255510890677026,0.0008634837581963099
0.857445,0.03289077906492786,0.0008828286832128627
0.860089,0.03143511875693674,0.0008449661799898963
0.8627320000000001,0.03562648043840178,0.000927834714298111
0.865376,0.03247591440066593,0.0008973259903389319
0.86802,0.03145490364872364,0.0008704379176107701
0.870664,0.03344068826304106,0.000924559968152862
0.8733070000000001,0.03254766009988901,0.0008926153775549626
0.875951,0.03402915087402886,0.0009399917747592532
0.878595,0.03176732318257492,0.0008928889089033989
0.881238,0.03317622814927858,0.0009176362631817079
0.8838819999999999,0.03090996642619312,0.0008854909647814729
0.886526,0.03233655258046615,0.0008938960567049333
0.88917,0.03450066675915649,0.0009484260790429512
0.891813,0.03310889130133186,0.0009211976604952617
0.8944569999999999,0.0314406263873474,0.0008672783482979912
0.897101,0.03194546961709212,0.0008696627821910148
0.899744,0.03269767778856826,0.0008807186237744812
0.902388,0.03018139116259712,0.0008269816702073596
0.9050319999999999,0.03205871940899001,0.0008531565087078822
0.907676,0.03157528863762486,0.000845188299017768
0.910319,0.0309636692563818,0.0008355685774547997
0.912963,0.03277117695615982,0.0008689446510773497
0.9156069999999999,0.03165879127358491,0.0008471686665716139
0.91825,0.03359091197280799,0.0008706184670478216
0.920894,0.03140500305216427,0.0008381356404414104
0.923538,0.03092191336015538,0.0008247439630666801
0.9261819999999999,0.03141210620144284,0.0008272599939911984
0.928825,0.02962440628468369,0.0008017727125406601
0.931469,0.03003456451165372,0.0008000727323940554
0.934113,0.03242734149556049,0.0008552920928567378
0.936756,0.03038968306048834,0.0007998594853015102
0.9394,0.02969129217536071,0.0007891890327237348
0.942044,0.03109905944783574,0.0008114565875272007
0.944688,0.02919473328246393,0.0007773920076617796
0.947331,0.02973992917591565,0.0007895875396219413
0.949975,0.03091142688679245,0.0008054681748836035
0.952619,0.03183181922863485,0.0008253914153682239
0.9552619999999999,0.03054823460044395,0.0007999524005831315
0.957906,0.03144931360987791,0.0008161590220819873
0.96055,0.03271769846004439,0.0008442368865226142
0.963194,0.03131700686736959,0.0007981682412335144
0.9658369999999999,0.03257017591564928,0.0008363944597229638
0.968481,0.03133521226415095,0.0008060718288831443
0.971125,0.02945625645116537,0.0007656311694889792
0.973768,0.0318854098917869,0.000810642561231671
0.9764119999999999,0.03091798522475028,0.0007866325990205718
0.979056,0.03315716433129856,0.0008355223195562075
0.9817,0.03045722592952275,0.0007801898672397251
0.984343,0.03108827767758047,0.0007872440476364239
0.9869869999999999,0.03098471545504995,0.0007822501465997595
0.989631,0.03113070199778025,0.0007959359316413481
0.992274,0.0308325665926748,0.0008111452058131237
0.994918,0.03121107082408435,0.000816155250391079
0.9975619999999999,0.03141959392341843,0.0008288231835278978
1.00021,0.03126529786348502,0.000832501118802593
1.00285,0.0304331557991121,0.0008126450719113164
1.00549,0.02997833220033297,0.0008204164610811844
1.00814,0.02860464081576026,0.0007858353602087228
1.01078,0.03102310862930078,0.0008399599224394498
1.01342,0.02809743292175361,0.0007842295014606706
1.01607,0.03076596684239733,0.0008479673812436839
1.01871,0.02984254141231965,0.0008229968595538207
1.02136,0.02841945990566038,0.0007979850294263458
1.024,0.02916507311320755,0.0008208581253397407
1.02664,0.03034342445893452,0.0008465272269219321
1.02929,0.02866009024694784,0.0008144865131280503
1.03193,0.03045622329356271,0.0008496188379526265
1.03457,0.03025715198390677,0.0008438826611950023
1.03722,0.02967565059655938,0.000841519210746382
1.03986,0.02946888096559378,0.0008292208620842508
1.04251,0.02883166460876804,0.0008227672158145352
1.04515,0.03162011195893452,0.0008655704012510758
1.04779,0.02933119249445061,0.0008113219076694462
1.05044,0.02896569506104329,0.0007958819196210475
1.05308,0.02907832450055494,0.0007845300858203761
1.05572,0.03082842327968924,0.0008249068985425406
1.05837,0.03057627407047725,0.0008054076774693032
1.06101,0.03115278745837958,0.0008251877639819156
1.06365,0.02783880549389567,0.0007473487033824048
1.0663,0.03062753669533851,0.0008028804192425299
1.06894,0.03031145456437292,0.0007955384188361049
1.07159,0.02754200235849057,0.0007297866177492149
1.07423,0.02792311161209767,0.0007450350596903115
1.07687,0.03016577934239734,0.0007790251595315704
1.07952,0.02815716301331853,0.0007446229770759679
1.08216,0.02713338013318535,0.0007194207137531337
1.0848,0.02943429231409545,0.0007506677596505796
1.08745,0.02716140357935626,0.0007138885785925516
1.09009,0.03134348286625972,0.000788991464406947
1.09274,0.02807299882075472,0.0007307746782108792
1.09538,0.02879258469755827,0.0007416569421148731
1.09802,0.02878406687014429,0.0007346867713768569
1.10067,0.02721295692286349,0.0007089392920357332
1.10331,0.0283272105299667,0.0007211892466512026
1.10595,0.02975150298279689,0.0007521424472221489
1.1086,0.02758897516648168,0.000708144523548754
1.11124,0.02471843528024417,0.0006518964321244558
1.11389,0.02792729384017758,0.0007168518737494599
1.11653,0.02765437999445061,0.0006976388289484292
1.11917,0.0286506979744728,0.0007274426629071011
1.12182,0.02849781201442841,0.0007177792522868461
1.12446,0.02993648245005549,0.0007494730906421471
1.1271,0.02888198869311876,0.0007239070115062728
1.12975,0.02646861417869035,0.0006743308535845705
1.13239,0.03036666134850166,0.0007510660465103073
1.13504,0.02773937742785794,0.0006989135519171089
1.13768,0.02724322370976693,0.000689720726133631
1.14032,0.02770233025804661,0.0006998237482662699
1.14297,0.02692077094894562,0.0006839324316137901
1.14561,0.0258263022336293,0.0006677434212514001
1.14825,0.02743847218368479,0.0006853172623658176
1.1509,0.02644494235571587,0.0006706120238558971
1.15354,0.02737784475582686,0.0006875036024242802
1.15618,0.0260221733490566,0.0006581523254660165
1.15883,0.02791563762486126,0.0007031464994582239
1.16147,0.02657773439234185,0.0006646167311817338
1.16412,0.02712647613762486,0.0006842223858578806
1.16676,0.02700589657325195,0.0006696593848512863
1.1694,0.02678235911487236,0.000671721839167514
1.17205,0.02761266759156493,0.0006832513606572141
1.17469,0.02619109461709212,0.0006555576224010155
1.17733,0.02489541884017758,0.0006327022330586861
1.17998,0.02544923557158713,0.0006359876638441198
1.18262,0.02403159073251943,0.0006131881560549145
1.18527,0.02664348258879024,0.0006597869261074908
1.18791,0.02782052913429523,0.0006837090705877099
1.19055,0.02578590149833519,0.0006460341313122167
1.1932,0.02606064435349611,0.0006432526822551328
1.19584,0.02491921198668147,0.0006268829021974454
1.19848,0.02488392286348502,0.0006206084545090777
1.20113,0.02459053052164262,0.0006193077666326133
1.20377,0.02773215295504994,0.00067498294284114
1.20642,0.02564523258879024,0.0006365056841774495
1.20906,0.02466427462541621,0.0006192745042351821
1.2117,0.0244247705327414,0.0006063997989840638
1.21435,0.02365787076859045,0.0005954564082957121
1.21699,0.02303379626803552,0.0005805465245371878
1.21963,0.02356381527469478,0.0005919894923221746
1.22228,0.02374490552164262,0.000597378651862895
1.22492,0.02528037382075472,0.0006201762774973923
1.22757,0.02318186591287459,0.0005825620410537247
1.23021,0.02235515364872364,0.0005624824920833546
1.23285,0.0236507515954495,0.0005885059606523125
1.2355,0.02359166245837958,0.0005891516480677997
1.23814,0.02314827760821309,0.000578032653780306
1.24078,0.02486076609322975,0.0006139766377811278
1.24343,0.02351754064927858,0.0005854893258301755
1.24607,0.02486175041620422,0.0006075828040671116
1.24871,0.0229794044117647,0.0005719076593624791
1.25136,0.02074830819922309,0.0005264335404021422
1.254,0.02125414719755827,0.0005383434036330216
1.25665,0.0230412839900111,0.0005717582067177844
1.25929,0.02399730653440622,0.0005908431577127269
1.26193,0.02217295088790233,0.00054946414353509
1.26458,0.02308410661764706,0.0005679315902650134
1.26722,0.02113999320199778,0.0005327114795138222
1.26986,0.02197641821587126,0.0005477930930916851
1.27251,0.02348260862930078,0.0005772900506939662
1.27515,0.02229972710876804,0.0005505054662267134
1.2778,0.0232990346836848,0.0005719026553878546
1.28044,0.02079831409544951,0.0005183596672257577
1.28308,0.02056685398168702,0.0005155528125009318
1.28573,0.02219244963928968,0.0005506445625260963
1.28837,0.02124656333240843,0.0005243060301576096
1.29101,0.0202419610155383,0.0005140787888942771
1.29366,0.0204563282463929,0.0005097212147097621
1.2963,0.0209452048418424,0.000520960554346009
1.29895,0.02227361508046615,0.0005469376132029436
1.30159,0.01981271379023307,0.0004940213869799371
1.30423,0.02054337902330744,0.0005148415678602361
1.30688,0.0184110332963374,0.0004644456837546134
1.30952,0.01929368715316316,0.0004865951100449609
1.31216,0.01978858185349612,0.0004923072307295273
1.31481,0.02077153135405106,0.0005132304549655102
1.31745,0.01847035821309656,0.0004671960275892427
1.3201,0.01908208518312985,0.000475506985848186
1.32274,0.0218107497918979,0.0005299401832041658
1.32538,0.01791657581853497,0.0004509977208081393
1.32803,0.01839159635127636,0.000460365737945273
1.33067,0.01972648251942286,0.0004919022085159686
1.33331,0.01935659454772476,0.0004763767400902286
1.33596,0.01962102032463929,0.000486049268513501
1.3386,0.01894545199778025,0.0004715902933731508
1.34124,0.01874157581853496,0.0004659850195501911
1.34389,0.01812972752497225,0.0004537471862440563
1.34653,0.01791111397058823,0.0004465222714460655
1.34918,0.01879609128745837,0.0004680961077651269
1.35182,0.01881078745837958,0.0004639359633246411
1.35446,0.01834590087402886,0.000458239239089097
1.35711,0.01979270914261931,0.0004850120661050626
1.35975,0.01704184919533851,0.0004310831300833775
1.36239,0.01933063131243063,0.000477318187434941
1.36504,0.01776559211986681,0.0004407869131541705
1.36768,0.01720320491120977,0.00043366366017802
1.37033,0.01959630008324085,0.0004797683144276442
1.37297,0.01798558830466149,0.0004484372733497777
1.37561,0.01738482165649279,0.0004405091883503022
1.37826,0.01870106291620422,0.000458364485339297
1.3809,0.01781081374861265,0.0004458745549238547
1.38354,0.01762849882075472,0.0004410808356930563
1.38619,0.01707449667036626,0.0004306873746829756
1.38883,0.01727746177857935,0.0004313885947803346
1.39148,0.01382898466981132,0.0003614767136553725
1.39412,0.01506493035516093,0.0003881670808856786
1.39676,0.01637126428967814,0.0004110097670535587
1.39941,0.01804573501664817,0.0004460659916559596
1.40205,0.01719078641786903,0.0004278544702083411
1.40469,0.01737612985571587,0.0004368914049459966
1.40734,0.01615105750554939,0.000406828891408067
1.40998,0.01624103607103218,0.0004077925239877744
1.41263,0.0149652413290788,0.0003803788132297226
1.41527,0.01519704252219756,0.0003860500607841173
1.41791,0.01567819790510544,0.0003974244566967434
1.42056,0.0152822207963374,0.0003886188808329368
1.4232,0.0174748551609323,0.0004311082458128383
1.42584,0.0168447625554939,0.000418189263677179
1.42849,0.01445618153440622,0.0003708954322577036
1.43113,0.01689581229189789,0.0004205825518791704
1.43377,0.01577383289400666,0.0003965938180536919
1.43642,0.01505765094339623,0.0003798033925223161
1.43906,0.01487340628468368,0.0003785598019019847
1.44171,0.01563156617647059,0.0003927094191807923
1.44435,0.01439803093784684,0.0003665524207243557
1.44699,0.01438138443396226,0.0003657059915226655
1.44964,0.01519259475582686,0.0003841552575680319
1.45228,0.01526605500832408,0.0003833262648102172
1.45492,0.01526042834350722,0.0003824639551215965
1.45757,0.01352408719478358,0.0003458164256850625
1.46021,0.01448476810488346,0.0003666704656722721
1.46286,0.01502960689511654,0.0003773887571706432
1.4655,0.01411635203940067,0.0003593898989146201
1.46814,0.01337888124306326,0.0003415688275085752
1.47079,0.01447741315205328,0.0003671484905953462
1.47343,0.01228595081853496,0.0003179463937466327
1.47607,0.01648746018312985,0.0004075663855995241
1.47872,0.01277646871531632,0.0003271708297243658
1.48136,0.01301112902330744,0.0003352180321875064
1.48401,0.01315050915649279,0.0003394516127168026
1.48665,0.01422195387069922,0.0003581988234598872
1.48929,0.01442522343229745,0.0003616494572672359
1.49194,0.01409047807991121,0.0003522345262273316
1.49458,0.01359855695061043,0.0003479121715787201
1.49722,0.01272196698113207,0.0003252653830200308
1.49987,0.01231256416481687,0.0003170534141251451
1.50251,0.01314308324084351,0.0003374571952286068
1.50516,0.01331212125416205,0.0003367841268246335
1.5078,0.01344054564372919,0.0003400725645028673
1.51044,0.01207998009156493,0.0003116948485358144
1.51309,0.01336220269145394,0.0003376444275149589
1.51573,0.01282786182019978,0.0003282927148321317
1.51837,0.01412286688401776,0.0003512483492721959
1.52102,0.01349105056881243,0.0003397002171849067
1.52366,0.01295244277192009,0.0003264821866936668
1.5263,0.01200530660377359,0.0003059756359983998
1.52895,0.01357647835738069,0.0003424042981876917
1.53159,0.01242348820754717,0.0003176794411827469
1.53424,0.01245084322974473,0.0003197404870528159
1.53688,0.01221675520255272,0.0003120416282093918
1.53952,0.01328743992785794,0.000332808673506586
1.54217,0.01216220768590455,0.0003082034620766098
1.54481,0.01308391627358491,0.000329371936812445
1.54745,0.01039010585460599,0.0002734679645149846
1.5501,0.0114998521781354,0.0002995983551130643
1.55274,0.0117700396781354,0.0003093211083911382
1.55539,0.01228726935349612,0.0003224952039190476
1.55803,0.01250016009988901,0.0003294364501122378
1.56067,0.01301513041065483,0.0003438933841090447
1.56332,0.01129793319922309,0.0003032748468352813
1.56596,0.01124960751942286,0.0003079019458673829
1.5686,0.01153245615982242,0.0003116728389383088
1.57125,0.01163102809378468,0.0003198853529699049
1.57389,0.01056260960044395,0.000293159533227221
1.57654,0.01085323210321865,0.0002993197956550333
1.57918,0.0114378512763596,0.0003184904552385061
1.58182,0.01137927490288568,0.0003151004442135967
1.58447,0.01033044901498335,0.0002925608499609304
1.58711,0.009583551609322973,0.0002727125191601357
1.58975,0.01089185876803551,0.0003054597645396926
1.5924,0.01101705320477247,0.0003142493334087916
1.59504,0.01051482415371809,0.0002966627819327708
1.59769,0.01056498799944506,0.0003020240801801141
1.60033,0.01203622350166482,0.00033532792889285
1.60297,0.009982742647058822,0.0002866166789557424
1.60562,0.01204958282463929,0.0003356256574094932
1.60826,0.01132767806603774,0.000311510360409259
1.6109,0.009577126040510543,0.0002699881415757482
1.61355,0.009863147405660376,0.0002728301131086483
1.61619,0.0115436865982242,0.0003115273452630812
1.61883,0.01070619027469478,0.0002922707938187269
1.62148,0.01085530604883463,0.0002923562903385126
1.62412,0.009178630896226416,0.000255733072785622
1.62677,0.009007926401220867,0.0002476435488765268
1.62941,0.01053207040788013,0.0002861981024764252
1.63205,0.01071350860155383,0.0002873156225008205
1.6347,0.009558767272475028,0.0002601623906825369
1.63734,0.009197490982241952,0.0002521585688189319
1.63998,0.009854064164816871,0.0002670547831071552
1.64263,0.01114518000832408,0.0002951028105881295
1.64527,0.009509390885127634,0.0002561863826392919
1.64792,0.01006486036348502,0.0002707123808552689
1.65056,0.01005018250554939,0.0002698515583207768
1.6532,0.008816825818534962,0.0002400857906235139
1.65585,0.009003815135960045,0.0002456843363481129
1.65849,0.010265447072697,0.0002714538028847202
1.66113,0.008268551054384017,0.0002267063116769816
1.66378,0.00927601019700333,0.0002510443444751546
1.66642,0.009707331367924529,0.000260887205812732
1.66907,0.009548390677025528,0.0002585628764627629
1.67171,0.01010738540510544,0.0002679745949093625
1.67435,0.008285312014428411,0.0002268020585945102
1.677,0.008706373335183131,0.0002359845119887832
1.67964,0.009461832061598221,0.0002529915024098098
1.68228,0.007393764913984462,0.0002039436506278838
1.68493,0.01046721039123197,0.0002754566307081715
1.68757,0.008846350929522752,0.0002383847519675475
1.69022,0.009455912389012208,0.0002512167979184886
1.69286,0.009215508670921201,0.0002463225963255143
1.6955,0.01015461917314095,0.0002692188125399058
1.69815,0.009723989317425083,0.0002582500965670883
1.70079,0.009328989664261931,0.0002508096779244763
1.70343,0.009473888873473916,0.0002497543985431546
1.70608,0.008853133601553832,0.0002368702169877636
1.70872,0.008820522752497225,0.0002349283124298372
1.71137,0.007184525319089903,0.0001974453417089146
1.71401,0.008650280660377357,0.0002324818438115361
1.71665,0.008058079911209767,0.0002183163265825928
1.7193,0.00957193888734739,0.000253706072174199
1.72194,0.00862787701165372,0.0002306160924448086
1.72458,0.008997684864039955,0.0002397202272224527
1.72723,0.008868477594339624,0.0002354463480231625
1.72987,0.007832129716981131,0.0002117232633056264
1.73251,0.009020811875693676,0.0002407815662011227
1.73516,0.007355673903995563,0.0001984318096620242
1.7378,0.007101553759711432,0.0001940597653424478
1.74045,0.008326655868479469,0.0002220978494101215
1.74309,0.009191546129300779,0.0002426643602538406
1.74573,0.007329207061598226,0.0001992048706240979
1.74838,0.008245053204772475,0.0002186687287788317
1.75102,0.01132977261376249,0.0002917211595964124
1.75366,0.009154560765815762,0.0002389755964305506
1.75631,0.009096755826859046,0.0002387455315812193
1.75895,0.007757007561043286,0.0002091452878526993
1.7616,0.00677236639844617,0.0001845253864036365
1.76424,0.008026016162597115,0.0002153460505147245
1.76688,0.006935846420643731,0.0001867473614584319
1.76953,0.008203846698113207,0.0002185263265295078
1.77217,0.00735471476137625,0.0001988736178545011
1.77481,0.008029836709211986,0.0002145621546148684
1.77746,0.007286398168701442,0.0001975531010654331
1.7801,0.00847743125693674,0.000222722539680762
1.78275,0.007995209142619312,0.0002134281973347493
1.78539,0.00829606402608213,0.0002174087562008444
1.78803,0.007213881034961154,0.0001931630322402301
1.79068,0.007441477108768033,0.0002002395298565622
1.79332,0.008088728981687013,0.000212391968758179
1.79596,0.00834205937846837,0.00022209851830325
1.79861,0.007894490011098779,0.000207815185286336
1.80125,0.007298381728634851,0.0001956276900664351
1.8039,0.007161192286348502,0.0001926843979596661
1.80654,0.007254306950610433,0.0001938315558637904
1.80918,0.008558727178135406,0.0002263111808521788
1.81183,0.006696465940621532,0.0001811721373970066
1.81447,0.008180822697003333,0.0002160685882026774
1.81711,0.007833251387347391,0.0002074033290399611
1.81976,0.007250262069922308,0.0001934288035556983
1.8224,0.007188890677025528,0.000194086393676742
1.82504,0.006951845102663708,0.0001869433350029673
1.82769,0.008203038637624864,0.0002180945366692455
1.83033,0.006525630965593784,0.0001768843690114476
1.83298,0.007354561390122086,0.0001963672221904829
1.83562,0.006791654550499448,0.0001842888442590753
1.83826,0.007297358490566039,0.0001973040274918342
1.84091,0.006807802025527195,0.0001856565084271104
1.84355,0.006445360571587123,0.0001759931396924593
1.84619,0.00632972093507214,0.0001734120568937898
1.84884,0.007671323390677027,0.0002033275981181981
1.85148,0.008505468437846837,0.0002255140921812718
1.85413,0.007596480507769143,0.0002047523955543933
1.85677,0.008085144214761376,0.0002137163511162088
1.85941,0.008483735502219756,0.0002250555029415972
1.86206,0.00622967251664817,0.0001693230010354377
1.8647,0.005830591356825752,0.000161351889469809
1.86734,0.006275258115982242,0.0001717609370427912
1.86999,0.006634673349056604,0.0001797023509138053
1.87263,0.006117997641509432,0.0001695976271029709
1.87528,0.006725249375693671,0.0001825067367382456
1.87792,0.007020832408435074,0.0001904527039189852
1.88056,0.006085686667591568,0.0001674004067749475
1.88321,0.006464273307436181,0.0001758021786526344
1.88585,0.006661444644839067,0.0001830512076696515
1.88849,0.00528201213928968,0.0001460668244262989
1.89114,0.007136144700332966,0.0001934797771046571
1.89378,0.006997977802441729,0.0001881184495034159
1.89643,0.00703253211709212,0.0001905511993442758
1.89907,0.006676644422863487,0.0001825593270221099
1.90171,0.007336529966703661,0.0001958932777645059
1.90436,0.006313596351276362,0.0001730589439275223
1.907,0.00694013623751387,0.0001870902002053258
1.90964,0.007587099680910101,0.0002041965597287942
1.91229,0.007125777261376249,0.0001929356361200351
1.91493,0.007545874861265258,0.0002018650858708975
1.91757,0.005219809794672585,0.0001451756808390529
1.92022,0.007047072627635962,0.0001912927666396523
1.92286,0.006395327205882351,0.000175750229656492
1.92551,0.006417637000554939,0.0001739652012041382
1.92815,0.006437849958379578,0.000175087829199116
1.93079,0.007623041204217536,0.0002056865494507345
1.93344,0.004755218507214206,0.0001330830798004782
1.93608,0.006086068951165373,0.0001669623310705834
1.93872,0.005799189164816872,0.0001597988707378763
1.94137,0.006643378884572697,0.000182523925315242
1.94401,0.006022456506659267,0.0001659592204269691
1.94666,0.007033207408435076,0.0001896673656360421
1.9493,0.005688484877913433,0.0001577582949960189
1.95194,0.005934973085460598,0.000162763413453473
1.95459,0.005616588096559378,0.0001554668761199422
1.95723,0.00740265815760266,0.000199705067009332
1.95987,0.006872515538290787,0.0001857536546209371
1.96252,0.007215343784683687,0.0001957116961041242
1.96516,0.007041626803551609,0.0001895657256832077
1.96781,0.006486326720310765,0.0001767466102814489
1.97045,0.005918573806881245,0.000162770168020303
1.97309,0.006242523654273027,0.0001712619934089873
1.97574,0.00486414185627081,0.0001368985143689947
1.97838,0.006201779550499444,0.0001697888734463585
1.98102,0.006445351415094339,0.0001769393349535188
1.98367,0.005340622849611542,0.0001479562860950379
1.98631,0.00533315344062153,0.000148212223062962
1.98896,0.006046940968368479,0.0001663049743203294
1.9916,0.006160119797447283,0.0001688004228108635
1.99424,0.006624617230854606,0.0001787440183977878
1.99689,0.006576357935627081,0.0001778095416872117
1.99953,0.005102918007769144,0.0001415719285893567
2.00217,0.005000356132075475,0.0001390869127739595
2.00482,0.005642153024417314,0.0001552723579986626
2.00746,0.005533412805216428,0.0001523138943956872
2.0101,0.005612795019422866,0.0001532439771446712
2.01275,0.005716469408990016,0.0001570760831432349
2.01539,0.006136335807436184,0.0001656871087489546
2.01804,0.006452360710321868,0.0001759595624878643
2.02068,0.006868083795782464,0.0001848752391932269
2.02332,0.006487832963374027,0.0001749672270627094
2.02597,0.005578426123751387,0.0001533568607314782
2.02861,0.005432728010543841,0.0001484494283133789
2.03125,0.006091890191453941,0.000165941166348915
2.0339,0.005828920296892342,0.0001589486240385405
2.03654,0.006103193881798003,0.0001668041153262078
2.03919,0.004543142688679247,0.0001267650458067595
2.04183,0.004935370213651498,0.0001361572147711115
2.04447,0.004919671406770259,0.0001365804751093957
2.04712,0.00573282977247503,0.0001563032511336211
2.04976,0.005070961847946727,0.0001402554843042492
2.0524,0.005486195061043283,0.0001509129444314127
2.05505,0.006315420782463928,0.0001706776819194003
2.05769,0.004682788360155382,0.0001306467188726548
2.06034,0.005854155591009987,0.0001582052327748972
2.06298,0.006977096420643732,0.000187021781176707
2.06562,0.0042952832963374,0.0001197377685572069
2.06827,0.005194290649278576,0.0001426516834757264
2.07091,0.004826252289123198,0.0001342660962647527
2.07355,0.00512778933129856,0.0001407158205160829
2.0762,0.004973213998335182,0.000137687959757379
2.07884,0.005530356825749167,0.0001507816979228957
2.08149,0.005181448668146508,0.0001424609217411685
2.08413,0.004288807366814648,0.0001207675888430504
2.08677,0.005255217952275246,0.0001433632573686665
2.08942,0.003548314927857934,0.0001016348973783105
2.09206,0.005775096143174248,0.0001575717342937
2.0947,0.005993826442841288,0.0001631369397776451
2.09735,0.005340609114872365,0.0001468986060854389
2.09999,0.006230716356825747,0.0001687674600090155
2.10263,0.004565560072142066,0.0001286731399087135
2.10528,0.005097142549944506,0.0001392015097924232
2.10792,0.005246070615982245,0.0001453662497992107
2.11057,0.005160711501109879,0.0001436306717504546
2.11321,0.007077600374583796,0.0001949007773711115
2.11585,0.007157410654827968,0.0002000587243718127
2.1185,0.00568063318534961,0.0001606960764380707
2.12114,0.005572753676470586,0.0001618968223668753
2.12378,0.004540468992785793,0.0001320084035235291
2.12643,0.006191263318534958,0.000177406083289708
2.12907,0.004476764983351831,0.0001342930778679612
2.13172,0.005445535654827969,0.0001601521655666521
2.13436,0.003691433199223085,0.0001132355439820305
2.137,0.005600456645394009,0.0001651988419155585
2.13965,0.006161614594894564,0.0001817705142311042
2.14229,0.004028437916204219,0.0001231900142783578
2.14493,0.004421931326304107,0.0001355288085483784
2.14758,0.004531459003884572,0.0001396163250809705
2.15022,0.004726565552164262,0.0001433892985109394
2.15287,0.004748895948945618,0.0001461968511708983
2.15551,0.005141755271920088,0.0001564240574807096
2.15815,0.004944915857380688,0.0001519523625399221
2.1608,0.00443270622918979,0.0001375488026342956
2.16344,0.003573513596004441,0.0001119429111737044
2.16608,0.005590668354605993,0.0001691007841938967
2.16873,0.005350763665371809,0.0001602700827497237
2.17137,0.005040090732519422,0.0001499173735184551
2.17402,0.005058110710321862,0.0001492241408615623
2.17666,0.004638306118202,0.0001383260535653069
2.1793,0.00432553863762486,0.000128730461655754
2.18195,0.005039772544395117,0.0001474501542927953
2.18459,0.004544362791342949,0.0001339082784559129
2.18723,0.004586915302441727,0.0001351364755098806
2.18988,0.003910046753607103,0.0001161072751515761
2.19252,0.00448540413429523,0.0001313472845809073
2.19516,0.005213120976692566,0.000150230003612875
2.19781,0.005579318881798,0.0001608467028092864
2.20045,0.005067784544950059,0.0001461678047408463
2.2031,0.005302847738623754,0.0001528974643353757
2.20574,0.004048179314650386,0.0001188912707269469
2.20838,0.003165184378468369,9.47337261744101e-05
2.21103,0.005218335599334072,0.0001505565889768066
2.21367,0.00430771781354051,0.0001266221705473413
2.21631,0.004612377219755827,0.0001346676794993555
2.21896,0.00507803752774695,0.0001457625289921031
2.2216,0.003750698598779137,0.0001099039171001359
2.22425,0.004641137763596005,0.00013470169023248
2.22689,0.003904665024972252,0.0001147949316033152
2.22953,0.004816175568812431,0.0001382819822886995
2.23218,0.005626275665926748,0.0001616238087420625
2.23482,0.004087117300221978,0.0001194215329095314
2.23746,0.005162561112652608,0.0001498756242862854
2.24011,0.005651865774139845,0.0001609025532658117
2.24275,0.004684896642619313,0.0001370135906225244
2.2454,0.003169703107658159,9.463153094035561e-05
2.24804,0.003356090385682577,0.0001003873481187172
2.25068,0.005376999306326302,0.0001549055052118262
2.25333,0.005317811736958938,0.0001524255397982547
2.25597,0.003150687361265264,9.456549340934866e-05
2.25861,0.004386108837402887,0.0001284190561188729
2.26126,0.002900580049944505,8.755646926255468e-05
2.2639,0.004540123335183129,0.0001322728090461839
2.26655,0.003792417869034405,0.0001124584405547876
2.26919,0.005174615635405104,0.0001513527053989815
2.27183,0.003213258254716982,9.578544997895279e-05
2.27448,0.004004619589345173,0.0001179556006340964
2.27712,0.005367018729189791,0.0001538925070834173
2.27976,0.004536781215316316,0.0001344683358713843
2.28241,0.004583387763596007,0.0001346349742589008
2.28505,0.003276673834628191,9.783575738951418e-05
2.28769,0.003322117508324086,9.918001171894782e-05
2.29034,0.004399010335738071,0.0001275520711542934
2.29298,0.003408891301331853,0.000102066999474795
2.29563,0.004911737305771364,0.0001418801778935204
2.29827,0.003197676193118756,9.56744245326164e-05
2.30091,0.004910997918978915,0.0001447882144441527
2.30356,0.004559210044395115,0.0001318405038760364
2.3062,0.004210622364039957,0.0001245159138421657
2.30884,0.003763996115427304,0.0001112637916356856
2.31149,0.003580701442841288,0.0001075511078210671
2.31413,0.003219258046614876,9.66686415628026e-05
2.31678,0.00528744422863485,0.0001532428945140784
2.31942,0.003447273029966703,0.0001034689280969888
2.32206,0.003480353149278581,0.0001028421216199764
2.32471,0.004657507283573808,0.0001367097100299965
2.32735,0.004494700263596006,0.0001323856610596325
2.32999,0.003887269977802445,0.0001152090612988155
2.33264,0.003459496947835738,0.0001051333461216195
2.33528,0.003273867369589344,9.687386615478435e-05
2.33793,0.004517097044950056,0.0001331652726242128
2.34057,0.003998113901220865,0.0001179323099473665
2.34321,0.004890700263596002,0.0001423991339660319
2.34586,0.003178745144284127,9.672772840396973e-05
2.3485,0.003756247433407326,0.0001115812898563428
2.35114,0.004287120283018868,0.0001261754557840791
2.35379,0.002464479189789122,7.470499684126552e-05
2.35643,0.00481256104328524,0.0001396491609566203
2.35908,0.004496950471698116,0.0001329353768981993
2.36172,0.004847520532741397,0.0001413191963463521
2.36436,0.003299917591564928,9.890999805839399e-05
2.36701,0.003841927025527192,0.0001132882800384759
2.36965,0.003629038568257492,0.0001078215857678843
2.37229,0.006021479051054384,0.0001720624750355902
2.37494,0.004313037735849058,0.0001268903234781825
2.37758,0.004319515954495006,0.0001287572764151238
2.38022,0.002807119728079911,8.411950934770239e-05
2.38287,0.003987707547169815,0.0001194337005521031
2.38551,0.006065633948390675,0.0001711307165122912
2.38816,0.002868765815760267,8.710300910185539e-05
2.3908,0.004694442286348502,0.0001378460792050553
2.39344,0.005378434586570477,0.000155613738462952
2.39609,0.004390414678135405,0.0001295762401621213
2.39873,0.00431390760266371,0.0001263446664409963
2.40137,0.005602809864039955,0.0001614950954108741
2.40402,0.00418577164261931,0.0001218368163895998
2.40666,0.003490429869589347,0.0001042775749302408
2.40931,0.002530511237513875,7.72439864459889e-05
2.41195,0.004658248959489457,0.0001354145311557393
2.41459,0.004075289400665926,0.0001210083245075611
2.41724,0.004637257699778022,0.000134814014511873
2.41988,0.004012219478357381,0.0001189021947809707
2.42252,0.003479226900665928,0.0001044234502704231
2.42517,0.004586246878468371,0.0001333250743510823
2.42781,0.003998187153163154,0.0001190093372835866
2.43046,0.003710545088790233,0.0001100507612741228
2.4331,0.003517844408990014,0.000105206812415574
2.43574,0.00344072155937847,0.0001028970775752887
2.43839,0.003180070546614874,9.609841733391438e-05
2.44103,0.002281262347391785,6.983911167238962e-05
2.44367,0.003662860363485016,0.0001089303626375496
2.44632,0.002948919464483906,8.923736296440761e-05
2.44896,0.002880174805771367,8.689770829118234e-05
2.45161,0.003654717952275252,0.0001086925012295181
2.45425,0.004279060280244176,0.000126787561510835
2.45689,0.005047463998335181,0.0001456206275139347
2.45954,0.003077021087680357,9.328917218365822e-05
2.46218,0.004521922516648165,0.000132998355431753
2.46482,0.003417033712541618,0.0001016100342960338
2.46747,0.003198271365149833,9.585311341698929e-05
2.47011,0.004780158504439511,0.0001406372322584483
2.47275,0.003146644769700333,9.567354941511867e-05
2.4754,0.003567868618201994,0.0001059193190871556
2.47804,0.003274643382352944,9.847151004332974e-05
2.48069,0.003682038637624863,0.0001100254577254825
2.48333,0.00400758400388457,0.0001198407363184068
2.48597,0.00398799826581576,0.0001190087876578199
2.48862,0.003186745629855716,9.571836507247177e-05
2.49126,0.003889806326304105,0.0001166988546639904
2.4939,0.003209096628745836,9.623556500859735e-05
2.49655,0.002365039678135407,7.280329344345672e-05
2.49919,0.003304543909544948,9.92366000616047e-05
2.50184,0.003248833518312989,9.77330463177574e-05
2.50448,0.003238241745283017,9.790070700929422e-05
2.50712,0.003353064164816873,0.0001014907381901472
2.50977,0.003902762763596007,0.0001159821328261229
2.51241,0.002544296337402885,7.748562246840364e-05
2.51505,0.003896579841842398,0.0001165128559745675
2.5177,0.003998482450055497,0.000119709905835823
2.52034,0.00333767896781354,0.0001001151706666042
2.52299,0.003755567563817984,0.0001127385071489249
2.52563,0.003259258185349611,9.845800387000731e-05
2.52827,0.002482215316315207,7.625395094007769e-05
2.53092,0.002922125277469478,8.869875404644006e-05
2.53356,0.002429940899001113,7.409960118540251e-05
2.5362,0.003705515885127636,0.0001114892253255435
2.53885,0.003444164400665926,0.0001036244004796787
2.54149,0.003525785377358492,0.0001060709224709557
2.54414,0.002867122225305215,8.757187898308981e-05
2.54678,0.002285659753052163,7.055627838573503e-05
2.54942,0.00316390933684795,9.586387751563046e-05
2.55207,0.002888541551054383,8.794457298731402e-05
2.55471,0.002457229536625971,7.539011524754809e-05
2.55735,0.004592125346836848,0.000135890538435992
2.56,0.003370674389567148,0.0001024181886299352
2.56264,0.003948412458379579,0.0001191604854664624
2.56529,0.00360543770810211,0.0001076038202493375
2.56793,0.003125241467813544,9.507659642307755e-05
2.57057,0.004041797239178691,0.0001201592352607584
2.57322,0.003873077413984459,0.0001162674030583109
2.57586,0.002981228149278578,9.046413420064354e-05
2.5785,0.003375932505549391,0.0001018167779863741
2.58115,0.004650182089345171,0.000138592001467637
2.58379,0.004681927649833518,0.0001383871143107493
2.58643,0.004010614802996668,0.0001199022993495713
2.58908,0.002778830743618202,8.495388121637702e-05
2.59172,0.002501478288013318,7.694720368061088e-05
2.59437,0.002172650319089902,6.761324906867647e-05
2.59701,0.003426920435627081,0.000103203498855694
2.59965,0.003268680216426196,9.891448807822009e-05
2.6023,0.004781692216981132,0.0001410767096053938
2.60494,0.002857890191453936,8.782731993965937e-05
2.60758,0.00303223668146504,9.364511475676217e-05
2.61023,0.002902418215871253,8.892495848656898e-05
2.61287,0.003750673418423975,0.0001132252834866078
2.61552,0.004211489941731408,0.0001263065581826722
2.61816,0.003914489941731412,0.0001174558127198593
2.6208,0.003282527122641511,9.944368570504125e-05
2.62345,0.00382136841009989,0.0001152090118850036
2.62609,0.00287161348501665,8.831599913867397e-05
2.62873,0.004414113970588234,0.0001317197330281535
2.63138,0.003375971420643731,0.0001025194596647864
2.63402,0.002644086084905662,8.150078523969284e-05
2.63667,0.002953694575471696,9.060819311046097e-05
2.63931,0.005371493965038846,0.0001586958924680329
2.64195,0.003953817078246391,0.0001189593920081035
2.6446,0.004157040857380687,0.0001236307810998512
2.64724,0.004054815482796893,0.0001212193197255353
2.64988,0.004153339345172034,0.0001252109094490467
2.65253,0.003913736820199781,0.0001185290933210572
2.65517,0.003320370907325194,0.0001011251130533643
2.65782,0.003818490982241951,0.0001151492324293217
2.66046,0.003813635751942286,0.0001152211081008355
2.6631,0.00436017536071032,0.0001301029975419371
2.66575,0.003010052788568258,9.160979026474775e-05
2.66839,0.003423809517203107,0.0001048698653816694
2.67103,0.002337123820754719,7.423461907637504e-05
2.67368,0.004088364872364038,0.0001274830546893574
2.67632,0.003715237791342951,0.0001184726312438064
2.67896,0.004821106340177583,0.0001496936800230794
2.68161,0.004625709073251939,0.0001475174459652996
2.68425,0.004069085876803549,0.0001323131678559986
2.6869,0.003875506173695894,0.0001261184669472087
2.68954,0.004049383393451718,0.0001319546459917542
2.69218,0.001261512902330744,4.351248044301362e-05
2.69483,0.003195105507769145,0.0001078767101139066
2.69747,0.004280314719755827,0.0001416096814326196
2.70011,0.003365956506659269,0.0001118308035878561
2.70276,0.005008805285793567,0.0001661453253132044
2.7054,0.002651859947280802,9.107233890640402e-05
2.70805,0.003611098709766923,0.0001233202102640489
2.71069,0.003243053482241953,0.0001104857816080361
2.71333,0.003106919325749169,0.0001076894588607822
2.71598,0.003439034475582685,0.0001197443019412291
2.71862,0.002478197905105438,8.834109000831203e-05
2.72126,0.00384557130965594,0.0001336763909193163
2.72391,0.00332143763873474,0.0001161590208777851
2.72655,0.003393098640399553,0.0001166907560084134
2.7292,0.004221129439511655,0.0001410291265885005
2.73184,0.003503867022752497,0.0001170327931712349
2.73448,0.003506716981132077,0.0001165761099877065
2.73713,0.002455569922308545,8.187170321820029e-05
2.73977,0.00252419554661487,8.510698212490348e-05
2.74241,0.003081688609877913,0.0001016792354517909
2.74506,0.003486030174805772,0.0001128749320965565
2.7477,0.001928947974472811,6.481295348514311e-05
2.75035,0.001779324014983352,5.919330836372745e-05
2.75299,0.003188350305216425,0.0001041972130633242
2.75563,0.003003620352386238,9.680881362887326e-05
2.75828,0.003555566870144286,0.0001135330277641548
2.76092,0.003980853912319643,0.0001277407035557476
2.76356,0.00425737999445061,0.0001340740379515148
2.76621,0.003773759225860155,0.0001198999013150772
2.76885,0.003033731478912322,9.823527165845948e-05
2.77149,0.003174540024972252,0.00010200493818443
2.77414,0.0009440847669256393,3.17713221153132e-05
2.77678,0.002625230577136514,8.466104984385087e-05
2.77943,0.003829139983351833,0.0001206818320782714
2.78207,0.004534080049944506,0.0001418575589808828
2.78471,0.002926946170921198,9.483449344834903e-05
2.78736,0.003728388804106549,0.0001182634856022397
2.79,0.003136064442286346,9.966415611794015e-05
2.79264,0.002312920921198666,7.528020043969087e-05
2.79529,0.001983731270810211,6.485613434225357e-05
2.79793,0.003109226761931189,9.908788182966439e-05
2.80058,0.003304978842952274,0.0001041205478936852
2.80322,0.003711179175915649,0.0001176606643130725
2.80586,0.003550256104328526,0.0001128586032180472
2.80851,0.003483990566037733,0.0001098992427435925
2.81115,0.003390580604883463,0.000106723038484418
2.81379,0.003757478981687011,0.0001177587116423568
2.81644,0.002840737791342952,9.123079467019422e-05
2.81908,0.003645655313540511,0.0001145643945348398
2.82173,0.0040909035099889,0.0001274399346693852
2.82437,0.004997485571587126,0.000152392735229515
2.82701,0.003093667591564932,9.774154798325014e-05
2.82966,0.003445091495560489,0.0001089805789161911
2.8323,0.001817284544950053,5.863386783485287e-05
2.83494,0.00412903572419534,0.0001280583933143255
2.83759,0.002410057574916759,7.660077564704276e-05
2.84023,0.002814845518867925,8.949718200882658e-05
2.84288,0.005291340316315204,0.0001618565058146546
2.84552,0.003863799597669254,0.0001188720469523447
2.84816,0.002554169325749167,8.233340064965536e-05
2.85081,0.004432779481132075,0.0001367617211130114
2.85345,0.002575517688679247,8.215570055350433e-05
2.85609,0.0027797349472808,8.822016514880131e-05
2.85874,0.002796610363485016,8.877134718758969e-05
2.86138,0.004237480646503886,0.0001318569810170809
2.86402,0.002704777608213096,8.633532309407219e-05
2.86667,0.003757703315760268,0.0001174496057399131
2.86931,0.003933219547724749,0.000122289413052914
2.87196,0.002662211362375139,8.429257916527268e-05
2.8746,0.003194711778579355,0.000101699437314757
2.87724,0.004389586015538293,0.0001357266535816496
2.87989,0.004480912874583795,0.0001383840270087296
2.88253,0.004618019908435072,0.0001420637793042713
2.88517,0.003621374583795783,0.0001142201748636022
2.88782,0.002582668909544947,8.302031464370625e-05
2.89046,0.00201959267480577,6.461613107037385e-05
2.89311,0.003206738831853497,0.0001018400770027587
2.89575,0.003412308962264152,0.0001076245940497918
2.89839,0.003051117369589342,9.580579987965853e-05
2.90104,0.003120207685904553,9.899765261002806e-05
2.90368,0.002890778024417315,9.09613933347853e-05
2.90632,0.003616198876248612,0.000113180223672363
2.90897,0.001441112930077693,4.739675883881595e-05
2.91161,0.001649066037735849,5.367369849399227e-05
2.91426,0.002182122710876803,6.983883898101607e-05
2.9169,0.00308254016370699,9.808831120316171e-05
2.91954,0.003268991537180911,0.000103337659724404
2.92219,0.002232103426748058,7.079089720549522e-05
2.92483,0.002411236473362928,7.716449581206093e-05
2.92747,0.004101451789678134,0.0001266829826760671
2.93012,0.0043428512763596,0.0001351528678908177
2.93276,0.002425747225305219,7.755322525920271e-05
2.93541,0.003955378260266371,0.0001217838444842777
2.93805,0.003006802233629301,9.470218407057409e-05
2.94069,0.003637199292452832,0.0001130388820400792
2.94334,0.00393878211709212,0.0001232464797594957
2.94598,0.00346060030521643,0.000107138294428855
2.94862,0.003007953662597115,9.550090671902024e-05
2.95127,0.002359419880688126,7.582242884245756e-05
2.95391,0.003519151498335186,0.0001099243599391677
2.95655,0.002217052441731409,7.092495162052888e-05
2.9592,0.003135455535516091,9.749535948418972e-05
2.96184,0.002029012416759155,6.559572875132275e-05
2.96449,0.002593828385127637,8.350791515369494e-05
2.96713,0.002432779411764704,7.769589189507163e-05
2.96977,0.002419871046059934,7.76299121090416e-05
2.97242,0.003219271781354053,0.000101159952152137
2.97506,0.003107397752497229,9.902030590319084e-05
2.9777,0.002536309586570478,8.084413875497474e-05
2.98035,0.003458299736403993,0.0001080477279269291
2.98299,0.003622310835183129,0.0001137924664254828
2.98564,0.004022602941176471,0.0001242614699542698
2.98828,0.00336927344617092,0.0001059219714783894
2.99092,0.002241074500554936,7.148486418859174e-05
2.99357,0.003813828038290789,0.0001188004786634113
2.99621,0.004066634225860157,0.0001266104018949404
2.99885,0.003597018312985574,0.0001124397661790918
3.0015,0.002002220518867928,6.455063923172937e-05
3.00414,0.003776870144284129,0.0001178558919007482
3.00679,0.002797260474472807,8.858990392497575e-05
3.00943,0.002348709073251944,7.546411607512189e-05
3.01207,0.001577221906215315,5.086751619253109e-05
3.01472,0.003306379786348499,0.0001043344496375879
3.01736,0.004492147891231963,0.0001384290924472247
3.02,0.004442116814650391,0.0001364500290028592
3.02265,0.003357456992230852,0.0001051832018224158
3.02529,0.003675379578246391,0.0001141112691367168
3.02794,0.00228429543562708,7.332371077927385e-05
3.03058,0.002635817771920088,8.3450088418688e-05
3.03322,0.003574069852941175,0.0001119146556645339
3.03587,0.003409227802441729,0.0001067320137626909
3.03851,0.002938613831853495,9.188484455596861e-05
3.04115,0.003228693812430631,0.0001012663522081496
3.0438,0.003600007907880136,0.0001118186518702702
3.04644,0.002510994173140957,7.932281864282041e-05
3.04908,0.004098812430632629,0.000126852810732002
3.05173,0.003239264983351834,0.0001012424312433679
3.05437,0.003343765746392895,0.0001045546041435072
3.05702,0.004957375554938959,0.0001495575961081231
3.05966,0.001912553274139843,6.053170703146704e-05
3.0623,0.003519618479467261,0.0001094978341001302
3.06495,0.002467688540510543,7.786030348244945e-05
3.06759,0.003285663221420643,0.0001021700308086137
3.07023,0.003638245421753606,0.0001127147538235678
3.07288,0.003116057505549387,9.754629451301252e-05
3.07552,0.0038397294672586,0.0001190309530007862
3.07817,0.003799548487791341,0.0001178694617382667
3.08081,0.001896893382352939,6.049091850197263e-05
3.08345,0.002729545921198671,8.595119611930865e-05
3.0861,0.003085525180355163,9.618569022709872e-05
3.08874,0.003742407394561598,0.0001153134603120064
3.09138,0.001666323737513875,5.361163953130339e-05
3.09403,0.003973068604328522,0.0001221047620975575
3.09667,0.002677781978357381,8.502332529605407e-05
3.09932,0.002416215316315206,7.585804142250212e-05
3.10196,0.002773169741953389,8.710135570345452e-05
3.1046,0.003282282186459487,0.0001018809615043999
3.10725,0.003469298973362932,0.0001074807771750766
3.10989,0.002749497918978916,8.677381401694333e-05
3.11253,0.00331543097946726,0.0001028787652195982
3.11518,0.002716232380688121,8.553452306335786e-05
3.11782,0.002285130965593784,7.22448820418103e-05
3.12047,0.001098534198113208,3.55995321549983e-05
3.12311,0.003779550707547171,0.0001168739936179955
3.12575,0.004058223987236403,0.0001238196391533207
3.1284,0.00445072162874584,0.0001358391948824732
3.13104,0.002891304522752497,9.070841354991405e-05
3.13368,0.002523348571032186,8.045135751734209e-05
3.13633,0.002083189095449498,6.616322461598007e-05
3.13897,0.004251151290233075,0.0001294077997091517
3.14161,0.004258087333518311,0.000130934393232927
3.14426,0.002430240774139843,7.761736263346804e-05
3.1469,0.003690158157602666,0.0001141039264837103
3.14955,0.002486422724750279,7.866428237481058e-05
3.15219,0.003025953038290788,9.439748621573584e-05
3.15483,0.002764223848501662,8.668604597192645e-05
3.15748,0.003293105160932297,0.0001024797170012914
3.16012,0.002882012971698111,9.045910497403235e-05
3.16276,0.00168189893174251,5.427112089915837e-05
3.16541,0.004374100097114316,0.00013405258389001
3.16805,0.002110930979467261,6.717223745838127e-05
3.1707,0.003207121115427303,0.000100122349314221
3.17334,0.003033898584905664,9.439891939894662e-05
3.17598,0.002557781562153166,8.095106932451289e-05
3.17863,0.002201060627081023,6.983550969035547e-05
3.18127,0.005060917175360713,0.0001520951104893878
3.18391,0.001812589553274138,5.79832737081166e-05
3.18656,0.002361056603773587,7.447147478639875e-05
3.1892,0.002714893243618201,8.597461252624388e-05
3.19185,0.003179848501664819,9.896207537279007e-05
3.19449,0.002480480160932296,7.831709967087023e-05
3.19713,0.002903990843507217,9.110137618087625e-05
3.19978,0.002973335252497228,9.250191687842175e-05
3.20242,0.003705300707547171,0.0001138772052067921
3.20506,0.0008117848917869003,2.636537272720569e-05
3.20771,0.001935323182574919,6.136664715937148e-05
3.21035,0.003225985779689234,9.984493897241753e-05
3.213,0.003102066384572696,9.61702552754919e-05
3.21564,0.002736662805216425,8.44316052727835e-05
3.21828,0.00242428905382908,7.597614649453087e-05
3.22093,0.003304321864594893,0.0001018461602760632
3.22357,0.002855573598779133,8.90258098512626e-05
3.22621,0.003672096975582685,0.0001120039756554504
3.22886,0.004752302164261932,0.0001419861188869984
3.2315,0.004082504716981131,0.0001273104461110044
3.23414,0.003676922447280799,0.0001176034681627015
3.23679,0.002184217258601555,7.243960478260326e-05
3.23943,0.003023338859600444,9.948295443792479e-05
3.24208,0.002868257630410656,9.619733102996791e-05
3.24472,0.003073603426748059,0.0001038095793758812
3.24736,0.003573110710321868,0.0001190038595712127
3.25001,0.003966137139289679,0.0001331736696034669
3.25265,0.00412568902608213,0.0001400227856630956
3.25529,0.002153492647058824,7.677456936082646e-05
3.25794,0.003704854328523861,0.0001270913745297761
3.26058,0.002549135543840177,9.003751060120825e-05
3.26323,0.003302392133740285,0.0001152828579358232
3.26587,0.003706527677580468,0.000129714165062459
3.26851,0.003203057921753608,0.0001145017263280515
3.27116,0.003413387139289678,0.0001209695794203892
3.2738,0.003434275388457269,0.0001221907070908054
3.27644,0.001745591495560487,6.483936609387514e-05
3.27909,0.003524636237513874,0.0001273391357629461
3.28173,0.003278601276359601,0.0001181408378628131
3.28438,0.00294714081576027,0.000109158900043119
3.28702,0.002616440344062151,9.411678463309022e-05
3.28966,0.003219374791897889,0.0001133106178582271
3.29231,0.003277726831298559,0.0001134540906688318
3.29495,0.002794611958934518,9.681665242736298e-05
3.29759,0.002773300221975584,9.56543627119204e-05
3.30024,0.003269273099334077,0.0001109756252191018
3.30288,0.001187008809655941,4.198307186126632e-05
3.30553,0.002987836847946726,0.000101358401341217
3.30817,0.004394251248612651,0.0001447895491450663
3.31081,0.002015618756936734,6.969289505636531e-05
3.31346,0.001623844478357384,5.665760921293074e-05
3.3161,0.001966931395671477,6.754210824563876e-05
3.31874,0.003558371046059931,0.000118996838730515
3.32139,0.002684489109322975,9.063196284879674e-05
3.32403,0.002418275527192009,8.247059958662544e-05
3.32667,0.003728544464483906,0.0001225506604586901
3.32932,0.002349636168146507,7.946111276143156e-05
3.33196,0.003346031978357378,0.000111705935680474
3.33461,0.002875443188124306,9.663556803746435e-05
3.33725,0.002828756520532744,9.478471783928531e-05
3.33989,0.002834259572697003,9.482070627548782e-05
3.34254,0.002784418493340734,9.211932569881578e-05
3.34518,0.002876432089345169,9.585087395387648e-05
3.34782,0.002364510890677028,7.920689891949909e-05
3.35047,0.003526984877913429,0.000114938225398584
3.35311,0.003769370976692564,0.0001223209842438535
3.35576,0.00307652205882353,0.0001015909969327747
3.3584,0.002234168215871255,7.463926557854291e-05
3.36104,0.003251978773584904,0.0001062673402181584
3.36369,0.003420529203662599,0.0001124010339508449
3.36633,0.0024874390954495,8.252282749427179e-05
3.36897,0.002413722461154274,8.053392848736689e-05
3.37162,0.003972368132630411,0.000126764085895678
3.37426,0.002807142619311877,9.290945301689985e-05
3.37691,0.003161574431187567,0.0001039198019342524
3.37955,0.001498899556048838,5.047882503602608e-05
3.38219,0.003944969617092118,0.0001264756912122068
3.38484,0.002528029827968924,8.338374198504485e-05
3.38748,0.003773541759156494,0.0001218084460927315
3.39012,0.002159799181465037,7.245707389167166e-05
3.39277,0.001760566939511651,5.905725376260562e-05
3.39541,0.002772357103218647,9.076676822557033e-05
3.39806,0.002932108143729187,9.654897586185653e-05
3.4007,0.002396991259711431,7.962458610259758e-05
3.40334,0.001871735918423975,6.284254257723135e-05
3.40599,0.002960985432852387,9.710364775385493e-05
3.40863,0.002360104328523862,7.768945586701633e-05
3.41127,0.004170358976137626,0.0001333767442181288
3.41392,0.002577104051054384,8.487153976138943e-05
3.41656,0.003719735918423972,0.0001199151128861368
3.41921,0.00410195997502775,0.0001313272646128463
3.42185,0.002186098917869036,7.232031735647134e-05
3.42449,0.003444065968368479,0.000112024740325179
3.42714,0.003751856895116539,0.0001198234983183882
3.42978,0.002326971559378467,7.701948277878157e-05
3.43242,0.003329206922863486,0.0001082853929159832
3.43507,0.001629230785238626,5.478740412600469e-05
3.43771,0.003099120283018867,0.0001010454149213755
3.44035,0.002049994519977803,6.785769700625894e-05
3.443,0.002661815344062156,8.743509615142147e-05
3.44564,0.001905598917869036,6.358265472582534e-05
3.44829,0.004064061251387345,0.0001285210502014741
3.45093,0.002591829980577139,8.479340682628672e-05
3.45357,0.003432139636514981,0.0001102921037607268
3.45622,0.004056633046614873,0.0001289882308970034
3.45886,0.005215639012208661,0.0001631693801131647
3.4615,0.004001254578246395,0.0001261478575570157
3.46415,0.003241009295227525,0.0001041905575211429
3.46679,0.003730288776359601,0.0001189340832666565
3.46944,0.002816232727524972,9.159512070747347e-05
3.47208,0.002747245421753606,8.930272078311298e-05
3.47472,0.004433106825749167,0.0001394369527871401
3.47737,0.002694327760821308,8.717089333308083e-05
3.48001,0.002526676956159822,8.16634332041418e-05
3.48265,0.001449910030521646,4.786675118447053e-05
3.4853,0.003065927996670366,9.822817445450035e-05
3.48794,0.00262478190899001,8.541982802590766e-05
3.49059,0.001864879994450611,6.158285076569771e-05
3.49323,0.004203931256936741,0.0001308109222204628
3.49587,0.001935064511653718,6.274210347438853e-05
3.49852,0.00238088041065483,7.759668761475814e-05
3.50116,0.002440209905660378,7.947093145368166e-05
3.5038,0.00258628572419534,8.371172087788336e-05
3.50645,0.003898324153718089,0.0001227885772945185
3.50909,0.004482361889567146,0.0001397384431856235
3.51174,0.00307607796892342,9.824279926525429e-05
3.51438,0.005671826928412873,0.0001741049778471829
3.51702,0.003140574014983352,0.0001000042691644052
3.51967,0.002815955743618204,9.099818283408144e-05
3.52231,0.003209559031631521,0.0001023935295498903
3.52495,0.002849088512763598,9.228041014867424e-05
3.5276,0.004389405174805774,0.0001363701907946104
3.53024,0.001618751179245282,5.312325476699754e-05
3.53288,0.002348809794672583,7.616238968689416e-05
3.53553,0.002732153232519424,8.838452447082553e-05
3.53817,0.003202902261376251,0.000102639090684966
3.54082,0.002493081784128746,8.040312351651131e-05
3.54346,0.001291477524972254,4.282931367784181e-05
3.5461,0.005020720172031081,0.0001562841697419117
3.54875,0.002673721073806878,8.628158505772436e-05
3.55139,0.001912544117647059,6.250779098968402e-05
3.55403,0.003220791759156492,0.0001029908208276564
3.55668,0.001980814927857937,6.440655248677082e-05
3.55932,0.001439673071587125,4.77084887571537e-05
3.56197,0.003035331576026636,9.695034542037928e-05
3.56461,0.002805185418978914,8.986140991529569e-05
3.56725,0.004085572142064372,0.0001285165872064686
3.5699,0.001892523446170919,6.223938982340744e-05
3.57254,0.002799565621531634,8.928608233135671e-05
3.57518,0.002262784544950053,7.325332270631853e-05
3.57783,0.003055835252497225,9.795641446024574e-05
3.58047,0.001851387902330748,6.078079763101849e-05
3.58312,0.003428808962264149,0.0001089418369667283
3.58576,0.002228312638734738,7.220497499191597e-05
3.5884,0.003369429106548281,0.0001071741520053782
3.59105,0.0009939006659267465,3.313496109303426e-05
3.59369,0.003626346559378466,0.0001146919403806926
3.59633,0.002327740704772473,7.513549328422139e-05
3.59898,0.002650578038290788,8.509466008040071e-05
3.60162,0.003197387763596004,0.0001024564168465551
3.60427,0.003347442078246395,0.0001069180647914833
3.60691,0.004616964622641511,0.0001428135469055195
3.60955,0.002822832269700332,9.059443166359423e-05
3.6122,0.002330281631520532,7.575713056120619e-05
3.61484,0.00391196961709212,0.0001239063270045465
3.61748,0.002494984045504995,8.026920641804689e-05
3.62013,0.002977666273584907,9.510630155019857e-05
3.62277,0.00291141904827969,9.338379426093923e-05
3.62541,0.003003299875138738,9.577786954728138e-05
3.62806,0.002937963720865704,9.466300501269521e-05
3.6307,0.001978187014428412,6.463820113332758e-05
3.63335,0.002823622017203106,9.117076997636044e-05
3.63599,0.002576740080466149,8.324395986271224e-05
3.63863,0.003880299597669255,0.0001220746615625577
3.64128,0.003674512000554939,0.0001161436000559642
3.64392,0.003761773376803553,0.0001186551079664763
3.64656,0.003861842397336295,0.0001213508235944405
3.64921,0.002783196101553827,8.999289294856629e-05
3.65185,0.002982844270255271,9.559444581003645e-05
3.6545,0.002816688263041067,9.023667908378128e-05
3.65714,0.003614239386792453,0.000114148305153554
3.65978,0.002906099125971142,9.329097229819188e-05
3.66243,0.001963756381798001,6.416996187984153e-05
3.66507,0.002318378190899003,7.517069824083109e-05
3.66771,0.002903700124861267,9.30420352737472e-05
3.67036,0.003484599472807992,0.0001100276944608801
3.673,0.002769665094339625,8.882019799805313e-05
3.67565,0.003687875901775804,0.0001156618102328745
3.67829,0.002630213998335182,8.427182179492948e-05
3.68093,0.002244586015538291,7.309472448923124e-05
3.68358,0.002755168077136516,8.753509573943206e-05
3.68622,0.003098058129855715,9.892899031243362e-05
3.68886,0.003416587333518315,0.0001071258268614411
3.69151,0.004078047794117651,0.0001270562727399578
3.69415,0.002489453523862373,7.953300256638769e-05
3.6968,0.002454581021087682,7.807608064028707e-05
3.69944,0.002693590663152051,8.637820161978332e-05
3.70208,0.001684025527192011,5.44801799141974e-05
3.70473,0.002437735363485018,7.805944649891879e-05
3.70737,0.002795914470033295,8.803216337328849e-05
3.71001,0.003743050638179802,0.0001157486713468244
3.71266,0.001752342119866814,5.659512541251095e-05
3.7153,0.003485274764150944,0.0001097530623437531
3.71794,0.002656039886237515,8.451331330741447e-05
3.72059,0.00274371101553829,8.722551042928726e-05
3.72323,0.002798260821309655,8.847251343601826e-05
3.72588,0.002668552233629302,8.50450711123672e-05
3.72852,0.004306868548834625,0.0001323524262761101
3.73116,0.002950331853496119,9.266863298681222e-05
3.73381,0.002771386514983355,8.813437706528623e-05
3.73645,0.001700424805771364,5.474237679334271e-05
3.73909,0.003515614802996669,0.0001104473196868552
3.74174,0.002285831437291898,7.263221262925808e-05
3.74438,0.001347160446725858,4.392889336359818e-05
3.74703,0.003013051539955604,9.567263653666217e-05
3.74967,0.001940235640954495,6.28732988686345e-05
3.75231,0.003272919672586017,0.000101576584934704
3.75496,0.003287748612652608,0.0001030609412705731
3.7576,0.002855864317425083,8.989878339792409e-05
3.76024,0.002976787250277467,9.419728088328533e-05
3.76289,0.002716880202552719,8.591431674276913e-05
3.76553,0.003200906145948945,0.0001006491900462423
3.76818,0.002717173210321866,8.622165800638545e-05
3.77082,0.004085833102108771,0.0001255075965380844
3.77346,0.002197061528856824,7.047712351255769e-05
3.77611,0.002835720033296335,8.96815844894778e-05
3.77875,0.002320612375138734,7.406017883426258e-05
3.78139,0.002058427649833518,6.62530099826108e-05
3.78404,0.003493497294672588,0.0001091269180265714
3.78668,0.002231245005549391,7.125966101264507e-05
3.78933,0.002607235779689231,8.265065090659345e-05
3.79197,0.002150686182019977,7.130709390105394e-05
3.79461,0.003045538776359601,0.0001007221461077895
3.79726,0.002087524694783571,7.073195509061141e-05
3.7999,0.002478435973917867,8.501373080002598e-05
3.80254,0.003099678829078802,0.0001057607513983678
3.80519,0.002318378190899003,8.127320395277251e-05
3.80783,0.001846425083240844,6.569058040994689e-05
3.81047,0.001587699223085462,5.746673596821899e-05
3.81312,0.001803577275249721,6.637032586749835e-05
3.81576,0.003531540233074361,0.0001248447585973013
3.81841,0.003866677025527193,0.0001356768573437636
3.82105,0.002057205258046615,7.640400260925241e-05
3.82369,0.001447144769700335,5.42454406911456e-05
3.82634,0.002892112583240845,0.0001058394011170285
3.82898,0.00214078572419534,8.007495603558454e-05
3.83162,0.0003074200887902338,1.203388348389594e-05
3.83427,0.003288304869589346,0.0001219695754445699
3.83691,0.002498550499445064,9.526848304360884e-05
3.83956,0.003561905452275247,0.0001331430466385922
3.8422,0.002337114664261932,8.990852394852525e-05
3.84484,0.002029399278579359,7.896293029747308e-05
3.84749,0.002524916620421756,9.489606434871174e-05
3.85013,0.00210432456992231,7.782274319384464e-05
3.85277,0.002853916273584909,0.0001020770754938981
3.85542,0.003084463027192012,0.0001103142769069817
3.85806,0.002857572003329636,0.0001015734721460791
3.86071,0.003228606825749164,0.0001131326497251566
3.86335,0.000917203593229745,3.3436204453061e-05
3.86599,0.002366580258046618,8.318542583195704e-05
3.86864,0.002439079078801332,8.528177602894512e-05
3.87128,0.001819575957269702,6.481709208153596e-05
3.87392,0.001643851415094339,5.831673989035049e-05
3.87657,0.002871254092674805,9.943631430450782e-05
3.87921,0.001501788429522753,5.345519521625998e-05
3.88186,0.003235609253607107,0.0001109272543969922
3.8845,0.003614706367924528,0.000123115529441416
3.88714,0.002576561528856828,8.862285642235322e-05
3.88979,0.002403453454495005,8.375549071694131e-05
3.89243,0.001980615774139843,6.927146291351447e-05
3.89507,0.002026105230299664,6.980631022516359e-05
3.89772,0.00151640905937847,5.271947896069563e-05
3.90036,0.005459204009433961,0.0001752571519112856
3.903,0.002815813817980024,9.480582069117792e-05
3.90565,0.002387262486126529,8.103296895352091e-05
3.90829,0.003296280174805772,0.0001095179252675559
3.91094,0.0019730387763596,6.760661364016446e-05
3.91358,0.002050704148168701,6.967964515921354e-05
3.91622,0.001660225513318535,5.652116945816866e-05
3.91887,0.001773136514983353,6.086989058621417e-05
3.92151,0.002563582200332961,8.55957739578659e-05
3.92415,0.001112912180910098,3.826690491558099e-05
3.9268,0.00127006735571587,4.370607384645893e-05
3.92944,0.003020823113207547,9.936008162151937e-05
3.93209,0.002729932783018866,9.054352190297124e-05
3.93473,0.001648319783573809,5.536754052540839e-05
3.93737,0.002593299597669259,8.570841610947828e-05
3.94002,0.001759133948390678,5.927155609398632e-05
3.94266,0.001805028579356274,6.082880568482443e-05
3.9453,0.003837982866259712,0.0001241294252216768
3.94795,0.002225153648723641,7.407740738499538e-05
3.95059,0.005139708795782463,0.0001626313300847292
3.95324,0.002320330812985571,7.763433095291246e-05
3.95588,0.003318411417869034,0.0001084926797808044
3.95852,0.001790673487791344,6.043845404013813e-05
3.96117,0.003175911209766926,0.0001044475234793181
3.96381,0.001601644561598223,5.402179887143261e-05
3.96645,0.003946633809655938,0.000126910179776906
3.9691,0.002001781007214207,6.697762784165493e-05
3.97174,0.003145834420088792,0.000103535145314489
3.97439,0.003409143104883459,0.0001117373815652009
3.97703,0.002768863901220867,9.041317801691947e-05
3.97967,0.00229374951442841,7.616626374712226e-05
3.98232,0.002243942771920087,7.441573652703943e-05
3.98496,0.001604984392341843,5.410371932682717e-05
3.9876,0.00269745928135405,8.876495533530687e-05
3.99025,0.003322907255826859,0.0001080954309597749
3.99289,0.003726912319644838,0.0001212758985414055
