0.0431807,57.89934033712542,0.413248046033768
0.0458244,49.84942687291898,0.3680562085339792
0.0484682,43.33996077968924,0.3377599882546555
0.0511119,38.07100350998891,0.3278979910063476
0.0537556,33.5699630618757,0.2893608763053229
0.0563993,29.63150416897891,0.2795283265117406
0.059043,26.18910683407325,0.2447884600268984
0.0616867,23.41935262416759,0.2390737488133872
0.0643304,21.16383032255827,0.2223098310788603
0.0669742,19.23524959211987,0.2030447206678206
0.0696179,17.46496644630966,0.1973254100068026
0.0722616,15.68530821933962,0.1749465621815322
0.07490529999999999,14.33743507699778,0.1669276906205993
0.07754900000000001,12.9594345095727,0.1561509266266723
0.08019270000000001,12.05799901498335,0.14584001302604
0.08283649999999999,10.91946119866815,0.1395569334719375
0.08548020000000001,10.01881790094339,0.1276410056972944
0.08812390000000001,9.241055240011098,0.1278241946413819
0.0907676,8.522576566315205,0.1211915575372579
0.0934113,7.870502220449501,0.1145897644092395
0.096055,7.277827783018868,0.1114290007338085
0.0986987,6.761225739456161,0.1033574583280843
0.101342,6.286184467258602,0.09959463844992181
0.103986,5.85247354328524,0.09115272822136754
0.10663,5.427159283435072,0.0881605909078949
0.109274,5.080979852247504,0.08487196131695372
0.111917,4.781691301331854,0.0794569838564074
0.114561,4.468592813540511,0.0749418381499776
0.117205,4.146075476553829,0.07069657189068496
0.119848,3.885682356409545,0.06686836440222778
0.122492,3.687520400943396,0.0629523185724183
0.125136,3.480866508046615,0.06099549687231432
0.12778,3.227097950194229,0.0569242477273901
0.130423,3.049101636376249,0.05465327544837237
0.133067,2.880480289261931,0.05235252355742562
0.135711,2.670701743201998,0.04754348877697637
0.138354,2.531570094339623,0.04613514018752538
0.140998,2.408206132075472,0.04392497175404765
0.143642,2.270230856687015,0.04168485477922516
0.146286,2.129188041759157,0.03873989321396556
0.148929,2.014477949500555,0.03678416395114641
0.151573,1.94440649209212,0.03650279687956665
0.154217,1.808983131243064,0.033540630221917
0.15686,1.725715794256382,0.03241248752871426
0.159504,1.614088555771365,0.03023598745192704
0.162148,1.591381277746948,0.02988684752581331
0.164792,1.480638876942286,0.02847875545341664
0.167435,1.423314722530522,0.02689019082624359
0.170079,1.351135966981132,0.02579878895108711
0.172723,1.282439700332964,0.0244631470820163
0.175366,1.21196613554384,0.02345330086854708
0.17801,1.167153779134295,0.02248176091760091
0.180654,1.103542982796892,0.02127642784269542
0.183298,1.047500508462819,0.02049669960284549
0.185941,1.004539846698113,0.01955502105293212
0.188585,0.9625691162597114,0.01883531068135421
0.191229,0.9404970470310767,0.01847372380729254
0.193872,0.8761727309933408,0.01725848129375106
0.196516,0.8507946184794672,0.01688660131603942
0.19916,0.8014053662597115,0.01598094408383329
0.201804,0.8002180209489457,0.01621364115188238
0.204447,0.7581104238346281,0.01519427078806363
0.207091,0.7037752691453941,0.01414210185106451
0.209735,0.6917322835738069,0.01391287495167324
0.212378,0.6819159281354052,0.01374456963898608
0.215022,0.6250899098224195,0.01272944445910672
0.217666,0.6067413970588236,0.0124940039456763
0.22031,0.5807196517758045,0.01215156615704607
0.222953,0.5500572128190899,0.01141016043464581
0.225597,0.5433839608768035,0.01116843118882329
0.228241,0.5274943555771365,0.01100403407853081
0.230885,0.5112441218091009,0.01067902617902067
0.233528,0.4873331312430632,0.01032781504991374
0.236172,0.4670265711709212,0.009913120970012001
0.238816,0.4683842043562708,0.009883828367381936
0.241459,0.4556137125416205,0.009589126186554647
0.244103,0.4242355105438402,0.008947403758155177
0.246747,0.4211716107103219,0.008970144590299163
0.249391,0.4031953551609323,0.008686600616504095
0.252034,0.3786435016648169,0.008296889100701081
0.254678,0.3762332380688124,0.008119308798698197
0.257322,0.3608800430077692,0.007858464148683967
0.259965,0.3519013235294117,0.007670873541903843
0.262609,0.3351243625138735,0.007381411359425844
0.265253,0.3303433226970034,0.007365351128419424
0.267897,0.3243499632352942,0.007139056937363514
0.27054,0.3195376997780244,0.007038251215498692
0.273184,0.3055684857103219,0.006721502409963134
0.275828,0.3070000804661487,0.006729144129930071
0.278471,0.2931348841564927,0.006576173503535039
0.281115,0.2834040961431742,0.006388979863460337
0.283759,0.2697779758601554,0.006160350529492509
0.286403,0.271015750554939,0.0060312573704319
0.289046,0.2647898161764706,0.005986965828524346
0.29169,0.2585722370976693,0.005838451763065947
0.294334,0.2324383705604883,0.005441808243577877
0.296977,0.2484862458379578,0.005686970525017166
0.299621,0.2388579418701443,0.005452770498140793
0.302265,0.2315255140122087,0.005333440474241944
0.304909,0.2219123411487237,0.00514000975703929
0.307552,0.2173402982796892,0.005098643568212904
0.310196,0.2151373147891232,0.005012245626244157
0.31284,0.2118792973085461,0.004924599827249623
0.315483,0.1996553565482797,0.004723900082245719
0.318127,0.2022478045921199,0.004728601641027037
0.320771,0.1989976365149833,0.004654382389110671
0.323415,0.1951139192563818,0.004595887857178542
0.326058,0.1817836910377358,0.004335853777706541
0.328702,0.1770774597669257,0.004312408031201503
0.331346,0.1780333083379578,0.00426193776182237
0.333989,0.1713602784406215,0.004123431736387277
0.336633,0.1667882401498335,0.004003589711854219
0.339277,0.1637424930632631,0.003943756127707991
0.341921,0.1620485418978913,0.003962658056580515
0.344564,0.1683191897197558,0.004024202009948894
0.347208,0.1568200242785794,0.003834735779564816
0.349852,0.1602414622641509,0.003854926790971448
0.352495,0.1530184110016648,0.003735326211697576
0.355139,0.149785182436182,0.003666384519619888
0.357783,0.1473994834211987,0.00362957263634257
0.360427,0.1409010563956715,0.00350376630617316
0.36307,0.1426042945338513,0.00349340976117899
0.365714,0.1488195959350722,0.003610018117406603
0.368358,0.1331992922447281,0.003297748299660783
0.371001,0.1333387067147614,0.003321520057262703
0.373645,0.1332773994173141,0.003321918490055191
0.376289,0.1299675973917869,0.003230511260446385
0.378933,0.1300820970449501,0.003247233722267506
0.381576,0.1260038478079911,0.003115103340427971
0.38422,0.1231672167036626,0.003096351859092232
0.386864,0.1250344728079911,0.00310220808980728
0.389507,0.1150360038845727,0.002944989797624603
0.392151,0.1231224322974473,0.003100139833827897
0.394795,0.1133569915371809,0.002873867216600597
0.397439,0.1129665197697003,0.002875033773765186
0.400082,0.1159207637347392,0.002900762188422012
0.402726,0.1149006617647059,0.002895415443587422
0.40537,0.1141205697835738,0.002875488667390659
0.408013,0.1079423453107658,0.002728559908846902
0.410657,0.1101361494173141,0.002798838881218452
0.413301,0.1055304037874584,0.002687675481690904
0.415945,0.1029613345588235,0.002658340206107856
0.418588,0.1007181723779134,0.002620083989304224
0.421232,0.09612371441453942,0.002523971921807402
0.423876,0.09457454800221975,0.002534989678726923
0.426519,0.09593218118756938,0.00256830838365728
0.429163,0.09516054064927859,0.002628162123166839
0.431807,0.1027451589206437,0.002818428121577357
0.434451,0.09401903045227526,0.002696516309638639
0.437094,0.09190221413706992,0.002718082766586144
0.439738,0.09200420373196448,0.002724370767787899
0.442382,0.08881651956159822,0.002711720946833585
0.445025,0.08476665087402886,0.002622969380740576
0.447669,0.08759909746115428,0.00270276278116603
0.450313,0.09342246434517204,0.002865948360402703
0.452957,0.08123986286071032,0.002568999485308001
0.4556,0.08436008428135405,0.002622932419170084
0.458244,0.08515902261376249,0.002598366077209144
0.460888,0.08463015503607103,0.002602493389228532
0.463531,0.08134425832408436,0.002561002387276896
0.466175,0.08312829564372917,0.002565606728125047
0.468819,0.08701556333240844,0.002703816648989103
0.471463,0.08292601269422865,0.002546389049617664
0.474106,0.08605893417036625,0.002669148591050053
0.47675,0.08176676179245283,0.002573020695039902
0.479394,0.07944918250554939,0.002532550196954365
0.482037,0.07538277719200888,0.002472668047217508
0.484681,0.07682307290510546,0.002380122849553307
0.487325,0.07258222953662596,0.002290342417195015
0.489969,0.07250332346004439,0.002230945954948064
0.492612,0.07536133955327412,0.002291829725762386
0.495256,0.0691576279827969,0.002119745430861098
0.4979,0.07118969866814651,0.002137872678840008
0.500543,0.07071632401498334,0.002113280408059516
0.5031870000000001,0.07665383115982242,0.002214914986487555
0.505831,0.06913200811598223,0.002064969847196126
0.508475,0.06978911695338513,0.002067868410900881
0.511118,0.07204260079078802,0.002082784186265273
0.5137620000000001,0.07069216003052166,0.002057971194663698
0.516406,0.06742050624306326,0.001971292621348435
0.519049,0.06987090274694784,0.002030644728457324
0.521693,0.06705095706159823,0.001945514564976417
0.5243370000000001,0.06445337222530523,0.001892765976003435
0.526981,0.06454211924250833,0.001896182727370579
0.529624,0.0640098088235294,0.001858564888641958
0.532268,0.06624371607935628,0.001909912419417327
0.5349120000000001,0.06252311258324085,0.001815661675260549
0.537555,0.06210259378468368,0.001805926753655712
0.540199,0.06599602608213098,0.001890200348402734
0.542843,0.06109239685072142,0.001781443917024985
0.5454870000000001,0.06153265933684795,0.001784052457740796
0.54813,0.0603868432991121,0.001724000733376242
0.550774,0.0564105310072142,0.001665483562194957
0.553418,0.06055859392341843,0.001732055773842131
0.556061,0.05677804744728081,0.001656863794885351
0.558705,0.06251984142619312,0.001780989698057892
0.561349,0.05994865018035516,0.001688141593366513
0.563993,0.05655904245283019,0.001635701030937674
0.566636,0.05906653884572698,0.001672415582813516
0.56928,0.057854033781909,0.001659581793847117
0.571924,0.05683599889012209,0.001630218955617033
0.574567,0.05827989310488347,0.001652401679750702
0.577211,0.0548972351553829,0.00158019688940242
0.579855,0.052572227663707,0.001515318341918582
0.582499,0.05819876200055494,0.001641897512704479
0.5851420000000001,0.05773290024972253,0.001619119485568697
0.587786,0.05235417952275249,0.001526485867800504
0.59043,0.05376582228079911,0.001541698513277326
0.593073,0.05544525124861266,0.001550134451265649
0.5957170000000001,0.05471300423140955,0.001541635187688477
0.598361,0.05538374708657047,0.001558169424363888
0.601005,0.05136342869034406,0.00146636239009586
0.603648,0.05509867570754717,0.001533034633823559
0.6062920000000001,0.04831935724195339,0.001395316887004484
0.608936,0.05403629134295227,0.001507430237580113
0.611579,0.0533196286764706,0.001479507157764254
0.614223,0.05070260231687015,0.001427732233715783
0.6168670000000001,0.05314544242508325,0.001473155171224699
0.619511,0.04879719339622642,0.001378000949423009
0.622154,0.05071129869589346,0.001419750701687493
0.624798,0.04931493354605994,0.001380976031743375
0.6274420000000001,0.05119258226970033,0.001410288780090778
0.630085,0.050592996809101,0.001407961674123128
0.632729,0.05218120650665928,0.001428083043461547
0.635373,0.04720647253052165,0.001329230005349169
0.6380169999999999,0.04643223383740289,0.001303064591470057
0.64066,0.0493565864317425,0.001369734299996309
0.643304,0.04425339601831299,0.00126792385404049
0.645948,0.04743109045504994,0.001324353358846931
0.6485919999999999,0.04804941238901222,0.001332415840845112
0.651235,0.04875065552164263,0.001356469308644408
0.653879,0.0448839258462819,0.001275043071355315
0.656523,0.04440042869034407,0.001257699477047296
0.659166,0.04490483469755827,0.001269398323795482
0.66181,0.04465749264705882,0.00124670876542532
0.664454,0.0440673109045505,0.0012486561662297
0.667098,0.04506185710321865,0.001272143722350594
0.669741,0.04667860987791343,0.001301279002810551
0.672385,0.04400578156215316,0.001239129330363746
0.675029,0.04269721802164261,0.001204702387574906
0.6776720000000001,0.04249687395948946,0.001196644915069594
0.680316,0.04389462631798002,0.001228436704239404
0.68296,0.04422093167314096,0.00122313317006148
0.685604,0.04175126304106549,0.001184336452143062
0.6882470000000001,0.04156081485849058,0.001170991360507238
0.690891,0.04311870969755827,0.001204551049717398
0.693535,0.04240816127913429,0.001182853694854834
0.696178,0.04103190378745838,0.001155570481551021
0.6988220000000001,0.0425433134017758,0.001189752105819623
0.701466,0.04495228593229745,0.001225917615401534
0.70411,0.04518342327968924,0.00123792695982558
0.706753,0.04056530264983351,0.001131166225872464
0.7093970000000001,0.04102416884017759,0.001145582201483496
0.712041,0.04115004543562709,0.001148780781605058
0.714684,0.04125280875416204,0.001143214215347401
0.717328,0.04417403669533851,0.001199532155341566
0.7199719999999999,0.04272548411487237,0.001171067698096922
0.722616,0.04023971379023308,0.001115215655549472
0.725259,0.04544942168423973,0.001218994256284327
0.727903,0.04063225034683685,0.001109949028621119
0.7305469999999999,0.04110739449223086,0.001135411168706607
0.73319,0.04249526699500555,0.001157592149275743
0.735834,0.04170777198945616,0.001132679723259874
0.738478,0.03889264948668146,0.001072828165354042
0.7411219999999999,0.0399194929245283,0.00109608857201683
0.743765,0.03892740066592676,0.001082103883905959
0.746409,0.04072208927580467,0.001097933540951684
0.749053,0.03952309461709212,0.001086538843288437
0.751696,0.03638342022752497,0.001012064413533337
0.75434,0.04004587999445062,0.001094636784074938
0.756984,0.0406336329772475,0.001088910034483224
0.759628,0.03718583344894563,0.001028621986541881
0.762271,0.04153598702830189,0.001110557340247341
0.764915,0.04080292966148724,0.001089599835568679
0.767559,0.0367623319228635,0.001023392293999886
0.7702020000000001,0.03890289102386237,0.001049865856930187
0.772846,0.03925923654273029,0.001054612561403982
0.77549,0.03825598480854606,0.001043355216653485
0.778134,0.0380728480854606,0.001026260144250075
0.7807770000000001,0.03899652531908989,0.001052760388909348
0.783421,0.0397795038845727,0.001060409531857018
0.786065,0.03904429474195338,0.001047488974980371
0.788708,0.03622179897336293,0.0009924757669948906
0.7913520000000001,0.03739027961986682,0.001005153274291495
0.793996,0.03633451768867926,0.0009901001825752171
0.79664,0.03845478600166483,0.00102485840045308
0.799283,0.0356644363901221,0.0009698465672365134
0.8019269999999999,0.03723770498057714,0.001000124729567355
0.804571,0.03563559343784684,0.0009630260675475964
0.807214,0.03608807297447281,0.0009766472219092811
0.809858,0.03896339712819091,0.001020070697909678
0.8125019999999999,0.03781263887347392,0.001013487197498282
0.815146,0.03832996927025527,0.001008377362608961
0.817789,0.03619427684517203,0.0009693667245650741
0.820433,0.03848433171476138,0.001017683116113683
0.8230769999999999,0.03565083213096559,0.0009530935779562821
0.82572,0.03674405098501665,0.0009809224089536368
0.828364,0.03845166363762486,0.001004962570971439
0.831008,0.03657813762486126,0.0009741241896979094
0.8336519999999999,0.03335605937846837,0.0008992811115034619
0.836295,0.0372180047863485,0.0009785457289922534
0.838939,0.03501945303829079,0.0009388867765995486
0.841583,0.03650994464483907,0.0009532251691389569
0.844226,0.03589241016925638,0.0009587166865911216
0.84687,0.03479673050776915,0.0009249302930979645
0.849514,0.03498465607658158,0.0009285043892173137
0.852158,0.03573421802164262,0.0009461017449497079
0.854801,0.03320345726970034,0.0008778030753660738
0.857445,0.03560393944228635,0.0009372642395317974
0.860089,0.03600752788568257,0.0009353566505223065
0.8627320000000001,0.0352554135682575,0.0009225501482017033
0.865376,0.03577522766370699,0.0009648120276339423
0.86802,0.03601110578523862,0.0009630688058843733
0.870664,0.03526582907880133,0.0009629592862323252
0.8733070000000001,0.03464252830188679,0.0009362471939439455
0.875951,0.03495102656770255,0.0009603069536696121
0.878595,0.0361595554245283,0.0009835525276344359
0.881238,0.03341560176193119,0.0009242572715524354
0.8838819999999999,0.03336550887902331,0.0009383871251077805
0.886526,0.03505419963928968,0.000950336061405712
0.88917,0.03330514927857935,0.0009260545839780352
0.891813,0.03537979307713651,0.0009687880916288785
0.8944569999999999,0.03620179661487237,0.0009636179142003313
0.897101,0.03520847738623752,0.0009356414132455196
0.899744,0.03529059052441732,0.0009330616539168977
0.902388,0.03412236854883462,0.0009069051749535835
0.9050319999999999,0.03413316863207547,0.0008951154229697241
0.907676,0.03624729751664817,0.0009369291852383186
0.910319,0.03451680049944507,0.0009067314177037879
0.912963,0.0347453854744728,0.0009086952489858462
0.9156069999999999,0.03288235051331854,0.000872819954412339
0.91825,0.03674763575194229,0.0009314424489676331
0.920894,0.03532219644839068,0.0009152146986957226
0.923538,0.03371592556881243,0.0008806200379232121
0.9261819999999999,0.03141361702275251,0.0008288842023261155
0.928825,0.03611207900943396,0.000928893945119607
0.931469,0.03439642008879024,0.000885874234536795
0.934113,0.03312799632352942,0.0008704568733774629
0.936756,0.03334267487513874,0.0008581301969019883
0.9394,0.03307111390122087,0.00085628732439307
0.942044,0.03281610786625971,0.0008459333329737499
0.944688,0.03462384676748058,0.0008833096437679312
0.947331,0.0328694810627081,0.0008518413418409883
0.949975,0.03262433199223085,0.0008397288782468512
0.952619,0.03167842508324085,0.000824047629228576
0.9552619999999999,0.03441829495005549,0.0008749584987709876
0.957906,0.0340311240982242,0.0008664606492556673
0.96055,0.03327963242230855,0.0008564972590136509
0.963194,0.03381856069644839,0.0008463160419203474
0.9658369999999999,0.03203953426748058,0.0008279688326665221
0.968481,0.03401284544950056,0.0008578411781604167
0.971125,0.03353609205049944,0.0008442955178816585
0.973768,0.0319647509017758,0.0008136917393389157
0.9764119999999999,0.03280749618479467,0.0008233399126403816
0.979056,0.03640977948113207,0.0008961700724619125
0.9817,0.03135160925360711,0.0007985944541092661
0.984343,0.03410229751664818,0.0008442834994068238
0.9869869999999999,0.02959002136514984,0.0007574221680829753
0.989631,0.02965165371809101,0.0007692282234282959
0.992274,0.03206731964483907,0.0008365355324575842
0.994918,0.03134505320477247,0.0008203217403368282
0.9975619999999999,0.032612890954495,0.0008535226516417311
1.00021,0.03149480535516094,0.0008386123826074895
1.00285,0.03320876345726971,0.0008683967625573632
1.00549,0.03149251852108769,0.0008524971368891187
1.00814,0.03179650263596005,0.00085174061234357
1.01078,0.03170641190344062,0.0008552386177234327
1.01342,0.03194904293840178,0.0008645349346746434
1.01607,0.03113918548834628,0.0008572215676441523
1.01871,0.03165374146781354,0.0008614123059444477
1.02136,0.03038091800776915,0.0008402382894463483
1.024,0.0307285442563818,0.0008549472978215507
1.02664,0.03251456624583796,0.0008924921967911233
1.02929,0.03079039407602664,0.0008607366920023352
1.03193,0.03021359912597115,0.0008462268599758267
1.03457,0.02877343389289679,0.0008144472389240437
1.03722,0.02862876588512763,0.0008208745438565593
1.03986,0.03194282796892342,0.0008820013745265079
1.04251,0.03005394193951165,0.0008502186400505184
1.04515,0.03195800943396226,0.0008740571849154376
1.04779,0.03060424257769146,0.000838954485766991
1.05044,0.032335490427303,0.0008651715103675703
1.05308,0.03240339039955605,0.0008517143687532689
1.05572,0.02981445615982242,0.0008062941635152975
1.05837,0.02895564352108768,0.0007748862923235951
1.06101,0.03061875790788013,0.0008162870147763951
1.06365,0.02837418562708103,0.000759557639012335
1.0663,0.03046942695615982,0.0008013561855736056
1.06894,0.02829322620699223,0.0007572073492115986
1.07159,0.03135387319644839,0.0008053439619370984
1.07423,0.03092648702830189,0.0008053145343081935
1.07687,0.03140616363762486,0.0008041537093016222
1.07952,0.02950552524972253,0.0007725413492279645
1.08216,0.03063642536071032,0.0007891445089606135
1.0848,0.0292100955882353,0.0007478395511638498
1.08745,0.03100804619866815,0.0007894645917396125
1.09009,0.02972028849889012,0.0007599659478637368
1.09274,0.02704495359322975,0.0007120005028937535
1.09538,0.03062223508601554,0.0007778709057049437
1.09802,0.02879771004439512,0.000736370909187942
1.10067,0.03058701005826859,0.0007750528868862424
1.10331,0.02912661813263041,0.0007377706143095413
1.10595,0.03050961480299667,0.0007678014712459069
1.1086,0.02841601248612652,0.0007253887635072738
1.11124,0.02966056069644839,0.0007491038894756807
1.11389,0.02950184433962264,0.0007482670884901184
1.11653,0.02655324306326304,0.0006779407789974409
1.11917,0.03048076040510544,0.0007631424157086619
1.12182,0.02598836071032186,0.0006709383381121616
1.12446,0.02736167667869034,0.0007022264005635956
1.1271,0.02836187701165372,0.0007155299909082874
1.12975,0.02679330341287459,0.000681891347053746
1.13239,0.02779045921198668,0.0007043910044709426
1.13504,0.02871491016925638,0.0007186119815485896
1.13768,0.02762745303829079,0.0006983712166043614
1.14032,0.02908200769977802,0.0007271259780219371
1.14297,0.02696314261931188,0.0006860732317121704
1.14561,0.02701712701165372,0.0006921940337553078
1.14825,0.02751550117924529,0.0006880909522110317
1.1509,0.0252078086154273,0.0006480510510793448
1.15354,0.02592056603773584,0.0006610376556269446
1.15618,0.02592657956437292,0.0006576019245258566
1.15883,0.02759378690344062,0.0006984278704979046
1.16147,0.02540849604605994,0.0006436201378380273
1.16412,0.02775376456714761,0.000697377017795717
1.16676,0.02489319610155383,0.0006308013262669983
1.1694,0.02817428336570477,0.0006990825552543673
1.17205,0.02616285141509434,0.0006573070037954048
1.17469,0.02688511098779135,0.0006699080402623511
1.17733,0.02466208851276359,0.0006294183445133363
1.17998,0.02536204286903441,0.0006355689826541576
1.18262,0.02647591648168702,0.0006612315899325002
1.18527,0.02441891266648169,0.0006187768418050003
1.18791,0.02695975013873474,0.0006690680156380299
1.19055,0.02496657852386237,0.0006316321616984854
1.1932,0.02579661688401775,0.0006395534289940314
1.19584,0.02482844825194228,0.0006263724140852296
1.19848,0.02658503898446171,0.0006536747088788248
1.20113,0.02447222863485017,0.0006182510719262303
1.20377,0.02380371996392897,0.0006024572483572683
1.20642,0.02464033039678135,0.0006186984482253694
1.20906,0.02346136327691454,0.0005972475971645474
1.2117,0.02326008754162043,0.0005852734405948828
1.21435,0.02380371080743618,0.0005994373326503983
1.21699,0.02361138783296337,0.0005928199031949666
1.21963,0.02350187160099889,0.0005919587288201313
1.22228,0.02370763859600444,0.0005978328598253158
1.22492,0.02448410231687014,0.0006064170542773759
1.22757,0.02572661549667037,0.0006318333079548012
1.23021,0.02315973466981133,0.0005791416860253691
1.23285,0.02346650006936737,0.0005861407577961451
1.2355,0.02373850971143174,0.0005931212578623777
1.23814,0.02550502150388457,0.000623549215869665
1.24078,0.02273753565482798,0.000574683656755116
1.24343,0.02547169644839068,0.0006233272548977943
1.24607,0.02513946684239734,0.0006139251859446197
1.24871,0.02446090205327414,0.0006010914468721285
1.25136,0.02063307373751388,0.0005251856100242917
1.254,0.02264849791897892,0.0005665513640068747
1.25665,0.02137029273029967,0.0005405826192659214
1.25929,0.02186922315482797,0.0005512876788418704
1.26193,0.02207035238623751,0.0005485739930680694
1.26458,0.02148359746115427,0.0005383871978113563
1.26722,0.02328831243063263,0.0005751317483006352
1.26986,0.02268510786625971,0.000562465934825604
1.27251,0.02301159864039955,0.0005695111681561585
1.27515,0.02354086681465039,0.0005750399905198534
1.2778,0.02119858102108768,0.0005328290799059903
1.28044,0.02184036875693674,0.0005395203245579019
1.28308,0.02033823924805772,0.0005120832955866932
1.28573,0.02277951817425084,0.0005629396457398788
1.28837,0.02074655015260821,0.0005156974184446689
1.29101,0.02261740704772475,0.0005612405124986239
1.29366,0.02090213498890122,0.0005193787176735158
1.2963,0.01956548161764706,0.0004949473028750845
1.29895,0.0205888432991121,0.0005156212480818411
1.30159,0.0200885531354051,0.0005003864191342882
1.30423,0.02060603232519423,0.0005170852050704355
1.30688,0.01879681922863485,0.0004730591910413222
1.30952,0.02174744408990011,0.0005352445836934651
1.31216,0.01933332103218646,0.0004843390594192231
1.31481,0.02015344519977802,0.0005022773976313037
1.31745,0.01836109836293007,0.0004659280408633437
1.3201,0.01914432644284129,0.0004776715651140344
1.32274,0.01927350853218646,0.0004822252641812206
1.32538,0.01949929848779134,0.0004831441518377579
1.32803,0.02107641738346282,0.000513270917071805
1.33067,0.01870649500554939,0.000472748520225329
1.33331,0.01926299230022197,0.0004754996873144067
1.33596,0.01813011438679245,0.0004576234950724497
1.3386,0.01905342993895672,0.000474644089362647
1.34124,0.01786545969755827,0.0004495480805835912
1.34389,0.01837258060488346,0.0004594653843596477
1.34653,0.01812997703940067,0.0004517445325352484
1.34918,0.01818503274139845,0.0004569234744656968
1.35182,0.01761595671476138,0.0004413031063236529
1.35446,0.01769501158435072,0.0004461930166288671
1.35711,0.01753611438679245,0.000441663974604169
1.35975,0.01686863124306326,0.0004284276256336937
1.36239,0.0161337105299667,0.0004142047310176058
1.36504,0.01607695172031076,0.0004076848264483496
1.36768,0.01709937028301887,0.0004324324550574395
1.37033,0.01964043437846837,0.0004815652924509307
1.37297,0.01888471011376249,0.000467001467582281
1.37561,0.01833636438679246,0.0004604375885987558
1.37826,0.01756929751664817,0.0004370867048457946
1.3809,0.01663477670643729,0.000423067102252397
1.38354,0.01670094610155383,0.000423317896594144
1.38619,0.01676654092674806,0.0004253124244871961
1.38883,0.01678072204495006,0.0004222913666081862
1.39148,0.01569043097946726,0.0004013973682779201
1.39412,0.01780311084905661,0.0004447845441950813
1.39676,0.01787714109322974,0.0004417988365410027
1.39941,0.01542636001664817,0.0003941889595793925
1.40205,0.0168269073945616,0.0004214301453631331
1.40469,0.01529000610432852,0.0003950875901302071
1.40734,0.01598443222807991,0.0004042474994425964
1.40998,0.01437920061043285,0.0003702128333813726
1.41263,0.01523663977524972,0.0003867491739556448
1.41527,0.01664166238901221,0.0004162363969990806
1.41791,0.01727138186736959,0.0004303405033444549
1.42056,0.01413917001942286,0.0003655036021317602
1.4232,0.01600951872918979,0.0004027193987126732
1.42584,0.01376291599611543,0.0003556654047419974
1.42849,0.01762416779966704,0.0004359436867626785
1.43113,0.0152069429800222,0.000387198935294887
1.43377,0.01513425187291898,0.0003843142414025007
1.43642,0.01484869977802442,0.0003762595891142226
1.43906,0.01483575020810211,0.0003785356771946628
1.44171,0.01422375541065483,0.000364410793421256
1.44435,0.01539727899556049,0.0003878768391480497
1.44699,0.01427931243063263,0.0003643108154596599
1.44964,0.01424002192008879,0.0003651494787094001
1.45228,0.01504030167869034,0.0003794754374638016
1.45492,0.0139024746809101,0.0003551937607466481
1.45757,0.01408560911487236,0.0003582874955671614
1.46021,0.0140204881381798,0.0003577468761237306
1.46286,0.01258894374306326,0.0003268832022370887
1.4655,0.01493633885960045,0.0003770740394431852
1.46814,0.01301990094339623,0.0003346415595078918
1.47079,0.01405598557158713,0.000359113667793183
1.47343,0.01300285842119867,0.0003339378102058785
1.47607,0.01329678870699223,0.0003429163000425783
1.47872,0.01263268888734739,0.0003247612170067293
1.48136,0.01386327802441731,0.000353886304078144
1.48401,0.01549399902885683,0.0003888061399229896
1.48665,0.01412571913152053,0.0003569267867609357
1.48929,0.01214489046892342,0.0003143931556601082
1.49194,0.01393468035516093,0.0003497332744974555
1.49458,0.01260136910377358,0.0003273800358573754
1.49722,0.01351757463928968,0.0003426714944453569
1.49987,0.01373504821032186,0.0003477377528330942
1.50251,0.01175777455604883,0.0003082248222126278
1.50516,0.01370896365149834,0.0003457048625678049
1.5078,0.01424592785793563,0.0003574372358180889
1.51044,0.01256000922586016,0.0003226172421703142
1.51309,0.0133283236681465,0.0003376139191046075
1.51573,0.01268373862375139,0.000325885327729252
1.51837,0.01223582817702553,0.0003126221039676097
1.52102,0.01316707096281909,0.0003336255641717556
1.52366,0.01398135786625971,0.0003484022248919692
1.5263,0.01219500624306326,0.0003106375017691761
1.52895,0.01250246753607104,0.0003204920099520167
1.53159,0.01168861098779134,0.0003025405011155971
1.53424,0.01276401817425083,0.0003270463787773716
1.53688,0.01275119679522753,0.0003239862550001297
1.53952,0.0128696749445061,0.0003247845580737616
1.54217,0.01076117272475028,0.0002786023315143237
1.54481,0.01237900367647059,0.0003152262475360478
1.54745,0.01179331548279689,0.0003048995634448741
1.5501,0.01122424174528302,0.000294141065909078
1.55274,0.01172215122086571,0.0003088889611519303
1.55539,0.01243475756104329,0.0003263661536213964
1.55803,0.01077356603773585,0.0002914245313683794
1.56067,0.01129478565482797,0.0003061497953604254
1.56332,0.01088923314372919,0.0002945868862415081
1.56596,0.01208493146503885,0.0003276035606177038
1.5686,0.01107179300776915,0.0003017770961269871
1.57125,0.01161143319922309,0.0003200791268469313
1.57389,0.01102450887902331,0.000304573447015533
1.57654,0.01111066689789123,0.0003059192930177019
1.57918,0.00982379051054384,0.0002805917623128192
1.58182,0.01199264546337403,0.0003299271148006516
1.58447,0.0111217073390677,0.0003120617912960881
1.58711,0.01060688124306326,0.0002979208337558047
1.58975,0.01000734156492786,0.0002848485827093054
1.5924,0.0106902579772475,0.000306984808926627
1.59504,0.009841318326859043,0.0002809491629494752
1.59769,0.01201931374861265,0.0003373486354892496
1.60033,0.01186751512208657,0.0003320607701040626
1.60297,0.009755066453940069,0.000281589428741968
1.60562,0.01147602011653718,0.0003228745323230777
1.60826,0.01110403072974473,0.0003069469059089848
1.6109,0.01087675284406215,0.000301486707224614
1.61355,0.01093310647891232,0.0002983508484781646
1.61619,0.008393875971143177,0.0002377309287726754
1.61883,0.01044490975305216,0.0002867963101428861
1.62148,0.01051374597669256,0.0002851191082885978
1.62412,0.01071085550776915,0.0002923055272797696
1.62677,0.009488459142619312,0.000259502411654632
1.62941,0.01141869360432852,0.0003069897186256224
1.63205,0.00942193951165372,0.0002580119337283181
1.6347,0.0111506464345172,0.0002971924145059501
1.63734,0.009918931048834628,0.0002695798260434634
1.63998,0.01105798272752497,0.0002950628967079622
1.64263,0.01021952726137625,0.0002747716561949136
1.64527,0.009793402400110984,0.0002632605933455481
1.64792,0.008964204148168701,0.0002456145199283619
1.65056,0.009846977039400668,0.0002657225460797123
1.6532,0.009267577067147615,0.0002511521045149258
1.65585,0.01017808955327414,0.0002734428959248212
1.65849,0.01009213755549389,0.0002680838727206268
1.66113,0.01018264719755827,0.0002718260591247228
1.66378,0.009515063332408435,0.000257107300227984
1.66642,0.008242086501109877,0.0002269798045775429
1.66907,0.01021225929522753,0.0002743747088983121
1.67171,0.00999656895116537,0.0002660036073634485
1.67435,0.009321048695893452,0.000251649923757363
1.677,0.01037589955604883,0.0002748569538357657
1.67964,0.009555915024972252,0.0002556654321907596
1.68228,0.008320882699778025,0.0002266718055344851
1.68493,0.008668463165926749,0.000234809934710089
1.68757,0.009083710113762486,0.0002443956418038829
1.69022,0.00918233927580466,0.0002454500569298953
1.69286,0.00866664560210877,0.0002340642195327714
1.6955,0.01085110779689234,0.0002853612107401506
1.69815,0.009408113207547171,0.0002515531282102312
1.70079,0.008210272266925639,0.0002250208215411525
1.70343,0.01019184947280799,0.0002663841299528368
1.70608,0.007910701581576028,0.0002151840252557081
1.70872,0.008608893312985571,0.0002304990721782827
1.71137,0.00847735342674806,0.0002287151283015579
1.71401,0.007545847391786903,0.0002067984377855627
1.71665,0.008024177996670368,0.00021795595969297
1.7193,0.007881970796337401,0.0002148393464528379
1.72194,0.009442232588790235,0.0002497735239806161
1.72458,0.008583216218091012,0.0002306067442727949
1.72723,0.01021510009711432,0.0002663665998661549
1.72987,0.008711793978912322,0.0002327777113893073
1.73251,0.009132727108768036,0.0002438439896323874
1.73516,0.009026642272475032,0.000237720709671052
1.7378,0.008499017688679245,0.0002276123324444172
1.74045,0.007957717882907882,0.0002139182380962795
1.74309,0.008804340940621533,0.0002342914126901095
1.74573,0.009220640885127635,0.0002438095771878089
1.74838,0.008197668354605997,0.0002180127652275533
1.75102,0.008073357519422866,0.0002187021613703375
1.75366,0.008329972807991125,0.0002206583704854068
1.75631,0.007666832130965596,0.0002061638088645774
1.75895,0.007684579703107658,0.0002078534993021924
1.7616,0.008976563124306326,0.0002366808661518561
1.76424,0.008472921684239737,0.0002262053197778054
1.76688,0.006845929661487236,0.0001849719862979237
1.76953,0.007579350998890119,0.0002043125847911934
1.77217,0.008229251387347395,0.0002198761183407449
1.77481,0.007882188263041066,0.0002115399216746972
1.77746,0.006402315899001111,0.0001765064571884227
1.7801,0.008162150319089904,0.000215932021426551
1.78275,0.008458573460044395,0.0002246138848598957
1.78539,0.008581403232519422,0.0002243522667751772
1.78803,0.007010767133740289,0.0001887327968658076
1.79068,0.007626346698113206,0.0002050193092303183
1.79332,0.007643196933962264,0.0002025213531391421
1.79596,0.006284709905660379,0.0001733646504531996
1.79861,0.007583558407325194,0.0002010249894012372
1.80125,0.007809520047169811,0.0002080257504696698
1.8039,0.007324086293007769,0.0001969427627613246
1.80654,0.005556326928412873,0.0001530388365050391
1.80918,0.007600454425638183,0.000204435840500117
1.81183,0.006451850235849057,0.0001756246907849429
1.81447,0.008640364178690347,0.0002270370553138417
1.81711,0.007051561598224196,0.0001894518245226855
1.81976,0.006618349611542731,0.0001787579880994501
1.8224,0.007215536071032186,0.0001951174664914848
1.82504,0.007636224264705882,0.0002034950556657867
1.82769,0.008352587056048836,0.000222002067347133
1.83033,0.008687822280799109,0.0002279591594954932
1.83298,0.006368979397891233,0.0001731645812536166
1.83562,0.007247464761376248,0.0001955882711567643
1.83826,0.007146642619311876,0.0001940997875039217
1.84091,0.007923154411764709,0.0002126425065982235
1.84355,0.006567187708102109,0.0001793196308399127
1.84619,0.007315554730854608,0.0001975822938790556
1.84884,0.007663723501664814,0.0002035628448952694
1.85148,0.006935931118202,0.0001889624849077325
1.85413,0.006889049875138734,0.0001882137910738243
1.85677,0.007068910862930078,0.0001902995576767919
1.85941,0.008118849264705883,0.0002170482894725001
1.86206,0.007110527122641509,0.0001908742699541687
1.8647,0.006265524764150946,0.0001724599989904025
1.86734,0.008832094270255273,0.0002325042119109514
1.86999,0.007029272405660376,0.0001895407623946329
1.87263,0.00613809614317425,0.0001704437316379022
1.87528,0.007714196379023307,0.0002064452790254594
1.87792,0.006849789123196447,0.0001867169726959588
1.88056,0.006834207061598226,0.0001860248067185087
1.88321,0.006625610710321863,0.0001800731696754543
1.88585,0.006444641786903437,0.0001781013638849985
1.88849,0.007372439442286348,0.0001972565613466428
1.89114,0.005112468229744728,0.0001437356474309127
1.89378,0.007435223224195336,0.0001988718805047527
1.89643,0.0060710317008879,0.0001674963149182053
1.89907,0.006956695754716984,0.0001897205893770954
1.90171,0.00606501359600444,0.0001657059504873665
1.90436,0.006632654342397337,0.0001812068111571877
1.907,0.006031331437291898,0.0001654049685084396
1.90964,0.006086350513318535,0.0001682519006191642
1.91229,0.006347887416759153,0.0001744662371260624
1.91493,0.007262389844617093,0.0001955688483361162
1.91757,0.00535761501109878,0.0001489574205161494
1.92022,0.006954660724195338,0.0001894564908147302
1.92286,0.006516421822974474,0.0001790781425622314
1.92551,0.005858175291342953,0.0001606222420597233
1.92815,0.006012439303551609,0.0001650269497794621
1.93079,0.007232837264150945,0.0001967950716834833
1.93344,0.005353984461709211,0.0001485655187311207
1.93608,0.005222497225305218,0.0001457112448642283
1.93872,0.006132302372364042,0.0001683615749861566
1.94137,0.007259427719200889,0.0001978198149225237
1.94401,0.006930872155937847,0.0001884982409771462
1.94666,0.007216177025527193,0.0001944162504106554
1.9493,0.006614893035516095,0.0001809576685524158
1.95194,0.007125614733629298,0.0001919695095993804
1.95459,0.00565637305771365,0.0001567800923219799
1.95723,0.005773031354051052,0.000160364095871622
1.95987,0.004968857796892344,0.0001390190710090786
1.96252,0.007890932713651499,0.0002121356197515495
1.96516,0.007242978079911212,0.0001947400239626836
1.96781,0.006154838790233074,0.0001689892576020985
1.97045,0.007014331298557161,0.0001897870492800602
1.97309,0.00622579016370699,0.0001711995588097202
1.97574,0.006265703315760268,0.0001724701272091709
1.97838,0.006592212402885684,0.000179655176269005
1.98102,0.004827879855715871,0.0001365950731531365
1.98367,0.005029988831853498,0.0001403984050244918
1.98631,0.006825341287458379,0.0001853231400433271
1.98896,0.005229472183684797,0.0001461764067225854
1.9916,0.007080988276914538,0.0001914673299499142
1.99424,0.006027270532741397,0.0001645847237624332
1.99689,0.00675635169256382,0.0001825010534165632
1.99953,0.003953915510543838,0.0001122107515377972
2.00217,0.005115727941176472,0.0001422959862053467
2.00482,0.005017634433962265,0.0001398750685820116
2.00746,0.005691705674250834,0.0001565666654119762
2.0101,0.005692868548834629,0.0001555319787074
2.01275,0.005971157255826859,0.0001636931265519502
2.01539,0.00612390586847947,0.0001657226886267707
2.01804,0.005775032047724751,0.000159646957007045
2.02068,0.00527627330743618,0.0001462255518585265
2.02332,0.004799032325194227,0.0001335048113344871
2.02597,0.004482119242508323,0.0001258933354509152
2.02861,0.004335642827413985,0.0001210502028095601
2.03125,0.005825321795227528,0.0001597282354958066
2.0339,0.006482693881798002,0.000175183865132765
2.03654,0.004729880202552719,0.0001326841995294815
2.03919,0.005985198737513874,0.0001631830698812516
2.04183,0.004708312083795782,0.0001306857744914784
2.04447,0.005789835807436184,0.0001586447856172879
2.04712,0.005067908157602663,0.0001400664008464432
2.04976,0.004476499445061043,0.0001253931933772603
2.0524,0.004906634850166481,0.0001366248822293334
2.05505,0.006607833379578246,0.0001780686763035203
2.05769,0.005029201373473918,0.0001397347748923369
2.06034,0.005917152261376247,0.0001600616637317925
2.06298,0.004964499306326305,0.000138012958840895
2.06562,0.004062845726970033,0.0001139672521688237
2.06827,0.004986163568257489,0.0001377170442788931
2.07091,0.00375622454217536,0.0001067595707883074
2.07355,0.004979156562153165,0.0001372752947834372
2.0762,0.00378344221698113,0.0001072576301428669
2.07884,0.005857953246392894,0.0001591420435311826
2.08149,0.003852910238623753,0.000108701388659826
2.08413,0.005711909475582685,0.0001571423473200423
2.08677,0.005259155244173141,0.0001437532188760354
2.08942,0.005767711431742508,0.0001590617027400403
2.09206,0.004642529550499446,0.0001294967892749412
2.0947,0.005296651082130964,0.0001462265481294419
2.09735,0.005705907394561599,0.0001562700418156716
2.09999,0.005759958171476136,0.0001575991314389884
2.10263,0.005086656076581576,0.000142311831747144
2.10528,0.004536627844062157,0.0001253850235540695
2.10792,0.00505362402885683,0.0001408010083542358
2.11057,0.004823775457824639,0.0001353257629564003
2.11321,0.005763781007214205,0.0001626204026092551
2.11585,0.004076067702552719,0.0001204759676543073
2.1185,0.004858517480577136,0.0001397198616750048
2.12114,0.004466718021642616,0.0001326288439649195
2.12378,0.003771987444506105,0.0001114297747757284
2.12643,0.004124848917869033,0.0001227915448464349
2.12907,0.005089471698113207,0.0001512946101471233
2.13172,0.003760695199778028,0.0001142478976344772
2.13436,0.004251741884017755,0.0001293445012294405
2.137,0.005673868826304109,0.0001674924737502826
2.13965,0.005087580882352943,0.0001532360976354437
2.14229,0.006112432783018869,0.0001805409947748491
2.14493,0.005835854051054384,0.0001747789789709326
2.14758,0.005584387000554938,0.00016923428534163
2.15022,0.004613459975027746,0.0001405287994251274
2.15287,0.005426819783573809,0.0001654078337634312
2.15551,0.004560569783573807,0.0001404749825028062
2.15815,0.003788382144839069,0.0001191388706466624
2.1608,0.003190124375693675,0.0001014987605193798
2.16344,0.004431339622641511,0.000136924276252448
2.16608,0.003931488970588236,0.0001227934704964165
2.16873,0.005917207200332965,0.0001758569795499402
2.17137,0.00539975776914539,0.0001599317815871117
2.17402,0.004497069506104325,0.0001342805875110723
2.17666,0.004577026290233076,0.0001369299578010401
2.1793,0.004351520185904551,0.0001297073004131715
2.18195,0.004361505341287461,0.0001294295842252763
2.18459,0.004550932574916757,0.0001343599050769397
2.18723,0.004104001872918978,0.0001222320035016848
2.18988,0.004573137069922309,0.0001344387580257203
2.19252,0.004176670088790233,0.0001232457338911595
2.19516,0.004661259156492788,0.0001359294685165532
2.19781,0.004065498820754717,0.0001206734701115237
2.20045,0.005432533435072146,0.0001560042661522316
2.2031,0.004514748404550501,0.0001322832668030251
2.20574,0.004512711084905659,0.000131682586493563
2.20838,0.004312950749167591,0.0001265923337851588
2.21103,0.004512461570477249,0.0001321031729660178
2.21367,0.004524955604883465,0.0001327540779856259
2.21631,0.003494483906770254,0.000104380841807571
2.21896,0.003531849264705882,0.0001044756632166997
2.2216,0.004379612305771367,0.0001271281270306272
2.22425,0.003756162735849061,0.000111025528699053
2.22689,0.002681449153718089,8.08491379884035e-05
2.22953,0.004085350097114318,0.0001190923150847162
2.23218,0.004733883879023311,0.000138434952016055
2.23482,0.002520738970588236,7.602626806386663e-05
2.23746,0.004287589553274141,0.0001267172951753416
2.24011,0.003957365219200888,0.0001163793617817659
2.24275,0.00425186320754717,0.0001255943797428481
2.2454,0.005165635405105439,0.0001490121932802291
2.24804,0.004512601206992231,0.0001323787319906342
2.25068,0.004263066176470585,0.0001255589484816892
2.25333,0.003263071864594897,9.728657800227108e-05
2.25597,0.004202814164816871,0.0001239306998784275
2.25861,0.003410484531076581,0.0001018893366109681
2.26126,0.003974430632630411,0.0001177945335305886
2.2639,0.004235807297447279,0.0001243443560174218
2.26655,0.004177860432852384,0.0001232636434632302
2.26919,0.004223462056048833,0.0001259392960290434
2.27183,0.003760587610987793,0.0001111841643263615
2.27448,0.003781384295227524,0.0001120725901232207
2.27712,0.004840474611542731,0.00014038142318651
2.27976,0.005120049805771365,0.0001504719093238139
2.28241,0.004993232380688124,0.0001458979232237995
2.28505,0.003342600582685903,9.988335937156824e-05
2.28769,0.004165934100998894,0.0001226822767504002
2.29034,0.003000172932852389,8.946144541711865e-05
2.29298,0.004262093299112096,0.0001258665292227817
2.29563,0.003884355923973363,0.0001145485811831941
2.29827,0.005199308407325193,0.0001502809194277768
2.30091,0.004103578385127636,0.0001230396703494463
2.30356,0.00554131256936737,0.000157821909381587
2.3062,0.004703676609322974,0.000138134393044635
2.30884,0.0038734390954495,0.0001144988783725239
2.31149,0.004585969894561598,0.0001354810751776131
2.31413,0.003305924250832409,9.931091193398272e-05
2.31678,0.004516421753607103,0.0001329851634353691
2.31942,0.00372466897891232,0.0001114383692985035
2.32206,0.004211521989456161,0.000123028482945008
2.32471,0.003249627844062156,9.812956490963985e-05
2.32735,0.00407670636792453,0.0001212453403836522
2.32999,0.004454491814650389,0.0001309063600723414
2.33264,0.00430150513318535,0.0001289302095868201
2.33528,0.002661504023307434,7.984617356492897e-05
2.33793,0.004905858837402887,0.0001439063938554554
2.34057,0.004046322835738071,0.0001194925567846634
2.34321,0.003573470102663704,0.0001068106964529204
2.34586,0.004990586154273028,0.0001471500890931595
2.3485,0.003009008948390676,9.085259153894245e-05
2.35114,0.003429912319644837,0.0001027828223238035
2.35379,0.004303331853496112,0.0001262366634075058
2.35643,0.003983440621531636,0.0001175806841599376
2.35908,0.004396847114317423,0.0001304822984266785
2.36172,0.004329125693673697,0.0001276541030616304
2.36436,0.003024536071032189,9.131688591901498e-05
2.36701,0.003973826304106547,0.0001171324858612745
2.36965,0.002913435765815759,8.791999331721759e-05
2.37229,0.003657730438401779,0.0001092706729748504
2.37494,0.003429321725860154,0.0001027657481749066
2.37758,0.003291402053274138,0.0001002322042528301
2.38022,0.003881679938956715,0.000114205619937274
2.38287,0.003195785377358492,9.736679148365771e-05
2.38551,0.003178545990566037,9.461746532750977e-05
2.38816,0.003508186598224196,0.0001054375734739898
2.3908,0.003388177025527194,0.0001021382364192689
2.39344,0.003578588582130964,0.0001072138279069099
2.39609,0.002858350305216425,8.699698385631392e-05
2.39873,0.003450519006659271,0.0001029094726345204
2.40137,0.002582769630965595,7.888204439946933e-05
2.40402,0.003187141648168699,9.470732989158878e-05
2.40666,0.004896180424528305,0.0001428550045269662
2.40931,0.00405245768590455,0.0001204031757825617
2.41195,0.002884956784128743,8.687679183004093e-05
2.41459,0.002892545227524971,8.802503298270293e-05
2.41724,0.004253371739733628,0.0001247760027448975
2.41988,0.003722576720310769,0.000111146341338545
2.42252,0.003756439719755829,0.0001123840582544742
2.42517,0.004115420019422865,0.0001209098115033804
2.42781,0.005409408712541622,0.0001572915383185245
2.43046,0.002320475027746948,7.084550527318362e-05
2.4331,0.003942568326859046,0.0001172115591248592
2.43574,0.003296529689234186,9.905883850916087e-05
2.43839,0.003965560280244174,0.0001183068620095665
2.44103,0.003858697142064371,0.000114865307137254
2.44367,0.004432806950610433,0.0001302100697497121
2.44632,0.003331615080466149,0.000100286233447511
2.44896,0.0035342230854606,0.0001055258082599597
2.45161,0.002514024972253056,7.657058275635399e-05
2.45425,0.004284256589900111,0.0001271891251796894
2.45689,0.00223591710599334,6.812320523208972e-05
2.45954,0.003162634295227527,9.59241927639611e-05
2.46218,0.0036189778718091,0.0001084532420643162
2.46482,0.003400323113207546,0.0001013522357655571
2.46747,0.00237478218645949,7.246391454297342e-05
2.47011,0.003155613554384017,9.591031137237842e-05
2.47275,0.004183732033851279,0.0001250123041030309
2.4754,0.002590985294117644,7.853216955441273e-05
2.47804,0.003701862444506105,0.0001106515118582892
2.48069,0.003813296961709213,0.0001139024668002289
2.48333,0.003819669880688121,0.0001148607622866624
2.48597,0.003458134919533853,0.0001044441941898329
2.48862,0.003356369658712539,0.0001006922582142034
2.49126,0.003121027192008878,9.521354647792529e-05
2.4939,0.003211408643174249,9.649812529443384e-05
2.49655,0.003814192008879023,0.0001144078770351992
2.49919,0.003942614109322972,0.0001172303519294101
2.50184,0.002803507491675917,8.523532992750646e-05
2.50448,0.004291490219200888,0.0001274837943586425
2.50712,0.003523695407880133,0.0001065254489495613
2.50977,0.003566902608213096,0.0001068851912294113
2.51241,0.003159475305216425,9.527957354951346e-05
2.51505,0.002212014081576028,6.847415252511158e-05
2.5177,0.003871962610987794,0.0001164331316258397
2.52034,0.002729848085460601,8.301924906164204e-05
2.52299,0.002636827275249723,8.103505875517402e-05
2.52563,0.004030509572697003,0.0001202555446479262
2.52827,0.003380947974472811,0.0001022826732958398
2.53092,0.003497450610432852,0.0001052177247711092
2.53356,0.002683049250832411,8.158131402491583e-05
2.5362,0.003081249098224197,9.400520715819567e-05
2.53885,0.003296012347391788,9.964929718393231e-05
2.54149,0.002458664816870145,7.566461493347327e-05
2.54414,0.004174280244173142,0.000124634102934908
2.54678,0.003695988554384017,0.0001112469341461094
2.54942,0.002453090801886795,7.551166061593632e-05
2.55207,0.003486437638734739,0.0001051554048537528
2.55471,0.001941100929522754,6.029558472827287e-05
2.55735,0.003481900596559379,0.0001053971518542262
2.56,0.002181612236403995,6.799109051258634e-05
2.56264,0.003971303690344063,0.0001200457527677661
2.56529,0.004362794117647057,0.0001286486717389842
2.56793,0.00416081791065483,0.0001243929249554819
2.57057,0.003018238693118759,9.165709437959006e-05
2.57322,0.003441394561598221,0.0001043600496833943
2.57586,0.003002448321309656,9.125780683785763e-05
2.5785,0.005493279897336292,0.0001597420438807399
2.58115,0.003326611057158714,0.000101833817959205
2.58379,0.002426179869589345,7.498305604235108e-05
2.58643,0.003346059447835737,0.0001014959473359093
2.58908,0.003400350582685905,0.0001029316680415057
2.59172,0.002822047100443953,8.644365502316925e-05
2.59437,0.002604218715316314,8.052191195539713e-05
2.59701,0.003151493132630411,9.560390297309256e-05
2.59965,0.003204516093229747,9.729088555541251e-05
2.6023,0.002423162805216427,7.490154678568362e-05
2.60494,0.003806846212541619,0.0001151175686844308
2.60758,0.002874424528301887,8.922841233769258e-05
2.61023,0.002814607450055495,8.656027269318505e-05
2.61287,0.002953120005549391,9.070800713598637e-05
2.61552,0.003608191523307437,0.0001096674902290285
2.61816,0.00263860134572697,8.128472023146528e-05
2.6208,0.002200092327968924,6.820525809814564e-05
2.62345,0.003757959697558268,0.0001136646445290828
2.62609,0.003784744728079912,0.0001146256864796774
2.62873,0.004591429453385128,0.0001368493283434797
2.63138,0.00424052746947836,0.0001269679583938354
2.63402,0.003745268798557158,0.0001132600880041906
2.63667,0.002843244381243061,8.758804504841091e-05
2.63931,0.004190970241398445,0.0001267432481597948
2.64195,0.002420447905105436,7.515867708496766e-05
2.6446,0.00271640406492786,8.317578603730167e-05
2.64724,0.00289036140399556,8.85087418947652e-05
2.64988,0.004067176748057713,0.0001230609994611429
2.65253,0.003892402192008878,0.0001181715763531222
2.65517,0.003688599264705883,0.0001117880907127976
2.65782,0.003145076720310763,9.62537784320227e-05
2.66046,0.00262136882630411,8.12029955368049e-05
2.6631,0.00298834961154273,9.167114886871287e-05
2.66575,0.002602314164816868,7.999582384684569e-05
2.66839,0.003158774833518311,9.74476658756847e-05
2.67103,0.003057854259156496,9.596247414622897e-05
2.67368,0.003638369034406214,0.0001146478680615329
2.67632,0.003487630271920087,0.0001119270241717665
2.67896,0.002863425291342952,9.241224552728639e-05
2.68161,0.003569324500554937,0.0001163328732195848
2.68425,0.004856269561598224,0.0001559497677733997
2.6869,0.003403855230299669,0.0001119892850524747
2.68954,0.004263622433407323,0.0001386745485839903
2.69218,0.003310628399001107,0.0001098383104577839
2.69483,0.004045446101553832,0.0001346827441221869
2.69747,0.003042608698668146,0.0001032533066212019
2.70011,0.004443767272475029,0.0001450372318389809
2.70276,0.003240068465593788,0.0001113044030764074
2.7054,0.003567028509988902,0.0001206177739611094
2.70805,0.001297509364594892,4.647459990216029e-05
2.71069,0.004428338582130968,0.0001478616263867365
2.71333,0.003410594408990012,0.0001177732275485252
2.71598,0.003176563609877913,0.0001113905332203527
2.71862,0.004564665024972251,0.0001566466029142015
2.72126,0.00318138221420644,0.0001122298337612113
2.72391,0.002658141301331853,9.436026860699831e-05
2.72655,0.00311270394006659,0.0001078429956290522
2.7292,0.004304819783573807,0.0001438960646939235
2.73184,0.001941013942841288,6.699546424410848e-05
2.73448,0.004472177580466151,0.0001463245565257704
2.73713,0.003905180077691454,0.0001269245987892537
2.73977,0.002860650874028858,9.601285904251909e-05
2.74241,0.002209830258046617,7.432990490274125e-05
2.74506,0.003177021434517204,0.000103692744435653
2.7477,0.00398302400110988,0.00012885675841671
2.75035,0.004046929453385128,0.0001290981715352048
2.75299,0.002721804106548279,8.994309922370788e-05
2.75563,0.003662338443396228,0.0001168097968320657
2.75828,0.003157213651498336,0.0001017880416375029
2.76092,0.003844376387347392,0.0001239302065615466
2.76356,0.002857054661487237,9.257423152697484e-05
2.76621,0.005378961084905659,0.0001663533801142263
2.76885,0.002492468299112098,8.174644437450975e-05
2.77149,0.003522967466703664,0.0001126837094539872
2.77414,0.003115613415649277,0.0001005574481445975
2.77678,0.003154498751387349,0.0001008928245903403
2.77943,0.003248801470588236,0.0001037297328934924
2.78207,0.003691888734739175,0.0001175671330205034
2.78471,0.004130635821309655,0.0001310511963807496
2.78736,0.004289269769700334,0.0001349159455388804
2.79,0.003008010890677026,9.602703441133266e-05
2.79264,0.003506149278579355,0.0001117137866994376
2.79529,0.003431784822419534,0.0001092686800668738
2.79793,0.002148046822974475,6.989782333968464e-05
2.80058,0.002244222044950056,7.231868866367416e-05
2.80322,0.002848637555493893,9.20200150825526e-05
2.80586,0.004412614594894562,0.0001383033905652947
2.80851,0.002957400665926748,9.442430620944997e-05
2.81115,0.004125778301886793,0.000128350861220901
2.81379,0.004466054175915648,0.0001384085661975262
2.81644,0.003109091703662596,9.952887931402588e-05
2.81908,0.004590399347946729,0.0001420342490518772
2.82173,0.00314959316037736,0.0001000787781461203
2.82437,0.002931437430632633,9.306975586597749e-05
2.82701,0.001863103634850167,6.044563776827818e-05
2.82966,0.003645756034961155,0.0001151234665581768
2.8323,0.002536527053274139,8.083213706070101e-05
2.83494,0.002630598571032188,8.41123465458927e-05
2.83759,0.00258359600443951,8.200575439367332e-05
2.84023,0.002107506451165372,6.809348174118144e-05
2.84288,0.002676474889012209,8.616338013977043e-05
2.84552,0.003496509780799112,0.0001085321877706253
2.84816,0.002306142827413988,7.486298073867383e-05
2.85081,0.003693781839622641,0.0001157800477568136
2.85345,0.003209398793007771,0.0001013237369459996
2.85609,0.002700004786348503,8.599962662638545e-05
2.85874,0.002809337888457272,8.933571941949817e-05
2.86138,0.002348221490011097,7.594412007162321e-05
2.86402,0.003298599056603772,0.0001042998808917016
2.86667,0.004488963720865704,0.0001386952925699922
2.86931,0.001959354397891229,6.342962335922903e-05
2.87196,0.004084146018312987,0.0001261481935875155
2.8746,0.003207118826304106,0.0001022793960081364
2.87724,0.003026779411764707,9.62340670529953e-05
2.87989,0.001642102524972254,5.369611721891964e-05
2.88253,0.003135057228079911,9.936431150407872e-05
2.88517,0.002562517758046617,8.267733836204095e-05
2.88782,0.002944625069367369,9.417885178412544e-05
2.89046,0.002232916065482797,7.12790446276248e-05
2.89311,0.004219973432297446,0.0001317285879427194
2.89575,0.002984632075471699,9.510931909908487e-05
2.89839,0.002697058684794669,8.544235259109602e-05
2.90104,0.002152595310765816,6.975623573898701e-05
2.90368,0.001968902330743621,6.322185118171185e-05
2.90632,0.004352014636514984,0.0001346363314064108
2.90897,0.003973911001664816,0.0001245404768370224
2.91161,0.00184174153718091,5.98313450241267e-05
2.91426,0.002421725235849056,7.729558380465768e-05
2.9169,0.003187290441176469,0.000101421504888281
2.91954,0.002229248890122089,7.206405543971875e-05
2.92219,0.002699885751942288,8.501940652464589e-05
2.92483,0.003325901428967812,0.0001047708679300302
2.92747,0.003432821795227524,0.0001075897400677077
2.93012,0.002511964761376249,8.113533831470011e-05
2.93276,0.002507285793562709,8.019671270306051e-05
2.93541,0.004564811528856824,0.0001392715899126002
2.93805,0.001569324431187571,5.096778586982797e-05
2.94069,0.003791669325749168,0.000117738684185129
2.94334,0.002482968437846838,8.007280613327809e-05
2.94598,0.002841415371809102,8.919195263179682e-05
2.94862,0.004040279550499445,0.0001260332435053551
2.95127,0.00155410634017758,5.08691579809012e-05
2.95391,0.003397759295227527,0.0001065952913042311
2.95655,0.001951124999999999,6.288048616226703e-05
2.9592,0.002857601761931187,8.951258795228196e-05
2.96184,0.002712544603218645,8.668448935513978e-05
2.96449,0.002136759156492787,6.957062868654026e-05
2.96713,0.003375005410654828,0.0001060246710527424
2.96977,0.003541014913984459,0.0001113667746152082
2.97242,0.003096666342952274,9.773749626089856e-05
2.97506,0.003769160377358494,0.0001188257984903871
2.9777,0.002548167244728081,8.136983286858134e-05
2.98035,0.003017391717536071,9.527014900700204e-05
2.98299,0.002171624791897892,7.03288214741539e-05
2.98564,0.003492945615982244,0.000109200571919881
2.98828,0.002086586154273028,6.740775501036e-05
2.99092,0.001702626942286346,5.501512532742491e-05
2.99357,0.004380477594339622,0.0001352928036821446
2.99621,0.004871192355715872,0.000149742234703446
2.99885,0.003405899417314098,0.000107071502529817
3.0015,0.001597343299112099,5.203339212344198e-05
3.00414,0.001653259711431743,5.391116625614171e-05
3.00679,0.002329157672031075,7.460454268667784e-05
3.00943,0.002776523307436182,8.863890133476509e-05
3.01207,0.001974728149278578,6.330579536827102e-05
3.01472,0.002996775874028854,9.532958276559142e-05
3.01736,0.003232145810210874,0.0001021764431093289
3.02,0.003482150110987793,0.0001091253260500207
3.02265,0.003739740566037734,0.0001165506113421876
3.02529,0.002894056048834627,9.139448021603081e-05
3.02794,0.00353900964206437,0.0001110740507448179
3.03058,0.002533928898446169,8.054938664369058e-05
3.03322,0.00209403725027747,6.764269597329408e-05
3.03587,0.002505756659267481,7.999972718746133e-05
3.03851,0.002090608143729191,6.660073393793767e-05
3.04115,0.001937582547169812,6.246944504858983e-05
3.0438,0.003070739733629302,9.654589361318878e-05
3.04644,0.003516697558268593,0.0001091706285418008
3.04908,0.003613609877913431,0.0001130954483971022
3.05173,0.00241971309655938,7.701329539043747e-05
3.05437,0.004201339969478358,0.0001295257812312205
3.05702,0.002999648723640399,9.405197106250044e-05
3.05966,0.003611059794672584,0.0001108268582236739
3.0623,0.002556401220865705,8.1196740512001e-05
3.06495,0.00173175832408435,5.556349714721079e-05
3.06759,0.002965254647613763,9.296958835290048e-05
3.07023,0.002025031631520532,6.491016060921371e-05
3.07288,0.003041432089345169,9.554466565015683e-05
3.07552,0.002379864039955604,7.60579999265049e-05
3.07817,0.003135725652053273,9.872289726058326e-05
3.08081,0.002556962056048833,8.063024760545765e-05
3.08345,0.00342340205327414,0.0001065813273442032
3.0861,0.002630516162597116,8.290352906940333e-05
3.08874,0.00280858247780244,8.827492473599038e-05
3.09138,0.001967238138179801,6.303095738116985e-05
3.09403,0.002440798210321865,7.742831668831807e-05
3.09667,0.002621538221420644,8.3501425110486e-05
3.09932,0.003539716981132075,0.0001089995601111604
3.10196,0.003079042383462821,9.632832196494836e-05
3.1046,0.00401972322419534,0.0001233010213278733
3.10725,0.003464514705882355,0.0001075623835603097
3.10989,0.003472815066592677,0.0001083094980588368
3.11253,0.002972337194783577,9.303230328393257e-05
3.11518,0.003762109877913429,0.0001163338348472908
3.11782,0.001488630549389568,4.792972312756791e-05
3.12047,0.001966867300221975,6.274119230996605e-05
3.12311,0.001894411972807991,6.088627403345499e-05
3.12575,0.002234891578801335,7.077894374961988e-05
3.1284,0.00307008275527192,9.637412744174314e-05
3.13104,0.002113849611542732,6.748465719660109e-05
3.13368,0.00391982817702553,0.0001218709291073881
3.13633,0.002363286209766924,7.479034942197251e-05
3.13897,0.002292394353496116,7.259329361855552e-05
3.14161,0.003868043632075472,0.0001200546259414287
3.14426,0.003150582061598222,9.940943975271415e-05
3.1469,0.003551139705882352,0.0001103209303204406
3.14955,0.00252206437291898,7.989915679644242e-05
3.15219,0.004029023931742509,0.0001235704224136033
3.15483,0.003096421406770254,9.668041158762386e-05
3.15748,0.002836333518312987,8.923232008216371e-05
3.16012,0.002716234669811318,8.570891176577169e-05
3.16276,0.002851045713096561,9.004627335873705e-05
3.16541,0.004598228149278578,0.000140629636939403
3.16805,0.002938449014983354,9.218018952042582e-05
3.1707,0.002795605438401775,8.81595798026129e-05
3.17334,0.002191409683684795,6.945834439861036e-05
3.17598,0.002685056811875693,8.494118151166701e-05
3.17863,0.002394354189789126,7.583211209923367e-05
3.18127,0.002909210044395117,9.122874598664175e-05
3.18391,0.002831180701997777,8.891364968857202e-05
3.18656,0.00185708324084351,5.929270123247037e-05
3.1892,0.0030242682436182,9.538817008129817e-05
3.19185,0.002885581714761376,9.050750935779073e-05
3.19449,0.00206825485571587,6.598222736680569e-05
3.19713,0.002266241120976695,7.214874997830534e-05
3.19978,0.002454139220310769,7.728891538886185e-05
3.20242,0.002727181256936737,8.559646900776342e-05
3.20506,0.003047301401220863,9.476472076631037e-05
3.20771,0.002862463859600443,8.929264953576671e-05
3.21035,0.003513499653163153,0.0001083744262360829
3.213,0.003297809309100999,0.0001020643439063481
3.21564,0.003644597738623753,0.0001107257395109694
3.21828,0.003414220380133184,0.0001051700116137064
3.22093,0.001993844617092119,6.31930713904512e-05
3.22357,0.0008582838512763566,2.792660402011706e-05
3.22621,0.003211273584905661,9.901630185813361e-05
3.22886,0.002946710460599333,9.124440318707515e-05
3.2315,0.001752360432852386,5.733335232677731e-05
3.23414,0.003857694506104331,0.0001232168910838517
3.23679,0.002017798002219759,6.72858359623407e-05
3.23943,0.002678711362375136,8.892151707323805e-05
3.24208,0.003979649833518315,0.0001309333141356332
3.24472,0.002496332339067703,8.545265561394393e-05
3.24736,0.003154636098779134,0.0001061197290234574
3.25001,0.00311101227802442,0.0001064008285815776
3.25265,0.004920655729744729,0.0001649101376165059
3.25529,0.002478479467258604,8.796103888015965e-05
3.25794,0.002810287874583796,9.827380785657046e-05
3.26058,0.003438711709211987,0.0001196091556392689
3.26323,0.003717547516648167,0.0001290090678384748
3.26587,0.003844012416759157,0.0001344522979226447
3.26851,0.003776780868479466,0.0001337988974128884
3.27116,0.002548899764150944,9.204972435751525e-05
3.2738,0.002347422586015536,8.547589094211223e-05
3.27644,0.002543946101553828,9.31782951133301e-05
3.27909,0.003171538984461709,0.0001155951359439598
3.28173,0.003659419811320757,0.0001311841722296897
3.28438,0.002676635127635963,9.987783115450509e-05
3.28702,0.00327756201442841,0.0001166363196297343
3.28966,0.001498954495005547,5.472648419999078e-05
3.29231,0.002464859184239735,8.685853394808806e-05
3.29495,0.003311701997780248,0.0001138229578107855
3.29759,0.003579002913429523,0.0001217817239082796
3.30024,0.0008425209489456162,3.009538827539374e-05
3.30288,0.003490047586015541,0.0001180888241771547
3.30553,0.00306669714206437,0.000104086964529303
3.30817,0.002977879162042174,0.0001009853138987179
3.31081,0.001429681048834629,5.013693921916237e-05
3.31346,0.004103090801886793,0.0001365820101131978
3.3161,0.002919412666481688,9.855328160045361e-05
3.31874,0.004240369519977801,0.0001402788352163676
3.32139,0.003283186390122089,0.0001097907741474409
3.32403,0.003840301748057712,0.0001276401438203193
3.32667,0.003607358282463926,0.0001190821673554754
3.32932,0.001353505896226415,4.681632699781098e-05
3.33196,0.00334914518590455,0.0001120324438496626
3.33461,0.003492567910654828,0.0001162131523975006
3.33725,0.002704480022197559,9.103105120214774e-05
3.33989,0.004388093507214208,0.0001428105113834221
3.34254,0.003317395047169813,0.0001088546403168314
3.34518,0.001424651845172031,4.898336738048021e-05
3.34782,0.003364422794117648,0.000110730727128588
3.35047,0.003062682019977802,0.0001009097964102238
3.35311,0.001719072003329634,5.821535583333736e-05
3.35576,0.003182394006659268,0.0001050870829307337
3.3584,0.00293523508601554,9.690954572852218e-05
3.36104,0.004212426193118755,0.0001354290512896328
3.36369,0.001904255202552718,6.463706589222271e-05
3.36633,0.003257408573806882,0.0001066648786331905
3.36897,0.002615874930632631,8.710552553680106e-05
3.37162,0.001719344408990013,5.744908795964473e-05
3.37426,0.003380316176470588,0.0001108557661246241
3.37691,0.003613103981687012,0.0001179704253507747
3.37955,0.001253075194228636,4.250412879653635e-05
3.38219,0.003276431187569368,0.0001066089482478
3.38484,0.001621903301886792,5.459893286904322e-05
3.38748,0.003220512486126527,0.0001052808681126563
3.39012,0.001121684100998889,3.853650280859021e-05
3.39277,0.004669094825194228,0.0001482664455339564
3.39541,0.002754982658157604,9.041425536560359e-05
3.39806,0.002568023099334072,8.534984959718373e-05
3.4007,0.003088466703662595,0.0001014039714782904
3.40334,0.00234363866537181,7.80972560114263e-05
3.40599,0.002991980160932296,9.826124085944852e-05
3.40863,0.00341790815760266,0.0001104472777583312
3.41127,0.001936312083795783,6.479870857842777e-05
3.41392,0.003148835460599335,0.000102760753060565
3.41656,0.002904189997225303,9.531075055861967e-05
3.41921,0.002453585252497228,8.126891704011035e-05
3.42185,0.002411211293007771,7.957295327742936e-05
3.42449,0.00295881763318535,9.734859633379372e-05
3.42714,0.00227104599056604,7.480248795027549e-05
3.42978,0.001551769145394004,5.229424020369082e-05
3.43242,0.00233433109045505,7.759183702723768e-05
3.43507,0.004122669672586015,0.0001322570990356957
3.43771,0.002960651220865705,9.699093429916681e-05
3.44035,0.004603328315760267,0.0001453893685596791
3.443,0.001499327622086573,5.053521498609893e-05
3.44564,0.002226213512763596,7.394938974177296e-05
3.44829,0.003213445962819091,0.0001034734016187676
3.45093,0.003487266301331852,0.0001123346348593256
3.45357,0.002578388249167591,8.442499895055996e-05
3.45622,0.003537803274139845,0.0001138283233761388
3.45886,0.001524171476137626,5.132011462378811e-05
3.4615,0.002267838928967812,7.409423813770488e-05
3.46415,0.003275506381798001,0.0001054453410501054
3.46679,0.003120626595449501,0.0001008733913133317
3.46944,0.002296372849611541,7.562181080921336e-05
3.47208,0.002755417591564926,8.973746493225494e-05
3.47472,0.003248645810210875,0.0001047397380898781
3.47737,0.00170749819644839,5.647402443738113e-05
3.48001,0.003888407672031078,0.0001226872917220066
3.48265,0.002136919395116538,6.970230011324367e-05
3.4853,0.002887925776914542,9.303763159211151e-05
3.48794,0.001057728288013321,3.562692514396291e-05
3.49059,0.002346877774694783,7.690159722406006e-05
3.49323,0.003547799875138736,0.0001119888348656451
3.49587,0.001826674528301886,5.948044052593812e-05
3.49852,0.002792212957824638,9.044577165319428e-05
3.50116,0.001810373682019979,5.984505098271146e-05
3.5038,0.00136138734739179,4.527051830813304e-05
3.50645,0.001642189511653716,5.420048843285745e-05
3.50909,0.002347113554384019,7.640993658000743e-05
3.51174,0.002732228773584905,8.802605182974683e-05
3.51438,0.002347424875138737,7.689666182042613e-05
3.51702,0.002478193326859044,8.011501708236948e-05
3.51967,0.00244530091564928,7.976909023696096e-05
3.52231,0.003009924597669255,9.659490859324158e-05
3.52495,0.00157392785793563,5.242670187874814e-05
3.5276,0.003203341773029967,0.0001019908009297561
3.53024,0.002959126664816872,9.472113777959518e-05
3.53288,0.002849944644839065,9.168341166275041e-05
3.53553,0.002432094963928969,7.93110744962233e-05
3.53817,0.002603609808546059,8.460248210698168e-05
3.54082,0.004827872988346285,0.000149230526345415
3.54346,0.00178854689234184,5.882181064407429e-05
3.5461,0.002260632769145394,7.435166154358892e-05
3.54875,0.001975973432297445,6.479799673054295e-05
3.55139,0.003340636514983349,0.0001063346281926472
3.55403,0.004128291759156493,0.0001300148748961754
3.55668,0.001121114109322974,3.718296246585593e-05
3.55932,0.002622449292452833,8.500218822929495e-05
3.56197,0.002885600027746947,9.263092788544953e-05
3.56461,0.001503136723085461,4.953773481841855e-05
3.56725,0.002353690205327414,7.672278680463342e-05
3.5699,0.002820167730299665,9.12164256687363e-05
3.57254,0.003323454356270809,0.0001051418414626898
3.57518,0.002318181326304106,7.511710879772652e-05
3.57783,0.002973014775249722,9.565265042671696e-05
3.58047,0.002423874722530522,7.881848395797767e-05
3.58312,0.002035007630410654,6.660379700297459e-05
3.58576,0.003393819714206439,0.0001076802066219028
3.5884,0.002039082269700334,6.672582526028673e-05
3.59105,0.002310457824639289,7.510596473601581e-05
3.59369,0.004037518867924528,0.0001269659565562501
3.59633,0.003345988485016645,0.0001060964788351693
3.59898,0.002261999375693673,7.333224033663836e-05
3.60162,0.002665487097669258,8.648822440612965e-05
3.60427,0.002587178482241953,8.405936393937015e-05
3.60691,0.003901911209766926,0.0001225748747279512
3.60955,0.001661873682019976,5.471651676246113e-05
3.6122,0.003040115843507214,9.764402176930756e-05
3.61484,0.003737240843507215,0.0001190100774438781
3.61748,0.001176941245837959,3.898211717943568e-05
3.62013,0.003928522266925638,0.0001234746534390372
3.62277,0.003552213304661489,0.0001127568842984827
3.62541,0.002527322488901223,8.152794755743434e-05
3.62806,0.0038615791481687,0.0001224579426519113
3.6307,0.002663985432852386,8.602680189615995e-05
3.63335,0.002201735918423971,7.213935142396134e-05
3.63599,0.003312807644284132,0.0001057037560020085
3.63863,0.00342881582963374,0.000109026649805529
3.64128,0.002822866606548282,9.089773589429119e-05
3.64392,0.001886363415649279,6.187854836639436e-05
3.64656,0.002544497780244176,8.219034331482788e-05
3.64921,0.002558656007214204,8.327807458998536e-05
3.65185,0.001108938263041066,3.699791917356477e-05
3.6545,0.002527068396226415,8.159468202427425e-05
3.65714,0.002015080812985571,6.581794050214557e-05
3.65978,0.002776626317980022,8.954694079912491e-05
3.66243,0.002296480438401776,7.468668104474445e-05
3.66507,0.002209942425083241,7.19599666417692e-05
3.66771,0.002286850097114317,7.433975040973795e-05
3.67036,0.002709822835738071,8.704466477459028e-05
3.673,0.002826549805771364,9.072764074419749e-05
3.67565,0.00312731541342952,9.934912139056465e-05
3.67829,0.002826025596559379,9.038011139479757e-05
3.68093,0.003136863346281911,0.0001005458874356585
3.68358,0.001714889775249724,5.575449857117184e-05
3.68622,0.003017435210876804,9.670674976867115e-05
3.68886,0.001803932089345172,5.854317351123435e-05
3.69151,0.002365463165926748,7.635669425828008e-05
3.69415,0.002845297724750277,9.044960989176468e-05
3.6968,0.003209854328523865,0.0001007928527413974
3.69944,0.004278716911764706,0.0001333525261861674
3.70208,0.001783854189789122,5.770976592721957e-05
3.70473,0.002197743687569368,7.0863354094189e-05
3.70737,0.002697688193673695,8.527896806137377e-05
3.71001,0.00223493049389567,7.133457206042624e-05
3.71266,0.003149737375138736,9.912409651080634e-05
3.7153,0.001548573529411765,5.083194531358868e-05
3.71794,0.003886626734184241,0.0001209767078370018
3.72059,0.00349806867369589,0.000109784706643797
3.72323,0.002449329772475025,7.814124739148327e-05
3.72588,0.003979624653163153,0.0001238939942257196
3.72852,0.002023445269145395,6.514927890428011e-05
3.73116,0.001524693396226418,4.939388577542319e-05
3.73381,0.001729304384017761,5.628428674877972e-05
3.73645,0.003041278718091009,9.551037569286668e-05
3.73909,0.003210360224750275,0.0001016650218469174
3.74174,0.001895879300776913,6.084766679189323e-05
3.74438,0.004110638041065484,0.0001271079435019754
3.74703,0.001189611542730296,3.929414786444297e-05
3.74967,0.002084995213651497,6.750088085040633e-05
3.75231,0.002377231548279693,7.524349225272392e-05
3.75496,0.001764318812430632,5.714391721832267e-05
3.7576,0.002892696309655938,9.117909703683391e-05
3.76024,0.002806499375693673,8.928916424570257e-05
3.76289,0.001987542660932296,6.391422376455773e-05
3.76553,0.002583621184794672,8.24100610531966e-05
3.76818,0.003389946517758047,0.0001063828488064157
3.77082,0.001775192147613762,5.716103108736656e-05
3.77346,0.002229841773029965,7.162751915356821e-05
3.77611,0.002578743063263038,8.21429523465835e-05
3.77875,0.002172689234184241,6.968973391768543e-05
3.78139,0.003191887000554937,0.0001006597405009792
3.78404,0.003034802788568257,9.584294347527206e-05
3.78668,0.003506080604883463,0.0001094175852044611
3.78933,0.003119129508879022,9.808958488578456e-05
3.79197,0.00268352538845727,8.819276145265272e-05
3.79461,0.003348916273584908,0.0001103249807264146
3.79726,0.002112521920088788,7.168970473463774e-05
3.7999,0.002741387555493896,9.373690380010882e-05
3.80254,0.003499336847946727,0.0001187221352072208
3.80519,0.001576564927857934,5.623737155122546e-05
3.80783,0.003774164400665925,0.0001295262419602391
3.81047,0.002311389497780246,8.259878358598018e-05
3.81312,0.00362851206992231,0.0001289938365276485
3.81576,0.001889460599334072,6.914725560317832e-05
3.81841,0.002045954217536069,7.457921102335988e-05
3.82105,0.004305682783018869,0.0001532551538453483
3.82369,0.002809044880688125,0.0001026190540519074
3.82634,0.001492973016093229,5.631818466856843e-05
3.82898,0.001993068604328524,7.492663086686669e-05
3.83162,0.003282813263041067,0.0001210821662863072
3.83427,0.00244119193951165,9.226477684167756e-05
3.83691,0.002015820199778025,7.777983343327373e-05
3.83956,0.002721202067147611,0.0001036054811003406
3.8422,0.00357802545782464,0.0001345766851729395
3.84484,0.003073102108768034,0.0001173643448158873
3.84749,0.002470023446170921,9.312493011334532e-05
3.85013,0.0006391689789123181,2.442672258647447e-05
3.85277,0.002063848293562708,7.515495142486254e-05
3.85542,0.002664271573251946,9.628080626120642e-05
3.85806,0.001727493687569368,6.294955906674435e-05
3.86071,0.003362955466148722,0.0001177761384003988
3.86335,0.001933839830743619,6.915135900961005e-05
3.86599,0.002853110502219757,9.952284164842298e-05
3.86864,0.002099510543840177,7.406012070330326e-05
3.87128,0.002991813054938959,0.0001042955167844648
3.87392,0.002103003745837957,7.406451255481793e-05
3.87657,0.002948054175915647,0.0001021505461124345
3.87921,0.003021715871254161,0.0001045191322941713
3.88186,0.001571084766925641,5.582695312887387e-05
3.8845,0.002582563609877914,8.993680332135228e-05
3.88714,0.00283775048557159,9.729994977078328e-05
3.88979,0.002690257699778026,9.339599577262928e-05
3.89243,0.003094434447835736,0.0001060478809627957
3.89507,0.0019432618618202,6.720224919374758e-05
3.89772,0.0016937016509434,5.878783761023678e-05
3.90036,0.002207344270255271,7.552269893831341e-05
3.903,0.002558997086570478,8.677603912645457e-05
3.90565,0.002542098779134297,8.619999423135228e-05
3.90829,0.004069248404550501,0.0001335103510059654
3.91094,0.001095208102108769,3.830234210813006e-05
3.91358,0.002433147960599333,8.220927508855001e-05
3.91622,0.002288150319089898,7.706456720534353e-05
3.91887,0.002634826581576028,8.905235755447558e-05
3.92151,0.00249113145116537,8.34676834176514e-05
3.92415,0.001941838027192006,6.576475013389124e-05
3.9268,0.003034727247502771,0.000100961652740165
3.92944,0.002154023723640399,7.222107814521343e-05
3.93209,0.002313632838512764,7.753935327559246e-05
3.93473,0.003505164955604885,0.0001137414219619775
3.93737,0.002994033504439512,9.837926681170339e-05
3.94002,0.003284697211431741,0.0001076038158235571
3.94266,0.002200536417869037,7.370970381885484e-05
3.9453,0.002449034475582686,8.152208237078751e-05
3.94795,0.00286851172308546,9.447401969132121e-05
3.95059,0.001708340593784684,5.786830270781432e-05
3.95324,0.002198801262486126,7.390174745524807e-05
3.95588,0.002633093715316313,8.742941802475105e-05
3.95852,0.002888514081576028,9.556406631560615e-05
3.96117,0.0028580435627081,9.477322969611747e-05
3.96381,0.002363595241398445,7.864922144682985e-05
3.96645,0.001850231895116539,6.212947002589604e-05
3.9691,0.002176166412319647,7.270320278737867e-05
3.97174,0.002432177372364041,8.135603686997155e-05
3.97439,0.002046290718645949,6.905036379420671e-05
3.97703,0.001650764567147614,5.523379559718293e-05
3.97967,0.002346765607658154,7.800367445808936e-05
3.98232,0.003323172794117647,0.0001081069956812936
3.98496,0.002835362930077691,9.341933137868634e-05
3.9876,0.003070334558823531,0.0001005031310092836
3.99025,0.002182031145948947,7.275514552058242e-05
3.99289,0.002430856548279688,8.1318796159691e-05
