0.0431807,67.20666345033297,0.4739847244001161
0.0458244,58.1436298418424,0.4242583449018174
0.0484682,50.56722631798002,0.3891009879537882
0.0511119,44.92228056326304,0.3829531327160577
0.0537556,39.36902174667037,0.3353685071875973
0.0563993,34.85278815899001,0.3258212213926319
0.059043,30.99198488623752,0.2863893200982427
0.0616867,27.84720362305772,0.2813682099973703
0.0643304,25.15804584697559,0.2617617178542098
0.0669742,22.75586384017758,0.2376639551270401
0.0696179,20.48346838859601,0.2294909944545995
0.0722616,18.65034311112653,0.2058758802944337
0.07490529999999999,16.9226380459212,0.195135202892587
0.07754900000000001,15.37196891578801,0.1834815853802944
0.08019270000000001,14.17949887624861,0.1698255776470946
0.08283649999999999,13.06818789123196,0.1653747172326485
0.08548020000000001,11.99380701026637,0.1509945452183483
0.08812390000000001,10.93652409406215,0.1497830540246811
0.0907676,10.1225660918424,0.1424677314897131
0.0934113,9.367135544533852,0.1348206583195382
0.096055,8.653476367924529,0.131164054108678
0.0986987,8.064077917591566,0.1218389295632741
0.101342,7.413254875138736,0.1162900067788691
0.103986,6.898188512763597,0.1061959960068349
0.10663,6.433895063124307,0.1032866104056248
0.109274,5.980181780660377,0.09881749456442969
0.111917,5.662669519977803,0.09295329503585203
0.114561,5.237051470588235,0.0868186775436729
0.117205,4.928431400527193,0.08289806362705253
0.119848,4.567891429661487,0.07766381462846876
0.122492,4.315790864317425,0.07271605238399084
0.125136,4.006462928690344,0.06938933256228907
0.12778,3.768784617785794,0.06556290271296704
0.130423,3.560757296753607,0.06292861397370207
0.133067,3.336237850305217,0.05987261736461352
0.135711,3.124680655521643,0.05476487972613175
0.138354,2.944537075471699,0.05287031391534355
0.140998,2.788516481687015,0.05010018437209949
0.143642,2.619480093645949,0.0473822520389006
0.146286,2.506668806187569,0.0448456441188352
0.148929,2.328615241398446,0.04178837271453804
0.151573,2.178723431603773,0.04037625688175078
0.154217,2.087894937569367,0.03804081762836287
0.15686,1.964651726553829,0.03630813816469808
0.159504,1.841543390677026,0.03392598616703357
0.162148,1.76916099472808,0.03274023185813707
0.164792,1.665776751526082,0.03156470926545529
0.167435,1.613821735571587,0.02994617104928409
0.170079,1.525485203940066,0.02864026124995412
0.172723,1.412658991398446,0.0265509049311092
0.175366,1.353402817008879,0.02574822763886495
0.17801,1.297701330466149,0.02458918882335921
0.180654,1.233341990843507,0.02334951147084906
0.183298,1.189716865288568,0.022801343162142
0.185941,1.112882216287459,0.0212857599719369
0.188585,1.071931519145394,0.02057749194221596
0.191229,1.010101729328524,0.0195917454352297
0.193872,0.9425149549112097,0.01829839908068461
0.196516,0.9394704439511654,0.01830820647348151
0.19916,0.8781704259156493,0.01719503924431979
0.201804,0.8422172509711433,0.01688719815708552
0.204447,0.815787629716981,0.01610845833325196
0.207091,0.7781811584350723,0.01531350049454578
0.209735,0.7568459350721422,0.01494410921936421
0.212378,0.7269113915094341,0.01444377942210558
0.215022,0.6903063429522753,0.01375717881945796
0.217666,0.6543924722530521,0.01324329225887751
0.22031,0.638211667591565,0.01307093878665122
0.222953,0.5932390038845727,0.01209518563232437
0.225597,0.5799554508879023,0.01172500044437707
0.228241,0.5628024784961155,0.01155710538456543
0.230885,0.5420328288013319,0.01115440369698664
0.233528,0.5033203676470589,0.01056669768715464
0.236172,0.4961217848224196,0.01037110075164624
0.238816,0.4800754432574917,0.01005061133358905
0.241459,0.4571893160377359,0.009595312142017955
0.244103,0.4418956381798003,0.009205483723048439
0.246747,0.4356933504439512,0.00918591226813463
0.249391,0.4175403745837958,0.008899536998970311
0.252034,0.3998668784683685,0.008624555090187204
0.254678,0.384763197835738,0.00824017066921443
0.257322,0.375152726137625,0.008069212157290746
0.259965,0.3582332672031077,0.007755974627384565
0.262609,0.3429323328246393,0.007488863608630256
0.265253,0.3320120935072142,0.007375432171251325
0.267897,0.3261226602386238,0.007150682298722572
0.27054,0.3226442688679245,0.007071459712514312
0.273184,0.3144745484184239,0.006847978942409067
0.275828,0.2907193784683685,0.006452075441384077
0.278471,0.2936881652330744,0.006568883948411047
0.281115,0.2813539574084352,0.006339385767895595
0.283759,0.2814476970033297,0.006335665993919615
0.286403,0.2627407991120977,0.005882046243662017
0.289046,0.2617120900388458,0.00592148719217605
0.29169,0.2490556652330743,0.005668065329158794
0.294334,0.2462969513041065,0.005656210458170274
0.296977,0.2319232949500555,0.005399549486127189
0.299621,0.2253766086293008,0.005216784945409089
0.302265,0.2196261938124307,0.00512417317029114
0.304909,0.2206645400943396,0.00510559236046054
0.307552,0.2061666301331853,0.004899506540807355
0.310196,0.2079430584073252,0.004879602869649457
0.31284,0.1971010155382908,0.004666901809938688
0.315483,0.1957574146781354,0.004645951876413079
0.318127,0.1914083026498335,0.004535272967601953
0.320771,0.1864534474195338,0.004434524095962065
0.323415,0.1852075554938957,0.00441886628252908
0.326058,0.1746966571864595,0.004204975649205338
0.328702,0.1711690038845727,0.004200057046135942
0.331346,0.1646029996531632,0.004021986547406619
0.333989,0.1659528658435072,0.004020838802571034
0.336633,0.1632833178412874,0.003933353103349686
0.339277,0.1576631770255272,0.003830539453046744
0.341921,0.153543442008879,0.003806721226825954
0.344564,0.1550085335044395,0.003788789184103149
0.347208,0.1520986619034407,0.003743517309845776
0.349852,0.1485680556326304,0.003646800377997825
0.352495,0.1408320576442841,0.00351779546700701
0.355139,0.1372758109045505,0.003441926596741186
0.357783,0.1386456245144284,0.003469208855347434
0.360427,0.1378401782047725,0.003440626616588062
0.36307,0.1325048203385128,0.003311039144670579
0.365714,0.1266081419950056,0.003220952644097718
0.368358,0.1260646675221976,0.003165360715415218
0.371001,0.1261003160377358,0.003187258211812418
0.373645,0.1248241481687015,0.003166219076209949
0.376289,0.1193497741398446,0.003037014634798574
0.378933,0.1156980938540511,0.00298850217079185
0.381576,0.1164007470865705,0.002940571404568164
0.38422,0.1113641770255272,0.002881881855303841
0.386864,0.1098768604328524,0.002830157325733003
0.389507,0.1110798267203108,0.002866276992389881
0.392151,0.1058600398168702,0.002787463077625309
0.394795,0.1040594658712542,0.002701397042326698
0.397439,0.1056646745976693,0.0027380533618753
0.400082,0.1044691731409545,0.002692777564931742
0.402726,0.1011154703107658,0.0026452394780362
0.40537,0.1034780011098779,0.002680933467784432
0.408013,0.09984363346281909,0.002578319508236152
0.410657,0.08928402261376248,0.002418439539080357
0.413301,0.09353619943118756,0.002466317367610521
0.415945,0.09428324562985574,0.00249541321594372
0.418588,0.09213956874306327,0.002457582073331486
0.421232,0.08886540836570478,0.00238409399403369
0.423876,0.09077142161487237,0.00245694683656053
0.426519,0.09161755022197557,0.002480484384113346
0.429163,0.08263624403440621,0.002380482411647884
0.431807,0.08442487104605993,0.00245707665323265
0.434451,0.08163988713928969,0.002441122382521696
0.437094,0.08480126241675916,0.002564807641997119
0.439738,0.08187272759433963,0.002506884524962547
0.442382,0.08044263221420644,0.002526379439028008
0.445025,0.08344919180077694,0.002586174052378939
0.447669,0.07526880403718092,0.002428307140325986
0.450313,0.08533393909544951,0.002685403487789553
0.452957,0.07406902420921198,0.002402758244212637
0.4556,0.07811705015260821,0.002480047293298546
0.458244,0.07495273793007769,0.002372364450417005
0.460888,0.07681144873751386,0.002427302462904856
0.463531,0.07153426664816871,0.002337359577059649
0.466175,0.07005243479467257,0.002273015639126157
0.468819,0.07310002920366258,0.002392904289747351
0.471463,0.07410311383185351,0.002348390449891252
0.474106,0.07004596802164262,0.002311634265140971
0.47675,0.06938624500554939,0.002290682444047759
0.479394,0.06949531943673695,0.002302570240817703
0.482037,0.06936455785238625,0.002327383972981153
0.484681,0.0674355618063263,0.002166656346408429
0.487325,0.06351485231687014,0.00208214767408736
0.489969,0.06970281014150943,0.002163546117750989
0.492612,0.06239038922031077,0.002005697051488699
0.495256,0.06971363311598225,0.002124089754016513
0.4979,0.06416277719200887,0.001982797055207994
0.500543,0.05928135245560488,0.001863800054834389
0.5031870000000001,0.06529103565482797,0.001976083293382669
0.505831,0.05922646843784683,0.001849041775872095
0.508475,0.06135559794672586,0.001885119004042648
0.511118,0.06175887506936737,0.001866085635574761
0.5137620000000001,0.05908435966981131,0.001811789595936807
0.516406,0.06303021975582684,0.001874926884513975
0.519049,0.05763517300221975,0.001771549061700517
0.521693,0.06007597579078802,0.001796569064793511
0.5243370000000001,0.05833344714206436,0.00176010800380232
0.526981,0.0568321234045505,0.001729918436241408
0.529624,0.05788004051054384,0.001726971467619323
0.532268,0.05678201449778025,0.001710700804079052
0.5349120000000001,0.05689436466426194,0.001694306894710335
0.537555,0.05839496961709213,0.001724287151186727
0.540199,0.05367987943951166,0.00163217950733058
0.542843,0.05022865309378469,0.00154805746929547
0.5454870000000001,0.0550443914400666,0.001645087753753241
0.54813,0.05219397981409546,0.001551365716443902
0.550774,0.05193531804938956,0.001566486856929096
0.553418,0.05429585044395117,0.001599265075149726
0.556061,0.05138368285238624,0.001539590130794049
0.558705,0.04990448349056604,0.001516624288775206
0.561349,0.05396002920366259,0.001562687139310482
0.563993,0.04803656811875694,0.001453483122646982
0.566636,0.05040255091564928,0.001491259590621188
0.56928,0.0489051644700333,0.001470293989609815
0.571924,0.05094999930632631,0.001504618421989809
0.574567,0.05091534884850167,0.001498047122092563
0.577211,0.05093647974472807,0.001494045811354151
0.579855,0.04885890357935628,0.001433964872445739
0.582499,0.04910009246670367,0.001452832684025858
0.5851420000000001,0.04694515538290788,0.001395243780666648
0.587786,0.04811497516648168,0.001433492465272982
0.59043,0.04689094436736958,0.001395066035449781
0.593073,0.04326011112652609,0.001295983490062245
0.5957170000000001,0.04509477240566039,0.001340678897915935
0.598361,0.04912496379023308,0.001427396177737675
0.601005,0.04765205036071032,0.001385771142020798
0.603648,0.04416374021920088,0.001306577952903505
0.6062920000000001,0.04886393965038847,0.001401296181368075
0.608936,0.04482783546059934,0.00131680693401025
0.611579,0.04448519263318534,0.001296975131457509
0.614223,0.04624572523584906,0.001333150373930968
0.6168670000000001,0.0463990301054384,0.001334230131181907
0.619511,0.04398600582685906,0.001275657630598246
0.622154,0.04443804814095451,0.001288587201712164
0.624798,0.04267368354605994,0.001241605280910392
0.6274420000000001,0.04454634198113207,0.001273666435888878
0.630085,0.04104556756381798,0.001209724684999943
0.632729,0.04384373910932297,0.001258165638780889
0.635373,0.04582294936182021,0.001296768581732954
0.6380169999999999,0.04421846857658158,0.001253905848087734
0.64066,0.04418644145394006,0.001261976243269604
0.643304,0.04197441363762487,0.001216546759640832
0.645948,0.04191966009988902,0.001208553251469673
0.6485919999999999,0.04053614379855716,0.001176197746230717
0.651235,0.04172194852941177,0.001210210943433647
0.653879,0.03978874965316315,0.001165474023891411
0.656523,0.03984308199223086,0.001159542378028702
0.659166,0.04241919027469478,0.001214469517445664
0.66181,0.03927358934517203,0.001132796626519373
0.664454,0.04114574875138734,0.001184691360946136
0.667098,0.03859071184794673,0.001134425726060385
0.669741,0.03962579841842398,0.001153581888848022
0.672385,0.04223805195615982,0.001198992867112516
0.675029,0.0411313432991121,0.001168595266926759
0.6776720000000001,0.03814856999167591,0.001103183885840886
0.680316,0.03690325492508324,0.001080476433963097
0.68296,0.0378298599472808,0.00108933518510773
0.685604,0.04005122280799112,0.001145295135233853
0.6882470000000001,0.037749424736404,0.001088477605879492
0.690891,0.03911759704495006,0.00111920718546177
0.693535,0.0388536336709212,0.001106701127784993
0.696178,0.03859616225027747,0.001101724742948413
0.6988220000000001,0.04052226942286349,0.001144794354528437
0.701466,0.03503747530521643,0.001021037240094843
0.70411,0.04033105438401776,0.001137430328041604
0.706753,0.03734858095172031,0.001061694579881755
0.7093970000000001,0.03447803190899001,0.001006715195466587
0.712041,0.03726274798834629,0.001065626891585374
0.714684,0.03432940142896782,0.0009971497060036699
0.717328,0.03790547884295228,0.001070860477632143
0.7199719999999999,0.03498659954217536,0.001010058418320654
0.722616,0.03479034156492786,0.001000012193321724
0.725259,0.03567344637902331,0.001020881172192377
0.727903,0.03534064449223086,0.000999555814111347
0.7305469999999999,0.03387431458102109,0.0009833622236669847
0.73319,0.03747659329911211,0.001053613066020048
0.735834,0.03640250006936737,0.001023018669470373
0.738478,0.03342601727247503,0.0009572906677966881
0.7411219999999999,0.03536157394561598,0.00100032865008283
0.743765,0.03248541884017758,0.0009449169076153307
0.746409,0.03738974396503885,0.001028512293063684
0.749053,0.03277466786903441,0.0009449060423849226
0.751696,0.03494811709211987,0.0009791485842221728
0.75434,0.03654217092119867,0.001020855963242924
0.756984,0.03451984274417314,0.0009636709859101639
0.759628,0.03502597703940066,0.0009811741240509386
0.762271,0.03349789116259712,0.0009467934427931646
0.764915,0.03429337291897892,0.0009571539662372272
0.767559,0.0347936630826859,0.0009795939320694869
0.7702020000000001,0.03470495955882353,0.0009626439965253262
0.772846,0.03354382241953385,0.0009370845389407108
0.77549,0.03609915004162042,0.0009966505294351908
0.778134,0.03485010599334074,0.0009587513091330351
0.7807770000000001,0.03277606194506105,0.0009242717441243888
0.783421,0.03413741037735849,0.0009455360546423053
0.786065,0.03515111424805772,0.0009671946812637907
0.788708,0.03195400346836848,0.000902082218543547
0.7913520000000001,0.03396018874861265,0.0009336401266404084
0.793996,0.03109514962541621,0.000880013221069618
0.79664,0.03322466599611543,0.0009179033056323078
0.799283,0.03386145428690344,0.0009302574632304751
0.8019269999999999,0.03540013422586016,0.0009604228081898819
0.804571,0.03150061286071033,0.0008763624195700931
0.807214,0.03463431950610433,0.0009443031033568851
0.809858,0.03294627656770256,0.0008993419051484667
0.8125019999999999,0.03115779148168701,0.000876748541099432
0.815146,0.03363058247780244,0.000913322468411344
0.817789,0.03273678516925638,0.0008973727343342076
0.820433,0.03241554564372919,0.0008949214019979254
0.8230769999999999,0.03505616370699223,0.0009379720940893538
0.82572,0.03366181527469479,0.0009168690330307784
0.828364,0.03221526796614873,0.0008800405861917491
0.831008,0.03358616204217537,0.0009119887431933543
0.8336519999999999,0.03309679328523862,0.0008907766482935531
0.836295,0.03219058663984461,0.0008769727411157793
0.838939,0.03114073980299667,0.0008581790026439649
0.841583,0.03195818340732519,0.0008614989364169246
0.844226,0.03332259468645949,0.0009048616810475672
0.84687,0.03109844596281909,0.0008483610995635123
0.849514,0.03056962416759157,0.0008377934334295117
0.852158,0.03109455445338513,0.0008512628150167046
0.854801,0.02971941176470589,0.0008055372197129341
0.857445,0.03094513880410655,0.0008424725914338931
0.860089,0.03025619741953385,0.0008198190471738806
0.8627320000000001,0.03322910460599334,0.0008801582732234945
0.865376,0.03591488706992232,0.0009638945220349321
0.86802,0.02896321594062154,0.0008171416378388681
0.870664,0.03193893188124306,0.0008922440232710621
0.8733070000000001,0.02979318104883463,0.000834446966176109
0.875951,0.03443430278856826,0.0009463887514406615
0.878595,0.03251859052441732,0.0009067218194733226
0.881238,0.03176399937569368,0.0008870957056343777
0.8838819999999999,0.03126354439511653,0.0008912896332603617
0.886526,0.03185256326304108,0.0008823599497557188
0.88917,0.0307303435072142,0.0008694688823837514
0.891813,0.03123904390954495,0.0008809902178595663
0.8944569999999999,0.03139727039400666,0.0008648020782683045
0.897101,0.03119875763041065,0.0008530495317530065
0.899744,0.03198287617924529,0.0008649137382306937
0.902388,0.03072320373196448,0.0008364073502647203
0.9050319999999999,0.03372460592397336,0.0008839291641383542
0.907676,0.03090826102941177,0.0008303981666691557
0.910319,0.03278258365704773,0.0008698693417664193
0.912963,0.02926904737791343,0.0007977865003433635
0.9156069999999999,0.03214745040233075,0.0008552057045154588
0.91825,0.0326696772336293,0.0008514210202900211
0.920894,0.03101633282463929,0.0008289309346006469
0.923538,0.03096742112930078,0.0008241187899749232
0.9261819999999999,0.03262914144006659,0.0008492143600238088
0.928825,0.03184883885960045,0.0008442817654396367
0.931469,0.02985132019977803,0.0007949693438248736
0.934113,0.03220351102941177,0.0008493884420831811
0.936756,0.03192225104051055,0.0008279788923921959
0.9394,0.0298993505826859,0.0007918236061480038
0.942044,0.02956504932019978,0.0007800670272155161
0.944688,0.03027245248335183,0.0007971566213096046
0.947331,0.03172517126803551,0.0008267787370841106
0.949975,0.03066221004439512,0.0007991863227757314
0.952619,0.03218448154827969,0.0008305777585275758
0.9552619999999999,0.0318516384572697,0.000823509615492558
0.957906,0.03154390018035516,0.000816460034063389
0.96055,0.02892304182852386,0.0007691971160639461
0.963194,0.02954449299389568,0.0007629269447708302
0.9658369999999999,0.02917634475582686,0.0007696966835595393
0.968481,0.03108267619311876,0.0007997830409592694
0.971125,0.02933479557436182,0.0007618622838769772
0.973768,0.03202944152330744,0.0008118407164267138
0.9764119999999999,0.03168804626803551,0.0007995739719808203
0.979056,0.03135775326026637,0.0008004700752028962
0.9817,0.02900653988623751,0.000751024388817173
0.984343,0.02972817223917869,0.0007601516159764899
0.9869869999999999,0.03046616037735849,0.0007710997921998521
0.989631,0.02961482172586015,0.0007655997278515369
0.992274,0.03180622225305216,0.0008283860416183396
0.994918,0.02977139546337403,0.000786619092861
0.9975619999999999,0.02912731173695894,0.0007821080765739736
1.00021,0.02840357339067703,0.0007738702429966108
1.00285,0.03194251206992232,0.0008407238292093299
1.00549,0.0295556913845727,0.0008103063148821016
1.00814,0.03178123418423974,0.0008482389200319915
1.01078,0.03225140635405106,0.0008627803390918981
1.01342,0.0287274682991121,0.0007958769571952054
1.01607,0.02912386431742509,0.0008125905802511272
1.01871,0.02976654252219756,0.0008199164546832086
1.02136,0.02785789220310766,0.0007846939482404902
1.024,0.02898892508324084,0.0008156427484448689
1.02664,0.028270302927303,0.0008016366560943236
1.02929,0.02928728711154273,0.0008262023144007206
1.03193,0.02923742543007769,0.0008227139251586404
1.03457,0.03278358858213096,0.0008937353769276163
1.03722,0.02908903988623751,0.0008275504087375892
1.03986,0.03069472932852386,0.0008531563974097199
1.04251,0.02729669304938957,0.0007882872652490644
1.04515,0.02845500998890122,0.0007988395769027261
1.04779,0.02977800645116537,0.0008189824846343169
1.05044,0.02960314719755828,0.0008074009436044201
1.05308,0.02883412083795783,0.000778164917916653
1.05572,0.02977783018867924,0.0008025093499286432
1.05837,0.02759107429245284,0.0007445226810155857
1.06101,0.03033904994450611,0.000807690329891957
1.06365,0.0267771788290788,0.0007244647887684167
1.0663,0.02890904612930078,0.0007677356779958438
1.06894,0.03015822065760267,0.0007910862339131645
1.07159,0.02847449958379578,0.0007468475074298694
1.07423,0.02856548536348501,0.0007563808329339722
1.07687,0.02751080847669257,0.0007259159740531813
1.07952,0.02882164969478357,0.0007562929745552669
1.08216,0.02815032311320755,0.0007381764528152171
1.0848,0.02631678121531631,0.0006888374670002054
1.08745,0.02777488859600444,0.000724599871972512
1.09009,0.02818698799944507,0.0007277608651156671
1.09274,0.02617959635127636,0.0006921239885429869
1.09538,0.02950022135127636,0.0007537855724319558
1.09802,0.02719688041065483,0.0007028030480451389
1.10067,0.02509865406492786,0.0006656504179674915
1.10331,0.02837791460876803,0.0007208187022811261
1.10595,0.02768646205604883,0.0007114855706752535
1.1086,0.02949412083795783,0.0007429998401488746
1.11124,0.02736791225027747,0.0007027350989020519
1.11389,0.02777859239733629,0.0007126591353500332
1.11653,0.02806010418978912,0.0007039972028862112
1.11917,0.02820869117647059,0.0007177103843598974
1.12182,0.02717643854051055,0.0006913462804256547
1.12446,0.02857786494173141,0.0007226861627364681
1.1271,0.02587469887624862,0.0006652561736759107
1.12975,0.02705446947835738,0.0006842820218703272
1.13239,0.02963858282463929,0.000736282264124413
1.13504,0.0275894856409545,0.0006947856961962566
1.13768,0.02838892986958935,0.0007100338161183957
1.14032,0.02755271316592675,0.0006956888479415544
1.14297,0.02680262930077691,0.0006804043637697103
1.14561,0.02663065434239733,0.0006821115037496374
1.14825,0.02742423383740289,0.0006837818004356417
1.1509,0.02751371108490566,0.000689572987388784
1.15354,0.02778107380688125,0.0006937909610545061
1.15618,0.02656380278856826,0.000667234440884675
1.15883,0.02866342549944506,0.0007158287797609247
1.16147,0.02777146635682575,0.0006856837741629662
1.16412,0.02780584211986682,0.0006956984798661165
1.16676,0.02444219304938957,0.0006196937451397533
1.1694,0.02845996594062153,0.0007016944675030526
1.17205,0.02629600971143174,0.0006573217333526011
1.17469,0.02759721143174251,0.0006806009347763166
1.17733,0.02494474944506104,0.0006324670972656867
1.17998,0.02639040857380688,0.0006525127362885481
1.18262,0.02574504522752498,0.0006449295001548427
1.18527,0.02670709732241954,0.0006597429735023276
1.18791,0.02513222863485017,0.0006320868216544653
1.19055,0.02601625596559378,0.0006491813125567442
1.1932,0.02382989379855716,0.0005997687419340571
1.19584,0.02461940552164262,0.0006199780955897801
1.19848,0.0257174384017758,0.0006351044254096048
1.20113,0.0237892000554939,0.000602726370230583
1.20377,0.02614865198390677,0.000644571827249705
1.20642,0.02479569318812431,0.0006192863645792849
1.20906,0.02494418860987791,0.0006234420130948059
1.2117,0.02428314248057714,0.000602583970107501
1.21435,0.02419542556881243,0.0006046308113602934
1.21699,0.02426932762208657,0.0006030763871330371
1.21963,0.02319643389289678,0.0005838122349734651
1.22228,0.02324299236958934,0.0005865734026672852
1.22492,0.0224329105854606,0.000564835895376887
1.22757,0.02309746594062153,0.0005798460741637018
1.23021,0.02315657567980023,0.0005768600983206914
1.23285,0.02474902712264151,0.0006080981282121065
1.2355,0.02073930049944507,0.0005322972146358193
1.23814,0.02473301470588235,0.0006068631109387424
1.24078,0.02294566273584906,0.0005764910223731847
1.24343,0.02544878232519423,0.0006205331500155287
1.24607,0.02153377733074362,0.0005431544026081483
1.24871,0.02419337222530522,0.0005937893699807661
1.25136,0.02373446940899002,0.0005830052654162957
1.254,0.02232186293007769,0.0005580951460149004
1.25665,0.02154907325194229,0.0005419902385557372
1.25929,0.02254279765538291,0.0005621573590537255
1.26193,0.02206293562708102,0.0005463276538101379
1.26458,0.0216054017064373,0.0005386679696165614
1.26722,0.01938592966148723,0.0004969292485286168
1.26986,0.0211827105299667,0.0005314022311601348
1.27251,0.02184870116537181,0.0005451169358041889
1.27515,0.02165664372918979,0.0005371777250419282
1.2778,0.02219309059378469,0.0005499124165284599
1.28044,0.02059499417314096,0.0005134238094982792
1.28308,0.02005296871531632,0.000504504704314741
1.28573,0.02078447863485017,0.0005223751858792753
1.28837,0.0198709605299667,0.0004967035234382418
1.29101,0.02102154481132075,0.0005283960807760762
1.29366,0.02115501442841287,0.0005222465354511732
1.2963,0.02160353378190898,0.0005326092775638809
1.29895,0.02273485051331854,0.00055458945078371
1.30159,0.02067031090455049,0.0005096995833767057
1.30423,0.02029521517758046,0.0005090200089528417
1.30688,0.01979801304106549,0.0004908849420414409
1.30952,0.01947903745837958,0.0004893314930410678
1.31216,0.02017638221420644,0.0004989082510380605
1.31481,0.01923726942286349,0.0004824283887391739
1.31745,0.01820708615427303,0.0004610292427618855
1.3201,0.01930371809100999,0.0004789457765912928
1.32274,0.01804930833795782,0.0004561268181216579
1.32538,0.01786573439234184,0.0004491257767827489
1.32803,0.01927512923140955,0.0004768133495537798
1.33067,0.01936793715316316,0.0004839621786302438
1.33331,0.01828377407047725,0.000454542380389293
1.33596,0.01829889144006659,0.0004592019806631215
1.3386,0.0193253091009989,0.0004781094568492703
1.34124,0.01866413478079911,0.0004635842890710766
1.34389,0.01771303842952275,0.0004445986001003259
1.34653,0.01911858067425083,0.0004692939956121508
1.34918,0.0175230640954495,0.0004419300312135242
1.35182,0.01804077219755826,0.000447997712458231
1.35446,0.01899759135682575,0.000470136285313347
1.35711,0.01824214865427303,0.0004539604813844342
1.35975,0.01708408351831299,0.0004311138687439254
1.36239,0.01968324784961155,0.0004832233092918754
1.36504,0.01740004203662597,0.0004327160354572625
1.36768,0.0183746179245283,0.000456095012524839
1.37033,0.0182138756936737,0.00045202723101433
1.37297,0.01716782193396227,0.0004313088362539129
1.37561,0.01669831360987792,0.0004257576522179432
1.37826,0.01743412479189789,0.000432724516893196
1.3809,0.0160142182991121,0.0004087380722847582
1.38354,0.01715508525249723,0.0004308087778413822
1.38619,0.01689070296892342,0.0004261651528234017
1.38883,0.01726997634572697,0.0004304208356862024
1.39148,0.01924896455327414,0.0004705168586932625
1.39412,0.01800553801331854,0.0004470536651772186
1.39676,0.0172592609600444,0.0004279427420162254
1.39941,0.01575359017758047,0.0003993685781159565
1.40205,0.01671929571309656,0.0004176384813341115
1.40469,0.01477749431187569,0.0003828185867123056
1.40734,0.01584003433684794,0.000399739132671788
1.40998,0.01422612694228635,0.0003655542833216877
1.41263,0.0153805798418424,0.0003881909104042805
1.41527,0.01532777434794673,0.0003879994784279055
1.41791,0.01654964421476138,0.0004142982333366514
1.42056,0.01490900215038846,0.0003801678542335397
1.4232,0.0163394500554939,0.0004077875246867993
1.42584,0.01465858122918979,0.0003730396889629891
1.42849,0.01406627518035516,0.0003620038495815449
1.43113,0.01422502358490566,0.0003653098492773407
1.43377,0.01450197315482797,0.000369770169037296
1.43642,0.01583206132075472,0.0003948037995565773
1.43906,0.01567418736126526,0.0003942303044875404
1.44171,0.01724970158157603,0.000424244674386347
1.44435,0.01591819187014428,0.0003968913966694577
1.44699,0.01457403704217536,0.0003689922979932613
1.44964,0.01317706756381798,0.0003412507307119539
1.45228,0.01227895525804661,0.000319888532608161
1.45492,0.01203166585738069,0.0003139210942902246
1.45757,0.01341942848224195,0.0003429494540462107
1.46021,0.01144252337680355,0.0003010519225522068
1.46286,0.01413000437014428,0.0003581620294224027
1.4655,0.01386141238901221,0.0003533850978476838
1.46814,0.01168449514428413,0.0003045625463112387
1.47079,0.01379669658712542,0.0003522938413454096
1.47343,0.01521751644006659,0.0003783565629894507
1.47607,0.0118785853218646,0.0003110656094450487
1.47872,0.01217385703385128,0.0003136732454165711
1.48136,0.01381646545504994,0.0003515249744658449
1.48401,0.01395721906215316,0.0003557748308645126
1.48665,0.01325896552441731,0.000337501442095489
1.48929,0.01298289268867925,0.0003310121088194392
1.49194,0.01371288720865705,0.0003437992486728921
1.49458,0.0134104368063263,0.0003432906851633128
1.49722,0.01439668951165372,0.0003594331965977515
1.49987,0.0115291117508324,0.0002995267119881669
1.50251,0.0116221211154273,0.0003040406741123004
1.50516,0.01229428551609323,0.0003147209839166712
1.5078,0.01239750665926748,0.0003174438511840138
1.51044,0.0128074176609323,0.0003265940149627133
1.51309,0.01307304064927858,0.0003309670324237552
1.51573,0.01470899458934517,0.0003666486829532342
1.51837,0.01294099257769146,0.0003262355209236312
1.52102,0.01074945928135405,0.0002804450218348258
1.52366,0.01238304626803552,0.0003139172203749242
1.5263,0.01255847322419534,0.0003170883299481564
1.52895,0.01229498140954495,0.0003148193325579383
1.53159,0.01114361653718091,0.0002895150922445804
1.53424,0.01136456270810211,0.0002957125805650853
1.53688,0.01199562590177581,0.0003067349257855725
1.53952,0.01178872807991121,0.000300714007708298
1.54217,0.01258624486681465,0.0003165251337310826
1.54481,0.0124344920227525,0.0003151589759787731
1.54745,0.01181810668701443,0.0003042338220647037
1.5501,0.01129909607380688,0.000294626216642415
1.55274,0.01048238498890122,0.0002800157539019701
1.55539,0.01240447246115427,0.0003244261925496815
1.55803,0.01222677011653718,0.0003228080759529198
1.56067,0.009292970310765813,0.0002582906765669386
1.56332,0.01102930459211987,0.0002966136133215852
1.56596,0.009649121254162042,0.000269761926622714
1.5686,0.01172806173695893,0.0003154887286815232
1.57125,0.01081756527469479,0.0003003743537043143
1.57389,0.01289353218645949,0.000345783434141087
1.57654,0.01023649653163152,0.0002842744321880651
1.57918,0.01151311764705883,0.0003196279330638163
1.58182,0.01170815323251942,0.000322100545627001
1.58447,0.01017272842674806,0.0002881943397903227
1.58711,0.01128617855160933,0.0003127040208054982
1.58975,0.01101689067702553,0.0003078204016851291
1.5924,0.01107753183962264,0.0003150909849559034
1.59504,0.01035664574084351,0.0002922998359930779
1.59769,0.009422921545504998,0.0002733790486313096
1.60033,0.01069351539955605,0.000302991332724423
1.60297,0.01018931312430633,0.0002911007688286544
1.60562,0.01155501775804661,0.0003234600578715275
1.60826,0.01119216197280799,0.0003077837246177945
1.6109,0.01094661688401776,0.0003019264032040722
1.61355,0.009799395324639287,0.0002708001315237877
1.61619,0.009995735710321864,0.0002752527091442665
1.61883,0.01015284052441731,0.0002788670891281502
1.62148,0.0103933838790233,0.0002812330873469981
1.62412,0.009624002705327414,0.0002658275718777322
1.62677,0.007697975652053274,0.0002155500597402773
1.62941,0.009352737028301885,0.0002581377109952747
1.63205,0.008749257769145395,0.0002410823123759815
1.6347,0.01110818319922309,0.0002950712753863128
1.63734,0.01010336570477247,0.0002727712707689475
1.63998,0.01035975437014429,0.0002781363537316676
1.64263,0.008742676539955602,0.0002393703918051075
1.64527,0.008708151983906771,0.0002369952296288725
1.64792,0.008621041689789125,0.000236520844663687
1.65056,0.01012979821032186,0.0002711474612718448
1.6532,0.009236032949500558,0.0002494264319352525
1.65585,0.008476538498890122,0.0002327303684350316
1.65849,0.009471441800776914,0.0002529068057785636
1.66113,0.01031131881243063,0.00027366270214656
1.66378,0.01046253142341842,0.0002776851282307978
1.66642,0.008867223154827969,0.0002408840634228116
1.66907,0.009671820199778027,0.0002609143322266644
1.67171,0.008908365566037735,0.0002399972120980385
1.67435,0.007972846698113207,0.0002188936946195302
1.677,0.008951492647058825,0.000241250890590448
1.67964,0.008691381867369587,0.0002346572421330486
1.68228,0.007563366051609324,0.0002076567673324426
1.68493,0.009700560141509437,0.0002576716929188365
1.68757,0.007769432921753609,0.0002124790240494442
1.69022,0.009590261029411766,0.0002537837278245606
1.69286,0.00840877587402886,0.0002270997728332869
1.6955,0.009304759295227526,0.0002493510704779252
1.69815,0.00871906423418424,0.0002346596005999071
1.70079,0.008724317771920089,0.0002362656406208393
1.70343,0.009803202136514982,0.0002566781487255164
1.70608,0.008088497780244175,0.0002185394853340126
1.70872,0.007627569089900112,0.0002065526285689061
1.71137,0.008425001179245285,0.0002265857115474948
1.71401,0.009328570754716978,0.000247635100263746
1.71665,0.009261243063263043,0.000245798089805514
1.7193,0.008241912527746946,0.0002224972859807356
1.72194,0.007944733976137626,0.0002142225191267756
1.72458,0.00800663186736959,0.0002162056896852726
1.72723,0.007377686112652609,0.0002000861849817272
1.72987,0.008735211709211987,0.0002323963983480992
1.73251,0.007631543007769149,0.0002077914113080322
1.73516,0.009041452899556051,0.0002371173406075175
1.7378,0.007702860640954496,0.0002080570566630485
1.74045,0.007647244103773585,0.0002057663645909065
1.74309,0.007692719825194229,0.0002074784908255029
1.74573,0.008362746184794675,0.0002231667387950237
1.74838,0.006469609253607103,0.0001761824156728545
1.75102,0.00830485654827969,0.0002232643785204288
1.75366,0.008832641370699227,0.0002312531117981121
1.75631,0.008341139150943398,0.000221042734451677
1.75895,0.00707977046337403,0.0001926071937315061
1.7616,0.00857965205327414,0.0002266943905258091
1.76424,0.006857144076026641,0.0001871289556861414
1.76688,0.007784630410654828,0.0002063667643542815
1.76953,0.007292569644839067,0.0001967071493334021
1.77217,0.007919601692563821,0.000211799994033318
1.77481,0.009040301470588237,0.0002373324277412216
1.77746,0.007775240427302999,0.0002087408760162957
1.7801,0.007544934031631522,0.0002007672591509289
1.78275,0.007305885474472809,0.0001968125554375097
1.78539,0.00702205251109878,0.000187412243445577
1.78803,0.008031555840732521,0.00021183727655795
1.79068,0.007262719478357378,0.000195615608801375
1.79332,0.007129311667591566,0.0001897184652193032
1.79596,0.006601066731409544,0.0001804054284744718
1.79861,0.007317562291897894,0.0001940331954403173
1.80125,0.006642822627635958,0.000179645795305287
1.8039,0.006465756659267482,0.0001756510952782499
1.80654,0.007249431118201999,0.000193339517768562
1.80918,0.007765065274694787,0.0002074889733253045
1.81183,0.00715408455882353,0.0001917259809653749
1.81447,0.005726676609322976,0.0001571703083550336
1.81711,0.00761480036071032,0.0002019282127175256
1.81976,0.006859371392896781,0.0001838037320762836
1.8224,0.008045938401775804,0.0002138464382346268
1.82504,0.006680149070477247,0.0001800925967633308
1.82769,0.006784652122641508,0.0001841849955130937
1.83033,0.007622075194228633,0.0002025547234420012
1.83298,0.007736478704217536,0.0002049122951271435
1.83562,0.007023405382907882,0.0001894812560959542
1.83826,0.007217216287458379,0.0001950125295619729
1.84091,0.007024261514983353,0.0001905074096995266
1.84355,0.007457221698113207,0.0001998811433239326
1.84619,0.007811905313540512,0.0002084806850683829
1.84884,0.00727947128190899,0.0001937741358217212
1.85148,0.006381459697558273,0.0001747704241029454
1.85413,0.006372532117092121,0.000174905441672276
1.85677,0.007923188748612654,0.0002095625355601519
1.85941,0.006019448598779133,0.0001658852963787116
1.86206,0.006749921545504997,0.0001815372305460206
1.8647,0.005481957894006659,0.0001523223783002643
1.86734,0.006743635613207549,0.0001827898007003828
1.86999,0.007018284614317425,0.0001885272221312352
1.87263,0.007271212125416204,0.0001973453674509868
1.87528,0.006860513665371808,0.0001854034066142571
1.87792,0.006434954217536072,0.0001759252775646305
1.88056,0.006847392411209769,0.0001856027539115554
1.88321,0.00657994270255272,0.0001782561808492673
1.88585,0.005951953801331851,0.0001652091227623762
1.88849,0.006800891162597116,0.0001829368914411427
1.89114,0.007154640815760268,0.0001935447941402304
1.89378,0.005292558129855712,0.0001461176644862074
1.89643,0.007050639081576026,0.0001906132667433835
1.89907,0.007107754994450612,0.0001925913395556668
1.90171,0.005695022613762485,0.000155955316169827
1.90436,0.005178877982796893,0.0001444660359160288
1.907,0.006376805910099886,0.0001731747746291105
1.90964,0.007564231340177583,0.0002032593406487538
1.91229,0.006968377150388457,0.0001887948551969818
1.91493,0.005604904411764703,0.0001545645175842365
1.91757,0.006520832963374029,0.0001770672995661735
1.92022,0.00628678614039956,0.000172499495915025
1.92286,0.008005496462264151,0.0002138706914427354
1.92551,0.006918794741953386,0.00018565064395873
1.92815,0.007271388387902329,0.0001946909703511088
1.93079,0.004999637347391788,0.0001407432608249183
1.93344,0.006663889428412872,0.0001801170882839393
1.93608,0.006282979328523865,0.0001714583495994514
1.93872,0.006400953870699226,0.0001742467140852247
1.94137,0.005350070061043285,0.0001500111626593358
1.94401,0.00667000367647059,0.0001814622023699543
1.94666,0.005250209350721421,0.0001456355929106249
1.9493,0.006572177996670367,0.0001792015504269772
1.95194,0.005627543840177581,0.0001548446237441679
1.95459,0.005464452968923416,0.0001513579472917754
1.95723,0.006441775804661488,0.0001762132699063679
1.95987,0.006290505965593785,0.0001713423552695769
1.96252,0.007409369866814648,0.0001999480603851321
1.96516,0.005809964067702554,0.0001593666299350822
1.96781,0.004292385266370698,0.0001212563119017779
1.97045,0.006404714900110987,0.0001743567783146238
1.97309,0.008781939581021084,0.0002307719084544365
1.97574,0.005696146573251944,0.0001576893168410881
1.97838,0.005032449639289678,0.000140337389056466
1.98102,0.005448094894561599,0.000151848379334464
1.98367,0.005652836362375142,0.0001554564356703601
1.98631,0.005824834211986682,0.0001601944031226506
1.98896,0.005313711917314096,0.0001477197093781927
1.9916,0.005290138526637069,0.0001468654811071729
1.99424,0.004786016370699222,0.0001329825889871415
1.99689,0.005044934517203106,0.0001397640951491116
1.99953,0.005744444783573805,0.0001573006504972479
2.00217,0.005216266231964486,0.0001442585361104705
2.00482,0.00525652733074362,0.0001453414883190092
2.00746,0.005807466634295228,0.0001588017500258476
2.0101,0.006387251179245284,0.0001717733763923057
2.01275,0.005237127011653718,0.0001448249585549921
2.01539,0.004488785169256381,0.0001244780283014158
2.01804,0.004695756243063265,0.0001317847179862699
2.02068,0.004476591009988899,0.000125344074559357
2.02332,0.005663771503884571,0.0001545818820003059
2.02597,0.005064678204772474,0.0001402176920418525
2.02861,0.006148445269145395,0.0001656346878246702
2.03125,0.006801770185904553,0.0001827329029137782
2.0339,0.005810126595449498,0.0001581782310754652
2.03654,0.006103995074916761,0.0001664980907802054
2.03919,0.004968667799667038,0.0001373228288012938
2.04183,0.00610758442008879,0.0001647880134780293
2.04447,0.004636552649833522,0.0001291177641399088
2.04712,0.004728385405105438,0.0001309476631559576
2.04976,0.005588441037735848,0.000152875889817419
2.0524,0.004258721420643728,0.0001194899269509712
2.05505,0.004631175499445059,0.0001286342078067708
2.05769,0.003998340524417314,0.0001127245490827715
2.06034,0.005533769908435072,0.0001500769502705554
2.06298,0.005293721004439512,0.0001457280148775004
2.06562,0.004434461986681465,0.0001230682824235094
2.06827,0.005272143729189787,0.0001443108895062606
2.07091,0.004966300846281906,0.0001375511583410362
2.07355,0.004567183060488349,0.000126340941295521
2.0762,0.005966785030521644,0.0001620474103259954
2.07884,0.005228696170921197,0.0001430259158791319
2.08149,0.004572061182019979,0.0001268139148081098
2.08413,0.004258316245837957,0.0001197409443264171
2.08677,0.005404629023307434,0.0001467688718471184
2.08942,0.003870188540510543,0.0001099726312106796
2.09206,0.005249284544950055,0.0001442651694329902
2.0947,0.004733641231964484,0.0001314819767160743
2.09735,0.004698166689789121,0.0001304541811386514
2.09999,0.004528180979467256,0.0001261226983614997
2.10263,0.005055707130965593,0.0001409587859652976
2.10528,0.004929853426748058,0.0001347655553403785
2.10792,0.00496393618201998,0.0001379708293438505
2.11057,0.004539168770810211,0.0001274750999557338
2.11321,0.004089218715316313,0.0001184187813444751
2.11585,0.004982446032186461,0.0001442739409684625
2.1185,0.005243456437291897,0.0001491701036512597
2.12114,0.00367374285516093,0.0001102595178212233
2.12378,0.00449342751109878,0.0001304947205730394
2.12643,0.005172717952275249,0.0001505313423939756
2.12907,0.004737519006659267,0.000141163218047207
2.13172,0.004483737652608213,0.0001338765286810716
2.13436,0.004635948321309652,0.000139493940724326
2.137,0.004015513526637071,0.0001216142685813012
2.13965,0.004216363485016649,0.0001285016969331001
2.14229,0.005585453731964487,0.0001658056007637822
2.14493,0.004654712264150941,0.0001417817902093105
2.14758,0.004609037389012207,0.0001415304011741507
2.15022,0.004797825957269702,0.0001450817621951728
2.15287,0.004010928412874587,0.0001249068199278364
2.15551,0.004247692425083241,0.0001310578662307123
2.15815,0.005115318188124308,0.0001564071631206535
2.1608,0.005220576650943398,0.0001594366721469851
2.16344,0.002889203107658158,9.150887867438043e-05
2.16608,0.005570821656492785,0.0001682301853009933
2.16873,0.004927275874028857,0.0001484074992527898
2.17137,0.005589274278579354,0.0001643447849708857
2.17402,0.005921659544950052,0.0001717683444398678
2.17666,0.004120872710876804,0.0001238239823617013
2.1793,0.003616894769700333,0.0001088438900578646
2.18195,0.003844186390122089,0.0001147059585422847
2.18459,0.003845607935627078,0.0001145573819347534
2.18723,0.004162488970588233,0.0001233450880878432
2.18988,0.003951594339622645,0.000117021173329143
2.19252,0.005821130410654826,0.0001661829082747704
2.19516,0.004357240704772475,0.000127255250972391
2.19781,0.004815713165926746,0.0001404402802699109
2.20045,0.004463043978912322,0.0001298735616489959
2.2031,0.004565429592119866,0.0001331116261959561
2.20574,0.003488534475582685,0.0001033277123745848
2.20838,0.005086331021087681,0.0001466356426803443
2.21103,0.004416501526082132,0.0001290001935850148
2.21367,0.0038044769700333,0.0001126522668232791
2.21631,0.006035113068812431,0.0001715090762181405
2.21896,0.004080849680910099,0.0001190177468287341
2.2216,0.002062928066037736,6.23118176350873e-05
2.22425,0.002634355022197559,7.92352970447514e-05
2.22689,0.006031008670921196,0.0001704223810556834
2.22953,0.00315038061875694,9.307393148403965e-05
2.23218,0.003761372780244177,0.0001115303664536497
2.23482,0.005274508393451722,0.0001505835768590377
2.23746,0.003527554869589344,0.0001053235380703294
2.24011,0.004335024764150943,0.0001260956519327634
2.24275,0.005264113485016647,0.0001520662180986529
2.2454,0.003565629855715874,0.0001054534652001902
2.24804,0.00433471344339623,0.0001270635060511744
2.25068,0.004584092813540511,0.0001336872469111732
2.25333,0.005454266370699224,0.0001556617261388375
2.25597,0.004277073321309658,0.0001254452976057532
2.25861,0.004735131451165372,0.0001374963927404839
2.26126,0.004051162042175363,0.0001194186969531344
2.2639,0.003458512624861265,0.0001025904264270363
2.26655,0.004504609877913427,0.0001315897242323368
2.26919,0.004071189581021089,0.0001212552212817567
2.27183,0.003835579286903439,0.0001127915850503175
2.27448,0.004374862375138735,0.0001277370196924142
2.27712,0.005132314927857936,0.0001474834978632444
2.27976,0.003198033296337404,9.701463153480456e-05
2.28241,0.003697954911209767,0.0001101937228451192
2.28505,0.004147067147613761,0.0001215866358156491
2.28769,0.004218881520532743,0.0001236249153468334
2.29034,0.003222309447835739,9.529733240266601e-05
2.29298,0.004190581090455049,0.0001234202490332563
2.29563,0.003895847322419535,0.0001144041601924066
2.29827,0.004116942286348501,0.0001208436538799344
2.30091,0.003634605715871256,0.0001095047420319027
2.30356,0.003282176886792454,9.697594246981494e-05
2.3062,0.004924004716981133,0.0001434579228425929
2.30884,0.003680031076581576,0.0001087397416255358
2.31149,0.005318557991120973,0.0001544593436557741
2.31413,0.003388996531631523,0.0001012395942814333
2.31678,0.003920059378468369,0.0001162316013537431
2.31942,0.00441483962264151,0.0001298891319180692
2.32206,0.002779904342397334,8.308400469765228e-05
2.32471,0.003837657810765817,0.0001141385954151717
2.32735,0.003945058892896782,0.0001171462716354773
2.32999,0.003886216981132076,0.000114954567673309
2.33264,0.003956900527192011,0.0001188867831073607
2.33528,0.004660801331853497,0.000134183138621509
2.33793,0.003714187083795783,0.0001109192256102709
2.34057,0.003432746254162043,0.0001021263842417377
2.34321,0.003967130618756936,0.000117236248278983
2.34586,0.004039569922308543,0.0001207024744367781
2.3485,0.004314724819644838,0.0001266024189441349
2.35114,0.003804183962264149,0.0001127447354289501
2.35379,0.004457618756936737,0.0001298758495516319
2.35643,0.003787743479467259,0.0001117610886319521
2.35908,0.004096697280799113,0.0001217652444195729
2.36172,0.003671483490566037,0.000109149190585645
2.36436,0.004148816037735851,0.0001221772472437963
2.36701,0.00319586778579356,9.519682862410117e-05
2.36965,0.002641968645948944,7.982528964068935e-05
2.37229,0.003675242230854609,0.0001093185682495424
2.37494,0.00222936334628191,6.810192954659347e-05
2.37758,0.005087127635960044,0.0001492510864616295
2.38022,0.004873053412874584,0.0001402528451152837
2.38287,0.00300983990011099,9.166354950259876e-05
2.38551,0.003009127982796891,8.950395558200106e-05
2.38816,0.003655949500554942,0.0001091340177272932
2.3908,0.004124015677025527,0.0001221249119882166
2.39344,0.003639112999445061,0.0001084667530295663
2.39609,0.004324968645948946,0.0001275462070069159
2.39873,0.003857685349611543,0.0001137176140758093
2.40137,0.003955831506659268,0.0001172151234233929
2.40402,0.003120436598224194,9.247187108083194e-05
2.40666,0.003027820962819091,9.107620551015277e-05
2.40931,0.003060443257491678,9.227783518151121e-05
2.41195,0.004097894492230854,0.000120115153953252
2.41459,0.003528257630410655,0.0001056389877721206
2.41724,0.004262367993895672,0.0001245203015866183
2.41988,0.002780350721420645,8.419329940290959e-05
2.42252,0.004362256173695895,0.0001285334530512425
2.42517,0.003773333448945616,0.0001111146360276038
2.42781,0.004167353357380689,0.0001234148722118716
2.43046,0.00465927219755827,0.0001355294170470878
2.4331,0.004313726761931191,0.0001268600076110414
2.43574,0.003379212819089904,0.0001009773783946982
2.43839,0.00417199341009989,0.0001234937311816043
2.44103,0.00472171947835738,0.000137821562820074
2.44367,0.003170080812985574,9.4984970975085e-05
2.44632,0.004090688332408436,0.0001209109487990839
2.44896,0.003217339761376249,9.625510018188565e-05
2.45161,0.003549486958934521,0.0001055628950967599
2.45425,0.002674293354605994,8.153042511299862e-05
2.45689,0.002821818188124307,8.465375911005965e-05
2.45954,0.003890163429522754,0.0001159172763774328
2.46218,0.002714659753052161,8.244589081799572e-05
2.46482,0.003479000277469475,0.0001031292968591303
2.46747,0.00401869311875694,0.0001183778595781184
2.47011,0.003180793909544949,9.624128228283079e-05
2.47275,0.003365759642064375,0.0001017086947749369
2.4754,0.003587829772475027,0.0001062636478348828
2.47804,0.001736627289123196,5.372063903400209e-05
2.48069,0.003915735224750279,0.000116273423099726
2.48333,0.005229197488901217,0.0001526198557410917
2.48597,0.004073084975027747,0.0001211182244308704
2.48862,0.004061076234739176,0.0001197505065764873
2.49126,0.002787295921198669,8.524521631864244e-05
2.4939,0.003800422932852384,0.0001124956851384034
2.49655,0.003600777053274141,0.0001080064547066956
2.49919,0.003874009087125415,0.0001148757244462415
2.50184,0.003694296892341842,0.0001099888162783958
2.50448,0.002666487444506106,8.134794649025915e-05
2.50712,0.00367306069644839,0.0001102832324992164
2.50977,0.004324121670366262,0.00012726488097813
2.51241,0.002886451581576025,8.715203584564322e-05
2.51505,0.004321143521087679,0.0001279460433145584
2.5177,0.003315797239178691,0.0001003566708797249
2.52034,0.003276605160932296,9.82049491444831e-05
2.52299,0.001940933823529412,6.023810323414961e-05
2.52563,0.004472035654827971,0.0001318284566264443
2.52827,0.00261674708657048,8.001676333349919e-05
2.53092,0.002207506798002219,6.782018095745407e-05
2.53356,0.003571045921198671,0.0001063305424933493
2.5362,0.004328454980577138,0.0001284869184211198
2.53885,0.002088225166481686,6.437884147147094e-05
2.54149,0.002680251942286347,8.179523573553205e-05
2.54414,0.002936505549389565,8.939415548699483e-05
2.54678,0.003058376179245285,9.280604197813232e-05
2.54942,0.003082347877358491,9.335449070992753e-05
2.55207,0.003253908504439512,9.818172492118114e-05
2.55471,0.002718235363485018,8.280874699903734e-05
2.55735,0.003867274486681466,0.0001157504538244055
2.56,0.00307514858490566,9.378623344100679e-05
2.56264,0.003366837819089902,0.0001025263882330274
2.56529,0.003252821170921199,9.754233923856032e-05
2.56793,0.00514289754439512,0.0001504479717427009
2.57057,0.003404322211431744,0.0001022144742471729
2.57322,0.003616810072142064,0.0001088802270738161
2.57586,0.001792394908435074,5.55664061045017e-05
2.5785,0.005159090801886792,0.0001503042244026978
2.58115,0.003571387000554936,0.0001083809396943075
2.58379,0.003911225652053273,0.0001170169660243876
2.58643,0.004758997849611542,0.0001400767885840742
2.58908,0.003040385960044395,9.2298976207621e-05
2.59172,0.001973263110432852,6.121931843691239e-05
2.59437,0.003787443604328526,0.0001140375789728723
2.59701,0.00355602698390677,0.0001066213833917587
2.59965,0.003378787042175361,0.0001018322253725177
2.6023,0.003692367161487234,0.0001109226786010421
2.60494,0.002371314164816868,7.343358494134899e-05
2.60758,0.002866092119866816,8.862727750307796e-05
2.61023,0.004478822905105436,0.0001329294195699221
2.61287,0.003625298140954496,0.0001094847279518199
2.61552,0.004298797100443953,0.0001284651763212646
2.61816,0.003636887971698114,0.0001094768868983386
2.6208,0.002427654064927858,7.462157216477577e-05
2.62345,0.003182039192563821,9.691731591356983e-05
2.62609,0.002878709766925642,8.834798413793751e-05
2.62873,0.003876696517758048,0.0001166060073596399
2.63138,0.002501182991120979,7.710300236307586e-05
2.63402,0.003682684170366264,0.0001110522496905149
2.63667,0.00375133955327414,0.0001131074034532093
2.63931,0.002515034475582687,7.822610340589758e-05
2.64195,0.003291299042730298,0.000100075589770142
2.6446,0.003707640191453939,0.0001109641627829655
2.64724,0.00300511514983352,9.145108763350159e-05
2.64988,0.001791696725860157,5.644640760733085e-05
2.65253,0.004628492647058825,0.0001380631017885751
2.65517,0.003217589275804662,9.799479228761534e-05
2.65782,0.003756501526082129,0.0001131885717328932
2.66046,0.002504669325749168,7.745539838507371e-05
2.6631,0.002758567425083239,8.465788586757558e-05
2.66575,0.003078428898446173,9.338378170347263e-05
2.66839,0.002518415510543839,7.836208894111784e-05
2.67103,0.003847258393451721,0.000118464051189828
2.67368,0.002107678135405103,6.81605077436849e-05
2.67632,0.004539734184239732,0.0001422784773608199
2.67896,0.003295703315760267,0.000105056849916076
2.68161,0.004173126526082129,0.000133935083481384
2.68425,0.00403941884017758,0.0001311640416954878
2.6869,0.004447374930632634,0.0001429279346616433
2.68954,0.002973793077136515,9.8694700381467e-05
2.69218,0.003355701234739176,0.0001107925935167559
2.69483,0.0024611439372919,8.413215549301362e-05
2.69747,0.002075843299112097,7.151919764101117e-05
2.70011,0.002379092605438402,8.039801969200122e-05
2.70276,0.002410604675360713,8.383557262714718e-05
2.7054,0.003381472183684796,0.0001142852576226331
2.70805,0.002042728842952274,7.177260729964043e-05
2.71069,0.003889410307991122,0.000130640673378845
2.71333,0.003394456090455052,0.0001167812471968143
2.71598,0.002206021157047725,7.853100591792221e-05
2.71862,0.002155591773029966,7.719226569763313e-05
2.72126,0.002350270255271924,8.394304538422422e-05
2.72391,0.004492324153718091,0.0001534090875079787
2.72655,0.002684912597114317,9.342117894578935e-05
2.7292,0.002977174112097671,0.0001016487288108826
2.73184,0.003711582061598223,0.0001232419760381209
2.73448,0.003429230160932298,0.0001139442310635726
2.73713,0.003210866120976693,0.0001052992880865326
2.73977,0.0041913868618202,0.0001366246328482452
2.74241,0.003974858698668146,0.0001286913731202639
2.74506,0.002678633532186458,8.792722476685881e-05
2.7477,0.003817795088790235,0.0001233965295675464
2.75035,0.003493419464483909,0.000112150256693935
2.75299,0.003704272891231965,0.00011964242892089
2.75563,0.002378163221420646,7.743993719826199e-05
2.75828,0.002373898584905664,7.740066031211461e-05
2.76092,0.002189386098779131,7.259385449977869e-05
2.76356,0.002937219755826861,9.46433685264382e-05
2.76621,0.002592663221420645,8.409272212236434e-05
2.76885,0.004167419741953387,0.0001317947207863281
2.77149,0.002043781839622642,6.701335920462461e-05
2.77414,0.001999024902885684,6.569050394137008e-05
2.77678,0.002712926886792455,8.716700782112949e-05
2.77943,0.00275586168146504,8.84748400719367e-05
2.78207,0.003291109045504991,0.0001051845460580999
2.78471,0.004225062153163151,0.0001332764560349067
2.78736,0.002963867438956716,9.521273564559156e-05
2.79,0.002125347877358491,6.876114010139438e-05
2.79264,0.004307342397336291,0.0001346560460245478
2.79529,0.003620637486126527,0.0001144092294014564
2.79793,0.002888990219200887,9.227825257442015e-05
2.80058,0.002691493826304106,8.562866511676559e-05
2.80322,0.002034808476692565,6.654312293018317e-05
2.80586,0.003026573390677027,9.699893478328384e-05
2.80851,0.002493647197558268,8.001869710790473e-05
2.81115,0.002826769561598226,8.977064628337416e-05
2.81379,0.002990119103773584,9.491852452502098e-05
2.81644,0.003020113485016645,9.646027530794751e-05
2.81908,0.00298931791065483,9.494397607181111e-05
2.82173,0.003915465108213097,0.0001221325083928795
2.82437,0.0002169882769145419,7.25560938279403e-06
2.82701,0.00283238706992231,8.976629790120718e-05
2.82966,0.003921824292452831,0.0001227040030847847
2.8323,0.002720183407325192,8.60259851694201e-05
2.83494,0.003652348709766928,0.0001140573571224783
2.83759,0.003314215455049944,0.0001033144297879709
2.84023,0.00388839851553829,0.0001208872709213329
2.84288,0.002104445893451721,6.825593958791157e-05
2.84552,0.003171110918423974,9.864273520910847e-05
2.84816,0.005125381173695896,0.0001570740483221853
2.85081,0.003209838304661487,0.0001011413376095945
2.85345,0.003458844547724751,0.0001082430656314712
2.85609,0.003505043632075474,0.0001094852754018132
2.85874,0.00272003919256382,8.63021141076771e-05
2.86138,0.003071447072697003,9.752650897462886e-05
2.86402,0.00186585973917869,6.044469438348189e-05
2.86667,0.002899350790788012,9.194749939464041e-05
2.86931,0.003116208587680355,9.820442276177803e-05
2.87196,0.002836024486681466,8.931813168178947e-05
2.8746,0.003442188887347392,0.0001088428775282204
2.87724,0.003050448945615984,9.655374585903626e-05
2.87989,0.002438465593784683,7.814387614851652e-05
2.88253,0.002515643382352941,8.038253402510235e-05
2.88517,0.003749748612652609,0.0001177498140954652
2.88782,0.003041226068257493,9.669699722044211e-05
2.89046,0.004376222114317424,0.000133516785832317
2.89311,0.002759627289123194,8.823942637846419e-05
2.89575,0.002156083934517202,6.956313800354538e-05
2.89839,0.003978052025527189,0.0001225214735274342
2.90104,0.003319475860155383,0.0001047113151160144
2.90368,0.00226859433962264,7.211862180607041e-05
2.90632,0.003535209697558266,0.0001105972082788186
2.90897,0.002979813471143177,9.480332632068077e-05
2.91161,0.003068848917869033,9.690434515767083e-05
2.91426,0.003082160169256382,9.672153707789767e-05
2.9169,0.004655099125971144,0.0001434936050731214
2.91954,0.001657242785793563,5.397918459570032e-05
2.92219,0.002787078454495007,8.726625424370483e-05
2.92483,0.002519031284683684,8.028372591267142e-05
2.92747,0.001677773931742507,5.422364204971356e-05
2.93012,0.001220775665926748,4.032793852015661e-05
2.93276,0.003531851553829079,0.0001103338316513157
2.93541,0.004007455812985571,0.0001230271827823755
2.93805,0.002836445685349611,8.945557987009984e-05
2.94069,0.002967081367924531,9.321815181447888e-05
2.94334,0.003324358559933408,0.0001050329426997879
2.94598,0.003423882769145396,0.0001058667577501264
2.94862,0.003734361126526083,0.000116692480020131
2.95127,0.00221444970865705,7.122943879913206e-05
2.95391,0.001571199223085461,5.090347736391788e-05
2.95655,0.002644637763596005,8.372762379436915e-05
2.9592,0.002852451234739178,8.900215053990095e-05
2.96184,0.002439291967258599,7.805927432345419e-05
2.96449,0.003374877219755826,0.0001067957199981173
2.96713,0.003123018729189789,9.819452404220621e-05
2.96977,0.004065247017203106,0.0001260912294239549
2.97242,0.002935374722530523,9.256477359579508e-05
2.97506,0.004640721143174254,0.0001433626362143175
2.9777,0.003739335391231967,0.0001162339483135612
2.98035,0.003922030313540508,0.0001212309619137658
2.98299,0.003426567910654831,0.0001078330454493515
2.98564,0.003395932574916759,0.0001059382059366599
2.98828,0.001589205466148724,5.165505521271791e-05
2.99092,0.002483286625971142,7.867686721053422e-05
2.99357,0.002937963720865704,9.288972647932987e-05
2.99621,0.003135121323529413,9.915945515236083e-05
2.99885,0.002168124722530522,6.955212490336379e-05
3.0015,0.003183179175915651,0.0001000586524669358
3.00414,0.002760293423973363,8.766609940061324e-05
3.00679,0.002378923210321863,7.581736603956377e-05
3.00943,0.001813191592674806,5.877658403579922e-05
3.01207,0.002115303204772473,6.735008935599142e-05
3.01472,0.003800670158157601,0.0001185742220734206
3.01736,0.003161595033296335,9.968025041350838e-05
3.02,0.003476793562708103,0.0001085328542745672
3.02265,0.003709478357380688,0.0001152104488643391
3.02529,0.002303897197558268,7.331387445665266e-05
3.02794,0.003808737028301883,0.0001184552748894835
3.03058,0.003220162250277469,0.0001006113390874683
3.03322,0.002854896018312984,9.046700683757661e-05
3.03587,0.002463133185349611,7.838959708672743e-05
3.03851,0.002881683337957826,9.002638810192074e-05
3.04115,0.003126507352941176,9.806130922596536e-05
3.0438,0.001960354744728081,6.275180851566529e-05
3.04644,0.001987105438401777,6.331128067582101e-05
3.04908,0.004061911764705883,0.0001255507308424541
3.05173,0.002219758185349612,7.064928707674262e-05
3.05437,0.002700338998335181,8.533270703990514e-05
3.05702,0.002034737513873477,6.477066352813294e-05
3.05966,0.002438387763596,7.622429181981622e-05
3.0623,0.00323546961709212,0.0001010066400188122
3.06495,0.001917200194228635,6.103693677303401e-05
3.06759,0.001399521850721418,4.510394406005e-05
3.07023,0.003403038013318533,0.0001056984400877799
3.07288,0.003640152261376248,0.0001125866560622199
3.07552,0.003668205466148722,0.0001138596671360868
3.07817,0.003110156145948945,9.757408138678411e-05
3.08081,0.002576923210321865,8.090193604222849e-05
3.08345,0.002719336431742509,8.54783790655145e-05
3.0861,0.003050913637624862,9.498365388428235e-05
3.08874,0.00287265503607103,8.981467612026519e-05
3.09138,0.003727459420088793,0.0001148979396557549
3.09403,0.002731127705327414,8.57943762237791e-05
3.09667,0.001964674320199777,6.315551180189836e-05
3.09932,0.002719432574916759,8.471038522271527e-05
3.10196,0.00267356999167592,8.397308294053845e-05
3.1046,0.003090545227524973,9.609452987412313e-05
3.10725,0.003656434794672588,0.0001126556722004077
3.10989,0.002308452552719204,7.334619319601658e-05
3.11253,0.003123236195893454,9.708113977273312e-05
3.11518,0.003128595033296337,9.75343622315858e-05
3.11782,0.002387340316315203,7.517458934276909e-05
3.12047,0.001969774486681466,6.257772955702947e-05
3.12311,0.002491735779689236,7.881825984263695e-05
3.12575,0.003093724819644838,9.59460977342956e-05
3.1284,0.001586380688124306,5.110027864195635e-05
3.13104,0.002341457130965592,7.411203605984281e-05
3.13368,0.003551050430077693,0.0001107384562745358
3.13633,0.003425141786903441,0.0001057426290414053
3.13897,0.003631142272475028,0.0001115951166354289
3.14161,0.002707664192563818,8.55961500783376e-05
3.14426,0.004441189719755828,0.0001362135542671866
3.1469,0.003230227524972255,0.0001005669439749548
3.14955,0.002834941731409546,8.889995144849274e-05
3.15219,0.004325968992785793,0.0001314247425085593
3.15483,0.001899484669811321,6.047926170646255e-05
3.15748,0.003079072142064372,9.602618542624289e-05
3.16012,0.002669582339067702,8.397606112556419e-05
3.16276,0.001947299875138737,6.237106645913059e-05
3.16541,0.001800232866259712,5.789681156275077e-05
3.16805,0.003473233976137625,0.0001074147532409548
3.1707,0.00335122142064373,0.0001041260070389826
3.17334,0.002707286487236406,8.46025526813807e-05
3.17598,0.003023824153718094,9.464879875936119e-05
3.17863,0.002394010821309656,7.551760136521286e-05
3.18127,0.003609178135405107,0.0001112056857983929
3.18391,0.002627517411209765,8.251759517862153e-05
3.18656,0.001860356687014427,5.91545257270124e-05
3.1892,0.004084475652053276,0.0001257485759702767
3.19185,0.002991018729189792,9.324579313750867e-05
3.19449,0.002826298002219757,8.845184378841213e-05
3.19713,0.00262522142064373,8.264684849119565e-05
3.19978,0.003115650041620424,9.647345181397299e-05
3.20242,0.003316470241398447,0.0001024871899178682
3.20506,0.001802201512208654,5.721913274995577e-05
3.20771,0.002900142827413986,9.00393020807818e-05
3.21035,0.003524212749722532,0.0001082476161249545
3.213,0.001916964414539402,6.071885514380392e-05
3.21564,0.003153100097114317,9.630731664696643e-05
3.21828,0.002677191384572697,8.331831881621883e-05
3.22093,0.002279572974472807,7.154531971045454e-05
3.22357,0.003664160585460597,0.0001122594111909357
3.22621,0.003221322835738072,9.890962614154578e-05
3.22886,0.001996541204217535,6.274364016860075e-05
3.2315,0.001765980715871255,5.75298628364743e-05
3.23414,0.002615478912319648,8.522734452155354e-05
3.23679,0.002883979328523865,9.413311072219132e-05
3.23943,0.00118453884572697,4.037408086949372e-05
3.24208,0.0026143480854606,8.794753904771286e-05
3.24472,0.002582060002774697,8.788203383628186e-05
3.24736,0.001767931048834631,6.087330746908232e-05
3.25001,0.003835222183684795,0.0001288424200494122
3.25265,0.002362629231409542,8.282306818342381e-05
3.25529,0.002196001664816869,7.806809970631185e-05
3.25794,0.002716296476137622,9.478060208616757e-05
3.26058,0.003592266093229744,0.0001240852660466376
3.26323,0.001501062777469477,5.423181136890337e-05
3.26587,0.001880265191453939,6.807743577671469e-05
3.26851,0.003392917799667034,0.0001206044662017058
3.27116,0.001119509433962265,4.146012959997816e-05
3.2738,0.001671581853496114,6.145393634641689e-05
3.27644,0.002341381589900111,8.575885466451704e-05
3.27909,0.002963846836847944,0.0001080252782826861
3.28173,0.002965151637069923,0.0001072802527548566
3.28438,0.002537685349611545,9.457511352090372e-05
3.28702,0.002865542730299665,0.0001023760669306164
3.28966,0.003401085391231965,0.0001190541395904446
3.29231,0.002014611542730299,7.134888688350164e-05
3.29495,0.002585271642619315,8.97563732637524e-05
3.29759,0.002887802164261934,9.91846774957635e-05
3.30024,0.002444845380133186,8.416555474824446e-05
3.30288,0.002016447419533854,6.996153597456668e-05
3.30553,0.002913440344062154,9.878402627985277e-05
3.30817,0.002772270116537181,9.40127536713125e-05
3.31081,0.002390622918978913,8.187501781358977e-05
3.31346,0.005109755618756938,0.0001663102574213943
3.3161,0.003458432505549389,0.0001150718003554556
3.31874,0.002005384087125414,6.901989195200661e-05
3.32139,0.002043099680910104,6.972698319343827e-05
3.32403,0.001884520671476138,6.484335932512893e-05
3.32667,0.00245840156770255,8.264992509032314e-05
3.32932,0.002353138526637071,7.941741584052531e-05
3.33196,0.001917413082685902,6.573547969507557e-05
3.33461,0.003411532949500556,0.0001132386132154287
3.33725,0.003256982796892344,0.0001080072679249647
3.33989,0.003163343923418424,0.0001049443037650543
3.34254,0.002733531284683683,9.034768246821906e-05
3.34518,0.002345424181465037,7.882401060067256e-05
3.34782,0.002588524486681469,8.615319037741351e-05
3.35047,0.003670718923418426,0.0001190621893093159
3.35311,0.002337318396226416,7.784498366622316e-05
3.35576,0.00374888332408435,0.0001219712276982486
3.3584,0.001839523376803553,6.182615394894856e-05
3.36104,0.002303480577136513,7.655572228134406e-05
3.36369,0.00237872634572697,7.963954449635594e-05
3.36633,0.001727724889012211,5.809505256477029e-05
3.36897,0.0025627214900111,8.508312114408631e-05
3.37162,0.002997430563263043,9.724571503435407e-05
3.37426,0.0005512231548279677,1.908858046209814e-05
3.37691,0.002153490357935627,7.208139362354965e-05
3.37955,0.004314331090455052,0.0001372760970265379
3.38219,0.002781133601553827,9.100840618298855e-05
3.38484,0.002184684239733625,7.241227788715718e-05
3.38748,0.002262010821309658,7.506336218526769e-05
3.39012,0.00140076713374029,4.764668488051649e-05
3.39277,0.002987276012763594,9.755303756361051e-05
3.39541,0.003057169811320752,9.933553454064128e-05
3.39806,0.004787717189234183,0.00015190309637624
3.4007,0.002786508462819088,9.166594851761424e-05
3.40334,0.002512141023862378,8.30958843439347e-05
3.40599,0.001267171614872364,4.293878385912114e-05
3.40863,0.002794991953385127,9.104112757220119e-05
3.41127,0.002302022405660378,7.616384076142463e-05
3.41392,0.003209794811320754,0.0001042082258457741
3.41656,0.002268065552164261,7.508572097266895e-05
3.41921,0.003125694714206437,0.0001017535474038695
3.42185,0.001116199361820201,3.767283322788302e-05
3.42449,0.002729767966148725,8.985606279610359e-05
3.42714,0.002668872710876804,8.686301067563868e-05
3.42978,0.002809404273029966,9.19138834903943e-05
3.43242,0.003446066662042175,0.0001116147242826598
3.43507,0.002455386792452829,8.102662673445588e-05
3.43771,0.002950144145394006,9.627926008725919e-05
3.44035,0.002843587749722532,9.246857598767781e-05
3.443,0.002200854605993342,7.282182344342856e-05
3.44564,0.002027746531631523,6.735677104364286e-05
3.44829,0.003100454841842398,9.965158349618842e-05
3.45093,0.003969859253607105,0.0001262056867435576
3.45357,0.001687003676470589,5.602262412642884e-05
3.45622,0.002728346420643729,8.881430537114121e-05
3.45886,0.002246279966703666,7.421578739298607e-05
3.4615,0.002818922447280802,9.072990736641827e-05
3.46415,0.003281847253052165,0.000105213120375079
3.46679,0.002606581090455047,8.477181549142823e-05
3.46944,0.00338306541342952,0.0001086077254637452
3.47208,0.002930375277469477,9.472288300423777e-05
3.47472,0.003581873473917871,0.0001142761028263191
3.47737,0.001349053551609324,4.4772941935212e-05
3.48001,0.002074277538845728,6.751609126845148e-05
3.48265,0.002382015815760267,7.700480005361816e-05
3.4853,0.002847682991120975,9.144535983110341e-05
3.48794,0.002478781631520535,8.074488329599926e-05
3.49059,0.003236087680355162,0.000103778063245173
3.49323,0.002416354952830189,7.766117456517515e-05
3.49587,0.002462638734739177,7.885323917431731e-05
3.49852,0.00268352538845727,8.676251038343367e-05
3.50116,0.003232269422863486,0.0001034262356204212
3.5038,0.00359283608490566,0.0001138215985758247
3.50645,0.002262287805216427,7.342608835062278e-05
3.50909,0.00140686993618202,4.651215870067929e-05
3.51174,0.00323281423418424,0.0001027359939269663
3.51438,0.003061677094894561,9.847427386140264e-05
3.51702,0.002232341495560488,7.223449712833573e-05
3.51967,0.0021042673418424,6.884126631282595e-05
3.52231,0.001824959975027747,5.973112128690339e-05
3.52495,0.002584717674805774,8.399342229994708e-05
3.5276,0.002446878121531633,7.876217991948227e-05
3.53024,0.001314819714206438,4.333806508958552e-05
3.53288,0.002320882491675915,7.515098287363671e-05
3.53553,0.002750512000554936,8.877126379760511e-05
3.53817,0.002543749236958935,8.242499387173525e-05
3.54082,0.002694822211431741,8.639025093917603e-05
3.54346,0.003061917452830187,9.776573742294393e-05
3.5461,0.002064065760266373,6.788664513839332e-05
3.54875,0.0007275680493895662,2.439450428663548e-05
3.55139,0.002232906908990009,7.235942996561153e-05
3.55403,0.003166425083240843,0.0001011602276985504
3.55668,0.0033018679245283,0.0001044008592214837
3.55932,0.001275737513873474,4.233861138557024e-05
3.56197,0.002433017480577138,7.849946261102821e-05
3.56461,0.001751936945061044,5.720951313616206e-05
3.56725,0.002131233213096559,6.950439259760089e-05
3.5699,0.002007872364039953,6.574708561749116e-05
3.57254,0.001868625000000001,6.059350177344827e-05
3.57518,0.002165267896781355,7.009636824890817e-05
3.57783,0.002700036834073251,8.699052785954419e-05
3.58047,0.003300723362930081,0.0001050757933523045
3.58312,0.003164071864594893,0.0001008475887076565
3.58576,0.002957741745283021,9.426676772508127e-05
3.5884,0.001024565760266371,3.41066766298935e-05
3.59105,0.00220451720310766,7.152719496059882e-05
3.59369,0.00336156367924528,0.0001066495977849943
3.59633,0.002601382491675915,8.334976678975486e-05
3.59898,0.001293620144284129,4.260545860568915e-05
3.60162,0.002651706576026638,8.571942925483419e-05
3.60427,0.003780292383462821,0.0001195058989489473
3.60691,0.002259946032186461,7.303967228082015e-05
3.60955,0.002514144006659266,8.102400981802475e-05
3.6122,0.002604518590455047,8.404056251394642e-05
3.61484,0.002150077275249722,7.037067552687582e-05
3.61748,0.002696632907880134,8.624114264284345e-05
3.62013,0.002015387555493896,6.548512303716642e-05
3.62277,0.002557429037180912,8.244636136642432e-05
3.62541,0.00248836161209767,8.001147821750779e-05
3.62806,0.00258349299389567,8.366907526465741e-05
3.6307,0.0029501487236404,9.435107325212724e-05
3.63335,0.001705220518867922,5.622335715881496e-05
3.63599,0.003640701650943399,0.0001149752783540588
3.63863,0.0015094272336293,4.968316171297693e-05
3.64128,0.002574061806326305,8.296287812933251e-05
3.64392,0.002154923349056604,7.001731430485339e-05
3.64656,0.00280728912319645,8.984603371892061e-05
3.64921,0.002847383115982242,9.176955044169791e-05
3.65185,0.001737538360155381,5.698167637406857e-05
3.6545,0.003153418285238626,0.0001001602042722538
3.65714,0.003001303759711431,9.57300129201819e-05
3.65978,0.002505777261376246,8.092469339277526e-05
3.66243,0.002214644284128746,7.185553735297608e-05
3.66507,0.002244233490566037,7.273249089433395e-05
3.66771,0.003680445407880134,0.0001159377858935192
3.67036,0.003497418562708104,0.0001101887500700836
3.673,0.002900168007769144,9.258220856876797e-05
3.67565,0.002602396573251941,8.319884565541063e-05
3.67829,0.0007431066176470589,2.471253025148716e-05
3.68093,0.002841108629300777,9.123332636940937e-05
3.68358,0.002769154619866817,8.778249861304126e-05
3.68622,0.002541938540510542,8.191906717962151e-05
3.68886,0.002239337056048835,7.173500043981583e-05
3.69151,0.003402069714206438,0.0001071582829417938
3.69415,0.001639394492230853,5.318233650863547e-05
3.6968,0.003183163152053273,9.960649467199372e-05
3.69944,0.003077201928412872,9.774106644578813e-05
3.70208,0.001882675638179799,6.053952771551126e-05
3.70473,0.003583464414539398,0.0001119701750782838
3.70737,0.001826676817425083,5.853320521071444e-05
3.71001,0.002949983906770255,9.245051943087744e-05
3.71266,0.002695254855715871,8.52367217345637e-05
3.7153,0.001675120837957827,5.461791394290061e-05
3.71794,0.002782079009433962,8.812711019133271e-05
3.72059,0.002021737583240842,6.510074962047204e-05
3.72323,0.001711199708657048,5.519956676093752e-05
3.72588,0.001824341911764709,5.903219989705209e-05
3.72852,0.001873077344617093,6.025199678909224e-05
3.73116,0.001890719617092121,6.054421709627727e-05
3.73381,0.001535882630410656,4.998892868306051e-05
3.73645,0.003037112513873474,9.500532471946532e-05
3.73909,0.002869624236958935,9.111954160010368e-05
3.74174,0.003517929106548279,0.0001088895497677775
3.74438,0.002486619589345172,7.904010587730217e-05
3.74703,0.003095345518867921,9.793401533220853e-05
3.74967,0.003559671268035517,0.0001114578046435922
3.75231,0.00153752393174251,4.930927204546204e-05
3.75496,0.00235667064372919,7.510365785215786e-05
3.7576,0.00190576373473918,6.10256355699284e-05
3.76024,0.00221643208934517,7.106517129112982e-05
3.76289,0.001368479051054382,4.439861715968007e-05
3.76553,0.001914911071032186,6.167204350640642e-05
3.76818,0.002911565552164263,9.18552386092431e-05
3.77082,0.001804172447280802,5.782642449304019e-05
3.77346,0.002391637000554938,7.626450538542183e-05
3.77611,0.002446706437291898,7.783139570984133e-05
3.77875,0.00256119922308546,8.118573976614549e-05
3.78139,0.00268928711154273,8.530303906480163e-05
3.78404,0.002763885058268589,8.740346359646465e-05
3.78668,0.002626622364039955,8.305898443715498e-05
3.78933,0.003498139636514982,0.0001087707577492755
3.79197,0.002699068534961152,8.831903586190503e-05
3.79461,0.003735526290233076,0.0001216562618008112
3.79726,0.002418096975582683,8.122602129674975e-05
3.7999,0.001113795782463928,3.9214679439132e-05
3.80254,0.001858607796892343,6.488298623346851e-05
3.80519,0.001493387347391787,5.314897624399851e-05
3.80783,0.002711805216426191,9.462003253522541e-05
3.81047,0.003717117161487239,0.0001287144225628525
3.81312,0.002666530937846835,9.62176812307262e-05
3.81576,0.002388352108768036,8.617532303221761e-05
3.81841,0.003935076026637068,0.0001376275766255348
3.82105,0.0003345851137624872,1.287443560039637e-05
3.82369,0.00397947357103219,0.0001415608294984659
3.82634,0.003248300152608212,0.0001178229049166496
3.82898,0.002631688193673694,9.728633133473506e-05
3.83162,0.001585055285793563,6.024662593702256e-05
3.83427,0.003187034059378465,0.0001182132161739466
3.83691,0.0036255545227525,0.0001349530320253518
3.83956,0.002875580535516092,0.0001087125386814048
3.8422,0.003371042938401776,0.0001267916500063848
3.84484,0.00096485855993341,3.830665545499823e-05
3.84749,0.00258308324084351,9.677987241930837e-05
3.85013,0.00233621274972253,8.582621791796671e-05
3.85277,0.001554211639844617,5.696816643753545e-05
3.85542,0.002146174320199782,7.80609936770572e-05
3.85806,0.002188552857935629,7.868390812373987e-05
3.86071,0.002144455188679245,7.66238840616284e-05
3.86335,0.00126809642064373,4.579308451542919e-05
3.86599,0.001697240635405105,6.036158890903588e-05
3.86864,0.003109265677025528,0.000107090892597886
3.87128,0.002761252566592675,9.631031536579894e-05
3.87392,0.0004259257075471668,1.547325360838946e-05
3.87657,0.002099361750832406,7.369550895466997e-05
3.87921,0.001407536071032185,5.01003422441838e-05
3.88186,0.003082215108213099,0.0001057788830243693
3.8845,0.002462796684239735,8.562682131088975e-05
3.88714,0.002242647128190899,7.750596289792366e-05
3.88979,0.001410113623751386,5.007430247281452e-05
3.89243,0.002440752427857935,8.440084385879276e-05
3.89507,0.002111924458934518,7.249444546790723e-05
3.89772,0.003079559725305219,0.000103548731819577
3.90036,0.003182808337957826,0.0001063769218812438
3.903,0.001692705882352941,5.818356364061582e-05
3.90565,0.003547229883462821,0.0001174872193895707
3.90829,0.001390374514428413,4.790021669901486e-05
3.91094,0.002260003260266372,7.683644215476519e-05
3.91358,0.001092589345172028,3.779498317506361e-05
3.91622,0.001939493965038845,6.552132528866673e-05
3.91887,0.004023889428412875,0.0001318416005624883
3.92151,0.001991370074916759,6.712770474835731e-05
3.92415,0.001619964414539401,5.500536870523476e-05
3.9268,0.002379076581576023,7.9861989522119e-05
3.92944,0.002227206992230857,7.426580436084442e-05
3.93209,0.001993521850721421,6.697937226554983e-05
3.93473,0.001135437153163155,3.847224925088604e-05
3.93737,0.002812940968368479,9.238435286957564e-05
3.94002,0.001489399694783574,5.036315337231812e-05
3.94266,0.002150198598779138,7.180803017885049e-05
3.9453,0.001504123335183131,5.083150447767992e-05
3.94795,0.00190822454217536,6.381138060091786e-05
3.95059,0.002695108351831297,8.912410482824543e-05
3.95324,0.002542764913984461,8.45291738864595e-05
3.95588,0.002897922377913429,9.533656223194787e-05
3.95852,0.002807799597669258,9.266772129003974e-05
3.96117,0.002111033990011097,7.077081179173312e-05
3.96381,0.002383831090455049,7.897231521995779e-05
3.96645,0.003623775874028855,0.000117012180609248
3.9691,0.004197988693118757,0.0001343078173234987
3.97174,0.002381129925083243,7.941048282661135e-05
3.97439,0.002418410585460598,8.066794809748028e-05
3.97703,0.001697668701442841,5.652078377526405e-05
3.97967,0.002001016440066592,6.670954297235551e-05
3.98232,0.00234045220588235,7.731316680918426e-05
3.98496,0.003949044256381798,0.0001268462673719728
3.9876,0.001627905382907879,5.463714370840476e-05
3.99025,0.001136437499999998,3.857070007707217e-05
3.99289,0.003942089900110987,0.0001275012099676098
