0.0431807,69.14122435488346,0.48705569753614
0.0458244,59.90533905382909,0.4365788064986407
0.0484682,52.16258494728081,0.4008134142113043
0.0511119,46.31097715038846,0.3943895026024195
0.0537556,40.36117352247503,0.3435245880585209
0.0563993,35.9418614109323,0.3356898838015251
0.059043,32.08501832130966,0.2960860220588853
0.0616867,28.46538134225861,0.2874602156944824
0.0643304,25.81076643521088,0.2683726723551905
0.0669742,23.47000160377359,0.2448614787165401
0.0696179,21.09418127705328,0.2361401696098275
0.0722616,19.20241553066038,0.2117763582669331
0.07490529999999999,17.49121046545505,0.2014725181054415
0.07754900000000001,15.9337540850444,0.1899656925252724
0.08019270000000001,14.63695496670366,0.1751182541695489
0.08283649999999999,13.35339890677026,0.1689030769525551
0.08548020000000001,12.30089059794673,0.1547384331854438
0.08812390000000001,11.24481176054384,0.153877287748675
0.0907676,10.43162519284129,0.1466761560778145
0.0934113,9.686676540649279,0.1392440832031156
0.096055,8.928326811875694,0.1351955532839802
0.0986987,8.225101710599334,0.1242129702678771
0.101342,7.617401170921199,0.1193947263681559
0.103986,7.05717956437292,0.1085683922883014
0.10663,6.62469348154828,0.1062361510965775
0.109274,6.174455088096559,0.1019075127435959
0.111917,5.717647391786904,0.09386765778816759
0.114561,5.312379647613763,0.08805258711941864
0.117205,5.029754860571588,0.08455134566100801
0.119848,4.657576987375139,0.07914815948779733
0.122492,4.380788228357381,0.07379330571815911
0.125136,4.116251566315206,0.07121070593882051
0.12778,3.844186046753607,0.06683165961842166
0.130423,3.617060570893452,0.06390301659720814
0.133067,3.383077889150944,0.0607027533408672
0.135711,3.228398538429523,0.05647918173244273
0.138354,3.056953626526083,0.05476688315478104
0.140998,2.837702871809101,0.05095701840546869
0.143642,2.664889430493896,0.04817912423903429
0.146286,2.500316489317425,0.04479080491067826
0.148929,2.351405751942287,0.04220627543314515
0.151573,2.216200727663707,0.04104879623211705
0.154217,2.131849536625971,0.03880340643649653
0.15686,1.986769005965594,0.03671911577735378
0.159504,1.89382467536071,0.03482569003580226
0.162148,1.769926248612653,0.03280034558432023
0.164792,1.694526765399556,0.03209018031799701
0.167435,1.605121922863485,0.02985051938657573
0.170079,1.492732887069922,0.02814333268917202
0.172723,1.438104198113207,0.02700700135128054
0.175366,1.359970998196449,0.02589798922192335
0.17801,1.312310972530522,0.02486813799997276
0.180654,1.235576403995561,0.02342617701403422
0.183298,1.179168127774695,0.02266812277564332
0.185941,1.120192760127636,0.02144300336927066
0.188585,1.075380541065483,0.02067212374843762
0.191229,1.027764832824639,0.01991761255621485
0.193872,0.9859577060210877,0.01903341788189562
0.196516,0.9180909489456159,0.01799559046204487
0.19916,0.8877982491675915,0.01738665587628689
0.201804,0.8470772884295228,0.01700260313974348
0.204447,0.8192654945893451,0.01619919937796973
0.207091,0.7772554370144286,0.01533279685691024
0.209735,0.7376491190344063,0.01466615604878816
0.212378,0.7102877788568258,0.0142101035897726
0.215022,0.6839093881798003,0.01368653424585359
0.217666,0.6352496795227525,0.01296537245361042
0.22031,0.6113474334073252,0.01266306383266665
0.222953,0.5881699694783574,0.01204173744994643
0.225597,0.5642284877913429,0.01150729467537248
0.228241,0.544904053135405,0.01129552318937462
0.230885,0.5339068992785794,0.01105295274858541
0.233528,0.5113611417869034,0.01072647275646503
0.236172,0.4896350964206437,0.01029206602938888
0.238816,0.4794546330466149,0.01006933615811772
0.241459,0.4512707880133185,0.009525397734999106
0.244103,0.4248650194228635,0.008964617233238326
0.246747,0.4245798862375139,0.009032342965572569
0.249391,0.4033590274694783,0.008696193562739289
0.252034,0.3914017008879023,0.00851251272790955
0.254678,0.379013378190899,0.008171088954884857
0.257322,0.3670224472807991,0.007964041393615501
0.259965,0.3635554786348502,0.007866433834861363
0.262609,0.3444848161764706,0.007538513836159649
0.265253,0.3353617674805772,0.007454365159754508
0.267897,0.3265628586293008,0.007181123787676491
0.27054,0.3097498668146504,0.006885492227793976
0.273184,0.2915054862652608,0.006500051664117647
0.275828,0.2830070935072142,0.006350188188115646
0.278471,0.2887738755549389,0.006510630363647024
0.281115,0.2808286036348502,0.006352511406011195
0.283759,0.2678850998890122,0.006134869942703509
0.286403,0.2576163679245284,0.00581905723163788
0.289046,0.2486588228357381,0.005730616112340817
0.29169,0.2376400367647059,0.005500232540492896
0.294334,0.2425686563540511,0.00561508219382268
0.296977,0.2364058559933408,0.005493698418649812
0.299621,0.2135617570754717,0.005039187069593079
0.302265,0.2221014227247503,0.005184327461108199
0.304909,0.2244200756104329,0.00518634818780837
0.307552,0.2126684267480577,0.00502653514846467
0.310196,0.2049838401775805,0.004848889968982258
0.31284,0.200242951581576,0.00473720465466668
0.315483,0.1985617737236404,0.00471068648385788
0.318127,0.1838223543978912,0.004424828273544206
0.320771,0.179556250554939,0.004336736165599851
0.323415,0.1823304938956714,0.00438821302066029
0.326058,0.1770776428967814,0.00426170539125365
0.328702,0.1690022572142064,0.004180452259523966
0.331346,0.166858289608768,0.004076527926937423
0.333989,0.1667425217813541,0.004050361027740758
0.336633,0.1619233726415094,0.003926561729381073
0.339277,0.153912814927858,0.003783178757135809
0.341921,0.1515752309933408,0.003788886945776327
0.344564,0.150974755063818,0.003735324740728435
0.347208,0.1475839844617092,0.003682214381257806
0.349852,0.1439998127081021,0.003583504658308753
0.352495,0.1328983915788013,0.003395556760772376
0.355139,0.1388414109322975,0.003483497643412912
0.357783,0.1362989069783574,0.003443258429058287
0.360427,0.1308639608074362,0.003334338909725025
0.36307,0.1366926567702553,0.003396941881321146
0.365714,0.1318170189372919,0.003325281999549403
0.368358,0.1238034716287458,0.003139685918914683
0.371001,0.1260998124306326,0.003201121783464769
0.373645,0.1196215663152053,0.003088886151635703
0.376289,0.1168650453662597,0.00300636910458968
0.378933,0.1143153032047725,0.002977302804079783
0.381576,0.1133652094894562,0.002900308309421664
0.38422,0.112293698390677,0.002911143861208942
0.386864,0.108239977108768,0.002813601776699563
0.389507,0.1076046859045505,0.002817417375280752
0.392151,0.1047873795782464,0.002780568603672927
0.394795,0.1034763346281909,0.002703010870485547
0.397439,0.1025323757630411,0.002694508196207692
0.400082,0.106860093645949,0.002746908502288087
0.402726,0.1008274528301887,0.002651995374514087
0.40537,0.09998017508324085,0.002630591236335081
0.408013,0.09940721212541621,0.002582186053812296
0.410657,0.09840828454495007,0.00259579021197909
0.413301,0.09837226976970034,0.002564461600746653
0.415945,0.09239604668423974,0.002472557463714264
0.418588,0.09288568555771365,0.002482455579783084
0.421232,0.09239507609600446,0.00245961626826836
0.423876,0.08925265704772477,0.002440280815047598
0.426519,0.09181892438956715,0.002495477453846066
0.429163,0.08299190510543841,0.002398768271362078
0.431807,0.08632672038013318,0.002506297499084809
0.434451,0.08132977961986683,0.002446214597146243
0.437094,0.08282856471975583,0.002535973202417953
0.439738,0.08126285939234186,0.002505680720374345
0.442382,0.08021816079356273,0.002533491119904995
0.445025,0.07610083164539401,0.002439183803434513
0.447669,0.07489077823251943,0.00243143021242869
0.450313,0.07630083004994451,0.002499559472999728
0.452957,0.06823814671198668,0.002281485849949793
0.4556,0.07444525076304107,0.002410789143848816
0.458244,0.0716676859045505,0.002311210933720711
0.460888,0.0728399573390677,0.002351674667463666
0.463531,0.07610461556603774,0.002450189332164263
0.466175,0.0731411487236404,0.002352684330129682
0.468819,0.0723399945199778,0.002387223731428464
0.471463,0.07102007692841288,0.002291141198247505
0.474106,0.07213122190621532,0.002369822217892492
0.47675,0.06756160779689235,0.002259672075357528
0.479394,0.07149230473085461,0.00235904080087302
0.482037,0.06491956132075473,0.002234377570129475
0.484681,0.07265215309378469,0.002292529277432687
0.487325,0.05935750700610434,0.001996571450888262
0.489969,0.06318070900388457,0.002030578553861915
0.492612,0.05567689449223086,0.001862459334910794
0.495256,0.06212047412597115,0.001970297120038518
0.4979,0.06087323848501665,0.001920913405559749
0.500543,0.06548105348224195,0.002006621585532757
0.5031870000000001,0.06463545366259711,0.001971725183558606
0.505831,0.05929454696170922,0.001859560681369765
0.508475,0.06205840455049946,0.001909187021944634
0.511118,0.06093067029689234,0.001857616184831956
0.5137620000000001,0.0590538227663707,0.00181997911427997
0.516406,0.06041324833518313,0.001829307873629828
0.519049,0.06329949389567148,0.001899566070007006
0.521693,0.05788340781076583,0.001759131005530807
0.5243370000000001,0.05801910474472808,0.001762087978124679
0.526981,0.05811845040233075,0.001765617211427661
0.529624,0.0577269897336293,0.001732147703076568
0.532268,0.05623631041897893,0.001707565605903418
0.5349120000000001,0.05847438616814651,0.001735384163004816
0.537555,0.05493257921753607,0.00166047898056005
0.540199,0.05790180091564927,0.001728943130677995
0.542843,0.05196998910932297,0.001593458724451259
0.5454870000000001,0.05278024257769146,0.001605271321046625
0.54813,0.05272148536348502,0.001570022993875657
0.550774,0.04923550326026637,0.001516427467908305
0.553418,0.05194892688679245,0.001558035965034454
0.556061,0.05423075693673697,0.001606735780130772
0.558705,0.05379439053829079,0.001606459904012943
0.561349,0.05086250215038846,0.001506315044499042
0.563993,0.05404002261376249,0.001586629215249661
0.566636,0.04982802677580466,0.001486551091011789
0.56928,0.05307814449223086,0.001564948002756734
0.571924,0.05130648446170922,0.001519477603540213
0.574567,0.04887564851553829,0.001462737167688802
0.577211,0.04919257991120976,0.001465080476236947
0.579855,0.04905089234184241,0.001445058900766981
0.582499,0.05057259385405106,0.001490663409760389
0.5851420000000001,0.0478520602108768,0.001421277432510968
0.587786,0.0461316788290788,0.001398507960591668
0.59043,0.04944146254162043,0.001455443380852972
0.593073,0.04720731492785794,0.001385984983991869
0.5957170000000001,0.04623839546337404,0.001371520567456354
0.598361,0.04672829758601554,0.001384737078584084
0.601005,0.04841329827968924,0.001408346640093108
0.603648,0.04330151907602663,0.001294791031447967
0.6062920000000001,0.04462807741398447,0.001320702179775337
0.608936,0.04676349514428413,0.00136363588971913
0.611579,0.04446880251109878,0.001303126299471781
0.614223,0.04388953072974473,0.001290974770469989
0.6168670000000001,0.04080938041065484,0.001223883479439925
0.619511,0.04213785932297447,0.001243405776862012
0.622154,0.04658073612652609,0.001339010849377752
0.624798,0.03967825138734739,0.001184340227139289
0.6274420000000001,0.04290787916204217,0.001246321942171278
0.630085,0.04485302039400666,0.001295089786728421
0.632729,0.04059114685072141,0.001196664317295366
0.635373,0.0401661596836848,0.001186329096174941
0.6380169999999999,0.04160708261653719,0.001206483010901932
0.64066,0.04132597599889013,0.001209180880942082
0.643304,0.04055417293285239,0.001192916672438857
0.645948,0.03986945269145394,0.001171736652420814
0.6485919999999999,0.04075367917591564,0.001186682050231676
0.651235,0.04208509503329633,0.001223868860075014
0.653879,0.0400870681881243,0.001177670494631586
0.656523,0.04037999583795783,0.001176685293262449
0.659166,0.04002380597946726,0.00117081038405283
0.66181,0.03728228107658157,0.001096440444643934
0.664454,0.03948693562708102,0.001156082269036326
0.667098,0.04184103787458381,0.001208312605987557
0.669741,0.03841640885127636,0.001133820108428354
0.672385,0.03695940253884573,0.001094641667775651
0.675029,0.03859819956992232,0.001121995911057433
0.6776720000000001,0.03849294568534961,0.001116009176118816
0.680316,0.03884553017480576,0.001126997317081474
0.68296,0.04006795858768036,0.001141244464805138
0.685604,0.0375762456992231,0.001099379516114893
0.6882470000000001,0.03827084121809102,0.001104917404945776
0.690891,0.03647084413152053,0.00106933071167407
0.693535,0.03651627864872364,0.001063472562368019
0.696178,0.04065646469200888,0.001149510673581606
0.6988220000000001,0.03988779314650388,0.001137620078108282
0.701466,0.03616461667591565,0.001050128718936398
0.70411,0.0360651359600444,0.001054658266576617
0.706753,0.03804012506936737,0.001081352876327997
0.7093970000000001,0.03644903565482797,0.001053554661503929
0.712041,0.03769324049667037,0.001079979605996432
0.714684,0.03633513117369589,0.001044578429955032
0.717328,0.03376392848224195,0.0009893960940004528
0.7199719999999999,0.03767927226692565,0.001071384736736871
0.722616,0.03864433226970033,0.001084668193801685
0.725259,0.03333311549667037,0.000976560333049957
0.727903,0.03613112451442842,0.001020970089181421
0.7305469999999999,0.03753212742785794,0.001064923713451209
0.73319,0.03721286341564928,0.001053549883675761
0.735834,0.03798011799389567,0.001060318354573138
0.738478,0.03590383289400666,0.001013807676683883
0.7411219999999999,0.03496674597669257,0.0009972442047768535
0.743765,0.03528609239733629,0.001009101260850541
0.746409,0.03630579834905661,0.001011853840712385
0.749053,0.03549771725860155,0.001006773112126107
0.751696,0.03378586057158713,0.0009600751322063745
0.75434,0.03514690455049945,0.0009974585088832974
0.756984,0.03537929404827969,0.0009861791189160216
0.759628,0.03405195511931187,0.0009660939444455486
0.762271,0.03394497981409546,0.0009609252736579016
0.764915,0.03490834586570477,0.0009746123205563158
0.767559,0.03485020442563818,0.0009857823365004919
0.7702020000000001,0.03641280570199778,0.001002049470609396
0.772846,0.03438688360155383,0.0009591747560286555
0.77549,0.03535122481964484,0.0009865965757876055
0.778134,0.03470996587125417,0.0009607934528101747
0.7807770000000001,0.03278700395394007,0.000929260383010074
0.783421,0.03303508310210877,0.0009277693954134243
0.786065,0.03339434954217536,0.0009364250852355184
0.788708,0.03693982824639289,0.001008062220041419
0.7913520000000001,0.03393402407047725,0.0009378714751295529
0.793996,0.03290419790510544,0.0009221970691527342
0.79664,0.0317245348917869,0.0008917374903569526
0.799283,0.03220138214483906,0.0009011058315684142
0.8019269999999999,0.03362723120144285,0.0009297501819897657
0.804571,0.0357750926054384,0.0009670691606143075
0.807214,0.03240725443951166,0.0009040410143133388
0.809858,0.03186597065760267,0.0008820037050779218
0.8125019999999999,0.03260252580466149,0.0009111475353607534
0.815146,0.03153830098501665,0.0008755663901255874
0.817789,0.03263526255549389,0.0008999292595037788
0.820433,0.032491727663707,0.0009010589903442089
0.8230769999999999,0.03336436431742509,0.0009092658261682196
0.82572,0.03511790364872364,0.0009504907830721745
0.828364,0.03126006263873474,0.000865124955897363
0.831008,0.03192522003329634,0.0008831696171941821
0.8336519999999999,0.03230580965593785,0.0008795149585779587
0.836295,0.03303195387069922,0.0008983306456844793
0.838939,0.03439761272197558,0.0009279519909202146
0.841583,0.03265213110432853,0.0008797093693614495
0.844226,0.03494201200055493,0.0009415064939945943
0.84687,0.03206956069644839,0.0008723152435380656
0.849514,0.03212828815205328,0.000873573554091899
0.852158,0.03195846954772474,0.0008731094210566625
0.854801,0.03076904342397336,0.0008308723184977025
0.857445,0.03414963658435072,0.0009104343187243497
0.860089,0.03611632991120978,0.0009386708034710349
0.8627320000000001,0.03061419339622641,0.0008327990167871529
0.865376,0.02932216648168702,0.0008348897352026718
0.86802,0.03228867099056604,0.0008903170813424461
0.870664,0.03256525887902331,0.00090974137169031
0.8733070000000001,0.03130967938401776,0.0008702445605549824
0.875951,0.03334381028024418,0.0009291752614633278
0.878595,0.03049761521920089,0.0008692122396304543
0.881238,0.03186346177857936,0.0008937060687507322
0.8838819999999999,0.03384134891786904,0.0009494164522264358
0.886526,0.03032873973362931,0.0008552043202487276
0.88917,0.03316990788013319,0.0009245486167940767
0.891813,0.03223238602941177,0.0009061813405893582
0.8944569999999999,0.0293123140954495,0.0008259845713702123
0.897101,0.03357999514428413,0.0009050645376415501
0.899744,0.03236200076304106,0.0008769293488602213
0.902388,0.03126295609045505,0.0008515976950525965
0.9050319999999999,0.0295911361681465,0.0008066092441125943
0.907676,0.0309393015399556,0.0008353046684054403
0.910319,0.03207716745283019,0.0008604560874375667
0.912963,0.03392768777746948,0.0008942306413355759
0.9156069999999999,0.0330498227663707,0.0008772653072338822
0.91825,0.03227729862652608,0.0008481879850532278
0.920894,0.03037510363485017,0.0008204391509327048
0.923538,0.03047706804938957,0.0008186283178439727
0.9261819999999999,0.03055125853218646,0.000813080349135358
0.928825,0.03402540586847947,0.0008907420524347413
0.931469,0.03018940080466148,0.0008057755800308403
0.934113,0.03179112548557159,0.0008457112384883031
0.936756,0.03022944443673696,0.000799341806271649
0.9394,0.03047149403440622,0.0008072012502707876
0.942044,0.02728382359877914,0.0007383130989341959
0.944688,0.0316963100027747,0.0008289852138294886
0.947331,0.02979660786625971,0.0007933172912443723
0.949975,0.03139553066037736,0.0008174324345816231
0.952619,0.03051454328523863,0.0008026587390978437
0.9552619999999999,0.0309042390399556,0.000809493534520886
0.957906,0.02993080084628191,0.0007894228971173646
0.96055,0.03000206582963374,0.0007945374076679156
0.963194,0.02891303836015539,0.0007545709088691793
0.9658369999999999,0.03226798876248613,0.0008334318387012682
0.968481,0.0306612486126526,0.0007958065624930986
0.971125,0.02893374119034406,0.0007579736908747743
0.973768,0.03212920151220865,0.0008178780518071423
0.9764119999999999,0.03058047690066593,0.000782833555359673
0.979056,0.02823625908712541,0.0007443732560378707
0.9817,0.03014274618479468,0.0007767564291406892
0.984343,0.03014584565760266,0.0007720318993819374
0.9869869999999999,0.0286307871809101,0.0007400407388564477
0.989631,0.03037105646503884,0.0007841040584347422
0.992274,0.03412073182574916,0.0008765559665566794
0.994918,0.03082633788845727,0.0008113631386050171
0.9975619999999999,0.03065157019977802,0.0008164932139479463
1.00021,0.03299337985571587,0.0008689004336050807
1.00285,0.03062161931187569,0.0008190684115013193
1.00549,0.0310966375554939,0.0008457334777275633
1.00814,0.03178961237513873,0.000852756864368281
1.01078,0.0300909089900111,0.0008238944016585873
1.01342,0.02903702642896782,0.0008064363071031934
1.01607,0.03101392466703662,0.0008558338702212868
1.01871,0.03026303045227525,0.0008343425660965124
1.02136,0.03189624889012209,0.0008721798238457248
1.024,0.02874366842397336,0.0008146931772589943
1.02664,0.03314968347669257,0.000906464580135981
1.02929,0.02892530806048834,0.0008228222960159253
1.03193,0.02939443639012208,0.0008302567793632777
1.03457,0.0316317246809101,0.0008749718303167751
1.03722,0.02863393930355162,0.0008221099156266847
1.03986,0.0279208385127636,0.0007990538755803711
1.04251,0.02842674160654828,0.0008168272030793853
1.04515,0.02800972974472808,0.0007935273593163246
1.04779,0.02939503614039956,0.0008153175909441067
1.05044,0.02841543562708102,0.0007871498441701451
1.05308,0.02895910696448391,0.0007847028031934104
1.05572,0.03044343854051055,0.0008199745936939617
1.05837,0.02849308039678135,0.0007666503834040296
1.06101,0.02974541162597115,0.0008000567574474422
1.06365,0.02849546337402886,0.0007630205638317793
1.0663,0.02875622426470588,0.0007686649779207271
1.06894,0.02925085800499445,0.0007773125144411888
1.07159,0.0289969461709212,0.0007609645380131095
1.07423,0.02879899882075472,0.0007649251154403393
1.07687,0.0280208022336293,0.000739782110005299
1.07952,0.02698394159267481,0.0007236385451452441
1.08216,0.02937729314650389,0.0007659834417754785
1.0848,0.02627967452830188,0.000691672135096542
1.08745,0.02939355049944506,0.0007598191461218137
1.09009,0.03023769901498335,0.0007708138451686506
1.09274,0.0279557728218646,0.0007309068192358468
1.09538,0.02755043777746948,0.0007199807584913054
1.09802,0.02578222516648169,0.0006785425330111754
1.10067,0.02863475423140954,0.0007389608749497756
1.10331,0.02709669235571587,0.0006998422974448581
1.10595,0.02719416322142065,0.000705615959038778
1.1086,0.02883267869034406,0.000734316096760969
1.11124,0.02955384177302996,0.000748117187902054
1.11389,0.02761638512763596,0.0007132186555601676
1.11653,0.02757096434517203,0.0006983513459968884
1.11917,0.02588232394561598,0.0006762982197070805
1.12182,0.02751875402330744,0.000701507070467814
1.12446,0.02632465808823529,0.0006830618065689673
1.1271,0.02774374507491676,0.0007047805421026184
1.12975,0.02662969977802442,0.000679677994520442
1.13239,0.02777036071032187,0.000704972448053893
1.13504,0.02864328350443951,0.0007182502269934623
1.13768,0.02803514587957824,0.0007070480917320839
1.14032,0.0278137189927858,0.000704258157008869
1.14297,0.02569968396226415,0.0006625961476963132
1.14561,0.02655811202830189,0.0006842588702102529
1.14825,0.02631844998612652,0.0006663140212456234
1.1509,0.0254623362236404,0.0006538947766861007
1.15354,0.02508858421198669,0.0006457887120101509
1.15618,0.02610096496947836,0.0006618533125196794
1.15883,0.02848247031076581,0.0007161501417627326
1.16147,0.02557972246115428,0.0006477911830356572
1.16412,0.02645590038845727,0.0006737279225476012
1.16676,0.02593190864317425,0.0006515882678307187
1.1694,0.02761044943118757,0.0006895329786571332
1.17205,0.02726904730854606,0.0006790936274267023
1.17469,0.02611347044950056,0.0006562614792372378
1.17733,0.02458524264705882,0.0006287906290015859
1.17998,0.02692649833518313,0.0006659310268169243
1.18262,0.0258639422863485,0.0006505541449168501
1.18527,0.02759445303829079,0.0006796740677987982
1.18791,0.02554289733629301,0.0006432387233785771
1.19055,0.02700749209211986,0.0006712288103807757
1.1932,0.02594250270532742,0.0006431702532407515
1.19584,0.02355120907325194,0.000602490060126057
1.19848,0.02587557103218646,0.0006413582787464143
1.20113,0.02458695948945616,0.0006213115001288311
1.20377,0.02404801519145394,0.0006080093021303674
1.20642,0.02343535883740289,0.0005962936673898642
1.20906,0.02562105944783574,0.0006395516088753972
1.2117,0.02288110030521643,0.0005787227723154069
1.21435,0.02341817667869034,0.0005928099773199337
1.21699,0.02498124493618202,0.0006196890741430083
1.21963,0.02561139019145394,0.0006328159917676683
1.22228,0.02403132061598224,0.0006048970053726707
1.22492,0.02398200603496115,0.0005977073104927927
1.22757,0.02605038908157602,0.0006387011319000837
1.23021,0.02365567321032187,0.0005894423136002388
1.23285,0.02378345206714761,0.0005930040238200482
1.2355,0.02408565524417314,0.0006005711834367458
1.23814,0.0228993583518313,0.0005751716767569709
1.24078,0.02464087291897891,0.0006118870559431045
1.24343,0.02311964525527192,0.0005798250893508891
1.24607,0.02223738512763596,0.0005597357256283892
1.24871,0.02455200915649279,0.0006036266135766739
1.25136,0.02194824368756937,0.000551788167990113
1.254,0.02263304633740289,0.0005670365466671064
1.25665,0.02439502566592675,0.0005992447133113179
1.25929,0.02230324091287458,0.0005604782658282571
1.26193,0.02338442355715872,0.0005743399285310447
1.26458,0.02376200756104328,0.000582600568779224
1.26722,0.02180713526637069,0.0005475230119308703
1.26986,0.0208153978218646,0.0005269813360333804
1.27251,0.02123885585460599,0.0005361025739958077
1.27515,0.02008200166481687,0.0005091815817454782
1.2778,0.01998195782463929,0.000509599849514509
1.28044,0.02053032644284129,0.0005148620539468539
1.28308,0.02061362076859046,0.0005182042131032131
1.28573,0.02090902982796893,0.0005275755110941697
1.28837,0.0218499304245283,0.0005375978568232266
1.29101,0.0195381929800222,0.0005017594672253691
1.29366,0.02026772738623752,0.0005077454493391914
1.2963,0.02193850117924528,0.0005418158677387216
1.29895,0.02158644318812431,0.0005356517123300641
1.30159,0.01969541911764706,0.0004933811948534526
1.30423,0.01988273806881243,0.0005035657801295949
1.30688,0.0211506788290788,0.000519602776221551
1.30952,0.02024722142064373,0.00050703658167252
1.31216,0.01789767452830189,0.0004562938889326748
1.31481,0.02156022586015539,0.0005300622339098193
1.31745,0.01984728870699223,0.0004961137415752805
1.3201,0.01955007352941177,0.0004862957868595706
1.32274,0.01872073106270811,0.0004719668164009949
1.32538,0.02013576630133186,0.000496150233323627
1.32803,0.02028337354328524,0.0004988597852595665
1.33067,0.0196086384572697,0.0004912533855986662
1.33331,0.01911500048557159,0.0004732767978946438
1.33596,0.0191130638873474,0.0004777547325209668
1.3386,0.01846070726970033,0.000463599775439503
1.34124,0.01995954959766925,0.0004912651045826698
1.34389,0.0191636557991121,0.0004756702359613668
1.34653,0.01970995276082131,0.0004832081979943757
1.34918,0.01749374042730299,0.0004436845290126896
1.35182,0.01938185502219756,0.0004765868500392797
1.35446,0.01843616100166482,0.0004615774553965895
1.35711,0.01841033053551609,0.0004596875355077988
1.35975,0.01785554092674806,0.000448911758385943
1.36239,0.01666446663429523,0.0004257109459735662
1.36504,0.01722840357935627,0.000431574699375597
1.36768,0.01689820213651498,0.0004289622974229094
1.37033,0.0165235871254162,0.0004204784898363182
1.37297,0.0191684240427303,0.0004731761276548513
1.37561,0.01788176741120977,0.0004520092721134209
1.37826,0.01644449105160933,0.0004151390146437566
1.3809,0.01737146233351831,0.000438587247469
1.38354,0.01706477934239734,0.0004312695658088818
1.38619,0.01645155757491677,0.0004194855080755518
1.38883,0.01761039185627081,0.0004394732207303515
1.39148,0.01688608580743619,0.0004263809534298774
1.39412,0.01552014539400666,0.0003990016728829836
1.39676,0.01513225346836848,0.0003870227329412452
1.39941,0.01769144741953385,0.0004405885909046582
1.40205,0.01694541530244173,0.0004243979534329576
1.40469,0.01705359239733629,0.000431882220843232
1.40734,0.01541244901498335,0.0003930699134206083
1.40998,0.01574942397336293,0.0003991701622889072
1.41263,0.01650213575194229,0.0004130759916048838
1.41527,0.01598305875416204,0.0004034982216615685
1.41791,0.01383405736681465,0.0003601904700693187
1.42056,0.01708721732796893,0.0004265846339880936
1.4232,0.0171088243618202,0.0004253305764675058
1.42584,0.01616297010266371,0.0004059191045441312
1.42849,0.01637764865427303,0.0004117075023171765
1.43113,0.01534101692563818,0.000390506185904455
1.43377,0.01589810939234184,0.000400463822191886
1.43642,0.01524538193673696,0.0003849531517964575
1.43906,0.01457495040233074,0.0003736362201184154
1.44171,0.01477186306881243,0.0003763650647944529
1.44435,0.01583560030521643,0.0003973302368408547
1.44699,0.01506200943396226,0.0003810371461003226
1.44964,0.01476631423418424,0.0003766531779325601
1.45228,0.0162733836709212,0.0004049893036314457
1.45492,0.01383963824916759,0.0003543745760427408
1.45757,0.01505596843784684,0.0003788365414922195
1.46021,0.01630228614039955,0.0004048739438387068
1.46286,0.01439801491398446,0.0003656538492366361
1.4655,0.01420986272197558,0.0003625684718653589
1.46814,0.01327712971698113,0.0003405822669117797
1.47079,0.0153249610155383,0.0003858207958064514
1.47343,0.01262249771087681,0.0003262835435659742
1.47607,0.01541871434517203,0.000387486428064861
1.47872,0.01334980251109878,0.0003404313328913519
1.48136,0.01365153412874584,0.0003499396981958756
1.48401,0.01411148307436182,0.0003609017560630786
1.48665,0.01389756222253052,0.0003526917098217549
1.48929,0.01296526644006659,0.0003324097741180453
1.49194,0.01354246198668147,0.0003420939844944873
1.49458,0.01563193930355161,0.0003910205838906509
1.49722,0.01377152996670366,0.0003484457325063767
1.49987,0.01390609149556049,0.0003517806414074329
1.50251,0.01171032103218646,0.0003076182066326842
1.50516,0.01317910030521643,0.0003351460346820847
1.5078,0.01250152441731409,0.0003213754466434764
1.51044,0.01358402559655938,0.0003446869182010874
1.51309,0.01320695435627081,0.0003355487620618639
1.51573,0.0116698172863485,0.0003044409916164335
1.51837,0.01352801533018868,0.0003402104983390367
1.52102,0.01169083830466149,0.0003026188118788648
1.52366,0.01181749549112098,0.0003035185520689189
1.5263,0.01203110502219755,0.0003075779045039716
1.52895,0.01110443132630411,0.0002906185520518317
1.53159,0.01251013152053274,0.0003206104384700608
1.53424,0.01301405910099889,0.0003328007350491903
1.53688,0.01316296427580466,0.0003330797387572044
1.53952,0.012852987236404,0.0003248935792148268
1.54217,0.01245679495005549,0.0003154951158778045
1.54481,0.0141386984600444,0.0003522439734009219
1.54745,0.01197871157047725,0.0003093376472865917
1.5501,0.01071379016370699,0.0002832068816729686
1.55274,0.01266348446170921,0.0003298817866461269
1.55539,0.01177727559655938,0.0003123553764690385
1.55803,0.01096136570477248,0.0002961306142929085
1.56067,0.01218758948390677,0.0003267541729926348
1.56332,0.01291675534128746,0.0003403034122210265
1.56596,0.01110115788013319,0.000305526003765647
1.5686,0.01126124084350721,0.0003065511250011165
1.57125,0.01121855098501665,0.0003114046785218835
1.57389,0.01029308823529412,0.0002877829077781561
1.57654,0.01130386889567148,0.0003108338124250538
1.57918,0.01141983587680355,0.0003191633059593288
1.58182,0.01044561022475028,0.0002941303332545252
1.58447,0.0105693419117647,0.0002993263573873168
1.58711,0.009672850305216425,0.0002758313978372419
1.58975,0.01053493867924528,0.0002979911842265193
1.5924,0.009306116745283017,0.0002731649439450008
1.59504,0.01041856652330744,0.0002953639678303082
1.59769,0.01075610689511654,0.0003077054722938864
1.60033,0.01087508865149833,0.0003089886666957219
1.60297,0.0106576448390677,0.0003040526839798368
1.60562,0.01147998029966704,0.0003234243489062504
1.60826,0.01152378725027747,0.0003171076986096976
1.6109,0.009506071656492785,0.0002691949272362205
1.61355,0.01027351852108768,0.0002834386843419745
1.61619,0.01013837097669257,0.0002801010286485262
1.61883,0.01098937770532741,0.0002998097628130828
1.62148,0.009907288568257488,0.0002714390165257452
1.62412,0.00994029085738069,0.0002747453388075725
1.62677,0.009322932644284127,0.0002559694349160272
1.62941,0.01039408206159822,0.0002839917144774644
1.63205,0.00895104397891232,0.0002472124050510557
1.6347,0.008811299875138737,0.0002433627493751421
1.63734,0.010081115427303,0.0002737256908415701
1.63998,0.008778611195893453,0.0002426516442348709
1.64263,0.01198817251664817,0.0003147842819226438
1.64527,0.01065388380965594,0.0002832324778153815
1.64792,0.009421548071587127,0.0002567271410683788
1.65056,0.01043519013596004,0.0002795811705798665
1.6532,0.009914941107103222,0.0002665034271064531
1.65585,0.009678076373473916,0.0002623114113490566
1.65849,0.009332675152608215,0.000251063669066048
1.66113,0.01051477608213097,0.0002797447954096025
1.66378,0.01081290461986682,0.0002870713909405482
1.66642,0.009009377705327415,0.0002455332657849792
1.66907,0.01098845518867925,0.0002923330767269583
1.67171,0.01034215788013319,0.0002741990750799796
1.67435,0.009035686598224197,0.0002453490287855829
1.677,0.009639694644839067,0.0002585029449938239
1.67964,0.007790634780799111,0.000214462605982338
1.68228,0.007928549875138732,0.0002176114686529986
1.68493,0.008905524764150944,0.0002406965451777456
1.68757,0.008509804037180912,0.0002312977094012673
1.69022,0.008948505341287459,0.0002403917116875308
1.69286,0.007554429314650388,0.0002079027141792004
1.6955,0.009620658296337405,0.0002579768801277466
1.69815,0.01007907810765816,0.0002671932266261243
1.70079,0.008343201650943396,0.0002285142356068112
1.70343,0.009422063124306325,0.0002494354343424919
1.70608,0.009995909683684797,0.0002638539479455161
1.70872,0.008030500554938961,0.0002172562475123004
1.71137,0.00793279390954495,0.000216160980629035
1.71401,0.009461683268590456,0.0002520140477181357
1.71665,0.00957705049944506,0.0002543349769711884
1.7193,0.008630834558823526,0.0002328487695368453
1.72194,0.008145696101553832,0.000220128464473521
1.72458,0.009000569159267481,0.000240614425224311
1.72723,0.007432991329078802,0.0002024991237687034
1.72987,0.008296134988901221,0.0002234140271713793
1.73251,0.009043382630410655,0.0002421327737185338
1.73516,0.009557512832963378,0.0002500577662527482
1.7378,0.008976116745283019,0.0002389749544491154
1.74045,0.008529334836293008,0.0002275741942898915
1.74309,0.007731360224750276,0.0002095207060841232
1.74573,0.008288555701997779,0.0002226403619087812
1.74838,0.008388901706437293,0.0002227563621836245
1.75102,0.008224462541620424,0.0002225816047805726
1.75366,0.007832935488346283,0.0002094131764065033
1.75631,0.007597540371809102,0.0002048193362272387
1.75895,0.008355887971698112,0.0002239468739951592
1.7616,0.006327383740288569,0.0001742819559962193
1.76424,0.008444673903995564,0.0002258720527133161
1.76688,0.007011776637069925,0.0001892117512809495
1.76953,0.008325696725860154,0.0002221160869045423
1.77217,0.008359410932297449,0.0002232153020808813
1.77481,0.00680597988346282,0.0001861467636294585
1.77746,0.008233225305216427,0.0002206210687559692
1.7801,0.007358301817425087,0.0001974523476147382
1.78275,0.007324358698668147,0.0001983210745746856
1.78539,0.007899267411209766,0.0002090158309727015
1.78803,0.009186487167036628,0.0002392820670276698
1.79068,0.008386381381798001,0.000223068778117189
1.79332,0.009212551123751387,0.0002385767563248027
1.79596,0.008404300638179797,0.000224312349560301
1.79861,0.006715042175360711,0.0001807886350354326
1.80125,0.008014945962819093,0.000213102176039826
1.8039,0.008423300360710323,0.0002228743793137946
1.80654,0.007216147266925637,0.0001935994326889067
1.80918,0.008365731201442843,0.0002226383589852749
1.81183,0.006149617300221978,0.0001684942775733034
1.81447,0.007076366537180913,0.0001908953497442556
1.81711,0.006828555216426193,0.0001843951910783001
1.81976,0.007271115982241954,0.0001945921988506699
1.8224,0.006750294672586015,0.0001841985123140545
1.82504,0.008113117300221975,0.0002148799935875325
1.82769,0.004833266162597116,0.0001364108549866911
1.83033,0.007260645532741398,0.0001951236676968032
1.83298,0.00757092931465039,0.0002021443757314425
1.83562,0.007747615288568257,0.0002077023804381998
1.83826,0.006365433546059937,0.0001753969992242911
1.84091,0.007476042869034408,0.0002023699679467137
1.84355,0.006908999583795782,0.0001878574910338012
1.84619,0.006122326373473919,0.000168903846700192
1.84884,0.007500783712541622,0.0002000367541748077
1.85148,0.006527162389012212,0.000179293752312931
1.85413,0.00745411993618202,0.0002020733149171484
1.85677,0.006377641440066593,0.0001739082216595145
1.85941,0.006797613138179801,0.0001859069940786263
1.86206,0.006769493548834629,0.0001829919215401441
1.8647,0.007023888387902331,0.0001911825170130344
1.86734,0.006423043909544948,0.0001759796022864759
1.86999,0.007350505063817982,0.0001974513931306191
1.87263,0.006763576165371809,0.0001861134473404326
1.87528,0.007863355646503884,0.000210240326544848
1.87792,0.007310772752497227,0.0001980630464001253
1.88056,0.006172169741953385,0.0001701191115718503
1.88321,0.007515553135405105,0.0002016067573024874
1.88585,0.007129547447280798,0.000195075487752279
1.88849,0.007111685418978912,0.0001913573478533474
1.89114,0.006351799528301886,0.0001750675417489829
1.89378,0.006174580188679246,0.0001688376425279846
1.89643,0.006908186945061043,0.0001882149685250776
1.89907,0.005677648168701446,0.0001584503866740158
1.90171,0.006675728773584904,0.0001808015063195696
1.90436,0.006600080119311878,0.0001806730409554987
1.907,0.005881302302996669,0.0001619336933101385
1.90964,0.006628941384572699,0.0001818498361553376
1.91229,0.005901668632075472,0.0001636736993807715
1.91493,0.005705168007769145,0.0001579117613107654
1.91757,0.006871137486126527,0.0001865190794080889
1.92022,0.006470167799667037,0.000177942608234814
1.92286,0.005451155452275249,0.0001527784627712535
1.92551,0.005629926817425082,0.0001551869588565706
1.92815,0.008019977455604883,0.0002133367020287545
1.93079,0.006224158018867922,0.0001724626708473148
1.93344,0.007613417730299667,0.0002037162304714205
1.93608,0.005482472946725861,0.0001524932549620395
1.93872,0.006177627011653723,0.0001697182538017002
1.94137,0.006770814372918979,0.0001862723209906939
1.94401,0.006108527538845727,0.0001686690800142142
1.94666,0.005738090177580469,0.0001586860069207798
1.9493,0.006957895255271921,0.0001895334098810599
1.95194,0.005143142480577135,0.0001434903131109581
1.95459,0.005621395255271917,0.0001561283039452616
1.95723,0.005341989456159822,0.0001497205928368479
1.95987,0.006047149278579357,0.0001662906108897085
1.96252,0.005194116675915648,0.0001463386285485316
1.96516,0.005408268729189791,0.0001501966757923293
1.96781,0.006240223085460597,0.0001713336024359568
1.97045,0.006220165788013319,0.0001707812715294341
1.97309,0.004663852733074359,0.0001319981776799418
1.97574,0.006072936251387347,0.0001679501427600586
1.97838,0.005842913706992233,0.0001615100241187571
1.98102,0.004333360571587127,0.0001238863023577867
1.98367,0.004077919603218648,0.0001159594006494964
1.98631,0.005828748612652606,0.0001611635492649578
1.98896,0.005252111612097671,0.0001469611361488245
1.9916,0.006071439164816872,0.0001671999545786143
1.99424,0.005037110294117647,0.0001401028968914992
1.99689,0.006030447835738069,0.0001651267604625501
1.99953,0.005262767480577135,0.0001461061069123805
2.00217,0.005041880826859047,0.0001406266393840151
2.00482,0.007671414955604882,0.0002048752721614404
2.00746,0.006286099403440622,0.0001714394745294328
2.0101,0.007628780036071034,0.0002021249710409639
2.01275,0.006211217605438404,0.0001698248030942563
2.01539,0.006802035724195341,0.0001822706216362365
2.01804,0.007068890260821313,0.0001914637586073088
2.02068,0.005937898584905659,0.0001629182251102019
2.02332,0.005111955466148723,0.0001416299568187617
2.02597,0.006088511445615982,0.000166496231444682
2.02861,0.00569013991398446,0.0001553302370774349
2.03125,0.005676231201442842,0.000156263698704992
2.0339,0.006491529897336291,0.0001756475402565747
2.03654,0.006074305147058823,0.0001666738017213632
2.03919,0.006146902400110986,0.0001673733438377001
2.04183,0.005837925707547167,0.0001590964057030849
2.04447,0.005310951234739179,0.0001469430604943969
2.04712,0.004823429800221976,0.0001340801068097843
2.04976,0.004960259850166481,0.0001379417501803942
2.0524,0.006115452136514984,0.0001670016695081846
2.05505,0.006196500832408437,0.0001683826162615718
2.05769,0.005207615635405102,0.0001444455222319528
2.06034,0.006190954286903441,0.0001669332772703779
2.06298,0.005431594894561602,0.000149976068390226
2.06562,0.004200170227524972,0.0001176961866985264
2.06827,0.00464565649278579,0.0001292747822446409
2.07091,0.004263127982796894,0.0001202204686548062
2.07355,0.006178840246947837,0.0001670917044348825
2.0762,0.0050544778718091,0.0001402234485175433
2.07884,0.004701305077691453,0.0001305095098516978
2.08149,0.004434301748057715,0.0001239693269646773
2.08413,0.004866604952830186,0.00013608590835414
2.08677,0.004775577968923418,0.0001318431780490258
2.08942,0.004165783018867922,0.0001183721125438439
2.09206,0.005253931465038843,0.0001451655515820283
2.0947,0.003950875554938955,0.0001119413921861992
2.09735,0.00504071108490566,0.0001398702484196258
2.09999,0.005613522960599335,0.0001542035385676809
2.10263,0.005303985432852387,0.0001480337785103927
2.10528,0.005541186667591568,0.0001506876687059914
2.10792,0.005037668840177582,0.000140598433271986
2.11057,0.004290959142619312,0.0001217042881481178
2.11321,0.004140861334628187,0.0001204543193196411
2.11585,0.004405953246392898,0.000129623101078986
2.1185,0.006107737791342954,0.000172115033122289
2.12114,0.004136672239178691,0.0001237560898434227
2.12378,0.004630706229189788,0.0001348838915481461
2.12643,0.004747398862375136,0.0001399522260259656
2.12907,0.004251675499445061,0.0001285183682267348
2.13172,0.004896031631520534,0.000145899301073799
2.13436,0.003675569575471697,0.000113176818856693
2.137,0.005467824847391789,0.0001622202516026014
2.13965,0.003632202136514983,0.0001125249172188797
2.14229,0.00369557651220866,0.0001141069363196711
2.14493,0.004567061736958934,0.0001400935989107942
2.14758,0.004325140330188681,0.0001342253406947272
2.15022,0.004351584281354052,0.0001333731504897423
2.15287,0.004472049389567148,0.0001388481319790453
2.15551,0.00443045602108768,0.0001369855327046646
2.15815,0.005400680285793564,0.000165200730698451
2.1608,0.004101607450055496,0.0001284883609181573
2.16344,0.003948151498335185,0.0001232504266461646
2.16608,0.004841026290233075,0.0001489066670350154
2.16873,0.004690282949500558,0.000142644309847936
2.17137,0.004926000832408434,0.0001473307417789144
2.17402,0.004138707269700332,0.0001245666670023781
2.17666,0.004808754231409545,0.0001434657208950724
2.1793,0.003735768937291898,0.000112784601141595
2.18195,0.004871178620976694,0.0001434417530153794
2.18459,0.004032629300776913,0.0001203655640154449
2.18723,0.004480768659822419,0.0001327249333346429
2.18988,0.003907322697003333,0.0001164372365248194
2.19252,0.003514380965593786,0.0001051346729768004
2.19516,0.004887653440621533,0.0001421583128240054
2.19781,0.004228530174805769,0.0001253165485977536
2.20045,0.004951886237513875,0.0001436167577649469
2.2031,0.003517949708657047,0.0001051429873713303
2.20574,0.004633874375693673,0.0001351164439441842
2.20838,0.004015547863485016,0.0001186821405383065
2.21103,0.004021101276359599,0.0001189469089106697
2.21367,0.004330174112097672,0.0001276736410940362
2.21631,0.004637420227524973,0.0001358087731587507
2.21896,0.003775640885127635,0.0001113414711668024
2.2216,0.004397169880688126,0.0001277809578420883
2.22425,0.004981324361820202,0.0001441995425590837
2.22689,0.0042820727663707,0.0001254582929904789
2.22953,0.003853690829633743,0.00011297964895708
2.23218,0.003800722807991122,0.0001132300176767672
2.23482,0.003072463443396229,9.181464851156014e-05
2.23746,0.003372649902885682,0.0001015489029544758
2.24011,0.004344570407880133,0.0001270396462995382
2.24275,0.004835566731409545,0.0001415274248828518
2.2454,0.003880063817980022,0.0001147083751507852
2.24804,0.003560852455604887,0.0001064698738684929
2.25068,0.005135748612652608,0.0001491050849580009
2.25333,0.004177164539400667,0.0001226168126298669
2.25597,0.004344442216981135,0.0001279590020218061
2.25861,0.003738378537735852,0.0001111573234384622
2.26126,0.004199932158712542,0.000124139518972206
2.2639,0.005906684100998888,0.000168589942312787
2.26655,0.003896092258601551,0.0001157138850535936
2.26919,0.004686299875138734,0.0001387597486056442
2.27183,0.004110960807436182,0.0001209359407979118
2.27448,0.003691009711431743,0.0001097372052720284
2.27712,0.004379742785793562,0.0001282659814317467
2.27976,0.005179132075471696,0.0001522665888117546
2.28241,0.003883900388457269,0.0001159631722703638
2.28505,0.003774626803551607,0.0001120405445636583
2.28769,0.004792696032186461,0.0001397500031107546
2.29034,0.003886178066037737,0.0001141359344242874
2.29298,0.005023844825194228,0.0001465577317558581
2.29563,0.004711965524417312,0.000137070806912389
2.29827,0.00422592744173141,0.0001244718970722066
2.30091,0.005319423279689236,0.0001562302390784309
2.30356,0.003903902746947833,0.0001146389869019155
2.3062,0.004251849472807993,0.00012607863209722
2.30884,0.003867350027746947,0.0001144963081533885
2.31149,0.004965163152053273,0.0001458946900787134
2.31413,0.004061197558268592,0.0001204646473067503
2.31678,0.004404941453940065,0.0001301531047573208
2.31942,0.003631501664816873,0.0001089984186143891
2.32206,0.003271608004994451,9.739374422254045e-05
2.32471,0.004786430701997784,0.0001406552038823505
2.32735,0.002940935002774696,8.94974798956618e-05
2.32999,0.005117696587125415,0.000148817410938868
2.33264,0.003902648307436182,0.0001180185783068412
2.33528,0.005420767341842398,0.0001548281140262737
2.33793,0.003301824431187572,9.992523505859915e-05
2.34057,0.004082490982241954,0.0001206539803409737
2.34321,0.004008930008324085,0.0001190261708530697
2.34586,0.00457334766925638,0.0001360595229849459
2.3485,0.00461263131243063,0.0001353436115950677
2.35114,0.00392859780799112,0.0001167972189471649
2.35379,0.005011128745837957,0.0001453502006208067
2.35643,0.003430365566037739,0.000102453038084125
2.35908,0.003137692008879023,9.550071882918033e-05
2.36172,0.004281008324084351,0.0001265280329179025
2.36436,0.003593222946725863,0.0001074864598638182
2.36701,0.003316687708102108,9.910872090538934e-05
2.36965,0.003923190899001111,0.0001163330055555426
2.37229,0.004029712957824644,0.0001197213581185002
2.37494,0.003675974750277468,0.0001098064900362599
2.37758,0.003905596698113205,0.0001177271081757582
2.38022,0.003711025804661485,0.0001096894697050189
2.38287,0.002818286071032188,8.662486215210283e-05
2.38551,0.003233736750832405,9.629827033439057e-05
2.38816,0.003071055632630413,9.320661375550493e-05
2.3908,0.003442543701442843,0.0001038191043918777
2.39344,0.004731780174805771,0.0001389724265934704
2.39609,0.00267581562153163,8.184914611901372e-05
2.39873,0.004379330743618205,0.0001285531902048079
2.40137,0.004081046545504992,0.0001213047517732713
2.40402,0.004438582408435071,0.0001290507812695669
2.40666,0.002376267827413988,7.278719543445281e-05
2.40931,0.003727013041065482,0.0001115674232942703
2.41195,0.003957182089345173,0.000116927692444807
2.41459,0.003030396226415096,9.210574585316722e-05
2.41724,0.003791655591009987,0.0001123490975674363
2.41988,0.003355859184239735,0.0001010433802514833
2.42252,0.004745844547724751,0.0001396212947921016
2.42517,0.003397985918423975,0.0001013171082057931
2.42781,0.004144050083240844,0.0001234484413548457
2.43046,0.003687608074361819,0.0001097992287728988
2.4331,0.005564595241398448,0.0001608996545160472
2.43574,0.004510291481687015,0.0001326908703975308
2.43839,0.003085346628745838,9.373339117422193e-05
2.44103,0.004172398584905661,0.0001236693135673675
2.44367,0.003618405591009988,0.0001080747390647702
2.44632,0.004580102871809101,0.0001349064761155761
2.44896,0.003526371392896781,0.0001054586175902263
2.45161,0.001737325471698114,5.381639902661517e-05
2.45425,0.004042479397891234,0.0001207215180020242
2.45689,0.004469231478912321,0.0001307273470606671
2.45954,0.003625838374028859,0.0001091694175876645
2.46218,0.003844067355715871,0.0001148787680768002
2.46482,0.003287972946725859,9.835369138260459e-05
2.46747,0.00346774694783574,0.0001037633469613663
2.47011,0.003506215663152052,0.000106001290494635
2.47275,0.002678976900665928,8.248284908363707e-05
2.4754,0.002769445338512763,8.37702860336545e-05
2.47804,0.003394822350166484,0.0001022090789421386
2.48069,0.0016638560627081,5.189581831210468e-05
2.48333,0.003682963443396224,0.0001111971050538693
2.48597,0.003319940552164261,0.0001006801852563166
2.48862,0.005533325818534958,0.0001597689941400337
2.49126,0.003345887763596002,0.000101777798948588
2.4939,0.004395572072697001,0.0001294111614069375
2.49655,0.004984025527192007,0.0001465465454915221
2.49919,0.003510107172586012,0.0001053674916489759
2.50184,0.003134194228634854,9.482116605656434e-05
2.50448,0.00409036785516093,0.0001221328518487584
2.50712,0.00396215406492786,0.0001189632058522555
2.50977,0.002577085738068813,7.88176867309084e-05
2.51241,0.004258552025527194,0.0001260030215835806
2.51505,0.005198266856270809,0.0001523305216372131
2.5177,0.004100623127081023,0.0001229638512169063
2.52034,0.003922206576026637,0.0001167671176283902
2.52299,0.003813230577136515,0.0001147460477460807
2.52563,0.0039368615427303,0.0001178341635461669
2.52827,0.003370852941176474,0.0001021438687753297
2.53092,0.003167519284128747,9.602941873728412e-05
2.53356,0.003863870560488349,0.0001150496283944646
2.5362,0.002701712472253051,8.315551278925869e-05
2.53885,0.002727897752497225,8.349943939949278e-05
2.54149,0.002960509295227525,9.034809968434418e-05
2.54414,0.00392959586570477,0.000118031049770686
2.54678,0.00372975312153163,0.0001123536998147321
2.54942,0.002937125901775808,8.969288041629727e-05
2.55207,0.003584183199223083,0.0001080597920052234
2.55471,0.002892391856270811,8.829723210807527e-05
2.55735,0.003321066800776914,0.0001009828135211785
2.56,0.002903784822419533,8.934161668520298e-05
2.56264,0.003479416897891234,0.0001063063357122082
2.56529,0.00360120283018868,0.0001078605582845065
2.56793,0.004217496600998893,0.0001261375392625648
2.57057,0.004189102316870146,0.000124636235061545
2.57322,0.003104412735849056,9.488323332144104e-05
2.57586,0.002862308199223086,8.735864735248973e-05
2.5785,0.002766842605438404,8.472629259817295e-05
2.58115,0.003663776012763595,0.0001115972416209563
2.58379,0.003168977455604882,9.667219380102766e-05
2.58643,0.002968239664261932,9.082068658734798e-05
2.58908,0.004058679522752498,0.000121531323415628
2.59172,0.00313483289400666,9.558563071419262e-05
2.59437,0.004038697766370701,0.0001217008754238035
2.59701,0.004188443049389568,0.0001247916019690356
2.59965,0.002310224334073253,7.147668022734407e-05
2.6023,0.003035068326859045,9.283134774450831e-05
2.60494,0.003970426956159819,0.000119869544068223
2.60758,0.004158943118756936,0.0001261588747654261
2.61023,0.004433727178135406,0.0001324169309104765
2.61287,0.005040411209766927,0.0001491188191373565
2.61552,0.00422675839345172,0.0001271707005090682
2.61816,0.002299605091564927,7.141950782206092e-05
2.6208,0.002511825124861266,7.750381356130175e-05
2.62345,0.003704623127081022,0.000112325665370798
2.62609,0.002592477802441732,8.044838069659708e-05
2.62873,0.002560175985016648,7.94080344234873e-05
2.63138,0.004015254855715873,0.0001208975060773421
2.63402,0.003930779342397338,0.0001186294374505379
2.63667,0.004387967605438403,0.0001314579555401545
2.63931,0.004401203315760266,0.0001327779236043022
2.64195,0.003729368548834628,0.0001130714045144664
2.6446,0.002206753676470588,6.834795185539134e-05
2.64724,0.003225305910099892,9.827356704711731e-05
2.64988,0.003552238485016651,0.0001086818340196795
2.65253,0.002944316037735848,9.116090119399966e-05
2.65517,0.002654190274694782,8.217157869323143e-05
2.65782,0.00420269741953385,0.0001262774230126997
2.66046,0.003673724542175363,0.0001116749516239229
2.6631,0.002625454911209766,8.122452054278767e-05
2.66575,0.003792818465593786,0.000114126549346723
2.66839,0.003452789816870144,0.0001060685329894474
2.67103,0.003912406839622643,0.0001209827580736893
2.67368,0.002894861820199778,9.266785899117912e-05
2.67632,0.002768708240843506,9.023594083490764e-05
2.67896,0.002985252427857938,9.625474115388378e-05
2.68161,0.003520360155382907,0.0001150102499501724
2.68425,0.004406548418423971,0.0001428848090851727
2.6869,0.003657032255826862,0.0001199153086268065
2.68954,0.003645879647613763,0.0001201183545414571
2.69218,0.002897121184794671,9.702735165582133e-05
2.69483,0.003670258809655937,0.0001232313438758775
2.69747,0.002612917383462821,8.954951314845501e-05
2.70011,0.004392376456714761,0.0001436989524788474
2.70276,0.002657921545504995,9.248697615517797e-05
2.7054,0.003426979952830189,0.0001163559470757843
2.70805,0.00254081915926748,8.888052330995925e-05
2.71069,0.002695266301331855,9.312867455209169e-05
2.71333,0.003289591356825749,0.0001140211572631594
2.71598,0.001394117230854606,5.073689671368424e-05
2.71862,0.003335085391231964,0.0001173036583808839
2.72126,0.003141002081021087,0.0001110521993332851
2.72391,0.002359319159267478,8.437212033514895e-05
2.72655,0.003243344200887899,0.0001122495672697969
2.7292,0.003257683268590454,0.000111226116201879
2.73184,0.004001751317980022,0.0001328769371423026
2.73448,0.002831082269700335,9.568147568388536e-05
2.73713,0.003423319644839067,0.0001124276981407414
2.73977,0.003556406978357379,0.0001179502894262248
2.74241,0.003765335252497224,0.0001230539911828895
2.74506,0.001924321656492783,6.448108739994145e-05
2.7477,0.001850865982241955,6.250700089221034e-05
2.75035,0.003587502427857939,0.0001155936677552177
2.75299,0.003621223501664816,0.000117783951476571
2.75563,0.002944148931742511,9.533259787196094e-05
2.75828,0.002408739039955607,7.89126900947461e-05
2.76092,0.003080656215316313,0.0001009127154518786
2.76356,0.002329388873473918,7.637476023585087e-05
2.76621,0.003186965385682574,0.0001027439320443012
2.76885,0.003836664331298556,0.0001227569896389698
2.77149,0.002994569159267482,9.68935524355744e-05
2.77414,0.004158331922863485,0.0001317927051574511
2.77678,0.003892512069922309,0.0001229448523995173
2.77943,0.003539428551609326,0.0001125499646126513
2.78207,0.003265585321864592,0.0001049911181565471
2.78471,0.003296914261931189,0.0001064242653926555
2.78736,0.003603677372364041,0.0001149774100463914
2.79,0.002517108421198667,8.124614173764044e-05
2.79264,0.001417571587125414,4.715777736966175e-05
2.79529,0.00362585668701443,0.0001151887700194556
2.79793,0.001553653093784686,5.124198085332152e-05
2.80058,0.002879957339067702,9.179027885185818e-05
2.80322,0.003373304592119866,0.0001080172326717299
2.80586,0.002526377081021088,8.22199561066806e-05
2.80851,0.003032163429522752,9.681136140202917e-05
2.81115,0.003248220033296341,0.0001028782256881353
2.81379,0.003108123404550497,9.897568129122722e-05
2.81644,0.003253718507214206,0.0001040161670817189
2.81908,0.003806992716426197,0.0001196868092454319
2.82173,0.003810920851831299,0.0001197545266791058
2.82437,0.002936198806881245,9.334679336444376e-05
2.82701,0.002766025388457272,8.82576488150725e-05
2.82966,0.002737386168146505,8.810087182094283e-05
2.8323,0.002977160377358489,9.41948676117356e-05
2.83494,0.003476727178135405,0.0001095286966110009
2.83759,0.001318718091009989,4.299628763532628e-05
2.84023,0.002901397266925637,9.241601966408648e-05
2.84288,0.003896119728079909,0.0001226832006450545
2.84552,0.002842553066037735,8.946724697465429e-05
2.84816,0.004655996462264151,0.0001446901227384309
2.85081,0.003308705535516094,0.0001046263561388782
2.85345,0.003746633115982245,0.000117249341165332
2.85609,0.003980792105993342,0.0001239169622108273
2.85874,0.003156300291342954,9.983147515998131e-05
2.86138,0.004192613831853497,0.0001310256704669294
2.86402,0.002579997502774694,8.28437163113939e-05
2.86667,0.00248570622918979,7.99114339637859e-05
2.86931,0.003819198321309656,0.0001194126790708491
2.87196,0.004394390885127634,0.0001351604353470135
2.8746,0.002669907394561601,8.617090638703366e-05
2.87724,0.002938968645948946,9.373771893892776e-05
2.87989,0.002714465177580465,8.698859419173809e-05
2.88253,0.003000914608768039,9.549804446925694e-05
2.88517,0.001839292175360711,6.030661344730077e-05
2.88782,0.002383835668701443,7.720143750962141e-05
2.89046,0.003206823529411762,0.0001005633884293224
2.89311,0.003293817078246392,0.0001047944881026461
2.89575,0.003268918285238626,0.0001037468833112555
2.89839,0.002655785793562707,8.432379939020874e-05
2.90104,0.002341539539400668,7.570127007206458e-05
2.90368,0.0046066589900111,0.0001408720482521622
2.90632,0.003499133115982243,0.0001101427412565861
2.90897,0.002934145463374029,9.394540631627356e-05
2.91161,0.002330698251942287,7.508009660176456e-05
2.91426,0.002655009780799111,8.447313873197858e-05
2.9169,0.003678444714206439,0.0001161117399918714
2.91954,0.001902407880133186,6.199412926429376e-05
2.92219,0.002728637139289679,8.600070019165343e-05
2.92483,0.003982582200332963,0.0001240936243877558
2.92747,0.00215214893174251,6.92642416127953e-05
2.93012,0.003875274972253051,0.0001220817795886791
2.93276,0.001196595657602663,3.935314526352646e-05
2.93541,0.003460836084905659,0.0001079244775728606
2.93805,0.003096078038290788,9.768724158793633e-05
2.94069,0.002975024625416205,9.396454619776597e-05
2.94334,0.003305564858490568,0.0001050489382223698
2.94598,0.002939183823529414,9.222042520939861e-05
2.94862,0.003513208934517203,0.0001108469767871816
2.95127,0.002138473709766926,6.92684312431362e-05
2.95391,0.0036577807991121,0.0001143536379774249
2.95655,0.004083008324084353,0.0001264749057929471
2.9592,0.002796001456714762,8.781355067077155e-05
2.96184,0.003066282810765812,9.745611067300801e-05
2.96449,0.003191610016648169,0.0001019088541496831
2.96713,0.002903194228634849,9.217733503014608e-05
2.96977,0.002920502289123195,9.309222780273385e-05
2.97242,0.00307926900665927,9.736130240694971e-05
2.97506,0.003891445338512767,0.0001225726369517315
2.9777,0.002367074708657047,7.59685018912291e-05
2.98035,0.003068782533296335,9.693577497046087e-05
2.98299,0.004110443465593788,0.000128396251329502
2.98564,0.003179106825749169,0.0001001307434163822
2.98828,0.003088008879023308,9.794688694084693e-05
2.99092,0.002394285516093227,7.640663190027974e-05
2.99357,0.002597639775249722,8.313644573136628e-05
2.99621,0.002930130341287457,9.355664358853211e-05
2.99885,0.003204136098779134,0.0001012644237986533
3.0015,0.003121670435627082,9.877914331134264e-05
3.00414,0.003777625554938956,0.0001182893026471347
3.00679,0.003298029064927857,0.0001038021611282828
3.00943,0.002547610987791344,8.181708479355738e-05
3.01207,0.003925358698668147,0.0001213682868993021
3.01472,0.002537257283573805,8.156468464375077e-05
3.01736,0.001953899417314094,6.343291735073849e-05
3.02,0.005180931326304109,0.0001575792344077869
3.02265,0.003379501248612653,0.0001061990915239104
3.02529,0.002533175776914538,8.068289514790934e-05
3.02794,0.003822883809655935,0.0001195132263114411
3.03058,0.0004594087125416183,1.526181661538255e-05
3.03322,0.003296444991675913,0.0001041335733479364
3.03587,0.004100176748057712,0.0001271517254381277
3.03851,0.002299856895116538,7.306824748080115e-05
3.04115,0.001204156631520532,3.947345324413565e-05
3.0438,0.002208610155382911,7.073094147418469e-05
3.04644,0.004293854883462822,0.0001315648493133355
3.04908,0.002495510543840178,7.994081139028005e-05
3.05173,0.00237862333518313,7.587727287056887e-05
3.05437,0.0034804035099889,0.0001089219296697806
3.05702,0.002644720172031078,8.362235344973132e-05
3.05966,0.002921965038845723,9.098464930007452e-05
3.0623,0.00326966911764706,0.0001025656843306759
3.06495,0.00282850013873474,8.892906879778828e-05
3.06759,0.003152184447835738,9.861493309754848e-05
3.07023,0.004537985294117648,0.0001387146382612288
3.07288,0.003476479952830188,0.0001084511084700572
3.07552,0.002406211847946725,7.697046894201779e-05
3.07817,0.002959325818534961,9.362527756889091e-05
3.08081,0.004043518659822417,0.0001240988174104993
3.08345,0.002408267480577138,7.65851505072688e-05
3.0861,0.00324402407047725,0.0001011703211170943
3.08874,0.002222956090455048,7.078140343982014e-05
3.09138,0.003139566800776918,9.840894368507062e-05
3.09403,0.003031964275804662,9.520284640851892e-05
3.09667,0.002901475097114316,9.204296842658798e-05
3.09932,0.003798731270810209,0.0001165834787101987
3.10196,0.0032655830327414,0.0001019425695992172
3.1046,0.002810608351831298,8.834783972539916e-05
3.10725,0.003969151914539404,0.0001222390830777644
3.10989,0.002998050915649282,9.449201732681621e-05
3.11253,0.003092127011653721,9.669737325098616e-05
3.11518,0.002420821032186458,7.695047171286015e-05
3.11782,0.001919603773584904,6.135105156859236e-05
3.12047,0.002629225097114319,8.289394086704883e-05
3.12311,0.00261026657880133,8.282737024844074e-05
3.12575,0.002128332894006659,6.764671975743153e-05
3.1284,0.002600011306881247,8.249460122201862e-05
3.13104,0.001913116398446171,6.141362212803441e-05
3.13368,0.003540634919533854,0.0001110393863099445
3.13633,0.003264056187569366,0.0001016333217113916
3.13897,0.004599807644284129,0.0001396203031911112
3.14161,0.002437662111542729,7.79002814249109e-05
3.14426,0.00210083594617092,6.77807105734923e-05
3.1469,0.004325618756936736,0.0001326350903398858
3.14955,0.001780457130965596,5.734003326445835e-05
3.15219,0.002576529481132075,8.137187602986866e-05
3.15483,0.00210353711154273,6.706775549066052e-05
3.15748,0.003453000416204218,0.0001075019289512859
3.16012,0.001657148931742506,5.349553952030742e-05
3.16276,0.004088614386792452,0.000126304247747564
3.16541,0.0039960285099889,0.0001237596774247672
3.16805,0.002126703038290789,6.788979024468558e-05
3.1707,0.003771893590455048,0.0001168964410728796
3.17334,0.002695085460599336,8.470275642799212e-05
3.17598,0.001911699431187573,6.1504388111606e-05
3.17863,0.002240616675915649,7.128317305850241e-05
3.18127,0.00251463387902331,7.959088625193699e-05
3.18391,0.003466412389012206,0.0001076857983943854
3.18656,0.003237699223085461,0.0001007447155939431
3.1892,0.003670075679800222,0.0001144953642955842
3.19185,0.003493435488346284,0.0001084422105408562
3.19449,0.002341599056603772,7.439799910241698e-05
3.19713,0.002789511792452832,8.801396058395629e-05
3.19978,0.00353476560765816,0.000109172201407614
3.20242,0.00311131902053274,9.705856589239255e-05
3.20506,0.003971237305771365,0.0001215257237434846
3.20771,0.003608099958379581,0.0001111167818036223
3.21035,0.002643220796337403,8.302374928089678e-05
3.213,0.002187950818534961,6.930224083975569e-05
3.21564,0.001696096073806881,5.361814750636739e-05
3.21828,0.003534330674250834,0.0001087778349964758
3.22093,0.004864542452830187,0.0001461664328907664
3.22357,0.001554664886237515,4.992375548571894e-05
3.22621,0.003527515954495005,0.0001082658992192894
3.22886,0.002556460738068813,7.98821664356917e-05
3.2315,0.002241820754716984,7.27192487061753e-05
3.23414,0.005073058684794676,0.000158687551754541
3.23679,0.003236298279689236,0.000105482624341529
3.23943,0.003128775874028856,0.0001031022164249478
3.24208,0.002995784683684794,0.0001005756295986061
3.24472,0.003807038498890122,0.0001272299258115714
3.24736,0.003230177164261931,0.0001086608657221377
3.25001,0.002835836778579357,9.765484934436605e-05
3.25265,0.002799599958379575,9.781906238357222e-05
3.25529,0.003140493895671476,0.0001101605539331453
3.25794,0.002520622225305215,8.87764083328395e-05
3.26058,0.002274440760266369,8.106193545922391e-05
3.26323,0.003595926401220866,0.0001252585825428412
3.26587,0.003572179037180911,0.0001257701800628751
3.26851,0.003059392549944506,0.0001100579956111012
3.27116,0.003242572766370701,0.0001156950460484129
3.2738,0.001820809794672585,6.710315603201173e-05
3.27644,0.004747295851831299,0.0001670370174240558
3.27909,0.002783761514983349,0.0001023765757661335
3.28173,0.003035565066592676,0.0001102784463839314
3.28438,0.00381458115982242,0.0001394226708914702
3.28702,0.00370562805216426,0.0001309937198211693
3.28966,0.004115772544395114,0.0001429137365895305
3.29231,0.003572130965593788,0.000123382434898667
3.29495,0.002230022613762488,7.839828394211519e-05
3.29759,0.002409718784683686,8.400946054318524e-05
3.30024,0.003074010890677027,0.0001051052332023732
3.30288,0.001432780521642622,5.059065643207452e-05
3.30553,0.002241651359600442,7.744916975020038e-05
3.30817,0.003263515954495002,0.0001102209702791933
3.31081,0.002135317008879022,7.391073480844145e-05
3.31346,0.003077632283573808,0.0001046314268091079
3.3161,0.003821693465593785,0.0001269715994025209
3.31874,0.003977234808546061,0.000132413019887142
3.32139,0.002654410030521645,8.998319718196983e-05
3.32403,0.001943374028856824,6.715361441219682e-05
3.32667,0.0024012650527192,8.126349843750808e-05
3.32932,0.003241821933962267,0.0001081003557276285
3.33196,0.003372082200332963,0.0001129122168772972
3.33461,0.003053239386792453,0.000102610822667715
3.33725,0.004529071448390677,0.0001474175410172933
3.33989,0.003241677719200891,0.000107967220528672
3.34254,0.003771488415649278,0.0001228766926986544
3.34518,0.002518527677580467,8.481326235635709e-05
3.34782,0.002238334420088791,7.543452285565192e-05
3.35047,0.002463435349611545,8.224824669962746e-05
3.35311,0.002684944644839069,8.929023559206495e-05
3.35576,0.00297948612652608,9.891765368902015e-05
3.3584,0.003784911834073254,0.0001231263716367245
3.36104,0.001862938817980023,6.281910658798096e-05
3.36369,0.003977060835183129,0.0001297567091901788
3.36633,0.003307357241953386,0.0001083521366267137
3.36897,0.00353786508046615,0.000115874662451386
3.37162,0.001716597461154273,5.744343053634711e-05
3.37426,0.00466984794672586,0.0001496806762147706
3.37691,0.002199478842952275,7.395493304588137e-05
3.37955,0.003078959975027749,0.0001008184608190534
3.38219,0.00286354203662597,9.406440961052678e-05
3.38484,0.002927344478357378,9.613486662558377e-05
3.38748,0.004080787874583795,0.0001314230703909326
3.39012,0.003126312777469479,0.000103233451383042
3.39277,0.002536295851831297,8.403030697930647e-05
3.39541,0.003191632907880134,0.0001039983003312101
3.39806,0.003159372294672585,0.000103931840045973
3.4007,0.003186944783573806,0.0001045870784292865
3.40334,0.002837883254716982,9.377905640208774e-05
3.40599,0.004311568118756937,0.0001382656012760207
3.40863,0.003371141370699223,0.0001091901927465297
3.41127,0.003815018382352943,0.0001232501841020982
3.41392,0.00226090746392897,7.519042248139418e-05
3.41656,0.001588358490566037,5.361817577630306e-05
3.41921,0.00232965212264151,7.74685815322908e-05
3.42185,0.001967808129855716,6.561529871437473e-05
3.42449,0.001621294395116538,5.48795618428311e-05
3.42714,0.00292273647336293,9.517021662577648e-05
3.42978,0.001107795990566038,3.773942017441042e-05
3.43242,0.001988696379023308,6.666605963171243e-05
3.43507,0.002239087541620421,7.461850248874089e-05
3.43771,0.002422844617092119,8.034019760473613e-05
3.44035,0.002539706645394008,8.353771970504328e-05
3.443,0.002301118201997784,7.64016226218102e-05
3.44564,0.003229879578246395,0.0001053347119137538
3.44829,0.003602024625416206,0.0001152975412957239
3.45093,0.003779129508879022,0.000121234317360734
3.45357,0.002771338443396224,9.052642734944861e-05
3.45622,0.002303393590455051,7.603250131431751e-05
3.45886,0.003246581021087683,0.0001057315586139187
3.4615,0.003406036764705884,0.0001089770452112749
3.46415,0.001382039816870145,4.628668416617653e-05
3.46679,0.002258725929522752,7.437811902918065e-05
3.46944,0.002440152677580464,8.023997809663697e-05
3.47208,0.003420591009988899,0.0001101096603142577
3.47472,0.003204030799112096,0.0001035410315566858
3.47737,0.00334718569644839,0.0001072960188552162
3.48001,0.0006099322974472816,2.058038432847326e-05
3.48265,0.003199667730299668,0.0001023471941862472
3.4853,0.003009111958934517,9.685214404007704e-05
3.48794,0.004189237375138734,0.0001327504624665862
3.49059,0.00232302511098779,7.626658952549257e-05
3.49323,0.002295054314650389,7.434658467785787e-05
3.49587,0.002272229467258599,7.343268881892189e-05
3.49852,0.001912113762486127,6.313582230053735e-05
3.50116,0.003135416620421756,0.0001010662224875127
3.5038,0.001906622155937848,6.278124980528981e-05
3.50645,0.002885936528856823,9.301469456107504e-05
3.50909,0.002136880480022198,6.99649780424137e-05
3.51174,0.002259112791342955,7.357356485542182e-05
3.51438,0.003222007283573808,0.0001038702934891932
3.51702,0.002316878815205328,7.525193663618237e-05
3.51967,0.003184275665926749,0.00010251875030943
3.52231,0.002753565690899001,8.89410028063485e-05
3.52495,0.003002574223085461,9.729729216406203e-05
3.5276,0.003138124653163153,0.0001001853111552153
3.53024,0.0009663648029966678,3.226525441259399e-05
3.53288,0.0028527602663707,9.190136116137307e-05
3.53553,0.003506128676470586,0.0001121214633725249
3.53817,0.002911153509988901,9.415397628771004e-05
3.54082,0.002458149764150943,7.960973938273233e-05
3.54346,0.002023639844617091,6.632875344808783e-05
3.5461,0.002593562846836849,8.485116407565443e-05
3.54875,0.001502903232519421,4.984000571719544e-05
3.55139,0.002129804800221976,6.954213124282034e-05
3.55403,0.003874336431742508,0.0001227766966658329
3.55668,0.002107105854605995,6.857777628289417e-05
3.55932,0.002884256312430633,9.313936896338325e-05
3.56197,0.002657466009988901,8.582073975414356e-05
3.56461,0.002842749930632632,9.131636068331652e-05
3.56725,0.003064989456159826,9.865268988277005e-05
3.5699,0.002940781631520532,9.502896973248626e-05
3.57254,0.001508401706437294,4.954612217303271e-05
3.57518,0.002671141231964484,8.607086547212795e-05
3.57783,0.001917500069367368,6.311067192789195e-05
3.58047,0.003561843645948947,0.0001134394742607305
3.58312,0.003516894422863486,0.000111941480134116
3.58576,0.002400729397891235,7.779185663721483e-05
3.5884,0.002228301193118757,7.274331102903837e-05
3.59105,0.002217542314095449,7.232514577481657e-05
3.59369,0.003317429384017758,0.000105915060094625
3.59633,0.003186276359600445,0.0001014878225521408
3.59898,0.001886766301331853,6.172179746492146e-05
3.60162,0.002311748890122086,7.565402972960829e-05
3.60427,0.002001819922308547,6.591675724613843e-05
3.60691,0.003057247641509434,9.776779511792807e-05
3.60955,0.0009325338512763601,3.122585881216978e-05
3.6122,0.003676881243063263,0.0001168162742788705
3.61484,0.003954432852386236,0.0001255873347996617
3.61748,0.002951618340732519,9.443890186970043e-05
3.62013,0.001721189442286352,5.657210219147995e-05
3.62277,0.004165652538845727,0.0001308903342074536
3.62541,0.003461971490011099,0.0001098105763614812
3.62806,0.003678678204772474,0.0001172355443312099
3.6307,0.001374501734184237,4.563920030657658e-05
3.63335,0.003562093160377357,0.0001137551639082917
3.63599,0.001600076512208657,5.291752864642208e-05
3.63863,0.003035590246947838,9.740361716635307e-05
3.64128,0.003388783643174252,0.0001080768949354238
3.64392,0.00265857623473918,8.597745893815416e-05
3.64656,0.00339096975582686,0.0001078884392796201
3.64921,0.002395670435627081,7.834492212164333e-05
3.65185,0.002642451650943398,8.555296952545774e-05
3.6545,0.002181433684794673,7.103182285760969e-05
3.65714,0.002531484114872364,8.194464048049156e-05
3.65978,0.002380905591009987,7.75081285527607e-05
3.66243,0.002087437708102105,6.827679578172008e-05
3.66507,0.003054605993340732,9.79448949252371e-05
3.66771,0.002241433892896781,7.303603474385362e-05
3.67036,0.001316316800776917,4.356947802631471e-05
3.673,0.002598026637069921,8.389513432814944e-05
3.67565,0.004241523238068809,0.0001321067985665909
3.67829,0.002760053066037737,8.851301874271829e-05
3.68093,0.002276061459489456,7.433159638098501e-05
3.68358,0.003047603565482798,9.660939261768268e-05
3.68622,0.00362176373473918,0.000114872904910404
3.68886,0.003188842466703665,0.0001007798454656064
3.69151,0.001187880965593787,3.935203058220871e-05
3.69415,0.004001625416204216,0.0001246038904182785
3.6968,0.003690570199778027,0.0001149857748948152
3.69944,0.00282308636237514,9.061430925384925e-05
3.70208,0.001419588304661488,4.633994919532075e-05
3.70473,0.003571950124861265,0.0001122450853922333
3.70737,0.002973619103773582,9.362741864714908e-05
3.71001,0.001180477941176472,3.856958285534993e-05
3.71266,0.002447823529411764,7.822037312323758e-05
3.7153,0.002868218715316317,9.174964054016422e-05
3.71794,0.00264942432019978,8.460905186591054e-05
3.72059,0.00217346753607103,7.014936254309767e-05
3.72323,0.003225319644839065,0.0001014784578276756
3.72588,0.002066695962819091,6.690572484639597e-05
3.72852,0.00270544374306326,8.603895165311542e-05
3.73116,0.002429190066592675,7.736253217335203e-05
3.73381,0.002787685072142065,8.893448451307724e-05
3.73645,0.001870552441731408,6.021938332920242e-05
3.73909,0.002137081922863486,6.924662292772705e-05
3.74174,0.002033295366259712,6.516806647085879e-05
3.74438,0.003983362791342953,0.0001236458083977802
3.74703,0.002592631173695892,8.330451927738781e-05
3.74967,0.002725675013873475,8.722805164639904e-05
3.75231,0.002471543423973364,7.819374102263056e-05
3.75496,0.003354568118756937,0.000105386568914979
3.7576,0.001834526220865704,5.915327171897638e-05
3.76024,0.002603591495560488,8.328726830515799e-05
3.76289,0.001674189164816871,5.426589288212172e-05
3.76553,0.003357093021642618,0.000105606757230343
3.76818,0.00182082124028857,5.904260481723457e-05
3.77082,0.002708147197558271,8.570566821172383e-05
3.77346,0.003114244519977802,9.841885404880676e-05
3.77611,0.002786114733629298,8.850840574871893e-05
3.77875,0.00372737014428413,0.0001161401453259908
3.78139,0.003174558337957823,0.0001002913450361349
3.78404,0.003199047377913429,0.0001008511868530759
3.78668,0.002245780937846839,7.19539343582743e-05
3.78933,0.00369411147336293,0.000115062308498628
3.79197,0.002683021781354052,8.830480465715293e-05
3.79461,0.003647784198113209,0.0001196502300843471
3.79726,0.003505064234184238,0.0001158848729597886
3.7999,0.003001592189234184,0.0001022595790558318
3.80254,0.002018686182019975,7.062566507157909e-05
3.80519,0.002273030660377357,8.003663094190743e-05
3.80783,0.002711553412874585,9.513027298196716e-05
3.81047,0.002867371739733629,0.0001014852513870456
3.81312,0.002881800083240843,0.0001041066468747758
3.81576,0.003246590177580466,0.0001158055791775437
3.81841,0.003674985849056605,0.0001298753338322071
3.82105,0.003363960391231967,0.0001221028383100223
3.82369,0.003123547516648173,0.0001135685499814113
3.82634,0.003071373820754718,0.000112399638827955
3.82898,0.004226611889567146,0.0001523974282993464
3.83162,0.002791842119866817,0.0001041161232845887
3.83427,0.0007603231132075446,2.980780269849775e-05
3.83691,0.002771070615982243,0.0001054538887125776
3.83956,0.00226944360432852,8.73155732144329e-05
3.8422,0.001333121254162041,5.255413001400619e-05
3.84484,0.002371485849056603,9.196141944099423e-05
3.84749,0.003143025665926748,0.0001171062364011038
3.85013,0.00279051213928968,0.0001021492518959318
3.85277,0.002394580812985571,8.673899450635952e-05
3.85542,0.002619519214761377,9.488534381383122e-05
3.85806,0.001941373335183132,7.053406546109139e-05
3.86071,0.001704989317425079,6.180970526800072e-05
3.86335,0.002452165996115428,8.689542445022818e-05
3.86599,0.0009977738623751392,3.62111411571631e-05
3.86864,0.001281895255271922,4.604940288520243e-05
3.87128,0.004141387832963373,0.0001414238153118071
3.87392,0.001731959766925637,6.154678205113334e-05
3.87657,0.002313692355715872,8.130883806474701e-05
3.87921,0.001587834281354051,5.661464678703179e-05
3.88186,0.002338891023862375,8.191702645849598e-05
3.8845,0.002899881867369588,0.0001004983198662697
3.88714,0.003043222183684798,0.0001040735276557874
3.88979,0.002201030868479467,7.729150792545373e-05
3.89243,0.003435674042730297,0.0001171314497084981
3.89507,0.001723437361265259,5.995437680361812e-05
3.89772,0.004043395047169813,0.0001342171843674363
3.90036,0.002742472599889012,9.296223405631664e-05
3.903,0.003175114594894562,0.0001065269187946234
3.90565,0.002511058268590458,8.532301003587736e-05
3.90829,0.001190703454495004,4.142015375827757e-05
3.91094,0.003022235502219756,0.0001017581341563139
3.91358,0.001147420713096559,3.986346840491716e-05
3.91622,0.002183262694228633,7.379411702497575e-05
3.91887,0.002783367785793562,9.39291359425306e-05
3.92151,0.001782258670921197,6.066735239213299e-05
3.92415,0.00297423258879023,9.882196312945083e-05
3.9268,0.002627263318534958,8.823760899485111e-05
3.92944,0.001825534544950056,6.170570403372132e-05
3.93209,0.003104547794117648,0.0001025671793652848
3.93473,0.003358020116537181,0.0001094290159276599
3.93737,0.002720849542175361,9.001181367208894e-05
3.94002,0.002633029619866812,8.747962988583569e-05
3.94266,0.001875801401220867,6.334270591252631e-05
3.9453,0.003073118132630413,0.0001011996720431078
3.94795,0.002152016162597113,7.199984468121446e-05
3.95059,0.001678625485571588,5.697923101944392e-05
3.95324,0.002667338998335183,8.893399916640834e-05
3.95588,0.001961258948390675,6.61067613636904e-05
3.95852,0.004038020185904552,0.0001308801724121468
3.96117,0.002756452275249723,9.171993822233502e-05
3.96381,0.001794931256936736,6.051033345184552e-05
3.96645,0.003296934864039956,0.0001077136209954369
3.9691,0.00291349299389567,9.605160572648466e-05
3.97174,0.003524318049389569,0.0001155466867560595
3.97439,0.00231681929800222,7.786231266802055e-05
3.97703,0.002727751248612652,8.945383122653468e-05
3.97967,0.004343018382352942,0.0001391169779105971
3.98232,0.001682427719200885,5.663663863127258e-05
3.98496,0.002168587125416207,7.25141092005448e-05
3.9876,0.002874362721975583,9.458625661725906e-05
3.99025,0.002866318743063266,9.440643318545396e-05
3.99289,0.00257605563263041,8.604709234498951e-05
