0.0431807,69.39950612513874,0.4883504449735396
0.0458244,60.58562068534962,0.4408651200185326
0.0484682,52.41228250554939,0.4022584819272753
0.0511119,46.22131219478357,0.3934199765321679
0.0537556,40.8564482172586,0.3472087794297138
0.0563993,35.94852275943396,0.3355605778452971
0.059043,32.14068979744729,0.2963677325617438
0.0616867,28.56411122572142,0.2882327829144531
0.0643304,25.87628114109323,0.2688721773644244
0.0669742,23.57417960044395,0.2457325806064095
0.0696179,21.21976944298003,0.2373563021849037
0.0722616,19.29320215663152,0.2125984003429415
0.07490529999999999,17.51812368687569,0.2016492411342904
0.07754900000000001,15.98507164886238,0.1904435143722739
0.08019270000000001,14.57544851553829,0.1743143216099187
0.08283649999999999,13.4769268618202,0.1702966222382518
0.08548020000000001,12.32332400527192,0.1549009868655386
0.08812390000000001,11.38266733768036,0.1555759212673935
0.0907676,10.40187803690344,0.1461911957086172
0.0934113,9.693312708795782,0.1392416852996111
0.096055,8.87803019700333,0.1343932305846809
0.0986987,8.281629318812431,0.1249331679851867
0.101342,7.681253973362931,0.1202704260392149
0.103986,7.122794991675916,0.1094370888880995
0.10663,6.661463667452831,0.1067157069644173
0.109274,6.147589938263042,0.1014214030555123
0.111917,5.770700110987792,0.09461320949610941
0.114561,5.393922794117647,0.08925122394598618
0.117205,5.06374605091565,0.08501509081028524
0.119848,4.665742289816871,0.07921728887788991
0.122492,4.365663991398447,0.07349391165502604
0.125136,4.124693852663707,0.07128572992761835
0.12778,3.881906218784684,0.06737434106831884
0.130423,3.63532777400111,0.06413967821377066
0.133067,3.368557980715871,0.06040803460851993
0.135711,3.218694945199778,0.05626697879420795
0.138354,2.993297688679246,0.05366917227258233
0.140998,2.824068854051054,0.05068025778321041
0.143642,2.695199710738069,0.04862400288762903
0.146286,2.492027574223086,0.04460746015230682
0.148929,2.327818626526082,0.04177533542295368
0.151573,2.226226171614873,0.0411675175581358
0.154217,2.10080307436182,0.0382501889564534
0.15686,2.002350838651498,0.03692712186750374
0.159504,1.8597874736404,0.03422393753899387
0.162148,1.783571940899001,0.03297378097019427
0.164792,1.674330518174251,0.03170830659219045
0.167435,1.59550256936737,0.0296493661516913
0.170079,1.519856707824639,0.02854746782714451
0.172723,1.441850806048835,0.02702484690422904
0.175366,1.366216413013318,0.02595829563813425
0.17801,1.295881477524972,0.02455924812570174
0.180654,1.240155337125416,0.02345944109498109
0.183298,1.192980697142064,0.02285456818669335
0.185941,1.125111856964484,0.02148366226154894
0.188585,1.057099145394007,0.02033766970995178
0.191229,1.020257424389567,0.01975823121395353
0.193872,0.9746482928690344,0.01881382238145329
0.196516,0.9240362597114317,0.01805654956743568
0.19916,0.8736945033296338,0.01712269874593262
0.201804,0.8388423966426194,0.01683093932316873
0.204447,0.8036184218923419,0.01591048465280028
0.207091,0.7763402455604883,0.0152838239159356
0.209735,0.7492336847946726,0.01482091643286313
0.212378,0.6980034281354051,0.01397918959093275
0.215022,0.6776543590455051,0.01355369696583754
0.217666,0.65237644145394,0.01321053109450613
0.22031,0.6229562638734739,0.01282137493166677
0.222953,0.600174589345172,0.01220810135329352
0.225597,0.5915670283018869,0.0119080248172028
0.228241,0.5665710620144284,0.01161808356591406
0.230885,0.5510773834628191,0.01129970772815707
0.233528,0.5186430715871254,0.01081511433861738
0.236172,0.4937156874306327,0.01033154606522357
0.238816,0.4864566030799113,0.01015273048575061
0.241459,0.4585717175360711,0.009617648746476998
0.244103,0.4390269089900111,0.009160236816841652
0.246747,0.4271748362930078,0.009048056800064942
0.249391,0.4237754883462819,0.009000038164203302
0.252034,0.3979943756936737,0.008593941168130269
0.254678,0.3809898071587126,0.008178701843849478
0.257322,0.3699200194228635,0.007985183780005005
0.259965,0.3544614789123197,0.007694670438294583
0.262609,0.3479892348779134,0.007569784687570051
0.265253,0.3336444672586016,0.007402185883628899
0.267897,0.3212823092397336,0.007072084441680435
0.27054,0.3096562416759156,0.006860976690050207
0.273184,0.3096108483629301,0.006769870185779313
0.275828,0.2979486584350721,0.006567806197509109
0.278471,0.2821187076859046,0.006379273428009276
0.281115,0.2824325922586016,0.00635694018248447
0.283759,0.2715966842397337,0.006174273012441911
0.286403,0.2647064692008879,0.005913832438160716
0.289046,0.2546963852663707,0.005807750491107006
0.29169,0.2459122412597115,0.005616433213094576
0.294334,0.2392395844894561,0.005539767354517501
0.296977,0.2420304605993341,0.00556607237994948
0.299621,0.2246056319367369,0.005203939504837609
0.302265,0.2164223369866815,0.005071292169572847
0.304909,0.2200707415371809,0.005095701494400771
0.307552,0.2149451886792453,0.005044860276694743
0.310196,0.2018414920921199,0.004778049892908645
0.31284,0.202005759572697,0.00474823299363836
0.315483,0.1959116786903441,0.004648414769931017
0.318127,0.1896565969062154,0.004505847464483591
0.320771,0.1906911180632631,0.004504590034165033
0.323415,0.1763318236681465,0.004270211251876216
0.326058,0.1731901394284129,0.004179587801237081
0.328702,0.1719832450055494,0.004213734095328553
0.331346,0.1723604261237514,0.004154015539627198
0.333989,0.1674790242785794,0.004046367357642734
0.336633,0.1634997773307436,0.003936884131432731
0.339277,0.1570431908990011,0.003820064860811425
0.341921,0.1504933226970033,0.003754504552977084
0.344564,0.1537321870837958,0.003767022516535747
0.347208,0.1516313602941177,0.003735526604938479
0.349852,0.1417842390399556,0.003530602088629578
0.352495,0.1390273129162042,0.003486792274537336
0.355139,0.1419482776082131,0.003522121470061302
0.357783,0.1339542038706992,0.003388077204950556
0.360427,0.1348444255688124,0.003389022656438166
0.36307,0.129359359045505,0.003256784575418108
0.365714,0.1250960616675916,0.003194505049567232
0.368358,0.1259866770948946,0.003163947374008407
0.371001,0.1250223450332963,0.00316857961278199
0.373645,0.1233185460599334,0.003139982482079771
0.376289,0.1191371832685905,0.003033229010306866
0.378933,0.1169567224611543,0.003010525945346893
0.381576,0.1149247204495006,0.002914838456147923
0.38422,0.1123922451442841,0.002899884789459009
0.386864,0.1138801019700333,0.002900346747706643
0.389507,0.1107996151498335,0.002861282978262096
0.392151,0.105098975027747,0.002773717178031488
0.394795,0.1033296476137625,0.002688335318783818
0.397439,0.11015790295505,0.002816869141939168
0.400082,0.1017464442286349,0.00264451008867581
0.402726,0.1040516141786904,0.002697287229536429
0.40537,0.1050403963651498,0.002708427321406029
0.408013,0.09545208795782463,0.002500093080674557
0.410657,0.09694535169256382,0.002557753399729915
0.413301,0.09591212617924527,0.002509035339596403
0.415945,0.08844982720588235,0.002389119416157118
0.418588,0.09554596718923418,0.002519144047841856
0.421232,0.0845626350582686,0.002304407018377132
0.423876,0.08875916786903441,0.002419743973828924
0.426519,0.08770923862375139,0.002407496293888814
0.429163,0.08427646947835737,0.002412374072196904
0.431807,0.08579642210044394,0.002484200421135408
0.434451,0.08770581180632629,0.002563240843824434
0.437094,0.08694452268312985,0.002608639901536528
0.439738,0.08562531014150943,0.002584960234013376
0.442382,0.0777942769145394,0.002469310130327723
0.445025,0.08189327476415093,0.002552983262839906
0.447669,0.07484710176193118,0.002418916949905882
0.450313,0.07745358670921199,0.002513425196981345
0.452957,0.07250987950887904,0.002367762978996631
0.4556,0.08296923591842398,0.002584448723029177
0.458244,0.07772688054938959,0.002432302440598895
0.460888,0.07334914990288569,0.002351712217725857
0.463531,0.07611864789123197,0.002438926016390426
0.466175,0.06861390399556049,0.002240633919893667
0.468819,0.06999323120144284,0.002322784224378759
0.471463,0.07566722592952276,0.002382454297630155
0.474106,0.07204206055771364,0.002356455427434946
0.47675,0.0704411416481687,0.002314572926131767
0.479394,0.06773855473085462,0.00226231268031802
0.482037,0.06706149389567148,0.002273888359432691
0.484681,0.06480654959766925,0.002107327963286805
0.487325,0.07084560911487237,0.002244679968479216
0.489969,0.06555434662874585,0.002073381721275843
0.492612,0.06033704571309657,0.001959734497949631
0.495256,0.06675855819922309,0.002061314269644407
0.4979,0.0625821834073252,0.001948743784379976
0.500543,0.06234632817702553,0.001930215506073593
0.5031870000000001,0.05873326997780244,0.001835968918966243
0.505831,0.06204069360432853,0.00190951646824806
0.508475,0.05998780105438403,0.001855790564392295
0.511118,0.0625178567563818,0.001881912905199695
0.5137620000000001,0.05695437631798003,0.001766060692842637
0.516406,0.06177344533851276,0.00184885173923574
0.519049,0.0561745750554939,0.001740151118638654
0.521693,0.0591563663290788,0.001777342464984575
0.5243370000000001,0.05727653607103218,0.001737820407668786
0.526981,0.05829647551331853,0.001760776217275544
0.529624,0.05710370726970034,0.001710747686439701
0.532268,0.05593588589067704,0.001692882275030977
0.5349120000000001,0.05357747093507215,0.00162454480577368
0.537555,0.05198865233074362,0.001589858620362835
0.540199,0.05432488568257492,0.00164580624382194
0.542843,0.05223179612930078,0.001591185844291124
0.5454870000000001,0.0486802855854606,0.001509088392285652
0.54813,0.05435431693951166,0.001596134184505478
0.550774,0.05452809343784685,0.001620678399532363
0.553418,0.05210110779689235,0.001553559540615946
0.556061,0.0525606813263041,0.001564207994625413
0.558705,0.05348657214206437,0.001592143017964371
0.561349,0.05071679945893452,0.001495875013007353
0.563993,0.05064985405105438,0.00150870508774979
0.566636,0.04754201678690344,0.001430919534161383
0.56928,0.05165790378745839,0.00152792324497611
0.571924,0.0489354564372919,0.001462396390112276
0.574567,0.04789311105715872,0.001434748432497518
0.577211,0.04751625499445062,0.001422573709392188
0.579855,0.0504208410099889,0.001466111230408695
0.582499,0.04898934468645949,0.001450489723132282
0.5851420000000001,0.04939085460599334,0.001446192610145545
0.587786,0.0473140796337403,0.001416602686123537
0.59043,0.0462584596281909,0.001381665984352326
0.593073,0.04584574445061044,0.00135073155857714
0.5957170000000001,0.04591068458657048,0.001357805640962199
0.598361,0.04798997072697004,0.001404022052487449
0.601005,0.04577496933962264,0.001346804214130847
0.603648,0.045475934309101,0.001334087397002698
0.6062920000000001,0.0435639327136515,0.001291731011024487
0.608936,0.04532178246392897,0.001327057885224704
0.611579,0.04600201144561598,0.001328264337483053
0.614223,0.04458835425915649,0.001299029450428243
0.6168670000000001,0.04779097724750277,0.001362344388657427
0.619511,0.04402997988346283,0.001276532668051399
0.622154,0.04535271309655939,0.001307335153441462
0.624798,0.04409545796337403,0.00127097731432661
0.6274420000000001,0.04318751845172032,0.001245838343033702
0.630085,0.04398807519422864,0.001270909155244486
0.632729,0.04211119332685905,0.001222430027519134
0.635373,0.03982187555493896,0.00117304666596687
0.6380169999999999,0.0393293592536071,0.001152678542515811
0.64066,0.04115417730299668,0.001199500653970547
0.643304,0.04280694485294118,0.001233696271127219
0.645948,0.04283611057158713,0.001227348784571213
0.6485919999999999,0.04099067210044394,0.001185616996699944
0.651235,0.04120570546614873,0.001199450231253024
0.653879,0.03913824951442842,0.001151687575926207
0.656523,0.04098654481132075,0.001183354509367539
0.659166,0.04154714879300777,0.001196531123170887
0.66181,0.03855640704772476,0.001117777110591874
0.664454,0.04214188360155383,0.001205082454982691
0.667098,0.03831258337957825,0.001128491552435234
0.669741,0.04098006659267481,0.001181718794583781
0.672385,0.03780136494173141,0.001106996025217096
0.675029,0.03984458136792452,0.001142184647225346
0.6776720000000001,0.03814502185072142,0.001103081060905498
0.680316,0.03929522842674806,0.001130622667519372
0.68296,0.03869617862097669,0.001107303668281324
0.685604,0.03755344603218645,0.001093293010339187
0.6882470000000001,0.03879244082963375,0.001110139937368355
0.690891,0.03719278780521643,0.001079117091212397
0.693535,0.03992476019700332,0.001128567014872007
0.696178,0.03651846247225305,0.001058444702741488
0.6988220000000001,0.03813269950055494,0.001095766514257059
0.701466,0.039330336709212,0.001110154032800163
0.70411,0.03989472461154274,0.001128559027056843
0.706753,0.03885564809933408,0.001092520290217877
0.7093970000000001,0.03805039178690345,0.001081281904251372
0.712041,0.03649531943673696,0.001049651006330543
0.714684,0.03862638325471698,0.001086332454198045
0.717328,0.03697879599056604,0.001051807845889924
0.7199719999999999,0.03749140392619312,0.001062095339598931
0.722616,0.03651034295227525,0.001035730309894037
0.725259,0.03372963741675915,0.000980000950789821
0.727903,0.03699105653440622,0.001033303515198978
0.7305469999999999,0.03604749368756938,0.001028943166748101
0.73319,0.0356266612791343,0.001015542223712795
0.735834,0.03377396857658158,0.0009685380807389305
0.738478,0.03583712784406215,0.001007274440198156
0.7411219999999999,0.03709267758046614,0.00103564024748861
0.743765,0.03161839053829079,0.0009262202453695763
0.746409,0.03302665226137625,0.0009393835483841873
0.749053,0.03657230036071032,0.001023532092767727
0.751696,0.0328279769700333,0.0009352035906764604
0.75434,0.03597536112652609,0.001009311521000888
0.756984,0.03467255015260821,0.000966769548066798
0.759628,0.03664120525804661,0.00101385646621682
0.762271,0.03638518514150944,0.001005666894139162
0.764915,0.03652682463928968,0.001002173688598046
0.767559,0.03534696705049944,0.0009908886503509253
0.7702020000000001,0.0365804381936737,0.00100030500934088
0.772846,0.03481023404550499,0.0009628413468441781
0.77549,0.03409889130133185,0.000956021699116468
0.778134,0.03409288693118757,0.000943433579532276
0.7807770000000001,0.0332770823390677,0.0009346019099228318
0.783421,0.03458594117647058,0.0009545784638574961
0.786065,0.03340201810488346,0.0009317815120219288
0.788708,0.03225582436182021,0.0009083300185958698
0.7913520000000001,0.03254841779966704,0.0009049585865046578
0.793996,0.03462142945338513,0.0009522823879580261
0.79664,0.03262704460321865,0.0009057074909440681
0.799283,0.03063472912042176,0.0008639831567214692
0.8019269999999999,0.03112950020810211,0.0008738714578988518
0.804571,0.03381709107935627,0.0009233567581805106
0.807214,0.03444585599334073,0.0009405246133365756
0.809858,0.03250887090732519,0.0008905096163642273
0.8125019999999999,0.0317137737236404,0.0008882293110519454
0.815146,0.03088352018590455,0.0008576471277946038
0.817789,0.03196541932574917,0.0008817226764431283
0.820433,0.03324814553274139,0.0009117021431191897
0.8230769999999999,0.03523176234739179,0.0009413715324667764
0.82572,0.03220183539123197,0.0008874958626172956
0.828364,0.03320787756659267,0.0008998750033694156
0.831008,0.03202710890677025,0.0008806866886555941
0.8336519999999999,0.03327097266925638,0.0008942025129072989
0.836295,0.03583104793285239,0.0009484039155769112
0.838939,0.03399795470310766,0.0009153527062335429
0.841583,0.03422478163152053,0.000905953089394558
0.844226,0.03249347426470588,0.0008883030651733226
0.84687,0.03469692473640399,0.0009195224878963662
0.849514,0.03202903177025528,0.0008671145770679815
0.852158,0.0352788656354051,0.0009337921886932441
0.854801,0.03273047863485017,0.000865298852403688
0.857445,0.03223851630133186,0.0008682927503659843
0.860089,0.03151642841287458,0.000845001699074864
0.8627320000000001,0.03569178912319645,0.0009273468579274515
0.865376,0.03254227608213097,0.0008969767227078409
0.86802,0.03238254793285239,0.0008876562900705094
0.870664,0.03230972405660378,0.00089982874322237
0.8733070000000001,0.03163134697558269,0.0008723579958618789
0.875951,0.03454331083518313,0.000948544790765803
0.878595,0.03333997370976693,0.0009234671845190803
0.881238,0.03538516336015539,0.0009601310392769222
0.8838819999999999,0.0306511352663707,0.0008783617044056838
0.886526,0.0317759692008879,0.0008807660412985867
0.88917,0.03117853093784684,0.0008788081243911111
0.891813,0.03332551102941177,0.0009238881518029208
0.8944569999999999,0.02982597044950056,0.0008324468483733577
0.897101,0.03095114317425084,0.0008480180997873854
0.899744,0.03114311133462819,0.000848071970931087
0.902388,0.03047911452552719,0.000831460119338855
0.9050319999999999,0.03118901283296338,0.0008344236367743079
0.907676,0.03022294332685905,0.0008166732557688866
0.910319,0.03342477427857937,0.0008823181418439713
0.912963,0.0294686131381798,0.0008018117786250166
0.9156069999999999,0.03167012243340733,0.0008458058611263231
0.91825,0.03105760800499445,0.0008201354114959277
0.920894,0.0314825814372919,0.0008380862833667547
0.923538,0.03245061272197559,0.000853023742969828
0.9261819999999999,0.03105610176193119,0.0008187782716144414
0.928825,0.03147836716148724,0.0008370161934100811
0.931469,0.03082463249167592,0.0008141125270962297
0.934113,0.03038379543562707,0.0008137450914614095
0.936756,0.02899345525804662,0.0007709091951941109
0.9394,0.03240470435627082,0.0008403665744755461
0.942044,0.03148285384295228,0.0008173277561763578
0.944688,0.0315598553690344,0.0008220954354786402
0.947331,0.03101016363762486,0.0008129449211756529
0.949975,0.03053383601553829,0.0007966872081851687
0.952619,0.03067661320754718,0.0008016499402113725
0.9552619999999999,0.03181679800221976,0.0008228240770374544
0.957906,0.03245426158435073,0.0008337118936737816
0.96055,0.03181241890954496,0.0008254377825437277
0.963194,0.03203499035793563,0.0008101566061821443
0.9658369999999999,0.03075732769145395,0.0008003696722605974
0.968481,0.03260292869034406,0.0008284547722543571
0.971125,0.02732778392064373,0.000722460375122235
0.973768,0.03156719887624861,0.0008031634641291242
0.9764119999999999,0.03222390711709212,0.0008094879260293437
0.979056,0.031169793354606,0.0007969065183513426
0.9817,0.0319540606964484,0.0008068170235843464
0.984343,0.02930514227247503,0.0007520670449478869
0.9869869999999999,0.02995582325194229,0.0007614666809233532
0.989631,0.02884102941176471,0.0007506302991377577
0.992274,0.03125566523307437,0.0008177922134611199
0.994918,0.0298325150527192,0.000787798580025548
0.9975619999999999,0.0302417255826859,0.0008042157203860734
1.00021,0.03140623917869034,0.0008337016491779308
1.00285,0.03187285405105439,0.0008393484444815034
1.00549,0.03134837243340733,0.0008463820062118155
1.00814,0.03123619395116537,0.0008374386577386991
1.01078,0.02786707158712542,0.0007739900439136716
1.01342,0.02711597135127636,0.0007621028425162968
1.01607,0.03292616662042176,0.0008898080862737041
1.01871,0.03123057415371809,0.0008496497282127959
1.02136,0.03222755369034407,0.0008743202101966046
1.024,0.02722453759711432,0.0007781844916313409
1.02664,0.02966028142341843,0.0008307923661427899
1.02929,0.03037679529689235,0.0008489114577709532
1.03193,0.02805326200055494,0.0007976893038588158
1.03457,0.02902569526914539,0.0008166411585248233
1.03722,0.03071871247225305,0.0008617568429175324
1.03986,0.03101548127081021,0.0008597338004333633
1.04251,0.03045678183962264,0.0008553776518580728
1.04515,0.029678477663707,0.0008243088083099169
1.04779,0.02967082970310766,0.000816767672727315
1.05044,0.02919289053829079,0.0007990305920142979
1.05308,0.0309262878745838,0.0008197626507966627
1.05572,0.02954175291342952,0.0007977600362063166
1.05837,0.03067633164539401,0.0008058540185936256
1.06101,0.02832521670366259,0.0007674285587708087
1.06365,0.03108274486681465,0.0008098046210890433
1.0663,0.0292891092536071,0.0007752235573107824
1.06894,0.03012335731132076,0.0007903866184803852
1.07159,0.0284715237236404,0.0007467695160973249
1.07423,0.0289394594200888,0.000763723844324599
1.07687,0.02881908816592675,0.0007515835529106964
1.07952,0.02916128690344062,0.0007629026127153852
1.08216,0.02869625610432852,0.0007488301995111738
1.0848,0.0288321384572697,0.0007377804663207459
1.08745,0.0319796416481687,0.0008045644460944866
1.09009,0.02916256652330744,0.000746475971616186
1.09274,0.02897672176748058,0.0007468561186017455
1.09538,0.02716092057436182,0.0007086454642454173
1.09802,0.02859979245283019,0.0007297945848287747
1.10067,0.03007877892619312,0.0007625640631475003
1.10331,0.02704981111265261,0.0006953154657170116
1.10595,0.02733114435349612,0.0007046014338654216
1.1086,0.02749649458934517,0.0007050309489304809
1.11124,0.02788715406492785,0.000712693346679989
1.11389,0.0287705839345172,0.0007315973084838545
1.11653,0.02852898529411765,0.0007127662179485145
1.11917,0.02927997794117647,0.0007379045733411463
1.12182,0.02831303399001111,0.00071294540547821
1.12446,0.02765940004162043,0.0007052366189077076
1.1271,0.02745366738346282,0.000695622350832549
1.12975,0.02795162264150943,0.0007012547960785106
1.13239,0.02892636792452831,0.0007230410168487101
1.13504,0.02780988242230855,0.0006989263922221156
1.13768,0.02802031236126526,0.0007031024739531998
1.14032,0.02569183913706992,0.0006599467434249748
1.14297,0.02802804273029966,0.0007035988324065156
1.14561,0.02863388894284129,0.0007202401693652267
1.14825,0.02685039643451721,0.0006729608065871805
1.1509,0.02715241877081021,0.0006827556717947796
1.15354,0.02722586986681465,0.0006833422745091207
1.15618,0.02730225104051055,0.0006811485319271271
1.15883,0.0281834879300777,0.000706845778388822
1.16147,0.02565011299944507,0.0006457785172030665
1.16412,0.02436247433407326,0.0006297496603549721
1.16676,0.02639698980299668,0.0006569864129152286
1.1694,0.02595170498057714,0.0006547165412301161
1.17205,0.02602239081576027,0.0006521228155479796
1.17469,0.02524021573251943,0.0006362578406023788
1.17733,0.02629473695893452,0.0006582028969687116
1.17998,0.02511674042730299,0.0006284688192075327
1.18262,0.02627854827968923,0.0006549860599120792
1.18527,0.02572231652330744,0.0006412535262436301
1.18791,0.02539634766925639,0.0006371028098202246
1.19055,0.02542396822974473,0.0006379374642053531
1.1932,0.02619693874861265,0.0006445770273429158
1.19584,0.02644347044950056,0.0006544328202148543
1.19848,0.02535568826304107,0.0006283180300440986
1.20113,0.02495049514428413,0.0006249925573241517
1.20377,0.02406577878745838,0.0006051803710705635
1.20642,0.02568041641231964,0.0006359585050794538
1.20906,0.02530944110710322,0.0006303449724820437
1.2117,0.02474053218645949,0.00061121008665912
1.21435,0.02336197870421754,0.0005886183030242427
1.21699,0.0243427169117647,0.0006044492534674497
1.21963,0.02293737382075472,0.0005787902458484366
1.22228,0.02519037236403995,0.0006237125374389427
1.22492,0.02449449493618202,0.0006042811552921761
1.22757,0.02433597315482797,0.0006034322281107131
1.23021,0.02507456333240844,0.0006130172478078013
1.23285,0.02530143833240844,0.0006183632320617769
1.2355,0.02096720560488346,0.0005368337931341951
1.23814,0.02418179384017758,0.0005965247275798617
1.24078,0.02385490246947836,0.0005938603505706322
1.24343,0.02420036320754717,0.0005972760551050608
1.24607,0.02297404786348502,0.0005709384551227526
1.24871,0.02231516953385128,0.0005580686820652952
1.25136,0.02370686258324085,0.0005824699234920713
1.254,0.0236655782463929,0.0005837123036969518
1.25665,0.02371620907325195,0.0005834258386908616
1.25929,0.02288742515260821,0.0005687336390713698
1.26193,0.02264345726970033,0.0005573725243963654
1.26458,0.02423642834350721,0.0005883674671941584
1.26722,0.02120530188679245,0.000532965768725946
1.26986,0.02098438089622642,0.0005275182806232631
1.27251,0.02375794436736959,0.0005813511675305728
1.27515,0.02148475346836848,0.0005338556518565792
1.2778,0.0234493385127636,0.0005736283309514519
1.28044,0.02194811778579356,0.0005394840050694327
1.28308,0.02241259690621532,0.0005500355085990762
1.28573,0.02122282283573807,0.0005309075076985807
1.28837,0.02040844665649279,0.0005071649444945124
1.29101,0.0215322481964484,0.00053828961222677
1.29366,0.02108160224750277,0.0005208231854534245
1.2963,0.01981007443118757,0.0004978434260536858
1.29895,0.02058621080743618,0.0005135691095541873
1.30159,0.02029297183684795,0.0005024074391193212
1.30423,0.01949791356825749,0.0004932930373755149
1.30688,0.0203523013318535,0.0005016026269268323
1.30952,0.01931039775249723,0.000485988590696273
1.31216,0.02087570935072142,0.0005123502728502141
1.31481,0.02115445588235294,0.0005195703455706965
1.31745,0.01971671711986681,0.0004909438154321392
1.3201,0.01757105785238624,0.000444542844799058
1.32274,0.0198719997918979,0.0004920010016085858
1.32538,0.01852779460321865,0.000462260490208326
1.32803,0.01858772842674806,0.0004633488494549955
1.33067,0.01943551206992231,0.000485273164643657
1.33331,0.01918298744450611,0.0004721041772219054
1.33596,0.01769836286071032,0.0004472028586918271
1.3386,0.01756115052719201,0.0004432273137535641
1.34124,0.01986365822697003,0.0004868397801066831
1.34389,0.01912247447280799,0.000472357174867064
1.34653,0.01776559440899001,0.0004427798104210492
1.34918,0.01609533795782464,0.0004128264912606591
1.35182,0.01777102192008879,0.0004426583951091833
1.35446,0.01924516003052164,0.0004749342139179964
1.35711,0.01713311424805772,0.00043185731715594
1.35975,0.01703660710321864,0.0004301448481697024
1.36239,0.01658400395394007,0.0004218090473353731
1.36504,0.0183317609600444,0.0004510451568399281
1.36768,0.01789761043285239,0.0004466745072311314
1.37033,0.01724752233629301,0.0004328447737376262
1.37297,0.01709802656770255,0.0004298962244693847
1.37561,0.01920423966426194,0.000475659959310822
1.37826,0.01644291155660377,0.0004129095767298726
1.3809,0.0174170387763596,0.0004371681980268938
1.38354,0.01761920498057714,0.000440047712395082
1.38619,0.01583049556048835,0.0004045367643254598
1.38883,0.01823589476970033,0.0004494244635982102
1.39148,0.01837806763318536,0.0004536458767387668
1.39412,0.01546987624861265,0.0003958365213569927
1.39676,0.01651614289678135,0.0004131283723630276
1.39941,0.01570707519422864,0.0003984054589812623
1.40205,0.01596688380965594,0.0004024418523778205
1.40469,0.01620629633740289,0.0004124290349504393
1.40734,0.01629808788845727,0.0004090145100321316
1.40998,0.01529446073806881,0.0003877440571887051
1.41263,0.0155315932991121,0.0003912672267634336
1.41527,0.01657571274972253,0.0004132864192533772
1.41791,0.01726785661764706,0.0004285893255905249
1.42056,0.01543286799389568,0.0003909595313963006
1.4232,0.01601290663152053,0.0004012107606911735
1.42584,0.01485240129023307,0.0003770431198954497
1.42849,0.01430384038568258,0.0003669870193158639
1.43113,0.01474245699223085,0.000376092628495452
1.43377,0.01516575020810211,0.0003834513077110716
1.43642,0.01429683795782464,0.0003633649887943105
1.43906,0.01441642862097669,0.00036834439403724
1.44171,0.01404566162597114,0.0003592484808903235
1.44435,0.01490964997225305,0.0003763986869670142
1.44699,0.01375720921198668,0.0003519638454016927
1.44964,0.01551293465593785,0.0003899456264367619
1.45228,0.01519529821032187,0.0003811454519220183
1.45492,0.01412918944228635,0.000358514851817549
1.45757,0.01426780043007769,0.0003606521309444644
1.46021,0.01514000672863485,0.0003793735072824265
1.46286,0.01289156582963374,0.000332075197226991
1.4655,0.01417802101831299,0.0003599733399541158
1.46814,0.01399259517203108,0.0003537285086037725
1.47079,0.0141555853218646,0.0003597714956098131
1.47343,0.01341783067425084,0.0003413601838234528
1.47607,0.01533117827413985,0.0003836525096553801
1.47872,0.01371468874861265,0.0003462201230972031
1.48136,0.01394090219200888,0.0003541072681280973
1.48401,0.01273056950610433,0.0003298304092714561
1.48665,0.0130482746254162,0.0003330561962319215
1.48929,0.01329338935904551,0.0003375309426118232
1.49194,0.01321443063263041,0.0003334459147877975
1.49458,0.01298610203940067,0.0003343023679689213
1.49722,0.01319652511098779,0.0003346241064128484
1.49987,0.01318474299389567,0.0003349028033161806
1.50251,0.01346166051609323,0.0003435171264629942
1.50516,0.01288144561598224,0.000327129618597458
1.5078,0.01166622336293008,0.0003017071302515286
1.51044,0.01270209510266371,0.0003243574928358255
1.51309,0.01169643063263041,0.0003016922913703425
1.51573,0.0139553236681465,0.000351213459960888
1.51837,0.009860313471143174,0.0002595043230899531
1.52102,0.01317737201720311,0.0003325221813232318
1.52366,0.01185476241675916,0.0003026890889823533
1.5263,0.01157527192008879,0.0002961740641154775
1.52895,0.01299440011098779,0.0003296049856051494
1.53159,0.01171122752497225,0.0003018324194237884
1.53424,0.01335635169256382,0.0003381779664803441
1.53688,0.01300512923140955,0.0003280169839877309
1.53952,0.01097901942286348,0.0002832385874472147
1.54217,0.0112094288290788,0.0002872405578987388
1.54481,0.01251328364317425,0.0003168090068792995
1.54745,0.01319238179800222,0.0003333401081430025
1.5501,0.01131798134017758,0.0002950323704969607
1.55274,0.01090598723640399,0.000289554186122603
1.55539,0.01156365461986682,0.0003059515470985959
1.55803,0.01154667161487236,0.0003077178294471542
1.56067,0.01130339275804661,0.0003051303669793605
1.56332,0.00973508011931188,0.0002667421862593898
1.56596,0.01099627025527192,0.0003014563403972081
1.5686,0.01208120477247503,0.0003233982601107085
1.57125,0.01330650603496115,0.0003570221964313997
1.57389,0.01161372918978913,0.000316943293129026
1.57654,0.01025753357380688,0.0002847637876028675
1.57918,0.01313555660377358,0.0003566334119157823
1.58182,0.01191584538013319,0.0003268644224166253
1.58447,0.01170126754994451,0.0003243862650280544
1.58711,0.0121188013318535,0.0003318893692946269
1.58975,0.01203227705327414,0.0003314428368513635
1.5924,0.01197917168423973,0.000336431224030935
1.59504,0.01078212506936737,0.0003024544817542983
1.59769,0.009666713165926752,0.0002794316721411767
1.60033,0.009777660099889013,0.0002807464102991126
1.60297,0.009776790233074364,0.0002810040096904123
1.60562,0.01186173737513874,0.0003306122919833486
1.60826,0.01051085023584906,0.0002918853475642679
1.6109,0.0104832983490566,0.0002910636772103066
1.61355,0.01193622315482797,0.0003198948417885816
1.61619,0.009568768451720312,0.0002651541322485817
1.61883,0.01182996663429522,0.0003172312129927649
1.62148,0.009934231548279687,0.0002706053003002807
1.62412,0.01111946399833518,0.0003004851836668614
1.62677,0.008470028232519421,0.0002343161559709221
1.62941,0.01048468555771366,0.0002845481073662273
1.63205,0.009543766648168701,0.0002598372420086262
1.6347,0.01110623744450611,0.0002950196175738446
1.63734,0.009842886376248614,0.0002667478692510092
1.63998,0.009023547377913431,0.0002471447348968882
1.64263,0.008931506312430629,0.0002438280620110353
1.64527,0.009419680147058823,0.0002536105545190437
1.64792,0.01098991793840177,0.0002910897347770615
1.65056,0.0110369548418424,0.0002915893296719631
1.6532,0.01028454293840178,0.000273471227336963
1.65585,0.009317676817425085,0.0002525433042461441
1.65849,0.01056433788845727,0.0002776116030635179
1.66113,0.008162679106548278,0.0002237301954094521
1.66378,0.01008512368201998,0.0002691407242678258
1.66642,0.01030671538568258,0.0002740223980387394
1.66907,0.009544041342952274,0.0002579545416019976
1.67171,0.0100151108490566,0.0002653676657634716
1.67435,0.00926537721975583,0.0002493591072179848
1.677,0.008784867369589344,0.0002373578328172086
1.67964,0.009516313193673697,0.0002537424109625057
1.68228,0.009396335668701442,0.0002508415448004156
1.68493,0.009923543632075474,0.0002627184530473146
1.68757,0.007912182644284126,0.0002158903545330337
1.69022,0.008758004508879024,0.0002346882749922036
1.69286,0.009536764220310766,0.0002531891176982443
1.6955,0.008974507491675915,0.0002417061802387913
1.69815,0.009796005133185352,0.0002593746413646361
1.70079,0.009571499375693675,0.0002558899784058502
1.70343,0.008884691453940064,0.0002358513261159599
1.70608,0.009297887347391787,0.0002466266649784328
1.70872,0.009978429938956717,0.0002607085102390674
1.71137,0.007367426262486128,0.0002014756764877983
1.71401,0.009326762347391786,0.0002475871056330115
1.71665,0.009138935210876805,0.0002429969550379017
1.7193,0.008138444159267481,0.0002200537631932158
1.72194,0.007145898654273033,0.0001951672901543746
1.72458,0.007964718021642619,0.0002152106153741529
1.72723,0.008358277816315205,0.0002232032025605075
1.72987,0.007747546614872366,0.00020930346879979
1.73251,0.00819114206437292,0.0002210407087670135
1.73516,0.008273909891786908,0.0002195522220447043
1.7378,0.008462025457824639,0.0002258464443968016
1.74045,0.008081307644284131,0.0002159545441988781
1.74309,0.008485717882907881,0.000226021356106516
1.74573,0.008281413637624862,0.0002212704700879989
1.74838,0.007155545019422866,0.0001926879458380449
1.75102,0.009667159544950057,0.000254509719275377
1.75366,0.008365385543840179,0.0002205935080174703
1.75631,0.009300876942286349,0.0002428721048823262
1.75895,0.008129218992785792,0.0002174637735682765
1.7616,0.00688831048834628,0.0001869576957518806
1.76424,0.007960844825194231,0.0002133968786550853
1.76688,0.007492469617092121,0.0001995389703956833
1.76953,0.007782876942286349,0.0002082826966484759
1.77217,0.008895546476137628,0.0002342918742017502
1.77481,0.007768991120976696,0.0002080454473713542
1.77746,0.007930397197558267,0.0002123735614592859
1.7801,0.008273836639844618,0.0002176342993104027
1.78275,0.007362815968368479,0.0001981575578047606
1.78539,0.007001198598779134,0.0001869137691921873
1.78803,0.007838651428967813,0.0002073781562990207
1.79068,0.008002312291897889,0.0002129846817599115
1.79332,0.006500718437846836,0.0001747817230102808
1.79596,0.008275216981132075,0.0002201145513425665
1.79861,0.006880408435072142,0.0001837380771109662
1.80125,0.006928573876248611,0.0001864791357500278
1.8039,0.007771564095449499,0.0002066404806619864
1.80654,0.007536281145948945,0.0002000599452847646
1.80918,0.008274120491120977,0.0002193209831396754
1.81183,0.007056659475582688,0.0001894114889757704
1.81447,0.007612570754716984,0.0002024813655835337
1.81711,0.006595820061043285,0.000177826743106459
1.81976,0.006664841703662597,0.0001791557446652449
1.8224,0.006911403163152052,0.0001870732421083636
1.82504,0.007828121462264151,0.0002071424373389392
1.82769,0.00790080570199778,0.000210645110500333
1.83033,0.008140378468368478,0.000214558040242126
1.83298,0.007444501040510546,0.0001980909279325303
1.83562,0.008574194783573807,0.0002256633725335278
1.83826,0.008171414400665928,0.0002174293174756784
1.84091,0.007179921892341844,0.0001942296983113287
1.84355,0.007338805355160932,0.0001970777633192152
1.84619,0.007089229120421754,0.0001914085522756295
1.84884,0.007739470588235291,0.0002045092155862528
1.85148,0.006379811528856827,0.0001747252819886268
1.85413,0.006961637971698111,0.0001892099599873258
1.85677,0.007305491745283019,0.0001951333741897431
1.85941,0.006587883670921197,0.0001798168187206561
1.86206,0.005725676262486128,0.0001566425776080246
1.8647,0.006889883115982244,0.0001869287579354128
1.86734,0.006449872433407325,0.0001756768464984801
1.86999,0.007613662666481687,0.0002025543657414468
1.87263,0.00687333962264151,0.0001877641933613233
1.87528,0.005357589830743618,0.000148493400356805
1.87792,0.00600462194783574,0.0001653577666707941
1.88056,0.005093077067147614,0.0001422445929273091
1.88321,0.007062581437291895,0.0001898139910960476
1.88585,0.006602476831298556,0.0001812506362564966
1.88849,0.005974357450055492,0.000162933845496233
1.89114,0.007054308546059936,0.0001911377194623157
1.89378,0.005967803690344062,0.0001628634275418737
1.89643,0.006579125485571588,0.0001792495075807338
1.89907,0.007810424250832408,0.0002092320488838046
1.90171,0.006405635127635959,0.000173319558691568
1.90436,0.006666006867369593,0.0001812879415151801
1.907,0.007457478079911207,0.0001989654542769228
1.90964,0.007857719825194228,0.0002101535015661311
1.91229,0.007627667522197559,0.0002044450244956006
1.91493,0.007307073529411763,0.0001958439446830621
1.91757,0.005890866259711434,0.0001616474348957481
1.92022,0.006226765330188681,0.0001710219371243512
1.92286,0.006925144769700332,0.0001882642514934983
1.92551,0.00587344374306326,0.0001603541510742648
1.92815,0.006707233976137625,0.0001812422224090325
1.93079,0.007224619311875695,0.0001958111910737906
1.93344,0.007104202275249721,0.0001906265098307351
1.93608,0.007686738346281911,0.0002050036214596124
1.93872,0.006863173626526086,0.0001853924770110725
1.94137,0.004249642758046616,0.000121546787078051
1.94401,0.006355661279134294,0.000173814239765154
1.94666,0.005403420366259713,0.0001494811013308296
1.9493,0.006062413152053274,0.0001667234368625576
1.95194,0.005394282186459486,0.0001490226823207894
1.95459,0.005287366398446172,0.000146901110892806
1.95723,0.007026761237513872,0.0001903530370714927
1.95987,0.006887990011098779,0.0001857572491988725
1.96252,0.007017059933407324,0.0001905789331153624
1.96516,0.005539641509433963,0.0001526591681867218
1.96781,0.004408375138734738,0.0001242691826707052
1.97045,0.00680966079356271,0.0001841314412587942
1.97309,0.006862326650943393,0.0001859500810098536
1.97574,0.005753397544395115,0.0001591131659438268
1.97838,0.006450424112097669,0.0001755064763566228
1.98102,0.006249631381798002,0.0001717942743568276
1.98367,0.005323614664261934,0.0001472368573987081
1.98631,0.00595954911209767,0.0001635186526711345
1.98896,0.006124816939511655,0.000167890500540187
1.9916,0.006643811528856826,0.0001802240081609928
1.99424,0.00534492869034406,0.0001470667127813162
1.99689,0.005960972946725859,0.0001625303958202141
1.99953,0.006920436043285237,0.0001858065346026585
2.00217,0.006250560765815763,0.0001698079931655721
2.00482,0.005254924944506105,0.000145297252709995
2.00746,0.004816711223640402,0.0001339814167966839
2.0101,0.005724847599889012,0.0001556937985469065
2.01275,0.007045992161487239,0.0001889601845349419
2.01539,0.006851091634295231,0.0001824436986610632
2.01804,0.006335134711431743,0.0001727627536940353
2.02068,0.004360440899001108,0.0001223463937182171
2.02332,0.006082497918978911,0.000164826977891022
2.02597,0.006400518937291896,0.0001731622106626839
2.02861,0.004246504370144284,0.0001182765320671727
2.03125,0.005188739525527194,0.000143275784899542
2.0339,0.006130558060488346,0.0001659869659090222
2.03654,0.006602268521087682,0.0001785780965762294
2.03919,0.004318259225860158,0.0001207398553980972
2.04183,0.005728803204772472,0.0001555651978421389
2.04447,0.006380635613207551,0.0001723993593935524
2.04712,0.005598710044395118,0.000152696419142881
2.04976,0.006119677857935627,0.0001658865758338004
2.0524,0.005544659267480576,0.0001520651529515348
2.05505,0.006141630549389566,0.0001661404454863344
2.05769,0.005415536695338509,0.0001488529037961623
2.06034,0.00498898147891232,0.0001365888384480954
2.06298,0.004433354051054388,0.0001239280072125186
2.06562,0.005024506381797999,0.000137994932572092
2.06827,0.004796441037735848,0.0001323878057663822
2.07091,0.00481054890399556,0.0001336006087409722
2.07355,0.004359490912874584,0.0001210456638181451
2.0762,0.004956617855160931,0.0001369963421064069
2.07884,0.004925227108768035,0.0001354413069260117
2.08149,0.003022050083240844,8.624459705479125e-05
2.08413,0.006283183060488345,0.0001704935781327833
2.08677,0.004806687153163152,0.00013190696864306
2.08942,0.004585447974472806,0.0001285991923110393
2.09206,0.004233440344062152,0.0001184929342429471
2.0947,0.005315055632630411,0.0001460979525339156
2.09735,0.005967256589900112,0.0001620423781234161
2.09999,0.005490574153718089,0.0001503274917637835
2.10263,0.00513129397891232,0.0001428699267429227
2.10528,0.005357164053829079,0.0001453534740939331
2.10792,0.005821167036625973,0.000159368988577212
2.11057,0.005869630063817978,0.0001610618169862873
2.11321,0.006215287666481685,0.0001733042343950161
2.11585,0.005271699639289681,0.0001518624329490449
2.1185,0.004937881381798002,0.0001412328428589675
2.12114,0.004906183892896781,0.0001439393336611776
2.12378,0.004262523654273033,0.0001242992998530657
2.12643,0.005278521226415091,0.0001533233600695499
2.12907,0.005751463235294118,0.0001683067528102893
2.13172,0.005135863068812433,0.0001515662294822342
2.13436,0.00418785245560488,0.000127035711916894
2.137,0.004453514359045506,0.0001337991789545576
2.13965,0.003277067563817981,0.0001016533482268525
2.14229,0.005111788360155386,0.0001529984440964467
2.14493,0.004902303829078798,0.0001486542287741437
2.14758,0.003746175291342953,0.0001168604345820271
2.15022,0.005223946240288569,0.0001567749893999965
2.15287,0.004009440482796892,0.0001248603996591585
2.15551,0.003854535516093229,0.0001197885546405046
2.15815,0.00420333150665927,0.0001306478692471743
2.1608,0.003473197350166483,0.0001094733877204975
2.16344,0.004788671753607106,0.000146430749130042
2.16608,0.005043361889567147,0.0001537262372332337
2.16873,0.003340409891786905,0.0001036023732267441
2.17137,0.004092347946725858,0.0001235748683986856
2.17402,0.002651280799112094,8.162440066400653e-05
2.17666,0.005175998265815762,0.0001525756072977102
2.1793,0.004602865912874586,0.0001360281557036963
2.18195,0.004268200679800224,0.0001263656144236153
2.18459,0.00576419076026637,0.0001659015454430907
2.18723,0.004899472183684793,0.0001432501844430599
2.18988,0.004202802719200891,0.0001238841039793627
2.19252,0.005652101553829081,0.0001618217455260417
2.19516,0.002513947142064373,7.602737119515753e-05
2.19781,0.004478067494450609,0.0001313874616055364
2.20045,0.004173057852386239,0.0001220758109492706
2.2031,0.004689065135960045,0.0001364087469964551
2.20574,0.002786071240288569,8.363752257149724e-05
2.20838,0.005497640677025528,0.0001573449803737012
2.21103,0.004477712680355162,0.0001306399728542986
2.21367,0.003594495699223085,0.0001068511206108642
2.21631,0.003820615288568255,0.0001129654943664592
2.21896,0.005027127427857938,0.0001441440736600498
2.2216,0.004772952344617094,0.0001370222956921613
2.22425,0.004056404134295231,0.0001187541908728128
2.22689,0.004561918077136516,0.0001322569241548566
2.22953,0.003333121323529415,9.813073305814055e-05
2.23218,0.004406630826859047,0.0001291098375523848
2.23482,0.00348585620144284,0.0001027906421424515
2.23746,0.004779384780799112,0.0001394287857153947
2.24011,0.004864292938401778,0.0001401385315243128
2.24275,0.005179255688124305,0.000149835996402271
2.2454,0.003272965455049947,9.732915144423118e-05
2.24804,0.004374773099334077,0.0001281404188519246
2.25068,0.003693829911209763,0.0001095114295843343
2.25333,0.004189548695893453,0.0001222816219733322
2.25597,0.004067320962819089,0.0001197507551176925
2.25861,0.003903767688679248,0.0001150859473280512
2.26126,0.00402879730854606,0.0001188052486876192
2.2639,0.00405753038290788,0.000119020113180464
2.26655,0.004943389012208655,0.0001432756807893619
2.26919,0.003541188887347392,0.0001065239916149584
2.27183,0.003771872988346281,0.0001110458327312227
2.27448,0.004476797031076583,0.0001304676036053073
2.27712,0.003835068812430635,0.0001128302122863334
2.27976,0.004831597391786902,0.0001421579836798915
2.28241,0.004410696309655939,0.0001297106097129038
2.28505,0.003814251526082131,0.0001125158324534613
2.28769,0.004279863762486127,0.0001252689495451244
2.29034,0.004330061945061044,0.0001254596426494162
2.29298,0.004167987444506101,0.0001228020744974809
2.29563,0.00393554071864595,0.0001154816927066678
2.29827,0.003781631520532742,0.0001116872263386658
2.30091,0.004440056603773588,0.0001317687526731874
2.30356,0.003915920643729187,0.0001143400811951442
2.3062,0.005090607103218648,0.0001478680854324027
2.30884,0.004893472391786904,0.0001414141737210132
2.31149,0.004554975166481685,0.0001340988749505251
2.31413,0.0044575134572697,0.0001305531718746354
2.31678,0.003667271503884571,0.0001092487898060326
2.31942,0.00361556936736959,0.0001079597451882304
2.32206,0.003456752289123195,0.0001019868260427292
2.32471,0.003982765330188683,0.0001181297809956278
2.32735,0.004027742022752499,0.0001194148774029849
2.32999,0.004049866398446171,0.0001194262701937812
2.33264,0.003419780660377362,0.0001037981694353451
2.33528,0.003128096004439509,9.263227578348137e-05
2.33793,0.00434490919811321,0.0001282377795473614
2.34057,0.003222650527192012,9.625504793097488e-05
2.34321,0.00442488658435072,0.0001296651071271451
2.34586,0.004722781631520532,0.0001393611598619087
2.3485,0.003381403509988901,0.0001009601397637381
2.35114,0.004617326304106549,0.0001348121130060703
2.35379,0.004269613068812428,0.0001248205195580072
2.35643,0.002954365288568259,8.855382196819249e-05
2.35908,0.003465792036625971,0.0001042471792923103
2.36172,0.003356294117647057,0.0001003715955933347
2.36436,0.004697976692563818,0.0001369870932490257
2.36701,0.004232955049944506,0.000123682153494789
2.36965,0.002829470726970032,8.517866445821656e-05
2.37229,0.005301000416204219,0.0001530769447332979
2.37494,0.00290060294117647,8.744816813288536e-05
2.37758,0.003017989178690341,9.202026525809178e-05
2.38022,0.004156100027746946,0.0001211736547259343
2.38287,0.004392149833518317,0.0001303045759779283
2.38551,0.003706921406770254,0.0001088191003243687
2.38816,0.003950605438401778,0.0001172804039800628
2.3908,0.003387284267480576,0.0001017015143427844
2.39344,0.004723150180355159,0.0001379848523289342
2.39609,0.004302260543840177,0.0001269254968757582
2.39873,0.004576012208657051,0.0001331181224982946
2.40137,0.004458820546614872,0.0001309001702014035
2.40402,0.004342393451720309,0.0001257858466865097
2.40666,0.004185384780799114,0.0001231922758178532
2.40931,0.00412898307436182,0.0001220106208274788
2.41195,0.004055293909544948,0.0001189567914220588
2.41459,0.004178414400665928,0.0001235873312694397
2.41724,0.003911857450055492,0.0001150202664980798
2.41988,0.003801185210876802,0.000112868670454642
2.42252,0.00442369624028857,0.0001301936761651889
2.42517,0.004041023515538292,0.0001184077736749184
2.42781,0.004461803274139844,0.0001314208923746052
2.43046,0.002965023446170921,8.902257150060853e-05
2.4331,0.004019414192563818,0.0001188447238157627
2.43574,0.002773510821309659,8.384954681380111e-05
2.43839,0.00311883650110988,9.417133283717155e-05
2.44103,0.004677836986681464,0.0001366436682830643
2.44367,0.004132886029411764,0.0001215854297680679
2.44632,0.004405282533296335,0.0001294582154113471
2.44896,0.004824281354051054,0.0001401181223802983
2.45161,0.003716158018867927,0.0001101738356126258
2.45425,0.004086567910654831,0.0001212728650972718
2.45689,0.003525265746392896,0.0001043484809016053
2.45954,0.002568789955604885,7.849593442826588e-05
2.46218,0.005146944714206437,0.0001494003731801048
2.46482,0.001902824500554937,5.81625701682923e-05
2.46747,0.004479035793562708,0.0001308349889696111
2.47011,0.003641502844062153,0.0001092078203518357
2.47275,0.003578670990566037,0.0001077054429061977
2.4754,0.003689901775804662,0.000109075347575554
2.47804,0.003739724542175363,0.0001112536658253738
2.48069,0.002813568188124305,8.530347499376426e-05
2.48333,0.00339659413152053,0.0001025509429505351
2.48597,0.003246619936182022,9.805592682017422e-05
2.48862,0.005347403232519421,0.0001540622125480835
2.49126,0.004548295504994449,0.0001345327250058011
2.4939,0.003440893243618201,0.0001025332564503033
2.49655,0.004128809100998892,0.0001226268378188555
2.49919,0.003473137832963371,0.0001037604784698481
2.50184,0.003376314789123197,0.0001011210111591671
2.50448,0.003325411556603772,0.0001001697960140793
2.50712,0.003165195824084349,9.596072891325721e-05
2.50977,0.003774342952275252,0.0001122097721783195
2.51241,0.0030325205327414,9.130319032629071e-05
2.51505,0.003345336084905662,0.0001008751423621638
2.5177,0.002865572488901221,8.748311505446829e-05
2.52034,0.003880155382907882,0.0001149753619268924
2.52299,0.002837102663706992,8.649841313290358e-05
2.52563,0.004979808962264153,0.0001454635832390584
2.52827,0.00278563859600444,8.489838355311307e-05
2.53092,0.00303056104328524,9.161533917645263e-05
2.53356,0.003338196309655938,9.983066427007503e-05
2.5362,0.003364047377913429,0.00010166702387857
2.53885,0.002447594617092118,7.491948578284347e-05
2.54149,0.002594043562708102,7.929625656382957e-05
2.54414,0.003786044950055494,0.000113401774502075
2.54678,0.003588125069367371,0.0001077836836354335
2.54942,0.003059548210321867,9.270180478588071e-05
2.55207,0.004185581645394007,0.0001241078128890773
2.55471,0.0036287112236404,0.0001086334223116298
2.55735,0.003759411001664816,0.0001127463848134246
2.56,0.004294930771365151,0.0001280071094821849
2.56264,0.003668452691453943,0.0001110715901595852
2.56529,0.003604270255271921,0.0001073578874689718
2.56793,0.002957380063817979,9.008172075061855e-05
2.57057,0.002659670435627084,8.100139937018879e-05
2.57322,0.002819554245283017,8.617681191897533e-05
2.57586,0.00300521816037736,9.096870682723993e-05
2.5785,0.003589187222530523,0.0001075983696452122
2.58115,0.004217263110432854,0.0001264384749404152
2.58379,0.004016502427857938,0.0001199292638944021
2.58643,0.003689633948390677,0.0001107461624516691
2.58908,0.004552328940066593,0.0001343533737980309
2.59172,0.00419865711709212,0.0001248148024359114
2.59437,0.00467521136237514,0.000138502998336321
2.59701,0.004568643521087682,0.0001344440135264181
2.59965,0.002695666897891232,8.231717203039533e-05
2.6023,0.003499050707547171,0.0001054964583666215
2.60494,0.003292365774139844,0.0001001315823175684
2.60758,0.004387901220865705,0.0001318188616567097
2.61023,0.004265110363485017,0.0001270811803017079
2.61287,0.002960490982241954,9.055423586018376e-05
2.61552,0.004447452760821309,0.0001325414207478882
2.61816,0.003613928066037735,0.0001088295341618774
2.6208,0.003478086917314098,0.0001047711720774631
2.62345,0.004357481062708105,0.0001298133644752118
2.62609,0.002942164261931189,9.018187187198044e-05
2.62873,0.004714012000554937,0.0001396288747584275
2.63138,0.003228689234184241,9.812742185679947e-05
2.63402,0.003337530174805774,0.0001013010454106872
2.63667,0.003493240912874584,0.000105839079294658
2.63931,0.00273151685627081,8.459443420366389e-05
2.64195,0.002625232866259711,8.086002539776269e-05
2.6446,0.003257094963928968,9.830491937343732e-05
2.64724,0.00330382283573807,9.996592629316946e-05
2.64988,0.002788060488346284,8.609559878289097e-05
2.65253,0.002838352524972254,8.758142182949118e-05
2.65517,0.00396988672308546,0.0001192005272476104
2.65782,0.002244604328523862,6.963285888434541e-05
2.66046,0.003256051123751387,9.922317075321541e-05
2.6631,0.003817859184239731,0.0001148315757315616
2.66575,0.003926343021642621,0.0001172081512462896
2.66839,0.00340687000554939,0.0001041769568296203
2.67103,0.003913734531076584,0.0001203585535756572
2.67368,0.00259244575471698,8.302520745273565e-05
2.67632,0.003181963651498336,0.0001023056413560751
2.67896,0.003247013665371808,0.0001035984122396373
2.68161,0.003431977108768033,0.0001116975602408319
2.68425,0.002768314511653716,9.212057218976289e-05
2.6869,0.002591193604328526,8.625710558080392e-05
2.68954,0.003329408365704773,0.0001097448156651402
2.69218,0.0035323528718091,0.0001162316334667539
2.69483,0.003275934447835737,0.0001102137129406498
2.69747,0.003202137694228635,0.0001078956725314725
2.70011,0.004350622849611543,0.0001416638444159549
2.70276,0.004681804037180914,0.0001559086654294026
2.7054,0.002202001456714763,7.614556973892216e-05
2.70805,0.004029596212541621,0.0001362738252635228
2.71069,0.002497989664261932,8.617506498169114e-05
2.71333,0.005342156562153167,0.0001773707689436868
2.71598,0.003221499098224197,0.0001124130593154831
2.71862,0.002716289608768036,9.617677680718193e-05
2.72126,0.003967146642619315,0.000137314380638026
2.72391,0.002878034475582685,0.0001013159806735166
2.72655,0.002683493340732517,9.337178319856782e-05
2.7292,0.005411450610432854,0.0001766023132959757
2.73184,0.00316663339345172,0.0001062429575906361
2.73448,0.004406639983351831,0.0001437723149347073
2.73713,0.003813180216426196,0.0001236457797820315
2.73977,0.003037806118201997,0.0001011981928024084
2.74241,0.001611902122641512,5.466136725476051e-05
2.74506,0.003333231201442842,0.0001080278368563151
2.7477,0.003468841148723641,0.0001128547647975332
2.75035,0.002598853010543841,8.488048572960924e-05
2.75299,0.004147904966703662,0.0001328663167921814
2.75563,0.003733965108213096,0.0001184566456085698
2.75828,0.002588000277469479,8.402317399909793e-05
2.76092,0.003800951720310763,0.0001221357016664717
2.76356,0.002650255271920089,8.58735520632516e-05
2.76621,0.003595596767480577,0.0001143933506842511
2.76885,0.002694918354605995,8.767432275581575e-05
2.77149,0.002616291551054385,8.481256840404729e-05
2.77414,0.003767212333518311,0.000119610044709159
2.77678,0.004794975998890122,0.0001481561639766388
2.77943,0.003722375277469481,0.0001173169487443562
2.78207,0.00362088013318535,0.0001149955341560396
2.78471,0.003678648446170923,0.0001172357440560793
2.78736,0.003174764359045509,0.0001015688411825635
2.79,0.001238749861265258,4.080996139724709e-05
2.79264,0.003177431187569365,0.0001014696008799181
2.79529,0.00249470935072142,8.056780201570018e-05
2.79793,0.002181307783018868,7.0646141047174e-05
2.80058,0.002504586917314095,7.99713221081675e-05
2.80322,0.005155684586570475,0.0001588555326116544
2.80586,0.002487118618201999,8.056234448307135e-05
2.80851,0.003052101692563815,9.687777828038376e-05
2.81115,0.003562539539400668,0.0001115487463864653
2.81379,0.002256043077136513,7.26679707569511e-05
2.81644,0.003530107241953384,0.0001116386795089414
2.81908,0.004093705396781358,0.0001273142128081433
2.82173,0.003543070546614872,0.0001112887093324488
2.82437,0.002355265122086571,7.532059626960685e-05
2.82701,0.003813459489456161,0.0001186048789483996
2.82966,0.003179049597669258,0.0001008799589036711
2.8323,0.002764180355160929,8.733971409836223e-05
2.83494,0.002748648654273031,8.732983078081449e-05
2.83759,0.001327645671476137,4.304188446098334e-05
2.84023,0.003840853426748056,0.0001195117950703646
2.84288,0.002843351970033295,9.086589233117674e-05
2.84552,0.002673089275804659,8.39487313266318e-05
2.84816,0.003823831506659271,0.0001200203734074197
2.85081,0.004324915996115428,0.0001334338168011345
2.85345,0.002977556395671476,9.40460075817351e-05
2.85609,0.00256290919811321,8.152224105921955e-05
2.85874,0.003170035030521645,9.969149627388932e-05
2.86138,0.002655055563263041,8.499663232363515e-05
2.86402,0.003203440205327414,0.000101066462463256
2.86667,0.002715030591009991,8.641213595392311e-05
2.86931,0.00295404710044395,9.338371036614989e-05
2.87196,0.001346377566592676,4.368076139757735e-05
2.8746,0.003463981340177582,0.0001094833080970854
2.87724,0.003437173418423976,0.0001079814187194534
2.87989,0.003588956021087681,0.0001124677840687156
2.88253,0.002009838720865707,6.487456155376999e-05
2.88517,0.004442299944506103,0.000137702647102632
2.88782,0.003411720657602662,0.0001077044687822923
2.89046,0.003237474889012209,0.0001009111298256219
2.89311,0.002873579841842396,9.167367443278597e-05
2.89575,0.002962129994450612,9.40524779538062e-05
2.89839,0.002352087819089899,7.471466750277642e-05
2.90104,0.003711579772475031,0.0001162088589402008
2.90368,0.002380418007769145,7.55037019347716e-05
2.90632,0.002589847599889011,8.251217232433838e-05
2.90897,0.003852015191453939,0.0001205105442633953
2.91161,0.003595438817980023,0.0001123924071087798
2.91426,0.004033199292452828,0.0001243063979860906
2.9169,0.003026891578801331,9.623071656644547e-05
2.91954,0.002259442425083244,7.270073971424871e-05
2.92219,0.002560088998335185,8.05106727587052e-05
2.92483,0.002402743826304107,7.675211868374927e-05
2.92747,0.002289977039400665,7.309387549337363e-05
2.93012,0.003098483906770254,9.853003429967219e-05
2.93276,0.003043215316315207,9.594763461166134e-05
2.93541,0.003646049042730297,0.000112685725117277
2.93805,0.002766467189234184,8.736508342023132e-05
2.94069,0.002286227455604885,7.279446496707397e-05
2.94334,0.003369248265815762,0.0001063566068058343
2.94598,0.003196710183129858,9.926422216598566e-05
2.94862,0.003158532186459492,9.978932063978082e-05
2.95127,0.003021617438956714,9.565868530502337e-05
2.95391,0.001660909961154275,5.370913350483176e-05
2.95655,0.00246015732519423,7.816749513771724e-05
2.9592,0.002491090246947834,7.827167652005812e-05
2.96184,0.002368672516648165,7.590387604940906e-05
2.96449,0.002864128052164263,9.153555866804744e-05
2.96713,0.003256634850166484,0.0001021275289829296
2.96977,0.002962507699778023,9.383691355438324e-05
2.97242,0.002524637347391787,8.025484919310428e-05
2.97506,0.003465920227524973,0.0001094595483913855
2.9777,0.002344091911764708,7.48531337841149e-05
2.98035,0.003648617438956715,0.0001133571326076369
2.98299,0.00247926005826859,7.947483455226678e-05
2.98564,0.003983687846836849,0.0001229038160684094
2.98828,0.004436668701442842,0.0001364563274202119
2.99092,0.003118129162042175,9.757697390023416e-05
2.99357,0.002482382422308545,7.919457827210349e-05
2.99621,0.004235685973917872,0.0001311985282348373
2.99885,0.002143905799112097,6.880679235056663e-05
3.0015,0.002702554869589345,8.574698778244732e-05
3.00414,0.00337494589345172,0.0001059110929425892
3.00679,0.003104689719755828,9.754518161876479e-05
3.00943,0.003744341703662599,0.0001168601348446052
3.01207,0.003042420990566036,9.512397354128389e-05
3.01472,0.002790411417869032,8.876498276443903e-05
3.01736,0.003321627635960042,0.0001044029604790234
3.02,0.004786172031076582,0.0001458103547139678
3.02265,0.002639977108768037,8.370022694508679e-05
3.02529,0.003750920643729188,0.0001160601877830505
3.02794,0.003647330951720307,0.0001137780810082087
3.03058,0.002442386861820199,7.746481935349208e-05
3.03322,0.003036011445615982,9.586393356301186e-05
3.03587,0.00294025513318535,9.269911093290669e-05
3.03851,0.003578973154827967,0.0001103368222999507
3.04115,0.002965994034406212,9.331365284944515e-05
3.0438,0.002726890538290791,8.596246047354033e-05
3.04644,0.003215448945615984,9.999015653863717e-05
3.04908,0.003198088235294117,0.000100486124773637
3.05173,0.003404974611542732,0.0001058720313246196
3.05437,0.003285347322419535,0.0001026386321752143
3.05702,0.003864296337402888,0.0001187005543408839
3.05966,0.002949480299667034,9.12907742058938e-05
3.0623,0.003482626248612655,0.0001082072314357143
3.06495,0.002591530105438401,8.140694199891404e-05
3.06759,0.003137465385682574,9.764575306975504e-05
3.07023,0.003180100305216426,9.920002472860732e-05
3.07288,0.003303994519977801,0.000102847802174258
3.07552,0.004590859461709213,0.0001400663225704923
3.07817,0.001892388387902331,6.082965702784089e-05
3.08081,0.001666126872918978,5.327747578746041e-05
3.08345,0.002291110155382909,7.262967835889782e-05
3.0861,0.003472318326859047,0.0001072293886287917
3.08874,0.003725994381243063,0.0001146144212927403
3.09138,0.003459311528856829,0.0001071754623063324
3.09403,0.001904662666481685,6.083287800789469e-05
3.09667,0.003440357588790231,0.0001074155110549351
3.09932,0.001977687985571589,6.250429826355739e-05
3.10196,0.003649400319089902,0.0001124734430227921
3.1046,0.002531266648168699,7.956702977955624e-05
3.10725,0.002807055632630414,8.790803058038007e-05
3.10989,0.002783605854605996,8.761664689027383e-05
3.11253,0.002429151151498336,7.653346100467945e-05
3.11518,0.003772090455049941,0.0001161507468601845
3.11782,0.003077190482796891,9.559554277945793e-05
3.12047,0.001856142411209765,5.910149508514214e-05
3.12311,0.002967850513318536,9.301000710922049e-05
3.12575,0.002805844686459488,8.750492474434677e-05
3.1284,0.003423363138179801,0.0001063028489061043
3.13104,0.002856372502774694,8.949478022780421e-05
3.13368,0.004157347599889016,0.00012816169652121
3.13633,0.00253826678690344,7.972508473913033e-05
3.13897,0.00267019124583796,8.358840513322009e-05
3.14161,0.004286174875138734,0.0001314678377323009
3.14426,0.003691318743063264,0.0001148054415267641
3.1469,0.002604839067702553,8.209313984390993e-05
3.14955,0.002140421753607105,6.80533467821925e-05
3.15219,0.003679520602108768,0.0001131347197257378
3.15483,0.002706789747502771,8.481051314302313e-05
3.15748,0.003614246254162044,0.0001115652843060491
3.16012,0.003921915857380687,0.000120437939909162
3.16276,0.003163877289123197,9.891994139234605e-05
3.16541,0.003414087610987792,0.0001063266064338172
3.16805,0.003202201789678137,9.954202078361725e-05
3.1707,0.002301040371809101,7.298554094560772e-05
3.17334,0.002661023307436182,8.322937978334656e-05
3.17598,0.003429731478912322,0.0001065208524144613
3.17863,0.002594240427302999,8.150890366353462e-05
3.18127,0.003167354467258603,9.842454476690257e-05
3.18391,0.002892620768590452,9.036727332027844e-05
3.18656,0.001881302164261933,5.979344170913669e-05
3.1892,0.002591326373473918,8.209830163555078e-05
3.19185,0.002967578107658161,9.255498552559755e-05
3.19449,0.002647219894561596,8.31385487633582e-05
3.19713,0.003315529411764706,0.0001029789006376821
3.19978,0.002295182505549392,7.221888074246344e-05
3.20242,0.003293052511098781,0.0001018067323460319
3.20506,0.001469454564372919,4.69741164310816e-05
3.20771,0.002456281839622644,7.692326838689618e-05
3.21035,0.003344470796337403,0.000103073369162558
3.213,0.002954601068257492,9.167699191760995e-05
3.21564,0.002183175707547171,6.796291969821022e-05
3.21828,0.002368113970588234,7.415047329417108e-05
3.22093,0.003595841703662597,0.0001099986253418569
3.22357,0.003174723154827968,9.817060080066932e-05
3.22621,0.003827597114317425,0.0001161741538724619
3.22886,0.003285775388457271,0.0001006736607121282
3.2315,0.00420664386792453,0.0001306168733481651
3.23414,0.002206961986681466,7.250471393614361e-05
3.23679,0.003003242647058827,9.779399380447222e-05
3.23943,0.002374601345726971,7.898245504165702e-05
3.24208,0.002075717397336292,7.058351003096342e-05
3.24472,0.003986894908435072,0.0001320654789140103
3.24736,0.002289828246392899,7.801962816780694e-05
3.25001,0.002957297655382911,0.0001010381941740733
3.25265,0.002062181811875691,7.27325398514414e-05
3.25529,0.002027980022197558,7.234112691670531e-05
3.25794,0.002438511376248609,8.555346084946762e-05
3.26058,0.002866842952275246,0.0001004238666047315
3.26323,0.004342340801886791,0.0001483340241470323
3.26587,0.003113347183684794,0.0001099811710553537
3.26851,0.002085004370144285,7.606879143892131e-05
3.27116,0.002929260474472808,0.000104575434750984
3.2738,0.002529384988901222,9.139950727004297e-05
3.27644,0.003573273238068811,0.0001277817178030118
3.27909,0.001681731825749168,6.28848491933538e-05
3.28173,0.001759424667036628,6.519734846182312e-05
3.28438,0.003744259295227527,0.0001362861047248338
3.28702,0.004462297724750278,0.0001547096135177035
3.28966,0.002975239802996669,0.0001050069034421701
3.29231,0.002510733213096562,8.803796474040639e-05
3.29495,0.001930307713651499,6.789903362849952e-05
3.29759,0.003287643312985574,0.0001120405748147643
3.30024,0.003245328870699225,0.0001099938218496853
3.30288,0.003938601276359601,0.0001316069473256352
3.30553,0.003696320477247503,0.0001234515042409131
3.30817,0.003110442286348501,0.0001047854213136546
3.31081,0.002808502358490565,9.539117012864102e-05
3.31346,0.002643912111542733,9.016498772570462e-05
3.3161,0.004276221767480577,0.0001401015765309957
3.31874,0.002029923487791344,6.982742745825231e-05
3.32139,0.002273728842952279,7.72370064483896e-05
3.32403,0.003217522891231964,0.0001077903041728029
3.32667,0.002304915857380687,7.772522825851042e-05
3.32932,0.002959641717536073,9.869090162599124e-05
3.33196,0.001890538776359598,6.484827559396978e-05
3.33461,0.001604860779689234,5.523197340062323e-05
3.33725,0.002929226137624863,9.776135023767145e-05
3.33989,0.00364096947835738,0.0001196820606594276
3.34254,0.004078414053829077,0.0001314012928868331
3.34518,0.001483482311320752,5.073727932610585e-05
3.34782,0.003378455119311879,0.0001107149030692481
3.35047,0.00162284184239734,5.48152203652994e-05
3.35311,0.002360530105438401,7.85791762608128e-05
3.35576,0.001501857103218643,5.108603094484295e-05
3.3584,0.0024563734045505,8.15364112441821e-05
3.36104,0.003537615566037736,0.000114735435057426
3.36369,0.003466220102663706,0.0001135751351541322
3.36633,0.002559111542730299,8.461052074212611e-05
3.36897,0.002511925846281909,8.34789468664133e-05
3.37162,0.00132925721420644,4.459355810522387e-05
3.37426,0.003540234322974474,0.000115275261529202
3.37691,0.003084224958379578,0.0001013285917527361
3.37955,0.003212278509988903,0.0001043406205435491
3.38219,0.001792214067702552,5.983061111375644e-05
3.38484,0.00269614303551609,8.845695603282204e-05
3.38748,0.003110382769145394,0.0001014878568293766
3.39012,0.002013112167036624,6.760414193398033e-05
3.39277,0.004354798210321862,0.0001385326438564999
3.39541,0.003559357658157602,0.0001145298579626221
3.39806,0.002806664192563817,9.246313198878148e-05
3.4007,0.002273767758046614,7.556849281237636e-05
3.40334,0.002780769630965593,9.149121755705842e-05
3.40599,0.002280383324084348,7.565838815654067e-05
3.40863,0.003764000693673694,0.000120352931514897
3.41127,0.002129308060488349,7.069222160771075e-05
3.41392,0.002085812430632633,6.923050843978913e-05
3.41656,0.003711838443396223,0.0001194407081178491
3.41921,0.00249485814372919,8.223387816814405e-05
3.42185,0.002621238346281911,8.579746092771224e-05
3.42449,0.002899689581021088,9.512809054263298e-05
3.42714,0.003192807228079914,0.0001028561404945005
3.42978,0.002421512347391785,7.983636339187468e-05
3.43242,0.00308069970865705,0.0001004868212256574
3.43507,0.002890045504994452,9.454755147665647e-05
3.43771,0.002755339761376247,9.026497261945072e-05
3.44035,0.003443887416759158,0.0001106952874622247
3.443,0.002199481132075472,7.277637895430204e-05
3.44564,0.001953647613762487,6.499173829014204e-05
3.44829,0.001764659891786902,5.823905456503859e-05
3.45093,0.002182580535516094,7.185238195594454e-05
3.45357,0.003376216356825746,0.0001083955272998901
3.45622,0.004093899972253054,0.000129824380583819
3.45886,0.002485241537180913,8.171350070623042e-05
3.4615,0.004433921753607102,0.0001383987255764746
3.46415,0.003019399278579357,9.729066023767187e-05
3.46679,0.002961074708657046,9.56269049928941e-05
3.46944,0.002977112305771362,9.632930717937962e-05
3.47208,0.003421277746947836,0.0001095290285200823
3.47472,0.002810622086570479,9.103948742930733e-05
3.47737,0.002711221490011099,8.751330877889754e-05
3.48001,0.002190519214761379,7.113138356289315e-05
3.48265,0.004060217813540512,0.000127076680018358
3.4853,0.002775941870144287,8.926477219009873e-05
3.48794,0.003400085044395117,0.000108767367276091
3.49059,0.003376594062153162,0.0001079881523553768
3.49323,0.003359519492230856,0.0001059988124420046
3.49587,0.002229880688124304,7.172978924592875e-05
3.49852,0.001975362236403994,6.478214956878428e-05
3.50116,0.001498533296337406,4.965829926677091e-05
3.5038,0.002838547100443954,9.12392819782795e-05
3.50645,0.002353784059378467,7.625253040020527e-05
3.50909,0.003029409614317425,9.689690619909255e-05
3.51174,0.002596621115427303,8.354090099650583e-05
3.51438,0.004438538915094342,0.0001390467575033224
3.51702,0.001861846906215315,6.070185112809527e-05
3.51967,0.001443715663152056,4.78795475481513e-05
3.52231,0.003456555424528302,0.0001095330545808471
3.52495,0.003314169672586018,0.0001061595282755162
3.5276,0.003409752011653718,0.000107694812910349
3.53024,0.002961690482796891,9.441565285124062e-05
3.53288,0.003133681465038844,9.984904900517275e-05
3.53553,0.002843404619866812,9.15991186156005e-05
3.53817,0.002658777677580466,8.595145236301554e-05
3.54082,0.00225540212264151,7.294113669937464e-05
3.54346,0.002082104051054385,6.778973622625095e-05
3.5461,0.00373416426193119,0.0001188141972055497
3.54875,0.00280681069644839,9.015910940682072e-05
3.55139,0.002716667314095447,8.718336737904995e-05
3.55403,0.004824757491675916,0.0001494103314249777
3.55668,0.001812655937846836,5.902260642307042e-05
3.55932,0.002840671406770258,9.130810234083278e-05
3.56197,0.004352218368479468,0.0001352766237795351
3.56461,0.003401089969478358,0.0001074849196064357
3.56725,0.002574636376248614,8.321664977891199e-05
3.5699,0.002850452830188676,9.176893491562784e-05
3.57254,0.002282521365149834,7.339726161967109e-05
3.57518,0.003251914678135404,0.0001030352238228435
3.57783,0.002140712472253051,6.97504874331372e-05
3.58047,0.004024979051054385,0.0001263802784422198
3.58312,0.002302514567147615,7.464782749748802e-05
3.58576,0.003965802927302997,0.0001239614323734806
3.5884,0.002705217119866815,8.699463488830385e-05
3.59105,0.003063854051054386,9.772658634627975e-05
3.59369,0.00203966370699223,6.643151419810747e-05
3.59633,0.003530468923418422,0.0001111045580295207
3.59898,0.003014914886237513,9.591408540791504e-05
3.60162,0.002978043978912319,9.564677080550327e-05
3.60427,0.00315250034683685,0.000100874603968693
3.60691,0.00366842064372919,0.0001152903846074191
3.60955,0.001629986195893449,5.34846074026432e-05
3.6122,0.003832633185349609,0.0001207411959817207
3.61484,0.002569215732519423,8.337349528513931e-05
3.61748,0.003434485987791344,0.0001082743027638877
3.62013,0.003224525319089902,0.0001022959013423373
3.62277,0.002301573737513874,7.457938086435907e-05
3.62541,0.002533045296892343,8.137324631776082e-05
3.62806,0.002791185141509432,9.001701332276278e-05
3.6307,0.002507661209766923,8.090342861054522e-05
3.63335,0.002770262555493895,8.936484248426039e-05
3.63599,0.001477319991675919,4.871451612212465e-05
3.63863,0.002595368965038845,8.354695779068192e-05
3.64128,0.00250307609600444,8.078740172102378e-05
3.64392,0.002292362305771367,7.427309157277818e-05
3.64656,0.001716320477247505,5.615136684992972e-05
3.64921,0.002730157117092118,8.819575289112169e-05
3.65185,0.002717328870699223,8.736584680466479e-05
3.6545,0.003679321448390678,0.0001156801946891434
3.65714,0.002768064997225306,8.869396424226767e-05
3.65978,0.003083117022752496,9.843312322991992e-05
3.66243,0.002144001942286347,6.966190861798697e-05
3.66507,0.002775676331853499,8.900111201275775e-05
3.66771,0.002019114248057715,6.57295149678072e-05
3.67036,0.002782777192008879,8.88987042588877e-05
3.673,0.003494058129855716,0.0001102500344961123
3.67565,0.002601000208102105,8.315421639463781e-05
3.67829,0.002805240357935628,8.938981799636126e-05
3.68093,0.002539585321864597,8.204302712746271e-05
3.68358,0.002223107172586016,7.124225040626192e-05
3.68622,0.003066079078801333,9.777469927746116e-05
3.68886,0.001901691384572698,6.134159992814513e-05
3.69151,0.00191446011376249,6.211828678688678e-05
3.69415,0.002093458102108767,6.728162734315386e-05
3.6968,0.001663402816315207,5.366661697669038e-05
3.69944,0.003098742577691455,9.838094519706645e-05
3.70208,0.002220550221975582,7.091486562186448e-05
3.70473,0.002022557089345171,6.518439427662057e-05
3.70737,0.002405092466703662,7.616531709317774e-05
3.71001,0.00386098626526082,0.0001188924436162531
3.71266,0.00235529716981132,7.499011203080466e-05
3.7153,0.002281150180355165,7.344112782432513e-05
3.71794,0.002959669187014428,9.341935844372205e-05
3.72059,0.002711663290788012,8.609039918075419e-05
3.72323,0.002315965455049941,7.378588955215947e-05
3.72588,0.001732593854051053,5.616890744404116e-05
3.72852,0.001871726761931188,6.020854398091404e-05
3.73116,0.002982745837957828,9.344077577841639e-05
3.73381,0.001330033226970036,4.347572345031237e-05
3.73645,0.003639769977802442,0.0001125454341480637
3.73909,0.003344434170366261,0.0001052082690207471
3.74174,0.002253898168701445,7.152104814824468e-05
3.74438,0.003448600721420643,0.0001075543782993457
3.74703,0.001683112167036625,5.479483176662428e-05
3.74967,0.002813920713096559,8.940189719515632e-05
3.75231,0.002640045782463931,8.27898683073583e-05
3.75496,0.001929062430632632,6.201454299550708e-05
3.7576,0.001993894977802443,6.37309362537724e-05
3.76024,0.00228329737791343,7.310826440244812e-05
3.76289,0.002884466911764704,9.073097898407707e-05
3.76553,0.002226792660932295,7.125530881921416e-05
3.76818,0.002458731201442843,7.82675199721934e-05
3.77082,0.003193693118756937,9.957315441611522e-05
3.77346,0.00277009773862375,8.765987918093881e-05
3.77611,0.002735593784683683,8.65150229854529e-05
3.77875,0.001544828523862375,4.99909023340954e-05
3.78139,0.001687337888457267,5.46141173972771e-05
3.78404,0.001843330188679244,5.93883391358891e-05
3.78668,0.001327565552164262,4.31134613557357e-05
3.78933,0.002776859808546058,8.755791147482884e-05
3.79197,0.002459214206437292,8.08601093372986e-05
3.79461,0.002870489525527195,9.507246999510459e-05
3.79726,0.002492058546059934,8.358404704870284e-05
3.7999,0.002140927649833519,7.378851817640474e-05
3.80254,0.003130078385127634,0.0001065222168309844
3.80519,0.002840435627081021,9.833971481900616e-05
3.80783,0.004549948251942285,0.0001532914467302077
3.81047,0.00267407817702553,9.448533671026122e-05
3.81312,0.002636131381798003,9.517622698734819e-05
3.81576,0.002531513873473916,9.107664251339998e-05
3.81841,0.002249983768035516,8.134367470716934e-05
3.82105,0.003826088582130966,0.0001368808565908665
3.82369,0.002933664747502777,0.0001064765817192782
3.82634,0.001998942494450612,7.432023501306083e-05
3.82898,0.003218779619866812,0.0001176341038633522
3.83162,0.0009314510960044401,3.589602878629793e-05
3.83427,0.003091096906215313,0.000114866215874445
3.83691,0.002560494173140956,9.731434122009248e-05
3.83956,0.002452733698668147,9.350507272127719e-05
3.8422,0.001787246670366259,6.940095986019212e-05
3.84484,0.003498810349611544,0.0001319990757052919
3.84749,0.001987682297447283,7.536880132299803e-05
3.85013,0.002125796545504994,7.842609905896203e-05
3.85277,0.003553838582130965,0.0001251428350952199
3.85542,0.002780765052719204,9.985218128875192e-05
3.85806,0.003923433546059933,0.0001363607682979118
3.86071,0.002873151775804661,0.0001011755329502741
3.86335,0.002013615774139846,7.159609777894413e-05
3.86599,0.00180482484739179,6.404307645827189e-05
3.86864,0.00338260987791343,0.0001158949503377937
3.87128,0.003714535030521643,0.0001271763219803909
3.87392,0.002860177025527192,9.883245873681011e-05
3.87657,0.002582229397891231,8.976291641838204e-05
3.87921,0.002083678967813542,7.31362091447382e-05
3.88186,0.002177050013873476,7.608241630728951e-05
3.8845,0.00399483816592675,0.0001348177233908075
3.88714,0.003394305008324086,0.0001146608384581025
3.88979,0.003889598016093232,0.0001313503828726731
3.89243,0.003735640746392896,0.0001259351593401655
3.89507,0.003366386861820197,0.0001127508013364725
3.89772,0.001731357727524973,5.980525019562038e-05
3.90036,0.003181366190344062,0.0001063287919734974
3.903,0.001333210529966704,4.617041983267812e-05
3.90565,0.00192790413429523,6.591792396303539e-05
3.90829,0.00276099160654828,9.250841590233738e-05
3.91094,0.002284130618756936,7.761668919793133e-05
3.91358,0.003142936390122085,0.0001042986330502996
3.91622,0.001863266162597115,6.304268858115558e-05
3.91887,0.002307825332963375,7.820026530579933e-05
3.92151,0.00248827004716981,8.303993931603834e-05
3.92415,0.00166863117369589,5.65993428135503e-05
3.9268,0.001751593576581573,5.955344005305827e-05
3.92944,0.002596740149833522,8.595103804579657e-05
3.93209,0.003071424181465038,0.000100983654988482
3.93473,0.002581297724750278,8.492533538713628e-05
3.93737,0.00249264685072142,8.238187590498114e-05
3.94002,0.002900719686459488,9.534491473650291e-05
3.94266,0.001928725929522756,6.47023919785926e-05
3.9453,0.003112513942841288,0.0001018585390621803
3.94795,0.003224607727524974,0.0001050432556404602
3.95059,0.003160761792452829,0.0001035680285115866
3.95324,0.003966118826304104,0.0001282418293945116
3.95588,0.002307832200332961,7.681870517285408e-05
3.95852,0.002460196240288569,8.175391731563872e-05
3.96117,0.001763728218645949,5.954831998009165e-05
3.96381,0.001773701928412874,5.949299966275375e-05
3.96645,0.002286035169256382,7.577626436089885e-05
3.9691,0.00246514532463929,8.154795184195016e-05
3.97174,0.002281347044950058,7.623448464165565e-05
3.97439,0.001552817563817979,5.27223231071079e-05
3.97703,0.00307917744173141,9.974523784764933e-05
3.97967,0.003365219408990008,0.0001091978170080257
3.98232,0.002266399070477244,7.497653050331635e-05
3.98496,0.002021144700332966,6.741530356856147e-05
3.9876,0.002160293632075471,7.171505129004627e-05
3.99025,0.004892833726415094,0.0001542545399835929
3.99289,0.003696581437291897,0.0001201195558873743
