0.0431807,51.08645187985572,0.3684120157803117
0.0458244,43.95628522475028,0.3278073250052743
0.0484682,38.47580289955605,0.3029045165946603
0.0511119,33.64866929800222,0.2921481503729912
0.0537556,29.69976536487236,0.2584263432894079
0.0563993,26.33168729883463,0.2501141468765512
0.059043,23.32415469755827,0.2198073528535629
0.0616867,20.79349024902886,0.2138509358440559
0.0643304,18.77424895463374,0.1985861069008763
0.0669742,17.06059171198668,0.1815301949114458
0.0696179,15.3114921122364,0.1742645241144254
0.0722616,13.90198968437847,0.1562394633112933
0.07490529999999999,12.80461300430078,0.1501084598306954
0.07754900000000001,11.64894123820755,0.14122546827644
0.08019270000000001,10.63854119034406,0.1296986053951255
0.08283649999999999,9.679166179245284,0.1245790922683361
0.08548020000000001,8.886436727247503,0.1141670441465943
0.08812390000000001,8.141685511931188,0.1135070416254036
0.0907676,7.639023084073252,0.1093740540942442
0.0934113,7.055693396920089,0.1035039618897405
0.096055,6.474359275804662,0.09983893807549468
0.0986987,6.11242184100999,0.09409248585442583
0.101342,5.615974977802442,0.08960809348721212
0.103986,5.226128232519424,0.08207796300742236
0.10663,4.919195978773585,0.08047364479534699
0.109274,4.632091949916759,0.07786111557763598
0.111917,4.298935821309657,0.07200674223677375
0.114561,3.982199916759157,0.06736810472884097
0.117205,3.749947285654828,0.06446735295052788
0.119848,3.560091207685905,0.06167326361998304
0.122492,3.321036355438402,0.05720522373541576
0.125136,3.150456754994451,0.05566846300338112
0.12778,2.937910727663707,0.05226515347786335
0.130423,2.779715329495006,0.05025042723262621
0.133067,2.620321437985572,0.04801698546162383
0.135711,2.458348940760267,0.04412483697336842
0.138354,2.326020566037736,0.04274258983577216
0.140998,2.216252393174251,0.04076796220618516
0.143642,2.09334870491121,0.0387606564873278
0.146286,1.954716794533851,0.03588256953233138
0.148929,1.848345062430633,0.03409659275288317
0.151573,1.735459676054384,0.03299699444683089
0.154217,1.689545152608213,0.03158037189843709
0.15686,1.6193434440899,0.03064574829089778
0.159504,1.546743466981132,0.02911889600998797
0.162148,1.482192848224196,0.02809552758742274
0.164792,1.397386213235294,0.02706271744420222
0.167435,1.315282758046615,0.02512073697935185
0.170079,1.261165871254162,0.02430104950424997
0.172723,1.193661322142064,0.02300272249508379
0.175366,1.151391586431743,0.0224429312278563
0.17801,1.079323097946726,0.02102843728648617
0.180654,1.066836205604883,0.02066885976208347
0.183298,0.9739496066870146,0.01927416837244572
0.185941,0.9552531929800223,0.01874141778452242
0.188585,0.9236624916759157,0.01819244313744562
0.191229,0.872973177719201,0.01735016767114187
0.193872,0.8493300145671477,0.01681477917318546
0.196516,0.8148759864039956,0.01628806803808038
0.19916,0.7891599306326305,0.01577228348853946
0.201804,0.7400891641231965,0.01519994186627449
0.204447,0.7201913269977802,0.01456503955637028
0.207091,0.6876758657047726,0.01387272677724186
0.209735,0.6803880757491676,0.01371936579597955
0.212378,0.6355939178690344,0.01298682810836285
0.215022,0.6164986015538292,0.01258145279729
0.217666,0.5981235349611543,0.0123448007104652
0.22031,0.5726122641509434,0.01200919006756178
0.222953,0.5485997280799112,0.01137805661519411
0.225597,0.5304900166481686,0.01095464799687098
0.228241,0.5242605112375139,0.01094301498813474
0.230885,0.5017879827968924,0.01051758865113159
0.233528,0.4839864331298557,0.01026502244307815
0.236172,0.4760040545227525,0.01005321350390591
0.238816,0.4554062493063263,0.009666659222249248
0.241459,0.435699256381798,0.009256879801030139
0.244103,0.4283666911764706,0.009004844587978055
0.246747,0.4124933157602664,0.008821819570323974
0.249391,0.3971500097114318,0.008580965789157766
0.252034,0.3905290871254162,0.00848403545749288
0.254678,0.3831337999445061,0.008224727307246037
0.257322,0.3662638318534962,0.007937968054118241
0.259965,0.3514400652053274,0.007656538223949842
0.262609,0.3442547592952276,0.007521221446886327
0.265253,0.3494195019422864,0.007671993719111764
0.267897,0.334320926054384,0.007293820153923442
0.27054,0.3162383865149834,0.006978239112595002
0.273184,0.3063238963651498,0.006727278829272585
0.275828,0.2968514816870144,0.006560552319627636
0.278471,0.2925605431465039,0.006560463558742332
0.281115,0.2857966877081021,0.006421930113107934
0.283759,0.2728806534406216,0.006205210222059468
0.286403,0.265107981409545,0.005929703095853946
0.289046,0.2743521705049944,0.006134660132323975
0.29169,0.2571211619034406,0.005808980576732653
0.294334,0.2575264740566038,0.005849439339401574
0.296977,0.2502484128745838,0.005709950532419113
0.299621,0.2412072690066593,0.005485633746426866
0.302265,0.2402212062985572,0.005468985380384464
0.304909,0.2372517556881243,0.005385957640425806
0.307552,0.2268632796892342,0.005249340908640736
0.310196,0.220222144145394,0.005090493060972121
0.31284,0.2217369485294118,0.005080366950379523
0.315483,0.2157322579078801,0.004981823233792213
0.318127,0.2037342238485016,0.004748161912393597
0.320771,0.1981085868479467,0.004634717599850897
0.323415,0.1958558469755827,0.004603032669151773
0.326058,0.1944774514428413,0.004540662725015018
0.328702,0.1900332561043285,0.004523174931101779
0.331346,0.1973577201026637,0.004579041485211299
0.333989,0.1884966775804662,0.004401604587373761
0.336633,0.1757679439511654,0.004147373080502352
0.339277,0.1772926144561598,0.004162100980646429
0.341921,0.175936423418424,0.004189435341061739
0.344564,0.1757012228773585,0.004142029996577217
0.347208,0.1689398786071032,0.004032049930516224
0.349852,0.1670367702552719,0.003963592440777272
0.352495,0.1572533346975583,0.003801601006280416
0.355139,0.1570140732519423,0.003783415654870287
0.357783,0.1575795347530522,0.003796300617288563
0.360427,0.1531779216842397,0.003706834618362383
0.36307,0.1586850645116537,0.003756433356109034
0.365714,0.1557418586986682,0.003720608688380879
0.368358,0.1507075823390677,0.003586759914281782
0.371001,0.1508123623751388,0.003609274264744967
0.373645,0.1415778288013319,0.003458206605669061
0.376289,0.1350111996392897,0.003312454405814455
0.378933,0.1418207436875694,0.003440463326227977
0.381576,0.1349714650388457,0.003262213003997946
0.38422,0.1332421057158713,0.003262776481124956
0.386864,0.1329501005826859,0.003231928214150124
0.389507,0.1316261037735849,0.003224535700343464
0.392151,0.1329050689511654,0.003262606642576008
0.394795,0.1292152816315205,0.003140289813424435
0.397439,0.1272274596975583,0.003114276470162534
0.400082,0.1195611334628191,0.002959189079297491
0.402726,0.1214211147336293,0.003002820689253813
0.40537,0.119392740982242,0.002961851873746704
0.408013,0.1217572266925638,0.002959376055763877
0.410657,0.1171455819922309,0.002915109857329703
0.413301,0.1125490615288568,0.002805466505031957
0.415945,0.1157465683268591,0.00287521672692764
0.418588,0.1093774676054384,0.002768054371328414
0.421232,0.1097715813679245,0.00276015001826281
0.423876,0.110385361681465,0.002811460264574487
0.426519,0.1033246069644839,0.002698626955190842
0.429163,0.103553336154273,0.002778908575989727
0.431807,0.1032822787874584,0.002824843866101922
0.434451,0.1029070777608213,0.002863526962760311
0.437094,0.09728891016925639,0.002821416269034461
0.439738,0.1054837056742508,0.002987236802745505
0.442382,0.1003216756381798,0.002941517457256861
0.445025,0.101140863554384,0.002955497532130777
0.447669,0.09677143097946726,0.002888626179618248
0.450313,0.09312936501109878,0.002856123872537769
0.452957,0.09865489407602664,0.002930653901358997
0.4556,0.1009422638041066,0.002961008686484272
0.458244,0.09223097114317425,0.002740507116388877
0.460888,0.09494599715593785,0.002811070873804735
0.463531,0.09542438041065483,0.002851520532110047
0.466175,0.08662364941731408,0.002635577537435425
0.468819,0.08429853433684795,0.00264265477419437
0.471463,0.08770821996392895,0.002643026421405981
0.474106,0.08193082096281909,0.002578028082250091
0.47675,0.083967730854606,0.002616812146469672
0.479394,0.0854864931326304,0.002658805773898119
0.482037,0.0890069288290788,0.002765899651947334
0.484681,0.08448534052441733,0.002538757104748212
0.487325,0.08368186743895673,0.002520821839622332
0.489969,0.08332380278856824,0.002452270093830956
0.492612,0.08371911147336293,0.002459199755214436
0.495256,0.08558838200610433,0.002451415885491465
0.4979,0.08307075166481687,0.00237381012367349
0.500543,0.07829595428690345,0.002263334553273011
0.5031870000000001,0.08025478218645948,0.002282805598508635
0.505831,0.07767036896503884,0.002233698401659271
0.508475,0.07660047169811321,0.002201703871537448
0.511118,0.07826143888734739,0.002201693848672742
0.5137620000000001,0.07873824493618203,0.002212789391227485
0.516406,0.07933211903440621,0.00220190800368932
0.519049,0.07676017924528301,0.002162924362205612
0.521693,0.07387043819367368,0.002077068672720655
0.5243370000000001,0.07225681007214206,0.002044827998246168
0.526981,0.06862738006381798,0.001975468775635344
0.529624,0.07518466731409544,0.002073831366260982
0.532268,0.07260136660654827,0.002031231197936087
0.5349120000000001,0.07336339282741398,0.002024737241124037
0.537555,0.07292636945061043,0.002014650771629872
0.540199,0.07075319034406215,0.001980174343707025
0.542843,0.06865291294395118,0.001928404577279847
0.5454870000000001,0.06980257470865704,0.001943776070707982
0.54813,0.06770462076859046,0.001863726607915502
0.550774,0.06398517099056604,0.001814683854497652
0.553418,0.07056149001109878,0.001922730811840244
0.556061,0.06765966925638181,0.001868155457415046
0.558705,0.0660762461154273,0.001847774063621914
0.561349,0.06315095040233075,0.001748021903693077
0.563993,0.06217806159822419,0.00174433999720828
0.566636,0.06860609350721421,0.001852703646199567
0.56928,0.05925438200610432,0.001685010280934899
0.571924,0.06220202413984462,0.001733346683849819
0.574567,0.06186232512486127,0.001719900002066755
0.577211,0.06210309739178691,0.001719299794871588
0.579855,0.06119620172031076,0.001682393340945276
0.582499,0.06195365656215315,0.001712150469509343
0.5851420000000001,0.05956722044950055,0.001652456325281323
0.587786,0.06247091370699224,0.001723260800640383
0.59043,0.06167691759156493,0.00169400921233405
0.593073,0.05855887083795783,0.001608182168484808
0.5957170000000001,0.05662460523029966,0.001576777219261809
0.598361,0.05952179508879024,0.001635979045323678
0.601005,0.05941667855160933,0.001621227002031343
0.603648,0.05743886924250833,0.001576005133105903
0.6062920000000001,0.05809015912874584,0.001585214201044106
0.608936,0.05683989497780244,0.001559362461393994
0.611579,0.05598078017480577,0.001528672126374581
0.614223,0.05760156180632631,0.001558712538237264
0.6168670000000001,0.06015901831298557,0.001603643927848562
0.619511,0.0591500506381798,0.001574257137013045
0.622154,0.05756834433962264,0.00154908722038591
0.624798,0.05357066537180911,0.001461659480402771
0.6274420000000001,0.05832679495005549,0.001542732762370456
0.630085,0.05718665593784684,0.001531463028809224
0.632729,0.05174998147891232,0.001417812925424707
0.635373,0.0547505527192009,0.001473038182119646
0.6380169999999999,0.05088263269977802,0.001388229767819501
0.64066,0.05418095935072142,0.001460225937740413
0.643304,0.05482568860987792,0.001472220583075436
0.645948,0.05187512555493896,0.001408567306979316
0.6485919999999999,0.05122818042452831,0.001391917662152072
0.651235,0.04992373959489457,0.001377395368136713
0.653879,0.05084180389844618,0.001390464598855759
0.656523,0.0489326865982242,0.001345502023558739
0.659166,0.05235721261098779,0.001412567767960964
0.66181,0.04856243923418424,0.001321249877028607
0.664454,0.05047587153163152,0.001372257856015875
0.667098,0.05109809184239733,0.001388148219418965
0.669741,0.0485925686736959,0.001336842646471028
0.672385,0.05040635314927858,0.001362126166979797
0.675029,0.05102429279966704,0.001364787795268126
0.6776720000000001,0.04836964241120977,0.001310021470981547
0.680316,0.04626462423695894,0.00127335646381984
0.68296,0.04640763949778026,0.001264043910666431
0.685604,0.04736181243063264,0.001293515645118592
0.6882470000000001,0.05016253863762485,0.001336620930200122
0.690891,0.04839181943673696,0.001305362784190795
0.693535,0.04980287617924529,0.00132378781845124
0.696178,0.04881773827691453,0.00130552115031324
0.6988220000000001,0.04747758712541621,0.001284290648319184
0.701466,0.04951858310210876,0.001310849068957149
0.70411,0.0474423300499445,0.001279540473613495
0.706753,0.04748841238901221,0.001263957589706515
0.7093970000000001,0.0448361770255272,0.001218652099697135
0.712041,0.0455936227108768,0.001234043886283034
0.714684,0.04683751394284128,0.001249614841338133
0.717328,0.04682486424805771,0.001248392388177681
0.7199719999999999,0.04562280445338512,0.0012252910671373
0.722616,0.0460585276082131,0.001226228421548898
0.725259,0.04684770969755827,0.00124363385252715
0.727903,0.04403528378190899,0.001174040526487004
0.7305469999999999,0.04266701990843508,0.001164341937458096
0.73319,0.04059252490288568,0.00111862731296604
0.735834,0.04446252573529412,0.001183891652813025
0.738478,0.04694475478634851,0.001225413379035196
0.7411219999999999,0.04466363207547169,0.001185928271783456
0.743765,0.04451558532186459,0.001189455937877706
0.746409,0.04607350991953385,0.00119745889390311
0.749053,0.04318283032741398,0.001155871893928766
0.751696,0.04423085502219756,0.001163108873633939
0.75434,0.04421105410654828,0.001173076548826106
0.756984,0.04128955833795783,0.00109995397889662
0.759628,0.04536535134572697,0.001184375440177947
0.762271,0.04109198869311877,0.001100467957252079
0.764915,0.04071324181465039,0.001086327359669754
0.767559,0.04452374146781354,0.001172269345451195
0.7702020000000001,0.04217182762208657,0.001111012800545132
0.772846,0.04188103801331854,0.001103147450462398
0.77549,0.04337119082963374,0.001140001142327257
0.778134,0.04041459822419535,0.001069882582150143
0.7807770000000001,0.03891276630133186,0.001049615279341295
0.783421,0.03946399403440622,0.001052846146795752
0.786065,0.04090480251109879,0.001081519811422928
0.788708,0.0395566852108768,0.001056186043426162
0.7913520000000001,0.04032582831576027,0.001059955158706943
0.793996,0.03866063311598224,0.001034059677510791
0.79664,0.04281240670088791,0.001105423885894987
0.799283,0.0417290791481687,0.001084764076432189
0.8019269999999999,0.04114665753329633,0.001073170209581681
0.804571,0.0397396021781354,0.001040634173141549
0.807214,0.03868929522752498,0.001025593413910954
0.809858,0.03818099771087681,0.001003787254702302
0.8125019999999999,0.04035244395116538,0.001060417894499345
0.815146,0.04016431236126526,0.00104146594088622
0.817789,0.03846632318257492,0.001011605732694454
0.820433,0.04029644741953385,0.001050382739676447
0.8230769999999999,0.03855648487791343,0.001007320587749468
0.82572,0.041713806118202,0.001073073927348424
0.828364,0.03900471580188679,0.001013912419754836
0.831008,0.03878677524972254,0.001014797537821047
0.8336519999999999,0.0400228788845727,0.001025350430505959
0.836295,0.04040302212819089,0.001036656702984956
0.838939,0.03921786521920088,0.001017599980804904
0.841583,0.03697562097669256,0.0009606526247508702
0.844226,0.04017989213374028,0.001038324538321364
0.84687,0.0384419073945616,0.0009929351338981084
0.849514,0.03682897974472808,0.0009624073466619893
0.852158,0.03795093625138735,0.0009868088317577578
0.854801,0.03632392133740289,0.0009361235172634144
0.857445,0.03682363006381798,0.0009590648213939139
0.860089,0.03729252719200889,0.0009581275352160085
0.8627320000000001,0.03778750430077692,0.0009687766986177558
0.865376,0.03707425929522753,0.0009885972232252186
0.86802,0.03821104474195339,0.001003948417899978
0.870664,0.03688268257491677,0.0009933422826046614
0.8733070000000001,0.03667018784683685,0.0009745019441677552
0.875951,0.03721178752774695,0.001003447549016549
0.878595,0.03476303003607104,0.000954365665054824
0.881238,0.0360226612791343,0.0009749434211198738
0.8838819999999999,0.03590362000554939,0.0009883422241125399
0.886526,0.03748534003884573,0.0009964927386767492
0.88917,0.03561888054938957,0.0009711767935328666
0.891813,0.03718046316592675,0.001002873563925795
0.8944569999999999,0.03758765468923419,0.0009888435013000955
0.897101,0.03758534267480577,0.0009796384558892284
0.899744,0.03566369471420644,0.0009388709095658117
0.902388,0.03663861854883463,0.0009537207334785516
0.9050319999999999,0.03642650381520533,0.0009372531923133186
0.907676,0.03742697426470588,0.000957570406213582
0.910319,0.03504904453385128,0.0009155805531663401
0.912963,0.03466162645671476,0.0009057842897770297
0.9156069999999999,0.03379207096281909,0.0008891614682248404
0.91825,0.03384772870421754,0.000875906804931854
0.920894,0.03614591453940067,0.0009293138384618362
0.923538,0.03569226297169811,0.000916654327535192
0.9261819999999999,0.03699188977524973,0.0009328831670389806
0.928825,0.03847356139012208,0.0009709784515851746
0.931469,0.03538953329633741,0.0009031682169023875
0.934113,0.03560523966426193,0.0009160604851571831
0.936756,0.03533586022475028,0.0008940496392584734
0.9394,0.03524784114872365,0.000895842942177623
0.942044,0.03257130903163152,0.0008400595711144968
0.944688,0.03537850201165372,0.0008960057484088505
0.947331,0.03464101061320755,0.0008839438819493047
0.949975,0.03465084697558269,0.0008763276111852796
0.952619,0.03388394950055494,0.0008645339072091173
0.9552619999999999,0.03474353357380688,0.0008797098015920722
0.957906,0.03549527018590455,0.0008921708157772236
0.96055,0.03432610509156493,0.0008748407815891673
0.963194,0.03256544887624861,0.0008219444316446098
0.9658369999999999,0.03533445241398446,0.0008880351208828916
0.968481,0.03426675499445061,0.0008612749034803802
0.971125,0.03236195498057714,0.0008212749576616757
0.973768,0.03335729321587125,0.0008383737947303186
0.9764119999999999,0.03524802198945617,0.0008664131079988569
0.979056,0.03346283095172031,0.000841546662153475
0.9817,0.03529421191731411,0.0008697435265895268
0.984343,0.03367736757769146,0.0008353602620260941
0.9869869999999999,0.0325103473917869,0.0008108754592701422
0.989631,0.03490599264705883,0.0008660709561397618
0.992274,0.03318608282463929,0.0008565588488827729
0.994918,0.03313729932019979,0.0008533539684113901
0.9975619999999999,0.03084806853496115,0.0008180454377499837
1.00021,0.03347913179800222,0.0008757824901486822
1.00285,0.03282670879578246,0.0008597917240120926
1.00549,0.03329625603496116,0.0008867879243033415
1.00814,0.03366273321309656,0.0008869525604591976
1.01078,0.03388815233074362,0.0008967838707083578
1.01342,0.03356397357103219,0.0008951650433419998
1.01607,0.0328952634572697,0.000891278172427364
1.01871,0.0319690681881243,0.0008664782601688021
1.02136,0.0301031557991121,0.0008333152058802351
1.024,0.03041140912874584,0.0008471657306702865
1.02664,0.0321575317008879,0.0008839951866946812
1.02929,0.03167894013596005,0.0008777301621285536
1.03193,0.03295796025249723,0.0009009485128060697
1.03457,0.03361506680077692,0.0009124254089175663
1.03722,0.03465431041897891,0.0009438602734346971
1.03986,0.03288745754716981,0.0008998355142575928
1.04251,0.03217582179522752,0.0008928537590793321
1.04515,0.03185243507214207,0.0008706642191441812
1.04779,0.0318279162735849,0.0008623611722386915
1.05044,0.03045206853496115,0.0008264499476944848
1.05308,0.03097493174250832,0.0008226352943498227
1.05572,0.03088379716981132,0.0008263884653504927
1.05837,0.03257204612930077,0.0008443543353107324
1.06101,0.02991631756381799,0.0008011939811567739
1.06365,0.03343255271920089,0.0008564754964831667
1.0663,0.03119631513596005,0.0008142603645812636
1.06894,0.03062220303829079,0.0008019507692932952
1.07159,0.03000487000554939,0.0007783819376383475
1.07423,0.03173303669533852,0.0008195358802982143
1.07687,0.0313239612236404,0.0008014328756795432
1.07952,0.03171681825749167,0.0008137784785583891
1.08216,0.03156832741398446,0.0008056390198970271
1.0848,0.03091814775249723,0.0007789942084842737
1.08745,0.03168651942286348,0.0008010021977304059
1.09009,0.02785220373196448,0.0007229564616660431
1.09274,0.02997184940344062,0.0007676493337557788
1.09538,0.03062944582408435,0.000776873309203938
1.09802,0.02866082047724751,0.0007326802702456423
1.10067,0.0300244580327414,0.0007633364510030118
1.10331,0.02971226741120976,0.0007477046554509061
1.10595,0.02830047357103219,0.0007249637705708434
1.1086,0.02717606312430633,0.0007004984963613085
1.11124,0.02806270692286349,0.0007177421344432557
1.11389,0.02859761778579357,0.0007300298429908673
1.11653,0.03133332144839068,0.0007660109160852085
1.11917,0.02695271795227525,0.000695266240436776
1.12182,0.02995442688679245,0.0007453421970405185
1.12446,0.02740233150665927,0.0007019746952403999
1.1271,0.02839593916481687,0.0007151228455294406
1.12975,0.02948879175915649,0.0007316145492851736
1.13239,0.02816901151498336,0.0007105201555805525
1.13504,0.02717417001942287,0.0006885185074716088
1.13768,0.02712542543007769,0.0006878018760666489
1.14032,0.02880168167314096,0.0007208349124100637
1.14297,0.02700004328523862,0.000685769438607672
1.14561,0.0278646290926748,0.000707387298337078
1.14825,0.02735370595172031,0.000684045155718258
1.1509,0.02724384635127636,0.0006860998482854237
1.15354,0.02878995907325195,0.0007142064804148485
1.15618,0.02737007776082132,0.0006840347144134035
1.15883,0.02824998695893452,0.0007097657430100243
1.16147,0.02719476754994451,0.0006765267588087719
1.16412,0.02526839483906771,0.0006489572921587609
1.16676,0.02624886064095449,0.0006557431934662214
1.1694,0.02738098772197559,0.0006832892127293738
1.17205,0.02565075166481688,0.0006465835466047627
1.17469,0.02683323945615983,0.0006679519570448447
1.17733,0.0244823236681465,0.0006249959166453502
1.17998,0.02800112721975583,0.0006838791913503687
1.18262,0.02682960890677026,0.000666888190595768
1.18527,0.02504059274417314,0.0006298038425570918
1.18791,0.02537782866259712,0.0006382636791707905
1.19055,0.02621332658157603,0.0006544270624814513
1.1932,0.02545677365427303,0.0006322210203049217
1.19584,0.02523456159822419,0.0006331928594819005
1.19848,0.027072118618202,0.0006616844220131954
1.20113,0.02447989719755827,0.0006174805239880344
1.20377,0.02514429918146503,0.0006272031666738664
1.20642,0.02425195775527192,0.0006103538549619626
1.20906,0.02730310717258602,0.0006690566177555634
1.2117,0.02588703953940067,0.0006341151219422362
1.21435,0.02555882734461709,0.0006318503253444307
1.21699,0.02517192889844617,0.0006215037903770369
1.21963,0.02417858220033297,0.0006040298652965348
1.22228,0.02342712943951166,0.0005915282708433206
1.22492,0.02325518652885683,0.0005820949540093349
1.22757,0.02450216349889013,0.0006080062691750027
1.23021,0.0227575586154273,0.0005705435024495281
1.23285,0.02329275561875694,0.0005819486402628794
1.2355,0.02322796656492786,0.0005824502886795948
1.23814,0.02307001248612653,0.0005768072900303329
1.24078,0.02274522710876804,0.0005739782205985731
1.24343,0.02353981381798003,0.0005861910030397905
1.24607,0.0228351667591565,0.0005696424083716801
1.24871,0.02247366842397337,0.000562464809802957
1.25136,0.02339812853773586,0.0005780179149171573
1.254,0.02413175818534961,0.0005938909009044589
1.25665,0.02388148376803552,0.0005879241842569513
1.25929,0.02259924743340732,0.0005645701072078113
1.26193,0.0230986494173141,0.0005673210217335584
1.26458,0.02178308344894562,0.0005433750969666233
1.26722,0.02227420796337403,0.0005549567739064534
1.26986,0.0221947547863485,0.0005522538526060183
1.27251,0.02081978607103219,0.0005263537230291605
1.27515,0.02249215080466149,0.0005544293162648025
1.2778,0.02127764733629301,0.0005335717746897975
1.28044,0.01901852081021088,0.0004834241863118299
1.28308,0.02238045761653718,0.0005507400028409579
1.28573,0.02159876553829079,0.000539477873311954
1.28837,0.02103220983629301,0.0005204396524089071
1.29101,0.0185907935627081,0.0004811560522900301
1.29366,0.01969334059378468,0.0004950186021875222
1.2963,0.02159034843229745,0.0005336191657786374
1.29895,0.0195632703246393,0.0004947014880359617
1.30159,0.02218813693118757,0.0005397871114293157
1.30423,0.02138703537735849,0.0005314476068226715
1.30688,0.02092549778024417,0.0005138171841894101
1.30952,0.02153290746392898,0.0005303619855365409
1.31216,0.02037354439511654,0.000503910399593369
1.31481,0.01898068160377358,0.0004784957875902795
1.31745,0.01989069048279689,0.0004955308361653168
1.3201,0.01993707269700333,0.0004924154951461297
1.32274,0.0198592951581576,0.0004929363389470708
1.32538,0.01920228475305217,0.0004766338300401844
1.32803,0.02029317099056604,0.0004976121209979157
1.33067,0.01916038235294118,0.0004810289904060261
1.33331,0.01858431305493895,0.0004615423050412039
1.33596,0.01873947898168701,0.0004690277033253842
1.3386,0.02013845144284129,0.0004949821553533263
1.34124,0.01789512673418424,0.0004494656122426473
1.34389,0.01917910738068813,0.0004745981341071434
1.34653,0.01876777254439511,0.0004635864638111701
1.34918,0.01766036570477247,0.0004457495026866148
1.35182,0.01726297391786904,0.0004335930050269452
1.35446,0.01747436299944507,0.0004410996925545686
1.35711,0.01774767515260821,0.0004452281343138276
1.35975,0.01710546392896782,0.0004325763287850606
1.36239,0.017611431118202,0.0004436327936332743
1.36504,0.01691325998890122,0.0004240137609779854
1.36768,0.01692624389567148,0.0004282845017376368
1.37033,0.01927927941176471,0.0004738904489787067
1.37297,0.01850242653995561,0.0004588339441333797
1.37561,0.01568384288290788,0.000405818542408926
1.37826,0.01624732887069922,0.0004099437227930132
1.3809,0.01714639574084351,0.0004327886746512005
1.38354,0.01811626519145394,0.0004509468945418291
1.38619,0.01709278676470588,0.0004312638594020912
1.38883,0.01579209551886792,0.0004015831583100771
1.39148,0.01724680584073252,0.0004323775491059033
1.39412,0.01733500804661487,0.0004347962697024937
1.39676,0.01735320657602663,0.0004308232362210075
1.39941,0.01697433379578247,0.0004250587475668206
1.40205,0.01656665697835738,0.000415568415229243
1.40469,0.01541664039955605,0.0003971296231619658
1.40734,0.01530969027469478,0.0003898099351490032
1.40998,0.01520497891231964,0.0003868404915685183
1.41263,0.01689668902608214,0.0004197602584222812
1.41527,0.01589765156770256,0.0004005898316578364
1.41791,0.01639780667314096,0.0004122322636975915
1.42056,0.01699585842119867,0.0004235298210845119
1.4232,0.01453855105438402,0.0003719101992875949
1.42584,0.01576921802164262,0.0003967694761653204
1.42849,0.01567710828246393,0.0003963161141992337
1.43113,0.01375902677580466,0.0003563401646738161
1.43377,0.01555396261098779,0.0003923185395551412
1.43642,0.0134253916481687,0.0003459017377499025
1.43906,0.01484660065205328,0.000378188546556753
1.44171,0.01301786820199778,0.0003382704004625431
1.44435,0.01600737610987792,0.000399636793687655
1.44699,0.0155618165926748,0.0003901134074590873
1.44964,0.01564508573806881,0.0003935824980973791
1.45228,0.0138060522336293,0.000353311185348232
1.45492,0.0138070182436182,0.0003526571783236134
1.45757,0.01388203738901221,0.0003534983350973303
1.46021,0.01328329890399556,0.0003416898906273246
1.46286,0.01374000645116537,0.0003508706481609662
1.4655,0.01453855792175361,0.0003683242008614107
1.46814,0.01471586653718091,0.0003695198629628625
1.47079,0.01462215441176471,0.0003703156208222406
1.47343,0.01435991932574917,0.0003617779167205508
1.47607,0.01354472364039956,0.0003476395746314883
1.47872,0.0147831598917869,0.0003690414797025681
1.48136,0.01467980826859045,0.000370251486017087
1.48401,0.01265626456714762,0.000329036887580249
1.48665,0.01583278697280799,0.0003910063466047374
1.48929,0.01345795442563818,0.0003418032521180506
1.49194,0.01367115649278579,0.0003437634904136377
1.49458,0.01397518639012209,0.00035596421954853
1.49722,0.01282055951720311,0.0003275132802643456
1.49987,0.01251501422031076,0.0003215383281756333
1.50251,0.01207337597114318,0.0003146454752575264
1.50516,0.01365505480022198,0.0003440687979083391
1.5078,0.01161361931187569,0.0003013021311638666
1.51044,0.01263465753329634,0.0003237160935183038
1.51309,0.01174917203107658,0.0003035716174910461
1.51573,0.01261254689234184,0.0003238731892554396
1.51837,0.01438460523029967,0.0003567359722092633
1.52102,0.01290727837125417,0.0003276728707558659
1.52366,0.01156459316037736,0.0002971908477635249
1.5263,0.01253446032186459,0.000317348877288961
1.52895,0.01255601012763596,0.0003211431984505545
1.53159,0.01356340288568258,0.0003417392942974923
1.53424,0.01097818160377358,0.0002879299617862137
1.53688,0.01239468874861266,0.0003159719610488135
1.53952,0.01226880299667037,0.0003116615435844795
1.54217,0.01179175887902331,0.0003004738081163388
1.54481,0.0116580214345172,0.0002993697409003449
1.54745,0.008771901775804659,0.0002366327304367228
1.5501,0.01304306458102109,0.0003329039142307585
1.55274,0.0104578455882353,0.0002801384193096345
1.55539,0.01007435106825749,0.0002729596414056935
1.55803,0.0113267326581576,0.0003035295978351612
1.56067,0.01192798002219756,0.0003199916141833245
1.56332,0.01186119485294118,0.0003160667198362566
1.56596,0.0118820006936737,0.0003225111663585152
1.5686,0.01181273640399556,0.0003181591862848739
1.57125,0.01129166557991121,0.0003121882368378852
1.57389,0.01116991398446171,0.0003074865334011891
1.57654,0.01045000305216427,0.0002900106151204902
1.57918,0.011235859045505,0.0003139158480002798
1.58182,0.01324069832130966,0.0003576332404293522
1.58447,0.0104124682991121,0.000294679122827219
1.58711,0.01190007561043285,0.0003276817781871305
1.58975,0.01059319686459489,0.0002985058317836662
1.5924,0.01102671330466148,0.0003146355081243189
1.59504,0.009880599680910098,0.0002814784766286375
1.59769,0.009808982172586017,0.0002836472686660173
1.60033,0.01178162721975583,0.0003295474477144208
1.60297,0.01064750402330744,0.0003029144447466668
1.60562,0.01086738804106548,0.0003079503948572183
1.60826,0.01106607706714762,0.0003055990875372391
1.6109,0.01072335869866815,0.0002974321035536243
1.61355,0.0100069272336293,0.0002763541722496193
1.61619,0.01045420130410655,0.0002866588441914112
1.61883,0.01111761438679245,0.0003018661843449858
1.62148,0.008985206853496113,0.0002488547622029866
1.62412,0.01180075284406215,0.0003166209789152926
1.62677,0.009256410724195339,0.0002536477988016023
1.62941,0.009294478842952278,0.0002573813006766776
1.63205,0.009947201720310767,0.0002698734128937109
1.6347,0.009656810418978912,0.0002625784865437604
1.63734,0.009425098501664817,0.0002576445615404929
1.63998,0.01005731541342952,0.0002718762299928655
1.64263,0.008709804730854606,0.0002391719220432369
1.64527,0.01095543000832408,0.0002891481189804405
1.64792,0.009672641995005548,0.0002618061678695294
1.65056,0.01042363006381798,0.0002784969682204004
1.6532,0.01036953808268591,0.0002760678275350807
1.65585,0.008845339137069924,0.0002420649794904067
1.65849,0.009696989109322976,0.000258690927948655
1.66113,0.00963323473917869,0.0002588436868135093
1.66378,0.01031513478079911,0.0002750261000485247
1.66642,0.01066423064650389,0.0002827538631512312
1.66907,0.009855362097669256,0.0002657820080695153
1.67171,0.009707361126526081,0.0002590199679711406
1.67435,0.008211968507214208,0.0002251626796596173
1.677,0.008966143035516091,0.0002421791169131606
1.67964,0.008164975097114318,0.0002227881538015508
1.68228,0.009353071240288568,0.000250461826233278
1.68493,0.009473524902885685,0.0002531081532324487
1.68757,0.008442870074916758,0.000229036631837515
1.69022,0.009753338165926747,0.000258099082638581
1.69286,0.00802983442008879,0.0002186813291873164
1.6955,0.01031176748057714,0.000272889337896744
1.69815,0.008631528163152054,0.0002331841987398379
1.70079,0.009486458448945616,0.0002545647185533675
1.70343,0.00984719908435072,0.0002582868222618933
1.70608,0.009153947280799114,0.0002439315405799739
1.70872,0.007680379162042177,0.0002083153531946546
1.71137,0.00929688242230855,0.0002473292114408021
1.71401,0.007007148029966703,0.0001934348427920738
1.71665,0.01010812708102109,0.0002655411420828936
1.7193,0.0078463291481687,0.0002136599513508239
1.72194,0.007597863138179804,0.0002065076085146695
1.72458,0.008201573598779134,0.0002213291253400214
1.72723,0.007872983698668146,0.0002123636374910677
1.72987,0.007741984045504996,0.0002096880398760626
1.73251,0.009838830049944508,0.000259516463823726
1.73516,0.008590312500000002,0.0002273936203376535
1.7378,0.008420157394561596,0.0002254298756566498
1.74045,0.007999860640954497,0.0002145790616969357
1.74309,0.009982964692008879,0.0002605890849742966
1.74573,0.008659531007214206,0.0002305877715449783
1.74838,0.008375533226970034,0.0002217906223252303
1.75102,0.007774855854605997,0.0002112945826420043
1.75366,0.009226004300776915,0.0002406992083898966
1.75631,0.008142809517203111,0.0002169853346425473
1.75895,0.009163650874028857,0.0002418468099514087
1.7616,0.008026828801331853,0.0002144415504031234
1.76424,0.007759470657602668,0.0002091816778502616
1.76688,0.008601046198668149,0.0002256806696301173
1.76953,0.007839601415094337,0.000210129719382558
1.77217,0.007149128607103221,0.000194059493161757
1.77481,0.00764858324084351,0.0002057232577683119
1.77746,0.00806579883462819,0.000216067017985216
1.7801,0.00700147329356271,0.0001884107058821373
1.78275,0.008753183615427304,0.0002310228257757679
1.78539,0.007750245491120975,0.0002049478937059935
1.78803,0.009531023099334072,0.0002462393257163451
1.79068,0.008138744034406214,0.0002166828468763209
1.79332,0.007680830119311877,0.0002030849165072094
1.79596,0.007778980854605991,0.0002090616406336355
1.79861,0.007849440066592675,0.0002068779945926491
1.80125,0.007829412527746948,0.0002081690786275599
1.8039,0.006205506243063263,0.0001697393078460155
1.80654,0.008599945130410654,0.0002250730704589791
1.80918,0.006497119936182024,0.000177658914297312
1.81183,0.009151756589900114,0.0002382438176107224
1.81447,0.007883007769145396,0.0002092872882770392
1.81711,0.007555580743618203,0.0002010371486862603
1.81976,0.007125871115427302,0.0001905856485092326
1.8224,0.008750690760266373,0.0002305998762095139
1.82504,0.007887203731964483,0.0002090241016518584
1.82769,0.007997910307991121,0.0002134330043628498
1.83033,0.007020012902330741,0.0001888354482498092
1.83298,0.0068017381381798,0.0001833316460676817
1.83562,0.00686048848501665,0.0001860367198785201
1.83826,0.006856908296337404,0.0001868352970251892
1.84091,0.007055210460599337,0.0001917177145562888
1.84355,0.007961011931187569,0.0002121931813191972
1.84619,0.007691085391231966,0.0002061544890644289
1.84884,0.00704483615427303,0.0001886994165614753
1.85148,0.00761103933129856,0.0002047741554084051
1.85413,0.006063271573251943,0.0001676984646855527
1.85677,0.006355528509988902,0.0001728556588915893
1.85941,0.007053079286903442,0.0001915148522867976
1.86206,0.006239836223640403,0.0001696541527638179
1.8647,0.007000905591009992,0.0001900635050640503
1.86734,0.006285078454495007,0.0001720862510360342
1.86999,0.008832964137069922,0.0002311170060693585
1.87263,0.007919423140954495,0.0002132259751899
1.87528,0.006441627011653717,0.0001757183646323542
1.87792,0.007031247918978914,0.0001907966123652474
1.88056,0.006799961778579357,0.0001849127106057547
1.88321,0.00748709933407325,0.0002003407056244646
1.88585,0.006949301886792452,0.0001901436575900279
1.88849,0.007470185002774695,0.0001992521157220019
1.89114,0.005837776914539402,0.0001618245721073624
1.89378,0.00774761986681465,0.0002058848885484946
1.89643,0.006511665024972252,0.0001780509704839539
1.89907,0.007945390954495007,0.0002129141675564617
1.90171,0.007115583795782462,0.0001907668084963104
1.90436,0.006815646850721422,0.0001853574481703534
1.907,0.006970283990011096,0.0001879028785648909
1.90964,0.006035097044950057,0.0001667227029903126
1.91229,0.007683499236958934,0.0002062641874988273
1.91493,0.006661769700332961,0.0001808932857656994
1.91757,0.006689312430632631,0.0001815833188674847
1.92022,0.006685688748612652,0.0001826637672670316
1.92286,0.006424673765260819,0.0001765567296378865
1.92551,0.005359352455604881,0.0001479762171179498
1.92815,0.004127827067147611,0.0001169358728302189
1.93079,0.006385976137624861,0.0001759389847450051
1.93344,0.005941968645948945,0.0001629647200384338
1.93608,0.007017993895671478,0.0001896648215152791
1.93872,0.007071460946170924,0.0001908364162149405
1.94137,0.007323729189789125,0.0001990551583552708
1.94401,0.004833508809655939,0.0001360468387258583
1.94666,0.005896245699223089,0.0001621358121078612
1.9493,0.005481387902330744,0.0001526373493783205
1.95194,0.006876123196448388,0.0001857199455662399
1.95459,0.006076495837957825,0.0001669621572402575
1.95723,0.007059633046614873,0.0001916130170480459
1.95987,0.006883068396226416,0.0001860982250022588
1.96252,0.005812111265260824,0.0001615032650830278
1.96516,0.005759580466148725,0.0001585088655044036
1.96781,0.005511824084350718,0.0001527637605892207
1.97045,0.005908570338512763,0.0001626031650743187
1.97309,0.00636897481964484,0.0001744434155754728
1.97574,0.005996731340177582,0.000165564102618522
1.97838,0.005382250554938955,0.0001495307864068461
1.98102,0.005352272197558273,0.0001497956186900655
1.98367,0.006260140746392898,0.0001708032594459462
1.98631,0.006281697419533851,0.0001718465480337457
1.98896,0.006095310141509436,0.0001675796161753208
1.9916,0.006111407255826859,0.0001676869855591366
1.99424,0.006110617508324086,0.0001663705609623649
1.99689,0.005856451581576026,0.0001603623502024322
1.99953,0.005344649417314095,0.0001477269897924403
2.00217,0.004970460183129855,0.0001383971515256239
2.00482,0.0054954660099889,0.0001516923838956493
2.00746,0.004723910169256381,0.0001319426581989922
2.0101,0.005185942216981131,0.0001427157863688805
2.01275,0.005357992716426197,0.0001482175175513146
2.01539,0.006583928066037736,0.0001765369557778268
2.01804,0.005026145394006662,0.0001405676950515793
2.02068,0.004919627913429522,0.0001369925262302807
2.02332,0.005249898029966704,0.0001446694984374402
2.02597,0.007700512000554936,0.0002044434246206019
2.02861,0.006387979120421754,0.0001718147243570359
2.03125,0.004443332339067703,0.0001246441385052204
2.0339,0.005553012278024415,0.0001522228578270683
2.03654,0.006944057505549391,0.0001872229303446974
2.03919,0.004206252427857937,0.0001181406675045997
2.04183,0.004697919464483908,0.0001302201656233871
2.04447,0.004677711084905663,0.0001304882417376812
2.04712,0.006047446864594893,0.0001640797712174417
2.04976,0.005462470588235293,0.0001501244217348491
2.0524,0.005051215871254163,0.0001400754564927859
2.05505,0.005641708934517204,0.0001543103048796404
2.05769,0.004980328593229744,0.0001382824823224578
2.06034,0.005261776290233075,0.0001437260678936875
2.06298,0.005606644145394009,0.0001538796211527499
2.06562,0.004725798695893449,0.000130797593389271
2.06827,0.006652530799112097,0.0001783207662818126
2.07091,0.005299848987236403,0.000146294133601288
2.07355,0.005608070269145395,0.0001526881131134511
2.0762,0.005862034753052164,0.0001598791824233799
2.07884,0.004914124861265259,0.0001354980965686627
2.08149,0.003691710183129858,0.0001043013526099647
2.08413,0.004200653232519421,0.000118535282004246
2.08677,0.004852606964483906,0.0001333885381143465
2.08942,0.004937995837957823,0.0001379576386596349
2.09206,0.004859515538290787,0.0001348121594701849
2.0947,0.006022509156492784,0.0001639176140341341
2.09735,0.004244050430077691,0.0001191123669636517
2.09999,0.004131819298002219,0.0001162053601110528
2.10263,0.006298723917869034,0.0001722809012125163
2.10528,0.004806721490011101,0.0001320084992494535
2.10792,0.006617026498335185,0.0001791592492335781
2.11057,0.003731978149278578,0.0001066163310511535
2.11321,0.004928342605438399,0.0001408961761535783
2.11585,0.006331334766925639,0.0001795160687444726
2.1185,0.004853572974472808,0.0001393747050083771
2.12114,0.005622519214761373,0.000163281566431364
2.12378,0.004568281839622644,0.0001328170179669373
2.12643,0.004320500277469475,0.000127961739222809
2.12907,0.004221436182019979,0.0001272951743772958
2.13172,0.005057781076581577,0.0001498393619816352
2.13436,0.00551380417591565,0.0001637568984401235
2.137,0.005209245491120976,0.0001547887603208248
2.13965,0.005360055216426196,0.0001604172550550741
2.14229,0.004326641995005553,0.0001316553892935883
2.14493,0.004562895532741398,0.000139559256805983
2.14758,0.004699457755271918,0.0001444277578733432
2.15022,0.004482636584350721,0.0001366556534408407
2.15287,0.004401819089900111,0.0001364339749207594
2.15551,0.005331958518312985,0.0001617495918267065
2.15815,0.005442113415649281,0.0001658525852441143
2.1608,0.004483982588790233,0.0001390806024038231
2.16344,0.003996268867924526,0.0001242707297997756
2.16608,0.003872040441176468,0.0001208844096155784
2.16873,0.004458555008324085,0.0001357632080145156
2.17137,0.003609114039955602,0.0001102366391091107
2.17402,0.004150404689234184,0.0001245198561798198
2.17666,0.004622259364594896,0.0001379560657989278
2.1793,0.003489619519977806,0.0001055243383693415
2.18195,0.003848741745283021,0.0001151147506372694
2.18459,0.005038401359600444,0.0001472296185371608
2.18723,0.005059733698668145,0.0001478801365758791
2.18988,0.005482399694783577,0.0001583541306372402
2.19252,0.005059882491675916,0.0001467320835023578
2.19516,0.005241254300776915,0.0001510406908106995
2.19781,0.004129571379023306,0.0001222408819103508
2.20045,0.005406437430632635,0.0001550863568183395
2.2031,0.005331141301331854,0.0001537131790357777
2.20574,0.004344529203662597,0.0001269663595375391
2.20838,0.004809713374028857,0.000139689938120847
2.21103,0.004594847114317426,0.0001341081325098482
2.21367,0.004418717397336297,0.0001296867106258881
2.21631,0.003912042869034405,0.0001157585462715276
2.21896,0.005872637971698112,0.0001663522295401163
2.2216,0.004892673487791343,0.0001405104606566585
2.22425,0.002408120976692565,7.293346850587518e-05
2.22689,0.004845769353496117,0.0001401221851888263
2.22953,0.005461387832963376,0.0001551252003829757
2.23218,0.003159035793562709,9.498119781616092e-05
2.23482,0.00345341932574917,0.0001021499717550857
2.23746,0.005547477178135403,0.0001600406948959033
2.24011,0.003997424875138735,0.0001172884674940643
2.24275,0.004314539400665925,0.0001271016012708824
2.2454,0.004513075055493898,0.0001315001605820143
2.24804,0.003988506451165375,0.0001179525430859503
2.25068,0.004927232380688124,0.0001431577644018582
2.25333,0.004055612097669257,0.0001189579131864957
2.25597,0.005437429869589346,0.0001565876811893873
2.25861,0.004329933754162041,0.0001269671513605386
2.26126,0.004478220865704773,0.0001313015042285667
2.2639,0.004525976553829077,0.0001319597195567716
2.26655,0.003713809378468367,0.000110343400535337
2.26919,0.004968709003884573,0.0001459379507087175
2.27183,0.004260761029411766,0.0001246290192997488
2.27448,0.003989854744728083,0.0001176111629201093
2.27712,0.003534484045504994,0.0001048357577156343
2.27976,0.005353769284128746,0.0001564458499436656
2.28241,0.004800900249722529,0.0001405431318789167
2.28505,0.004301972114317424,0.0001260802861384723
2.28769,0.004060542869034407,0.0001196246359399865
2.29034,0.005665513526637074,0.0001607399192568832
2.29298,0.004897920158157602,0.0001427765794713057
2.29563,0.005187988693118756,0.0001492039184639619
2.29827,0.004356338790233074,0.0001276269541221955
2.30091,0.004084647336293011,0.0001223255811404251
2.30356,0.004607464761376247,0.0001331868475177095
2.3062,0.005040635543840179,0.0001469111345018379
2.30884,0.003521417730299665,0.0001046211262723145
2.31149,0.004713519839067701,0.000138713116790166
2.31413,0.004510872918978916,0.0001323167943163461
2.31678,0.004831382214206439,0.0001412342254951112
2.31942,0.005351754855715873,0.0001552152347972161
2.32206,0.00340353017480577,0.0001007673599886905
2.32471,0.003590157810765819,0.0001075420353163943
2.32735,0.005347169741953386,0.000155190867931027
2.32999,0.003477951859045504,0.0001039307619602957
2.33264,0.004067030244173144,0.000122244785398163
2.33528,0.003628498335183129,0.0001067084145877376
2.33793,0.004607906562153164,0.0001356854044501159
2.34057,0.004192872502774694,0.0001232976409088682
2.34321,0.004288889775249722,0.0001263056111670312
2.34586,0.004129601137624862,0.0001234907342674367
2.3485,0.005260659198113205,0.0001521268396831272
2.35114,0.004965204356270809,0.0001444256045291911
2.35379,0.003926977108768033,0.0001158162546527993
2.35643,0.00295871462264151,8.889808361572635e-05
2.35908,0.005135615843507216,0.0001501420116726496
2.36172,0.004475789816870144,0.0001314235248193215
2.36436,0.002900511376248614,8.764375387792458e-05
2.36701,0.003931454633740286,0.0001157945579295763
2.36965,0.004098926886792455,0.0001207913437240087
2.37229,0.002946408296337403,8.908780625333006e-05
2.37494,0.003664162874583794,0.0001091508724154051
2.37758,0.003253654411764704,9.900086708266098e-05
2.38022,0.004969768867924529,0.0001431407038518915
2.38287,0.003500696587125419,0.0001058690563092218
2.38551,0.003634516440066589,0.000107102661731214
2.38816,0.004191650110987792,0.0001241930570122625
2.3908,0.003475942008879025,0.0001044470655513374
2.39344,0.003811667105993339,0.0001135204416337956
2.39609,0.003310566592674807,9.973525327972869e-05
2.39873,0.003989447280799112,0.0001176017735394702
2.40137,0.002947655868479468,8.924787658316649e-05
2.40402,0.00521731922863485,0.0001491591674311703
2.40666,0.004385477039400667,0.0001289329077495213
2.40931,0.003842316176470589,0.000114428799906406
2.41195,0.004375748265815758,0.0001279199297677051
2.41459,0.004419047031076581,0.0001304515849601034
2.41724,0.002848582616537179,8.568359836370873e-05
2.41988,0.003283889150943396,9.87169379346178e-05
2.42252,0.004011585391231964,0.0001192612666843746
2.42517,0.005155093992785796,0.0001484299804086621
2.42781,0.003961217813540513,0.0001180485859111992
2.43046,0.004068998890122087,0.0001199375041126246
2.4331,0.002682039747502776,8.155567454685578e-05
2.43574,0.003655418423973366,0.0001089289120601173
2.43839,0.002127554592119866,6.567317627708862e-05
2.44103,0.003732245976692563,0.0001111887300169213
2.44367,0.003049627150388458,9.181561922011953e-05
2.44632,0.002699313471143172,8.212238961837841e-05
2.44896,0.003514902885682574,0.0001048245166906656
2.45161,0.003237662597114318,9.709507379223993e-05
2.45425,0.003097071517758049,9.387642829693726e-05
2.45689,0.003804195407880134,0.0001122999186370703
2.45954,0.004087417175360712,0.0001216509129768697
2.46218,0.003199404481132073,9.649718921300424e-05
2.46482,0.003047615011098778,9.130930646356551e-05
2.46747,0.00358327899556049,0.0001066687170781738
2.47011,0.003582672377913428,0.0001078318094249778
2.47275,0.003151108559933409,9.584876069612974e-05
2.4754,0.003282071587125417,9.801045290412301e-05
2.47804,0.003215973154827969,9.686362867627279e-05
2.48069,0.003389488693118755,0.0001018922310565807
2.48333,0.004372607588790232,0.0001299357525068056
2.48597,0.004269880896226414,0.0001268211282099549
2.48862,0.003108228704217533,9.354762071205968e-05
2.49126,0.003425320338512763,0.0001037242842644852
2.4939,0.002748456367924528,8.319144998242748e-05
2.49655,0.003944420227524972,0.0001178441755312465
2.49919,0.003330731478912319,0.0001000230227023266
2.50184,0.003423493618201999,0.0001026980908421429
2.50448,0.003242980230299669,9.808392693686373e-05
2.50712,0.003824394630965595,0.0001147811004539289
2.50977,0.00306047988346282,9.24516825227667e-05
2.51241,0.003417139012208655,0.0001023888761495779
2.51505,0.004221314858490568,0.0001255276561827252
2.5177,0.004132693743063265,0.0001234826859716749
2.52034,0.003950980854605993,0.0001172106533874861
2.52299,0.004190386514983353,0.000124844082743638
2.52563,0.002880042036625971,8.768169409447096e-05
2.52827,0.003770144700332964,0.0001130492067878308
2.53092,0.003181643174250834,9.614345580515987e-05
2.53356,0.00412572336293008,0.0001218916566449489
2.5362,0.003667539331298556,0.0001104801699650929
2.53885,0.004195820893451721,0.000124550883791476
2.54149,0.004532152608213096,0.0001338975999231442
2.54414,0.003641235016648168,0.0001096337704170003
2.54678,0.004403922794117647,0.0001306277862660457
2.54942,0.003383230230299669,0.0001021340828991459
2.55207,0.00208277018590455,6.446049828484736e-05
2.55471,0.002418520463374029,7.429626135821213e-05
2.55735,0.003614280591009989,0.0001089611738759525
2.56,0.003267503607103219,9.952907751759347e-05
2.56264,0.004388610849056603,0.0001314400078113347
2.56529,0.002316981825749168,7.093783499722546e-05
2.56793,0.00293593097946726,8.968913212570529e-05
2.57057,0.003940755341287461,0.0001174316543276976
2.57322,0.002667464900110984,8.197421720160281e-05
2.57586,0.003007186806326303,9.125187879849808e-05
2.5785,0.00303991211154273,9.231980241140401e-05
2.58115,0.002877118826304106,8.870693129970629e-05
2.58379,0.004323016023862376,0.0001286760335825106
2.58643,0.003157252566592675,9.59655805627676e-05
2.58908,0.003382976137624861,0.0001022807212145314
2.59172,0.002957311390122089,9.021018995749344e-05
2.59437,0.002851856062708102,8.761907983915872e-05
2.59701,0.001902730646503885,5.906808218445724e-05
2.59965,0.002909310765815764,8.869368567246625e-05
2.6023,0.004359303204772474,0.0001296674842086563
2.60494,0.003185280591009986,9.731663193974701e-05
2.60758,0.002664054106548281,8.291250650553945e-05
2.61023,0.003866482450055492,0.0001163505097518231
2.61287,0.004121236681465038,0.0001236140890953318
2.61552,0.003397248820754718,0.0001035115304070378
2.61816,0.003207127982796894,9.756783218108459e-05
2.6208,0.003891456784128748,0.0001166139500696901
2.62345,0.004062962472253055,0.0001220019520453002
2.62609,0.003854173834628192,0.0001163966370014578
2.62873,0.004398067216981134,0.0001313444160362558
2.63138,0.003121901637069924,9.531373824556001e-05
2.63402,0.003230879925083243,9.850914865835018e-05
2.63667,0.002699739248057715,8.327301332785937e-05
2.63931,0.003493955119311875,0.0001068888225784127
2.64195,0.003118401567702554,9.536832280616874e-05
2.6446,0.002937418909544951,8.942134541414128e-05
2.64724,0.002594698251942286,7.978954956757641e-05
2.64988,0.004267383462819092,0.0001284420435968022
2.65253,0.004416771642619314,0.0001325844871514828
2.65517,0.003779454564372917,0.000114169525108693
2.65782,0.003606563956714759,0.000109244917413383
2.66046,0.003926603981687015,0.000118442580017778
2.6631,0.002428933684794671,7.520905998924682e-05
2.66575,0.002566191800776915,7.881906049045021e-05
2.66839,0.002707932019977803,8.414979925167298e-05
2.67103,0.00489105278856826,0.0001481258315530162
2.67368,0.003603139428412874,0.0001134373743328778
2.67632,0.003119585044395117,0.0001006724322056994
2.67896,0.003899390885127635,0.0001231943885121374
2.68161,0.004900793007769143,0.0001555890221499099
2.68425,0.003895364317425082,0.0001271425356672098
2.6869,0.003221824153718092,0.0001062053274399833
2.68954,0.003794329286903442,0.0001242905764690563
2.69218,0.002820229536625969,9.431076236193623e-05
2.69483,0.004200305285793565,0.0001392216947388428
2.69747,0.00251453086847947,8.608734644420899e-05
2.70011,0.00336627698390677,0.0001118963950963455
2.70276,0.003214178482241955,0.0001102987565950524
2.7054,0.003646232172586017,0.0001229222753352944
2.70805,0.002832567910654829,9.822852272820376e-05
2.71069,0.003457063609877913,0.0001173550108706772
2.71333,0.002097141301331853,7.418288773188403e-05
2.71598,0.003039239109322974,0.000106692198594087
2.71862,0.002898526706437293,0.0001025147860107924
2.72126,0.003072831992230857,0.0001084607218676638
2.72391,0.0041153971281909,0.0001418614575282726
2.72655,0.003474545643729187,0.000119366735857282
2.7292,0.004806801609322977,0.0001589642142666876
2.73184,0.00405030362097669,0.0001339674056272077
2.73448,0.00420620435627081,0.0001380810088108594
2.73713,0.002506251109877915,8.352012660606478e-05
2.73977,0.00319282554106548,0.0001063097698174874
2.74241,0.003332256034961156,0.0001094719246597771
2.74506,0.00312130417591565,0.000101826097561611
2.7477,0.003350836847946728,0.0001095335804984893
2.75035,0.002847199986126526,9.277193336869749e-05
2.75299,0.00547651206992231,0.000171717662178971
2.75563,0.002502783088235293,8.1498006823935e-05
2.75828,0.00278752025527192,9.037335099218419e-05
2.76092,0.002607151082130962,8.593970662006646e-05
2.76356,0.002968832547169812,9.583893697151272e-05
2.76621,0.003151300846281908,0.0001013597218637481
2.76885,0.003822403093784683,0.0001219688966231461
2.77149,0.002839938887347391,9.189026075188832e-05
2.77414,0.002506203038290788,8.172829303687831e-05
2.77678,0.00326238512763596,0.0001039662524661435
2.77943,0.001885971975582686,6.175517846755416e-05
2.78207,0.003015338374028855,9.712457032542683e-05
2.78471,0.004643330743618204,0.0001457027350581226
2.78736,0.00301953891509434,9.713516315419316e-05
2.79,0.003279065968368479,0.0001039756435228423
2.79264,0.002881333102108764,9.277620979280396e-05
2.79529,0.002479280660377358,8.029409898381843e-05
2.79793,0.003466581784128748,0.0001097835319609909
2.80058,0.000977473917869034,3.227314461488407e-05
2.80322,0.001377420366259712,4.577560532068095e-05
2.80586,0.003317566731409544,0.0001059865795912477
2.80851,0.004026260960044395,0.0001257882776622311
2.81115,0.003022993201997781,9.587321078735516e-05
2.81379,0.004336077760821308,0.0001344948771283805
2.81644,0.004642071725860154,0.0001441412515877517
2.81908,0.002814978288013321,8.993331693070391e-05
2.82173,0.002719489802996669,8.700200361519907e-05
2.82437,0.001625584211986681,5.288821303658801e-05
2.82701,0.002935603634850168,9.307915227560512e-05
2.82966,0.003657384780799112,0.0001152861748071595
2.8323,0.002526592258601553,8.040643717325207e-05
2.83494,0.001970003399001112,6.372394126242595e-05
2.83759,0.003284090593784683,0.0001026860318720106
2.84023,0.002979250346836848,9.446904525529218e-05
2.84288,0.003040125000000002,9.702180204006146e-05
2.84552,0.00137208899833518,4.433761718533101e-05
2.84816,0.002252462888457271,7.308586818668968e-05
2.85081,0.003085355785238625,9.769397005061567e-05
2.85345,0.004070727178135408,0.0001262441946008913
2.85609,0.002574629508879023,8.208067035571316e-05
2.85874,0.001823417105993342,5.905952692599613e-05
2.86138,0.004194719825194229,0.0001306950671103478
2.86402,0.003403211986681461,0.0001072267966492221
2.86667,0.002726705119311874,8.698019819465814e-05
2.86931,0.004213797377913428,0.0001303994211325831
2.87196,0.003309277816315206,0.0001035392652999156
2.8746,0.003430949292452831,0.0001087784417825878
2.87724,0.003062237930077692,9.71434061224569e-05
2.87989,0.002655314234184243,8.493734178776561e-05
2.88253,0.003492892966148724,0.0001097778305771061
2.88517,0.003507971420643728,0.0001109382214086229
2.88782,0.001860061390122088,6.069654399297135e-05
2.89046,0.001326704841842396,4.308181465220611e-05
2.89311,0.003974510751942287,0.0001244447062128038
2.89575,0.001606215940621533,5.253731856139589e-05
2.89839,0.00123708795782464,4.029126271470546e-05
2.90104,0.004309613207547172,0.0001337738531837216
2.90368,0.001960249445061044,6.285724619555607e-05
2.90632,0.003642592466703664,0.0001140062538231111
2.90897,0.003406277122641509,0.0001077424232111978
2.91161,0.004904519700332966,0.0001500387419200596
2.91426,0.001044245352386237,3.423145795824165e-05
2.9169,0.003914064164816869,0.0001226294526081493
2.91954,0.002688286764705887,8.598350083678217e-05
2.92219,0.003957850513318539,0.0001215189086638968
2.92483,0.002274690274694783,7.302951199709024e-05
2.92747,0.002780467466703663,8.811181969023592e-05
2.93012,0.002574091564927857,8.291001183285004e-05
2.93276,0.004293534406215316,0.0001325873333353109
2.93541,0.002286126734184237,7.272014509415705e-05
2.93805,0.003009640746392896,9.4833632211752e-05
2.94069,0.00350420123473918,0.000109233811437088
2.94334,0.002661222461154276,8.538514654569081e-05
2.94598,0.001808036487236408,5.783117648517043e-05
2.94862,0.003564714206437291,0.0001120258519994818
2.95127,0.004195937638734738,0.0001302502009154178
2.95391,0.002675540926748059,8.498594409223321e-05
2.95655,0.001943067286348504,6.253358668983794e-05
2.9592,0.003161597322419532,9.830819745433165e-05
2.96184,0.002772634087125415,8.836284636762313e-05
2.96449,0.003689379855715873,0.0001163345197732916
2.96713,0.003385329356270811,0.0001061633302663334
2.96977,0.002906126595449502,9.238271552511795e-05
2.97242,0.002765086847946728,8.770117056330013e-05
2.97506,0.001629507769145394,5.353035338304345e-05
2.9777,0.002400724819644841,7.676651105029541e-05
2.98035,0.002322505480022195,7.422628251201288e-05
2.98299,0.001445334073251942,4.743717581153522e-05
2.98564,0.001907842258601554,6.143627767761987e-05
2.98828,0.002910327136514982,9.235258797040343e-05
2.99092,0.002791517064372918,8.812763798102443e-05
2.99357,0.001945354120421755,6.289730160002118e-05
2.99621,0.00321622495837958,0.0001018154757896152
2.99885,0.003508452136514984,0.000109910018884229
3.0015,0.002898458032741399,9.183902498071078e-05
3.00414,0.003665595865704772,0.0001146814479278656
3.00679,0.001977456784128747,6.369090314479561e-05
3.00943,0.002651193812430633,8.471502461046692e-05
3.01207,0.00358231069644839,0.0001111390728788785
3.01472,0.003055652122641509,9.694025402376222e-05
3.01736,0.002803301470588232,8.921792703890464e-05
3.02,0.002469716703662597,7.882109817198906e-05
3.02265,0.003726120283018868,0.0001159760025871651
3.02529,0.0029509865427303,9.294482639774159e-05
3.02794,0.002699611057158712,8.598432277342861e-05
3.03058,0.002179343715316315,6.965622856392134e-05
3.03322,0.00176518181187569,5.731517388387325e-05
3.03587,0.003000115704772474,9.471224050959309e-05
3.03851,0.002330050430077693,7.376195610233841e-05
3.04115,0.003323143035516091,0.0001040919794553278
3.0438,0.003331150388457271,0.0001040491756447635
3.04644,0.004401695477247507,0.000134201890719896
3.04908,0.004695769977802442,0.0001438091460438704
3.05173,0.003512586293007771,0.0001092649788246607
3.05437,0.003619078593229744,0.0001126256532612414
3.05702,0.004536108213096561,0.000137961498462433
3.05966,0.002407896642619309,7.550216604616512e-05
3.0623,0.002341635682574918,7.457762220472676e-05
3.06495,0.003013850443951164,9.413641734390176e-05
3.06759,0.003670235918423973,0.0001133526148959657
3.07023,0.00304069270255272,9.534780421513149e-05
3.07288,0.002894859531076581,9.106049703545592e-05
3.07552,0.003639499861265261,0.0001133088501143282
3.07817,0.005410930979467259,0.0001630709949503397
3.08081,0.003682821517758045,0.0001134557299183832
3.08345,0.002574274694783577,8.135070298705709e-05
3.0861,0.001724206506659269,5.525521026237078e-05
3.08874,0.002932332477802439,9.180075734000871e-05
3.09138,0.003701134503329636,0.0001144242820544323
3.09403,0.002677035724195336,8.439295175915229e-05
3.09667,0.003137071656492784,9.876507650466309e-05
3.09932,0.003276170227524974,0.0001012258393667588
3.10196,0.003378940413429525,0.000104937278530736
3.1046,0.002590463374028856,8.153586699232302e-05
3.10725,0.003697295643729193,0.0001141071264988474
3.10989,0.003299734461709213,0.0001030904178976563
3.11253,0.003071982727524973,9.581767756106619e-05
3.11518,0.002808461154273029,8.83217957848502e-05
3.11782,0.003161956714761377,9.831347519154314e-05
3.12047,0.002250787250277471,7.128015386107944e-05
3.12311,0.003051907117092119,9.572816317975129e-05
3.12575,0.00266728405937847,8.361851696902645e-05
3.1284,0.003553774486681468,0.0001103524709115514
3.13104,0.002397838235294118,7.599876708889634e-05
3.13368,0.002797081922863485,8.873703576705775e-05
3.13633,0.003398473501664814,0.0001052311989902103
3.13897,0.003537997849611542,0.0001091920822399741
3.14161,0.003649615496670366,0.0001135674016443012
3.14426,0.002044798210321864,6.585007802915786e-05
3.1469,0.001834640677025529,5.8872735109231e-05
3.14955,0.00325318743063263,0.000101439530213926
3.15219,0.002134980507769146,6.782088400678358e-05
3.15483,0.003015638249167589,9.415811618986374e-05
3.15748,0.003274082547169812,0.0001019756227280549
3.16012,0.003042549181465039,9.524736582488264e-05
3.16276,0.003996225374583798,0.0001232935486154378
3.16541,0.002980207200332962,9.383124912796068e-05
3.16805,0.002655170019422866,8.362470973331804e-05
3.1707,0.003367428412874585,0.0001048547171720033
3.17334,0.002564056048834631,8.054912863794698e-05
3.17598,0.00228734454772475,7.281726387521185e-05
3.17863,0.001843133324084351,5.893176207729044e-05
3.18127,0.001923055771365152,6.141861770347351e-05
3.18391,0.004984970935072141,0.0001501157453813145
3.18656,0.004517181742508325,0.0001368412602486044
3.1892,0.002558385890677027,8.13103933173827e-05
3.19185,0.002607750832408437,8.21173038653817e-05
3.19449,0.003912052025527192,0.0001201993225404792
3.19713,0.003512645810210878,0.0001089610552725543
3.19978,0.001886367993895673,5.999592475606696e-05
3.20242,0.003952365774139843,0.0001209649503916276
3.20506,0.002589659891786901,8.113043261883734e-05
3.20771,0.0027605292036626,8.615026810497486e-05
3.21035,0.002557630480022199,8.022932412736401e-05
3.213,0.004127936945061042,0.0001255861431755402
3.21564,0.002026439442286347,6.344109394866398e-05
3.21828,0.003531835529966705,0.0001083812327611341
3.22093,0.002403048279689234,7.542061497799006e-05
3.22357,0.001810886445615979,5.767307025906628e-05
3.22621,0.002956517064372922,9.147081439272553e-05
3.22886,0.002800778856825749,8.683719474952087e-05
3.2315,0.002580519422863486,8.288694686222081e-05
3.23414,0.003005019006659271,9.741280286041161e-05
3.23679,0.003252230577136515,0.000105652465136209
3.23943,0.002300456645394005,7.6821636016895e-05
3.24208,0.002173646087680355,7.395187686192214e-05
3.24472,0.002156763804106549,7.421931019653559e-05
3.24736,0.002942045227524974,9.921886018197677e-05
3.25001,0.002604223293562708,8.982188461160401e-05
3.25265,0.003222950402330742,0.0001113431231386334
3.25529,0.003211090455049945,0.0001121453036866759
3.25794,0.004092448668146502,0.0001394446959412296
3.26058,0.002574155660377358,9.092120789647981e-05
3.26323,0.002123379231409544,7.592068862990063e-05
3.26587,0.001799230230299667,6.541362423064163e-05
3.26851,0.003549608282463928,0.0001261033434413357
3.27116,0.002969663498890126,0.0001061990259776423
3.2738,0.002596845449500555,9.39469769439853e-05
3.27644,0.002677150180355161,9.764795127173532e-05
3.27909,0.002692562846836849,9.890309224722936e-05
3.28173,0.00260852913429523,9.527019236686224e-05
3.28438,0.003283825055493899,0.0001208908450860047
3.28702,0.002495643312985569,9.003012328430756e-05
3.28966,0.003102858421198667,0.0001095110050826944
3.29231,0.002386777192008878,8.410709087134844e-05
3.29495,0.003449713235294118,0.000118071972298462
3.29759,0.002986806742508326,0.0001026389078983362
3.30024,0.003214700402330747,0.0001092914163395293
3.30288,0.002190672586015539,7.592477762308325e-05
3.30553,0.002198615843507213,7.580073741934173e-05
3.30817,0.00397490677025527,0.0001320564946593602
3.31081,0.00333099472807991,0.0001122756886299925
3.31346,0.002273554869589346,7.831022829059381e-05
3.3161,0.004024486889567149,0.0001328030151277338
3.31874,0.002516865774139844,8.594313107725086e-05
3.32139,0.002243375069367372,7.644271214539919e-05
3.32403,0.002339827275249722,7.996154434522394e-05
3.32667,0.003066919187014426,0.0001021358006389632
3.32932,0.002934644492230857,9.814947974238152e-05
3.33196,0.004321106895116537,0.0001416869868261224
3.33461,0.002057218992785796,7.031707360774488e-05
3.33725,0.003181899556048834,0.0001059322201036243
3.33989,0.003087665510543842,0.0001028376744050828
3.34254,0.004163432089345174,0.0001342639176690446
3.34518,0.001680662805216426,5.739077856696202e-05
3.34782,0.001742894908435075,5.915921915194925e-05
3.35047,0.002462496809101002,8.197238622956742e-05
3.35311,0.002583834073251944,8.584297284119112e-05
3.35576,0.004005150665926745,0.0001300036572136966
3.3584,0.001413789955604886,4.805510017681555e-05
3.36104,0.002912181326304104,9.584790729728287e-05
3.36369,0.004690145602108768,0.0001505521848182
3.36633,0.002044585321864597,6.847311876034014e-05
3.36897,0.00318325700610433,0.0001046609777691343
3.37162,0.002833483559933407,9.244727433360471e-05
3.37426,0.003201810349611543,0.0001052036434267983
3.37691,0.00284185259433962,9.404645894650893e-05
3.37955,0.002039331784128748,6.795792329423423e-05
3.38219,0.002397476553829081,7.925167225391729e-05
3.38484,0.002356757630410651,7.803902980587407e-05
3.38748,0.005117737791342955,0.0001612359324153438
3.39012,0.003269978149278581,0.000107353122170654
3.39277,0.003329660169256379,0.0001082737105998828
3.39541,0.00171256402608213,5.73185377887846e-05
3.39806,0.001974659475582687,6.632181036550466e-05
3.4007,0.00433104855715871,0.0001386638199217282
3.40334,0.003302666828523866,0.0001078331641425964
3.40599,0.002306273307436183,7.666802850833742e-05
3.40863,0.002507134711431741,8.233024950071308e-05
3.41127,0.003213116329078803,0.0001046837933785656
3.41392,0.00316657616537181,0.0001031442312760275
3.41656,0.002535137555493895,8.368229437505727e-05
3.41921,0.003009040996115429,9.842181386357088e-05
3.42185,0.00177130979467259,5.912218063100595e-05
3.42449,0.003150188332408437,0.0001030991107047601
3.42714,0.002457930008324085,8.053078714438953e-05
3.42978,0.002618788984461707,8.621492498826716e-05
3.43242,0.002257439442286348,7.503604759370769e-05
3.43507,0.002724770810210877,8.965522343025324e-05
3.43771,0.002930228773584903,9.59027016775568e-05
3.44035,0.002461716218091008,8.085538317560625e-05
3.443,0.003706067563817984,0.000119352305191173
3.44564,0.002856088651498339,9.354447830181262e-05
3.44829,0.002869230507769145,9.286182459476108e-05
3.45093,0.003071584420088793,9.959013487885674e-05
3.45357,0.004008586639844614,0.0001274790332334908
3.45622,0.002178705049944504,7.188165288049984e-05
3.45886,0.003914501387347392,0.0001254879785185784
3.4615,0.002497048834628192,8.108307686072041e-05
3.46415,0.002265018729189788,7.426874097345577e-05
3.46679,0.003231786417869034,0.000104079969257106
3.46944,0.002554425707547168,8.355477234985458e-05
3.47208,0.002772151082130966,9.011232653659324e-05
3.47472,0.002700835738068812,8.789519142017441e-05
3.47737,0.003806612721975584,0.0001205983360947153
3.48001,0.00236272995283019,7.665125111532375e-05
3.48265,0.002599505410654828,8.387949848875594e-05
3.4853,0.002620212819089901,8.472754963314606e-05
3.48794,0.00333956062708102,0.0001072226052347569
3.49059,0.0024361993618202,7.956168595683121e-05
3.49323,0.00149790378745838,4.917314030487844e-05
3.49587,0.001959695477247503,6.354072990964595e-05
3.49852,0.003376717674805771,0.0001079725012615722
3.50116,0.004488837819089903,0.0001406039438679704
3.5038,0.002966211501109877,9.534274837924046e-05
3.50645,0.003177891301331853,0.0001015367778115885
3.50909,0.003436484392341843,0.0001093219965080166
3.51174,0.001967547169811322,6.426157152138588e-05
3.51438,0.003327925013873476,0.0001067436060482685
3.51702,0.003977843715316316,0.0001247168086413793
3.51967,0.002131233213096559,6.985760533755442e-05
3.52231,0.002883542105993341,9.262398423509516e-05
3.52495,0.002376590593784686,7.774545497841694e-05
3.5276,0.003493030313540513,0.0001104227552416015
3.53024,0.002716342258601552,8.722951262836074e-05
3.53288,0.003449351553829077,0.0001095122397892801
3.53553,0.00173830750554939,5.740220280803933e-05
3.53817,0.002713510613207547,8.784361700685563e-05
3.54082,0.003236405868479466,0.0001029087458521964
3.54346,0.003024696309655935,9.688597164338838e-05
3.5461,0.00294178426748058,9.529182886184985e-05
3.54875,0.003262918493340732,0.0001041427388187594
3.55139,0.002749607796892338,8.840283273161307e-05
3.55403,0.003481454217536072,0.0001108224841306586
3.55668,0.001958701997780246,6.374787877523742e-05
3.55932,0.004612544325749169,0.000143717192341031
3.56197,0.003451265260821311,0.0001093968312969804
3.56461,0.003671870352386237,0.0001157341260589485
3.56725,0.003264967258601554,0.0001043690495127418
3.5699,0.001681109184239732,5.555650736755025e-05
3.57254,0.002036509295227527,6.597546663686186e-05
3.57518,0.00203153731964484,6.61089965598155e-05
3.57783,0.003268174320199779,0.0001043816707532129
3.58047,0.002558177580466149,8.283401504691468e-05
3.58312,0.001818822835738067,5.970019605426611e-05
3.58576,0.003959553620976694,0.0001240885090889569
3.5884,0.00252641370699223,8.173744610973693e-05
3.59105,0.003917124722530523,0.0001232288294641743
3.59369,0.002371517896781352,7.691259482909616e-05
3.59633,0.001089924805771364,3.610347781195134e-05
3.59898,0.002441878676470588,7.875782509956315e-05
3.60162,0.002305179106548278,7.522307533979011e-05
3.60427,0.002136999514428413,6.996219677275515e-05
3.60691,0.003043581576026639,9.70664408173115e-05
3.60955,0.001330140815760266,4.403109495800096e-05
3.6122,0.001445375277469478,4.788077492436956e-05
3.61484,0.002599546614872365,8.451693444778918e-05
3.61748,0.002101987375138735,6.819517079059749e-05
3.62013,0.002254394908435071,7.307857835707201e-05
3.62277,0.001611055147058824,5.308376240631162e-05
3.62541,0.003306654481132075,0.000104884098264985
3.62806,0.004340921545504992,0.0001362080563345722
3.6307,0.003286054661487236,0.0001046660912661382
3.63335,0.002592214553274138,8.413030042081196e-05
3.63599,0.003396269076026639,0.0001080247520188818
3.63863,0.002720538221420643,8.757619757556254e-05
3.64128,0.003140894492230857,0.0001003530275420823
3.64392,0.004346072072697005,0.0001356574649170131
3.64656,0.003795022891231965,0.0001194607492654256
3.64921,0.002971064442286346,9.575577305335025e-05
3.65185,0.002820476761931185,9.072405906492699e-05
3.6545,0.003164451859045506,0.0001007364612413996
3.65714,0.002148834281354052,6.988670466206342e-05
3.65978,0.002582233976137625,8.347160600589027e-05
3.66243,0.003635731964483905,0.0001149835321438999
3.66507,0.001993734739178693,6.51054628128639e-05
3.66771,0.003114299458934519,9.942732993504368e-05
3.67036,0.00260852913429523,8.382954134338273e-05
3.673,0.003093873612652608,9.863173090286128e-05
3.67565,0.002496616190344062,8.018354398570509e-05
3.67829,0.00281659440899001,8.995545508684213e-05
3.68093,0.001572739802996672,5.196208230673399e-05
3.68358,0.003647308060488347,0.0001139541723764265
3.68622,0.002824599472807993,9.07345068735149e-05
3.68886,0.003329531978357381,0.0001046247168689802
3.69151,0.003483905868479468,0.0001098331164801143
3.69415,0.003338557991120976,0.0001049560159368288
3.6968,0.002412003329633741,7.682574191591604e-05
3.69944,0.00398799826581576,0.0001247776968213872
3.70208,0.003527090177580466,0.0001100728894772731
3.70473,0.003393970796337403,0.0001066991261817308
3.70737,0.003067747849611542,9.612584343180276e-05
3.71001,0.003634981132075471,0.0001126941650374532
3.71266,0.002343782880133187,7.482739841939672e-05
3.7153,0.003578602316870146,0.0001125434695550507
3.71794,0.002433422655382908,7.781733025664273e-05
3.72059,0.003037474195338511,9.604706960364389e-05
3.72323,0.0024398070199778,7.773140384589651e-05
3.72588,0.003306942910654828,0.0001041250168103952
3.72852,0.0031857246809101,0.0001000591050475244
3.73116,0.003334629855715874,0.0001040111835689852
3.73381,0.00140307456992231,4.590741628724282e-05
3.73645,0.001927002219755825,6.177956762002336e-05
3.73909,0.001398432228079912,4.587813592270686e-05
3.74174,0.003245706576026636,0.0001012405091593295
3.74438,0.002023850443951165,6.510011559897917e-05
3.74703,0.0029697413290788,9.442489657388529e-05
3.74967,0.002825915718645948,8.998542040444189e-05
3.75231,0.002122406354051055,6.741930549446493e-05
3.75496,0.003989937153163151,0.0001234636026217226
3.7576,0.001891548279689233,6.073793671390883e-05
3.76024,0.002750621878468367,8.747191145574195e-05
3.76289,0.002158700402330743,6.906830348363666e-05
3.76553,0.00165189310488346,5.362652033726989e-05
3.76818,0.00401293139567148,0.0001242580111463919
3.77082,0.002646684239733631,8.361127481122707e-05
3.77346,0.002805396018312984,8.893571525624085e-05
3.77611,0.002613858213096557,8.307361209323713e-05
3.77875,0.002050656076581574,6.583613921556487e-05
3.78139,0.001054310627081018,3.466745274830074e-05
3.78404,0.002865751040510543,9.066512306994065e-05
3.78668,0.001850975860155382,5.960649442276655e-05
3.78933,0.00288106069644839,9.088381483617293e-05
3.79197,0.00380494395116537,0.0001221288301497681
3.79461,0.003294068881798002,0.0001084655313046909
3.79726,0.002768584628190897,9.257982019917906e-05
3.7999,0.002609511168146502,8.932139140560378e-05
3.80254,0.002538774972253051,8.762978362949431e-05
3.80519,0.002207401498335182,7.759655263701781e-05
3.80783,0.002091475721420643,7.407321553760814e-05
3.81047,0.002375805424528303,8.465880480907899e-05
3.81312,0.002556538568257491,9.268187175947518e-05
3.81576,0.003935318673695891,0.00013812659527925
3.81841,0.002659210321864596,9.55831478810692e-05
3.82105,0.003271434031631523,0.0001186049271364807
3.82369,0.003900544603218647,0.0001393018549231189
3.82634,0.00199965212264151,7.453162030585892e-05
3.82898,0.001916451650943397,7.204632414917554e-05
3.83162,0.00398330785238624,0.0001447475655687226
3.83427,0.002110665441176469,8.018387471550863e-05
3.83691,0.00226416717536071,8.678473878684072e-05
3.83956,0.003783492577691454,0.0001409020570953231
3.8422,0.003822458032741397,0.0001428760775401902
3.84484,0.002188172863485016,8.491021978009081e-05
3.84749,0.002895548557158715,0.0001080847822361419
3.85013,0.002729300985016646,9.973074898290372e-05
3.85277,0.003367572627635962,0.0001193053500748298
3.85542,0.002644859808546061,9.546796388295978e-05
3.85806,0.002739796614872365,9.766210363730356e-05
3.86071,0.002266305216426192,8.09777376338347e-05
3.86335,0.002636692216981134,9.281294110573398e-05
3.86599,0.003322083171476141,0.0001146479347820535
3.86864,0.001359295088790234,4.860475762734858e-05
3.87128,0.003845335529966703,0.0001316546879959764
3.87392,0.003153734184239733,0.0001086300140977991
3.87657,0.002058043077136515,7.248476189203582e-05
3.87921,0.001525700610432853,5.430632908926528e-05
3.88186,0.003073974264705885,0.0001057730671385331
3.8845,0.001801727663706993,6.364966876837787e-05
3.88714,0.002996569852941177,0.0001022658037020367
3.88979,0.0025604644145394,8.89859109535367e-05
3.89243,0.002643088027192006,9.125159225493265e-05
3.89507,0.00420757096281909,0.0001390699687253701
3.89772,0.002738068326859048,9.291162141349308e-05
3.90036,0.001926102594339621,6.617765060093764e-05
3.903,0.003406888318534961,0.0001134533995346619
3.90565,0.00212824819644839,7.26540319553012e-05
3.90829,0.002836876040510544,9.514612986100846e-05
3.91094,0.002228298903995561,7.599458926301701e-05
3.91358,0.002635483559933405,8.855092655511475e-05
3.91622,0.002060565690898998,6.961144697981358e-05
3.91887,0.003064472114317427,0.0001025333399301967
3.92151,0.002438367161487237,8.16589268889423e-05
3.92415,0.002041552233629297,6.889449732731759e-05
3.9268,0.00267842522197558,8.959569155271192e-05
3.92944,0.003742560765815762,0.0001214759789068837
3.93209,0.003198813887347394,0.0001051719811789961
3.93473,0.003546666759156492,0.0001148196887654538
3.93737,0.003086971906215318,0.000101093226078768
3.94002,0.002705388804106547,8.948732372973753e-05
3.94266,0.003820617577691456,0.0001237841070245629
3.9453,0.001947556256936738,6.538314597877224e-05
3.94795,0.002225313887347392,7.411939342427866e-05
3.95059,0.00289380424528302,9.555502810015048e-05
3.95324,0.003974748820754715,0.0001288197688907151
3.95588,0.002308541828523863,7.703319671736953e-05
3.95852,0.004027444436736959,0.0001301735528516686
3.96117,0.003226386376248611,0.0001060565768761052
3.96381,0.001258429453385129,4.277380446977753e-05
3.96645,0.004095197905105439,0.0001313866858084745
3.9691,0.003031245491120976,9.940509596202897e-05
3.97174,0.003294993687569369,0.0001081835224376945
3.97439,0.001995243271365147,6.729350170524183e-05
3.97703,0.002770008462819091,9.049354282394217e-05
3.97967,0.001583100374583793,5.336509585391229e-05
3.98232,0.002877480507769144,9.427649061935248e-05
3.98496,0.003565593229744728,0.0001156477948353565
3.9876,0.002039702622086569,6.804778466194158e-05
3.99025,0.002446882699778023,8.102438312584483e-05
3.99289,0.00309044450610433,0.0001018687910520867
