0.0431807,69.22477735155384,0.4874112032482619
0.0458244,59.78735764428414,0.4356121969247557
0.0484682,52.62565167869035,0.4039537050338015
0.0511119,46.1909355299667,0.3933028966672217
0.0537556,40.71008168007769,0.3461773694755365
0.0563993,36.06357409128746,0.3366807271869163
0.059043,32.02543244450611,0.2954708880780118
0.0616867,28.631411447697,0.2889666641438933
0.0643304,25.90718430424528,0.2692552442338597
0.0669742,23.50600951165372,0.2451411291675065
0.0696179,21.03895846906216,0.2354896259774605
0.0722616,19.34653643798557,0.2132220307658068
0.07490529999999999,17.54084781284684,0.2019586869206699
0.07754900000000001,16.02660092189234,0.1909693579495259
0.08019270000000001,14.71948014705882,0.1760023887808942
0.08283649999999999,13.42090286071032,0.1696705915812597
0.08548020000000001,12.32100054522753,0.1549269164416899
0.08812390000000001,11.33798594200888,0.1550430258908377
0.0907676,10.42467770394007,0.1465408513213974
0.0934113,9.658476831992232,0.1388172383642712
0.096055,8.851446609322975,0.1340517323720807
0.0986987,8.352839363207547,0.125989460911947
0.101342,7.65178609045505,0.1198703422386043
0.103986,7.136747197558269,0.1096788933108915
0.10663,6.567975876109879,0.1053454255392793
0.109274,6.16784181118202,0.1017716960989741
0.111917,5.744869644839068,0.09425233944682879
0.114561,5.354350721420644,0.08867166273963972
0.117205,4.994506941592674,0.08396689662148481
0.119848,4.711147048418424,0.07996952774158878
0.122492,4.380227393174251,0.07375392455510266
0.125136,4.057874346559379,0.07024502626897082
0.12778,3.875922450749168,0.06731028880404137
0.130423,3.658072502081021,0.06454020506098136
0.133067,3.367711005133185,0.0604219423966347
0.135711,3.156453685488346,0.05530188695909161
0.138354,2.998475685349612,0.05378223839677191
0.140998,2.84201557991121,0.05100122870863556
0.143642,2.668586364456159,0.04821453402832419
0.146286,2.498176159128746,0.04473252981097085
0.148929,2.360260080466149,0.04232268961609727
0.151573,2.235343062569367,0.04134440154563553
0.154217,2.150214256381799,0.03907783044501945
0.15686,1.974580798418424,0.03649576113588037
0.159504,1.867402013041066,0.03437190790452287
0.162148,1.796705098501665,0.03321164996975753
0.164792,1.708636920782464,0.03230688725854595
0.167435,1.604282501387347,0.02981500099070305
0.170079,1.529078669533851,0.02872100838536429
0.172723,1.439831799389567,0.02701429962716696
0.175366,1.370272052580466,0.02604668034329046
0.17801,1.332457774694784,0.02517765467823494
0.180654,1.235861628745838,0.02341111302409119
0.183298,1.171628213790233,0.02252546733206731
0.185941,1.128657250971143,0.02156128113958281
0.188585,1.056755776914539,0.02035229360269552
0.191229,1.022869771781354,0.01981980695399842
0.193872,0.964375394700333,0.018668797838697
0.196516,0.9377680230299668,0.01829896954838428
0.19916,0.8873981104328523,0.01736251223185652
0.201804,0.8472851408157603,0.01698923776263321
0.204447,0.8068213630688125,0.01598030384891728
0.207091,0.774695052719201,0.0152751847641742
0.209735,0.7401927927302997,0.01469158412008153
0.212378,0.7198684461709213,0.01434790635777254
0.215022,0.6671452233629301,0.01340123147429233
0.217666,0.6536645310765816,0.01324805620050219
0.22031,0.6327598917869035,0.01299827064790355
0.222953,0.5910048196448392,0.01207381746574738
0.225597,0.5690152733074362,0.011568069530078
0.228241,0.5398650062430633,0.01119932754591827
0.230885,0.5426730965593785,0.01117991196071757
0.233528,0.5238158032741399,0.01091418156342816
0.236172,0.5018329182852387,0.01047871656195449
0.238816,0.4735825742230855,0.009961130118874647
0.241459,0.4546982921753607,0.009568406994485525
0.244103,0.433151416481687,0.009082090667652911
0.246747,0.4205480535516093,0.00895428375616584
0.249391,0.4104747669256382,0.00879884467916248
0.252034,0.4029198820754717,0.008687670838456257
0.254678,0.3844044922308547,0.00824697038814275
0.257322,0.3579881936736959,0.007806314709640009
0.259965,0.3552986112652609,0.007720784268754594
0.262609,0.3435277337680355,0.007511147199045452
0.265253,0.3407938568257492,0.007532125933451115
0.267897,0.3210879626803552,0.0070809825509187
0.27054,0.3080781201442842,0.006847203468135905
0.273184,0.3038118125693673,0.006688274320753808
0.275828,0.2937254550499445,0.00651189921629279
0.278471,0.2874970026359601,0.006478985756475995
0.281115,0.2757291238901221,0.006258206943853752
0.283759,0.2614524347946726,0.006018245805656955
0.286403,0.2664510099889012,0.005952807311970434
0.289046,0.269270317008879,0.006054430591216028
0.29169,0.2466683386514984,0.00563931891746753
0.294334,0.2455156735571587,0.005653839067410127
0.296977,0.230086044672586,0.005379349438264995
0.299621,0.2319365489733629,0.005334871553048683
0.302265,0.2153556055771365,0.005063690007675644
0.304909,0.2199576588512764,0.005103601944590298
0.307552,0.2195048931742509,0.005130015086697067
0.310196,0.2078187590177581,0.004887077875707644
0.31284,0.1937188360155383,0.004619696146452148
0.315483,0.2000977296059933,0.004727151435256398
0.318127,0.1952346407463929,0.004608146022398239
0.320771,0.1842359508879023,0.004406609495905245
0.323415,0.187669461709212,0.004468810821351608
0.326058,0.1776220879578247,0.004262649879969731
0.328702,0.1705046087680356,0.004197655307671528
0.331346,0.1652640068673696,0.004041498872967096
0.333989,0.1605064465871254,0.003937209896282872
0.336633,0.1598225298279689,0.003883580136439429
0.339277,0.1537661050221976,0.003773100417275761
0.341921,0.1515417869034406,0.003780661921630799
0.344564,0.1480570844200888,0.003677891809351676
0.347208,0.1487014886237514,0.003693814896775515
0.349852,0.1454151775804661,0.003600631041731853
0.352495,0.1375975265677025,0.003469907441199487
0.355139,0.1402943632075472,0.003501416639058654
0.357783,0.1300410851137625,0.003327255161948393
0.360427,0.1316926005133185,0.003341874332561867
0.36307,0.13078184309101,0.003288627391446855
0.365714,0.1285798553690344,0.003262411778734352
0.368358,0.1253532538152053,0.003160040325380043
0.371001,0.120823452136515,0.003102714200458108
0.373645,0.1266414601831299,0.003204816798850681
0.376289,0.1193071964483907,0.003043004870770421
0.378933,0.1185784975721421,0.003045849925258911
0.381576,0.1105902198945616,0.002845381454091349
0.38422,0.1133471986681465,0.002923375066443245
0.386864,0.1137639060765816,0.002904920310087412
0.389507,0.1060570326026637,0.002783748162275783
0.392151,0.1081434630965594,0.002834818894602737
0.394795,0.1013837555493896,0.002659714472496926
0.397439,0.1048987797586016,0.002730787330228154
0.400082,0.1013908976137625,0.002644329139920742
0.402726,0.1023789518590455,0.002673893085621786
0.40537,0.1009416526082131,0.002642041524601429
0.408013,0.09501683407325194,0.002498172697097866
0.410657,0.0943706603773585,0.002517338503809345
0.413301,0.09486009094062153,0.002495975755019858
0.415945,0.08995428475305216,0.0024225166904391
0.418588,0.09230683497502776,0.00246643415388096
0.421232,0.08965755944783574,0.002404267233463231
0.423876,0.09037542619311877,0.002455540143240272
0.426519,0.08837139039955605,0.002425670223503204
0.429163,0.0857869932019978,0.002447607812027667
0.431807,0.08776307651220867,0.002528990910690343
0.434451,0.08271323411487236,0.002468898720455406
0.437094,0.08296096760543839,0.002532949220641237
0.439738,0.08493861896503886,0.002576931313304573
0.442382,0.07964560529966704,0.002515407655667619
0.445025,0.08055535092952275,0.002530459021941272
0.447669,0.08346967945338514,0.002612546542965514
0.450313,0.07549789719755827,0.002475897523496045
0.452957,0.08286948966426193,0.002601585018409775
0.4556,0.07610784094062155,0.002442024452545152
0.458244,0.07369857311320756,0.002350693544551723
0.460888,0.07497802129578246,0.002393278063381914
0.463531,0.07951508865149834,0.002518958442320228
0.466175,0.07316864109322975,0.002347934344184375
0.468819,0.07172939379855715,0.002367954685938378
0.471463,0.07049708095172032,0.002274269132529886
0.474106,0.06833260509156493,0.002278393152192738
0.47675,0.07050775513318534,0.002321788433092991
0.479394,0.0675282529827969,0.002263125944697079
0.482037,0.06640236376248615,0.002264130186665861
0.484681,0.06737009288290788,0.002170417653894652
0.487325,0.0683014318118757,0.002194464449699198
0.489969,0.06119642834350721,0.001981419911817147
0.492612,0.06606113561320755,0.002091583560527409
0.495256,0.061505684309101,0.001952158962701112
0.4979,0.06199330646503885,0.001940853890561982
0.500543,0.06073327462541622,0.00190019038681261
0.5031870000000001,0.06461647683129855,0.001966764377607177
0.505831,0.06349712534683685,0.001945326403361064
0.508475,0.06204821795227525,0.00190455045589981
0.511118,0.05796948342119867,0.001790201952505145
0.5137620000000001,0.05723909746115427,0.00177671997977264
0.516406,0.05705531062708102,0.001753768511185714
0.519049,0.05588243715316315,0.001738264365115031
0.521693,0.05805133788845728,0.00175856534376012
0.5243370000000001,0.05937639456159823,0.001786389761285728
0.526981,0.06013539685072143,0.001803704509773069
0.529624,0.05543136542730299,0.00167985782350132
0.532268,0.05973134371531631,0.001776338236347857
0.5349120000000001,0.05118020955882353,0.001577175937077524
0.537555,0.05373536778579357,0.001631245868658278
0.540199,0.05579422807991122,0.00168098172667554
0.542843,0.05517789768312986,0.001657770587139455
0.5454870000000001,0.05550452809378469,0.001658839689158754
0.54813,0.05420227337680355,0.001597049712857789
0.550774,0.05504967015815761,0.001635656724459413
0.553418,0.05096915926748059,0.001533647844980951
0.556061,0.05397426068257492,0.00159762169107418
0.558705,0.05044995865704773,0.001532165352261856
0.561349,0.05289689171753607,0.001544854543687044
0.563993,0.05013928801331854,0.001501881413926239
0.566636,0.05240860113762486,0.001536651381712319
0.56928,0.04777694721143173,0.001450019265435155
0.571924,0.05089599889012209,0.001507320944231193
0.574567,0.04533455806048835,0.001383574794494985
0.577211,0.0496007992508324,0.001470111814424897
0.579855,0.05085936834073252,0.001478862490662987
0.582499,0.05032903114594894,0.00148206846709664
0.5851420000000001,0.04803919603218646,0.001421794093579897
0.587786,0.04634129384017759,0.001399611105015087
0.59043,0.04956912694228636,0.00145460832382006
0.593073,0.04646183906770255,0.001367136117234538
0.5957170000000001,0.04807406624583797,0.001406380715330158
0.598361,0.04375905299667036,0.00131851792960622
0.601005,0.04532005188679246,0.001340751654347754
0.603648,0.04435959759988901,0.001314099953178353
0.6062920000000001,0.04605003496115428,0.001347184781270278
0.608936,0.04452642660932297,0.001313893246252232
0.611579,0.04513209884850167,0.001313758461957557
0.614223,0.04249506555216426,0.001258549563450494
0.6168670000000001,0.04375454342397336,0.001283138639735995
0.619511,0.04438039886237514,0.001287095254284859
0.622154,0.04143117036625971,0.001228948880089931
0.624798,0.04339649708657047,0.001259845096296987
0.6274420000000001,0.04362753371254162,0.0012581417761501
0.630085,0.04362060224750278,0.001266655474274718
0.632729,0.04400239823806882,0.001264657342917931
0.635373,0.04575784669811321,0.001298797912227399
0.6380169999999999,0.04312074243895672,0.001234769439638248
0.64066,0.04270718715316316,0.001234917339129628
0.643304,0.04174850006936737,0.00121500314596267
0.645948,0.04401455119311876,0.001254588973982406
0.6485919999999999,0.0408182324500555,0.001185138855478085
0.651235,0.03985294811320755,0.001174169767094673
0.653879,0.03983329599056603,0.001169448702922107
0.656523,0.04012253815205328,0.001168428288002738
0.659166,0.03908038963651498,0.001148086004086664
0.66181,0.03869968326859046,0.001123729757382608
0.664454,0.04074515219200888,0.001179488435025382
0.667098,0.03927522835738069,0.00115188769548909
0.669741,0.03935559031631521,0.00115090380951226
0.672385,0.03672083011931188,0.001086842679433574
0.675029,0.038348959836293,0.001114032181350113
0.6776720000000001,0.03668726241675916,0.001075198945315028
0.680316,0.04145107887069922,0.001177920592240572
0.68296,0.03923915864317425,0.001121445227860484
0.685604,0.03894518715316315,0.00112538159873755
0.6882470000000001,0.04117937826026637,0.001161984295632447
0.690891,0.03829710661764706,0.001105106097223042
0.693535,0.03865516668978913,0.001105491652723539
0.696178,0.03639411730022198,0.001058626018800669
0.6988220000000001,0.03967385169256382,0.001130467360177811
0.701466,0.03652034642064373,0.001055028017475202
0.70411,0.03878839137069923,0.001108894357444911
0.706753,0.03669125922586015,0.001050826548583584
0.7093970000000001,0.04090753801331853,0.001141988783678652
0.712041,0.03928200645116538,0.001109883034512399
0.714684,0.03710210190066593,0.001057932934320229
0.717328,0.03619605320477248,0.001038341364949631
0.7199719999999999,0.03398176602386237,0.0009913760874491297
0.722616,0.03537637999445061,0.001014919389902038
0.725259,0.03850870858768035,0.001081775621927292
0.727903,0.03604958594617093,0.001016792641235517
0.7305469999999999,0.03631486327691454,0.001037234158567307
0.73319,0.03333263935904551,0.0009698652639679729
0.735834,0.037320552927303,0.001044399838108866
0.738478,0.03444653128468368,0.0009811998364122501
0.7411219999999999,0.03647536972807991,0.001025824332407634
0.743765,0.0368270385682575,0.001038393863959088
0.746409,0.03527670012486126,0.0009884593188992266
0.749053,0.03330567577691454,0.0009586446117208318
0.751696,0.03615631631520533,0.00100634449817193
0.75434,0.03559708351831299,0.00100425214041114
0.756984,0.03533152004716981,0.0009827853124882492
0.759628,0.03596309829356271,0.001002851088544111
0.762271,0.03595167099056604,0.0009995817498363699
0.764915,0.03338832228079911,0.0009410539014756725
0.767559,0.03477319832130966,0.0009817604327677304
0.7702020000000001,0.03523763852663707,0.0009759755409235843
0.772846,0.03399356645394007,0.0009487807787782638
0.77549,0.03282414726692564,0.0009321525689100689
0.778134,0.03378694561598224,0.0009397032726712236
0.7807770000000001,0.03259744166204218,0.000923008970559805
0.783421,0.03591116037735849,0.0009836980567424862
0.786065,0.03304823411487236,0.0009270050024935243
0.788708,0.03377266606548279,0.0009420172029920228
0.7913520000000001,0.03507709773862375,0.0009584951571758414
0.793996,0.03263529460321865,0.0009143772131359318
0.79664,0.03262070373196449,0.0009079902532203412
0.799283,0.03189724923695893,0.0008925951703775722
0.8019269999999999,0.03264496843784683,0.0009074830927725484
0.804571,0.02982135786625971,0.0008436841181025249
0.807214,0.03527039816870144,0.0009594327928056845
0.809858,0.03411279085738069,0.0009250445161572958
0.8125019999999999,0.03184926692563818,0.0008934106218133575
0.815146,0.03432670484184239,0.0009295796078700475
0.817789,0.03247655764428413,0.0008944815622620852
0.820433,0.03229976179245283,0.0008949284073001821
0.8230769999999999,0.03330821212541621,0.0009059027288731055
0.82572,0.0336641959628191,0.0009193396631433651
0.828364,0.03368323688956715,0.000911718701569744
0.831008,0.03268049334073252,0.0008962558326259157
0.8336519999999999,0.03228623765260821,0.000876945313617239
0.836295,0.03336712728912319,0.000902765697368768
0.838939,0.03311245317702553,0.0009002291666790484
0.841583,0.03290219492230855,0.0008824788566368913
0.844226,0.03321763838790234,0.0009051704565682556
0.84687,0.03183822190621532,0.0008655218542447975
0.849514,0.03147771933962264,0.0008583797126508117
0.852158,0.03424292293285239,0.0009161566011708138
0.854801,0.03248343645948946,0.0008627652093610205
0.857445,0.03133291627358491,0.0008525273352477952
0.860089,0.03276825832408435,0.0008719763527186975
0.8627320000000001,0.03138876401220866,0.0008462293644643132
0.865376,0.02948251956159822,0.0008361724594615062
0.86802,0.03267459427025527,0.000895923996978485
0.870664,0.03297604203662597,0.0009158636722252385
0.8733070000000001,0.03039419034406215,0.0008491871604876544
0.875951,0.02693518097946726,0.0007913430693616511
0.878595,0.03167552934239733,0.0008916960852153472
0.881238,0.03152657151775805,0.0008845303309868873
0.8838819999999999,0.03472041800776915,0.0009649172309771846
0.886526,0.03165959017758047,0.0008807191326893688
0.88917,0.03108369256381798,0.0008791872500355219
0.891813,0.03347041252774696,0.00092929643051896
0.8944569999999999,0.03228957061598225,0.0008852126807888946
0.897101,0.0336233282463929,0.0009036886142615658
0.899744,0.03065674132907881,0.0008404976909104813
0.902388,0.03065576616259712,0.0008372602967670324
0.9050319999999999,0.02991429168978912,0.0008111372207592243
0.907676,0.03132900187291898,0.000840981720225888
0.910319,0.0333826544117647,0.0008838509498534532
0.912963,0.03113706347114317,0.0008374754581777101
0.9156069999999999,0.03151670539678136,0.0008450362218508862
0.91825,0.03081750187291898,0.0008176060156704971
0.920894,0.03153447586015538,0.0008413542378900574
0.923538,0.03340906860432852,0.000873764373027948
0.9261819999999999,0.03183731083518313,0.0008361827141187798
0.928825,0.03196759857103219,0.000848841871246294
0.931469,0.03071740996115427,0.0008141829329769512
0.934113,0.0319926598917869,0.0008475392388708636
0.936756,0.03237107942563818,0.0008387436340065835
0.9394,0.03030901206992231,0.0008020003400367654
0.942044,0.03158144637902331,0.0008214099190641386
0.944688,0.02925447939789123,0.0007792030200113995
0.947331,0.02999585314927858,0.0007952704878832982
0.949975,0.03015498612652608,0.000791458179245278
0.952619,0.0298996161209767,0.0007886597061262438
0.9552619999999999,0.03099296545504994,0.0008091993141654138
0.957906,0.03176663186736958,0.000822873773861996
0.96055,0.02964759510266371,0.0007855893780721029
0.963194,0.02813956652330744,0.000737561623635406
0.9658369999999999,0.0301819794672586,0.0007913979067663837
0.968481,0.0322130910099889,0.0008233365807829668
0.971125,0.02939385495283019,0.000765035110277583
0.973768,0.03130475090177581,0.0008003619721878971
0.9764119999999999,0.03336231097391788,0.0008325915433181904
0.979056,0.03009530181742508,0.0007785850278228611
0.9817,0.03127783081298557,0.0007963107789153151
0.984343,0.02928227393174251,0.0007536495307850097
0.9869869999999999,0.0314102634572697,0.0007908128788321787
0.989631,0.03088519353496116,0.0007919265939692547
0.992274,0.03115368479467259,0.0008180189752613077
0.994918,0.03075809912597114,0.0008080213833817616
0.9975619999999999,0.02910190246947836,0.0007836869077152211
1.00021,0.03116091384572697,0.0008311145244738955
1.00285,0.03153060724195338,0.0008349137425527956
1.00549,0.02913362284961154,0.0008038298224659677
1.00814,0.03118292605438401,0.0008386169579402779
1.01078,0.02889754328523863,0.0007974512752470074
1.01342,0.03058021594062153,0.000836028347246881
1.01607,0.03068216204217537,0.0008469346131217572
1.01871,0.0297251322835738,0.0008212419342800958
1.02136,0.03074495726970033,0.0008467222891072283
1.024,0.02766572031076582,0.0007897586491438008
1.02664,0.0280654035099889,0.0007994148238771459
1.02929,0.02977711369311875,0.0008386910880137232
1.03193,0.03011793666759157,0.0008432869206829243
1.03457,0.02922544415926748,0.0008230406086374689
1.03722,0.02659588713928968,0.0007758172291124281
1.03986,0.02930800138734739,0.0008265038019108759
1.04251,0.0277019594200888,0.0007991871781511961
1.04515,0.02797930729744728,0.0007909110795957189
1.04779,0.02931860231687015,0.0008117124667037437
1.05044,0.02946678412874585,0.0008067658922563996
1.05308,0.02972980896226415,0.0007982264953050124
1.05572,0.03145884780799113,0.0008379900886805704
1.05837,0.02957059357658158,0.0007862460193559246
1.06101,0.03045233865149834,0.0008120798139713791
1.06365,0.03041406908990011,0.0007989827963337544
1.0663,0.02924470026359601,0.0007764316437508001
1.06894,0.02717411965871254,0.0007337999666030094
1.07159,0.02862066009988901,0.0007517039488535181
1.07423,0.02848625880965594,0.000756832135273779
1.07687,0.02826509746115427,0.0007427495492932143
1.07952,0.03018992730299667,0.0007849088374733179
1.08216,0.02801881298557159,0.0007375517446725171
1.0848,0.0250860570199778,0.0006660281052719928
1.08745,0.02828515704772475,0.0007365056227136454
1.09009,0.02932108830466149,0.0007515072513631061
1.09274,0.02855655320477248,0.0007407558132226456
1.09538,0.0285261765399556,0.0007371229509386425
1.09802,0.02684220366259712,0.0006977525003604741
1.10067,0.03078366863207547,0.0007778574019674978
1.10331,0.02983764268867924,0.000750299028249635
1.10595,0.02875154529689235,0.0007338234901902826
1.1086,0.03052786598224196,0.0007642748794782772
1.11124,0.02859600395394006,0.0007281565583528265
1.11389,0.02798761223640399,0.0007185898370779876
1.11653,0.02933459642064373,0.000729682369922834
1.11917,0.02658014026082131,0.0006882585929746699
1.12182,0.0269266494173141,0.0006883845671780122
1.12446,0.02669050575749167,0.0006884658698434622
1.1271,0.02530749993063263,0.0006559276454294107
1.12975,0.02884808906770256,0.0007199608683211823
1.13239,0.02680803620976693,0.0006848134051279096
1.13504,0.02839017515260821,0.0007117254142566491
1.13768,0.02642628142341843,0.0006746279256519919
1.14032,0.02810306416481687,0.000707963516602235
1.14297,0.02815964442286348,0.0007079685908248981
1.14561,0.02738281444228635,0.0006984255537638241
1.14825,0.02717151463651498,0.0006808394986473017
1.1509,0.02789040919811321,0.0006984874374964357
1.15354,0.0284387160099889,0.0007079272924222078
1.15618,0.02558385203940067,0.0006502602731041526
1.15883,0.02625494741953385,0.0006720421886983836
1.16147,0.02582838991398446,0.000650925943107442
1.16412,0.02671532672031076,0.0006769787205853447
1.16676,0.02544851449778025,0.000640744406862028
1.1694,0.02632171885405105,0.0006635403033664933
1.17205,0.02775658476692563,0.0006864763051504385
1.17469,0.02581979883462819,0.000649045996325063
1.17733,0.02674873876248612,0.0006685559890212076
1.17998,0.02401649625416204,0.0006089980040955674
1.18262,0.02546302524972253,0.000641291422126816
1.18527,0.02440810800499445,0.0006178603366063801
1.18791,0.02667484586570477,0.0006629831726450996
1.19055,0.02595268701442841,0.000649719232106701
1.1932,0.02656622010266371,0.0006531887742732654
1.19584,0.02625507561043285,0.0006526782553564441
1.19848,0.02313565080466149,0.0005875518851991445
1.20113,0.02331677081021088,0.0005951520438987252
1.20377,0.02397595359322974,0.0006050920078236105
1.20642,0.02378728863762487,0.0006016095795137857
1.20906,0.02334633483629301,0.0005943194534240638
1.2117,0.02556267078246393,0.0006282909723305188
1.21435,0.02405329390954495,0.0006035402864138067
1.21699,0.02592131915926748,0.0006356689669106208
1.21963,0.02485760481409546,0.0006170970142536461
1.22228,0.02471650097114318,0.0006164434880670517
1.22492,0.02182762062985572,0.0005544982005548336
1.22757,0.02318587187846837,0.0005831120519509506
1.23021,0.02378244485294118,0.000590366812095523
1.23285,0.02345324604605993,0.000585215232420347
1.2355,0.02336471878468369,0.0005852774807655138
1.23814,0.02480883046614872,0.0006099050058916367
1.24078,0.02382296920088791,0.0005948685641257944
1.24343,0.0228213725027747,0.0005726372605632203
1.24607,0.02492048931742508,0.0006091655054408415
1.24871,0.02567658670921199,0.0006229387610841816
1.25136,0.02410874105160933,0.0005916186288248804
1.254,0.02356400985016648,0.0005833770332781304
1.25665,0.02195580466148723,0.0005513652916041695
1.25929,0.02091049257769145,0.0005318652994372641
1.26193,0.02410984669811321,0.0005864478090796683
1.26458,0.02139844207824639,0.0005361146894301876
1.26722,0.0224804121809101,0.0005590993959138464
1.26986,0.02254762312708102,0.0005591975560847321
1.27251,0.02171451276359601,0.0005439944057956177
1.27515,0.02201411320754717,0.0005454959574851925
1.2778,0.02260025693673696,0.0005591610297601381
1.28044,0.02109509891786903,0.0005245480536567777
1.28308,0.01921258580743618,0.0004891598877773717
1.28573,0.02091660682574917,0.0005263830818169431
1.28837,0.02113487701165372,0.0005225886360814832
1.29101,0.02117766301331854,0.0005328778746838023
1.29366,0.02098392536071032,0.0005203606736576007
1.2963,0.02119023258879023,0.0005261169281582786
1.29895,0.02098534232796893,0.0005227238108440194
1.30159,0.02061834780799112,0.0005100775648199905
1.30423,0.01926261459489456,0.0004899584017011896
1.30688,0.02060730965593785,0.0005078874808002548
1.30952,0.01922434961154273,0.0004856188745625819
1.31216,0.02087580091564929,0.0005137530768489124
1.31481,0.02032984503329634,0.0005051213990074735
1.31745,0.0199457896781354,0.0004967754998371443
1.3201,0.01808837680355161,0.000456176871804098
1.32274,0.02091279543562708,0.0005133770982218155
1.32538,0.01872580375971143,0.000467442267597146
1.32803,0.02023262368201998,0.0004966204550438107
1.33067,0.01982443410099889,0.0004942170017204396
1.33331,0.01841033969200888,0.0004582751077466949
1.33596,0.01749662243340733,0.0004443691396906475
1.3386,0.01922593826304106,0.0004774696771231245
1.34124,0.01876879349334073,0.0004669013175606714
1.34389,0.01884315566037736,0.000468195008353338
1.34653,0.02092678197835738,0.0005050889828236586
1.34918,0.01880009725305216,0.0004685597871294021
1.35182,0.01742650887902331,0.0004370131854684182
1.35446,0.01690915559100999,0.0004298316437828011
1.35711,0.0185042303690344,0.0004603639528465708
1.35975,0.01838496933962264,0.000458253708557877
1.36239,0.01821353919256382,0.0004557891334598895
1.36504,0.01920201692563818,0.0004691761504315046
1.36768,0.01695510973917869,0.00042901481862737
1.37033,0.01786638679245283,0.0004463876737007197
1.37297,0.01828354057991121,0.0004546889743298627
1.37561,0.01834966419256382,0.0004601665744392403
1.37826,0.01715997939789123,0.0004284490238349351
1.3809,0.01667387493063263,0.0004233688448187843
1.38354,0.01803403988623752,0.000449478273754972
1.38619,0.01675939886237514,0.0004246720067768526
1.38883,0.0173917119173141,0.0004340159966122292
1.39148,0.01678293791620422,0.0004232102818453413
1.39412,0.0160109334073252,0.0004081072484776711
1.39676,0.01602320310765816,0.0004043003770811713
1.39941,0.01744891481687015,0.00043466145991294
1.40205,0.01637338630688125,0.0004118093373376182
1.40469,0.01593897253052164,0.0004080801067398018
1.40734,0.01555783122918979,0.0003950529333191084
1.40998,0.01769403412874584,0.0004370690631916948
1.41263,0.01538421954772475,0.0003893310201874858
1.41527,0.01672020220588235,0.0004173246793278302
1.41791,0.01666767140677026,0.0004178013571894616
1.42056,0.01662783608490567,0.0004163153606254942
1.4232,0.015913993618202,0.0004003163167294402
1.42584,0.0169583259572697,0.000420791005658763
1.42849,0.01577071052996671,0.0003983608589761962
1.43113,0.01561468160377359,0.000395107994087599
1.43377,0.0147820015954495,0.0003766002075728464
1.43642,0.01503750665926748,0.0003797042318521399
1.43906,0.0146995702691454,0.0003752678929314219
1.44171,0.01443678121531632,0.0003684360442900011
1.44435,0.01452764109322974,0.0003695485409421072
1.44699,0.01645237708102108,0.000408144427094047
1.44964,0.01473653274139845,0.000375066943595716
1.45228,0.01381111119589345,0.0003535386821615884
1.45492,0.01421750381520533,0.0003613474192986577
1.45757,0.01343813061875694,0.0003442896590577663
1.46021,0.01523445595172031,0.0003823484726737449
1.46286,0.01301602545782464,0.0003356611909369395
1.4655,0.01426626671753607,0.0003628083213741056
1.46814,0.01397565566037736,0.0003543589192251434
1.47079,0.01486274125971144,0.0003753920236669994
1.47343,0.01533302559655938,0.0003817249312737282
1.47607,0.01459430951720311,0.0003696454421592257
1.47872,0.01407632443118757,0.0003546803061772334
1.48136,0.01349761348501665,0.0003458007749114063
1.48401,0.01431716079356271,0.0003642488010277137
1.48665,0.01357301033573807,0.0003450213564940875
1.48929,0.01249899493618202,0.0003216305179303125
1.49194,0.0134480814372919,0.0003392498630686508
1.49458,0.01410781818812431,0.000358847838050587
1.49722,0.01328266481687014,0.0003373608152758809
1.49987,0.01170665614594895,0.0003042272876310231
1.50251,0.01465392744173141,0.0003692651540148921
1.50516,0.01411038429522753,0.0003535612072455592
1.5078,0.01300114844617092,0.0003311376740041475
1.51044,0.01307579446448391,0.0003331614606787108
1.51309,0.0142508403163152,0.00035626102861417
1.51573,0.01272219589345172,0.0003263206916678611
1.51837,0.01471714615704773,0.0003635729773502886
1.52102,0.01417613935904551,0.0003540942897075981
1.52366,0.01171162354328524,0.0003004604676984262
1.5263,0.01365015607658157,0.0003406885405800578
1.52895,0.01293440219200888,0.0003292603353558134
1.53159,0.0119114571309656,0.0003069929992970851
1.53424,0.01311146129300777,0.000333989805984539
1.53688,0.01079179890399556,0.0002814383163926959
1.53952,0.01174566967258601,0.0003006225474326624
1.54217,0.01151186778579357,0.0002945754019084793
1.54481,0.01052417293285239,0.000274726618755159
1.54745,0.01311361306881243,0.0003326207767235389
1.5501,0.01323670151220866,0.0003370970487041432
1.55274,0.01041753412874584,0.0002793186458171433
1.55539,0.01249976865982242,0.0003273977191265396
1.55803,0.01161543687569367,0.0003101188117999101
1.56067,0.01109833310210877,0.000301302533898594
1.56332,0.01256931222253052,0.0003318365175522468
1.56596,0.01114797044950056,0.0003058140639028244
1.5686,0.01067646143174251,0.0002923065560785695
1.57125,0.0116440989872364,0.0003204541601839406
1.57389,0.01140090940621532,0.0003129331840858702
1.57654,0.01091194811320755,0.000300939116096553
1.57918,0.009199683962264152,0.0002649336353367022
1.58182,0.01082931305493896,0.000302469304156944
1.58447,0.01151909912597115,0.0003210397389093949
1.58711,0.01085209211986682,0.0003033762518495167
1.58975,0.01159308587680355,0.0003221922258257076
1.5924,0.0108052406354051,0.0003094056060210315
1.59504,0.009235410307991116,0.0002657142406212972
1.59769,0.01064812895394007,0.0003042932211963061
1.60033,0.009532105854605991,0.000275463484784739
1.60297,0.010914621809101,0.0003094371525832509
1.60562,0.01108240538290788,0.0003131826074033134
1.60826,0.011431924736404,0.000314175071343975
1.6109,0.009354989525527191,0.000264824303885159
1.61355,0.01089540461986682,0.0002971329989143992
1.61619,0.01027560391231964,0.0002825892067039209
1.61883,0.01107519693396226,0.0003010000066793506
1.62148,0.01067295449500555,0.0002884351051875196
1.62412,0.009853968021642621,0.0002719999258799
1.62677,0.01040392529134295,0.0002804153896603423
1.62941,0.01096247135127636,0.0002962949151576007
1.63205,0.009862527053274141,0.0002680019180853593
1.6347,0.009268643798557161,0.0002535710051645225
1.63734,0.0096217570754717,0.0002623425087234587
1.63998,0.0102298695199778,0.0002759343788306297
1.64263,0.008966781700887903,0.000245346867891257
1.64527,0.009776691800776912,0.0002625657015219644
1.64792,0.01018568028579356,0.0002737054921249469
1.65056,0.01008600728357381,0.000270897749501535
1.6532,0.009928538498890121,0.0002661225393960704
1.65585,0.009673589692008881,0.0002615256493150797
1.65849,0.01003211674528302,0.000266408530230808
1.66113,0.009190861681465037,0.0002486783836918311
1.66378,0.00954127379300777,0.0002574098123010967
1.66642,0.01030996594062153,0.0002748634958539811
1.66907,0.008231229189789122,0.0002276543016506686
1.67171,0.01061870685349611,0.0002796791898942481
1.67435,0.009137323668146504,0.000247081166021777
1.677,0.009983864317425083,0.0002656792939474222
1.67964,0.007812976623196447,0.0002144402125320621
1.68228,0.008600384642064371,0.0002330085330029814
1.68493,0.009208719131520535,0.0002471019160601591
1.68757,0.009129950402330746,0.0002451775728545038
1.69022,0.008920852733074362,0.0002391264459110531
1.69286,0.0082587009572697,0.0002241898682715789
1.6955,0.009385405105438402,0.0002519038654983638
1.69815,0.009186365843507217,0.0002461575877166414
1.70079,0.0108220015954495,0.0002848680258005595
1.70343,0.00920903731964484,0.0002439431404459392
1.70608,0.009011952968923419,0.0002407441254300072
1.70872,0.009543198945615984,0.000251642673746439
1.71137,0.01058641419256382,0.0002764370948577142
1.71401,0.009289861681465035,0.0002474375990148657
1.71665,0.00932341564927858,0.0002479020818791225
1.7193,0.008134346628745836,0.0002205767746144557
1.72194,0.007679676401220869,0.0002085302790694155
1.72458,0.008284394076026637,0.0002233515718210054
1.72723,0.00837913172863485,0.0002243172638409989
1.72987,0.007844948806881243,0.0002122052413266256
1.73251,0.008208264705882354,0.0002220657554184801
1.73516,0.00902767237791343,0.000237463107215939
1.7378,0.00832170220588235,0.0002232131054082669
1.74045,0.009696009364594894,0.000253518376277042
1.74309,0.008887138526637072,0.0002359150308524121
1.74573,0.008902223848501664,0.0002362514247451665
1.74838,0.00802252753884573,0.0002136840790866732
1.75102,0.008018601692563819,0.0002171493363923443
1.75366,0.00893681936736959,0.000234258080545157
1.75631,0.009013843784683683,0.0002370665417086259
1.75895,0.00862788158990011,0.0002296614132971895
1.7616,0.008187296337402887,0.0002182547705899996
1.76424,0.007582681673140955,0.0002050672898839437
1.76688,0.008136720449500558,0.0002151101248775772
1.76953,0.00706958615427303,0.0001919198431565273
1.77217,0.008567125971143175,0.0002274271964829686
1.77481,0.008436545227524973,0.0002241798498962711
1.77746,0.00800882255826859,0.000214809499511702
1.7801,0.008222056673140958,0.0002170555083620532
1.78275,0.009306556256936738,0.0002436448145130965
1.78539,0.006577802372364041,0.0001773301742514462
1.78803,0.007669347877358492,0.0002040222691967105
1.79068,0.007022521781354048,0.0001904217935398337
1.79332,0.007415978565482796,0.0001969828945866041
1.79596,0.00706694908435072,0.0001921930930947394
1.79861,0.008061847807991122,0.0002118394035428303
1.80125,0.008371614248057714,0.0002207558234697048
1.8039,0.008431174944506107,0.0002224737441238831
1.80654,0.006183890052719202,0.0001683131346770827
1.80918,0.008375986473362931,0.0002222938765860225
1.81183,0.007248007283573809,0.0001944864957801314
1.81447,0.008815642341842398,0.0002307442152014679
1.81711,0.007461474889012209,0.0001989022984659191
1.81976,0.006643095033296337,0.0001791396876082759
1.8224,0.00867503523862375,0.0002289523502567566
1.82504,0.007157339692008881,0.0001919853307880312
1.82769,0.006698100374583797,0.0001826055371983796
1.83033,0.007506382907880134,0.0002004066565446633
1.83298,0.006375320269145396,0.0001731121968440441
1.83562,0.008150638318534964,0.000216547589948395
1.83826,0.00742749514428413,0.0002005664142742962
1.84091,0.007234860849056605,0.0001960929331978468
1.84355,0.006945854467258602,0.0001882520333654377
1.84619,0.006850313332408433,0.000186209469126344
1.84884,0.006485694922308546,0.0001753820076026507
1.85148,0.008125702899556051,0.00021691266998812
1.85413,0.008005546822974472,0.000214557578953978
1.85677,0.006124624653163152,0.0001672815166752024
1.85941,0.006540453038290788,0.000179168749858545
1.86206,0.005736641162597118,0.0001573568725390059
1.8647,0.006490385335738071,0.0001777632220745074
1.86734,0.008754813471143175,0.0002304697889030407
1.86999,0.00546470248335183,0.0001511099961444879
1.87263,0.006167648723640399,0.0001709740543103345
1.87528,0.006148779481132073,0.0001686119099746527
1.87792,0.007170060349611542,0.0001941886225166059
1.88056,0.006370430701997781,0.0001745386142141262
1.88321,0.006670775110987788,0.0001809496844367622
1.88585,0.007546991953385128,0.0002045606849754938
1.88849,0.006565523515538289,0.0001777886133494041
1.89114,0.007049043562708102,0.0001915513787989209
1.89378,0.006933058268590455,0.0001867270801180509
1.89643,0.005725099403440623,0.0001586989691128365
1.89907,0.007455495699223088,0.0002014331944552059
1.90171,0.005026232380688123,0.0001396358530418287
1.90436,0.005890909753052167,0.000162770513365876
1.907,0.006797157602663706,0.000183820704171673
1.90964,0.006907069852941179,0.0001881164632343631
1.91229,0.005710297932852386,0.0001584735352317659
1.91493,0.007052889289678135,0.0001903500681066048
1.91757,0.006374809794672589,0.0001740067866793801
1.92022,0.007254833448945618,0.0001964274935660833
1.92286,0.005301103426748055,0.0001485730065167274
1.92551,0.006935116190344062,0.0001865586265212312
1.92815,0.00639090004162042,0.000174093907333863
1.93079,0.006704072697003331,0.0001837857640238825
1.93344,0.005053811736958935,0.0001408096901177067
1.93608,0.005762936320754719,0.0001591033870316292
1.93872,0.007209403509988904,0.0001941888209540471
1.94137,0.007009409683684793,0.0001915685310541705
1.94401,0.006347374653163153,0.0001741022140466735
1.94666,0.006539626664816872,0.0001779489916402347
1.9493,0.006897393729189789,0.0001875805350318884
1.95194,0.005227084628190898,0.0001452355596933344
1.95459,0.007254387069922308,0.0001955409438649674
1.95723,0.005487463235294115,0.0001530046968934179
1.95987,0.005718179384017761,0.0001577165121404069
1.96252,0.006578967536071034,0.0001804987101158451
1.96516,0.007073605854605996,0.0001904868088257402
1.96781,0.004763601276359599,0.0001338120430707412
1.97045,0.004546084211986683,0.00012818067327149
1.97309,0.006311678066037735,0.0001731021554290556
1.97574,0.005800141440066592,0.000160731183302915
1.97838,0.006328459628190898,0.000173030156721809
1.98102,0.004741579911209769,0.0001342009953229305
1.98367,0.007172699708657048,0.0001928357442855154
1.98631,0.005989033018867923,0.0001647101775340083
1.98896,0.005998983837402888,0.0001652607142594597
1.9916,0.006093025596559378,0.0001672932682945036
1.99424,0.007161988901220866,0.0001917214227208736
1.99689,0.00489598127081021,0.0001363779985600277
1.99953,0.00489868243618202,0.0001365110912687091
2.00217,0.006399010405105441,0.0001738971260418268
2.00482,0.004871519700332964,0.0001359891009282926
2.00746,0.006187598432297447,0.0001685878082589109
2.0101,0.005699667244728079,0.0001555142016511925
2.01275,0.006172508532186462,0.0001684339134377705
2.01539,0.004987859808546062,0.0001374810151126241
2.01804,0.005997466148723642,0.0001649643002087389
2.02068,0.004535650388457269,0.000127218194233209
2.02332,0.005020092952275247,0.0001389436061910001
2.02597,0.006376780729744728,0.0001730764094775957
2.02861,0.00580310814372919,0.0001576928104947777
2.03125,0.005813624375693676,0.0001592491523568706
2.0339,0.007593262000554938,0.0002012529780632008
2.03654,0.007100610640954494,0.0001910183177315869
2.03919,0.005780642688679244,0.0001579676672531106
2.04183,0.005609127844062153,0.0001530612462576359
2.04447,0.005951745491120978,0.0001624371695667025
2.04712,0.004943013596004439,0.0001367528721954341
2.04976,0.005903767758046614,0.0001610779288912914
2.0524,0.005013147752497223,0.0001391617667737981
2.05505,0.004464000832408437,0.0001247150082093204
2.05769,0.00594523980299667,0.0001623880088704603
2.06034,0.005206471073806882,0.0001424024422976516
2.06298,0.005588445615982243,0.0001534822615468341
2.06562,0.004726462541620421,0.0001308602621938982
2.06827,0.006559203246392894,0.0001761520520065173
2.07091,0.004971039331298558,0.00013805778925369
2.07355,0.005967668632075473,0.0001615364075224622
2.0762,0.004810365774139845,0.0001336791126574348
2.07884,0.00476306562153163,0.0001317315440287489
2.08149,0.007095636376248615,0.000189082981056477
2.08413,0.00635453503052164,0.0001727088621324193
2.08677,0.005715995560488346,0.000154823957240007
2.08942,0.005659367230854606,0.0001561788740616686
2.09206,0.005748244728079909,0.0001570442621272178
2.0947,0.00485098168701443,0.0001348332009089685
2.09735,0.004301370074916756,0.0001206368320446627
2.09999,0.005025515885127635,0.0001391194866723828
2.10263,0.004612189511653717,0.00012998732134146
2.10528,0.004394999791897893,0.0001216346906931408
2.10792,0.00477549556048835,0.0001335581405851795
2.11057,0.003396324014983352,9.766909468742254e-05
2.11321,0.004483474403440618,0.0001292596094982912
2.11585,0.005181737097669257,0.0001499332791826115
2.1185,0.005321744450610433,0.0001516131577747492
2.12114,0.004765059447835735,0.0001405533643769519
2.12378,0.004755738138179801,0.0001378563586675135
2.12643,0.003886162042175358,0.00011605303070609
2.12907,0.006348718368479467,0.0001844018476637074
2.13172,0.004704912735849058,0.0001403144279150745
2.13436,0.005691234114872361,0.0001685673646454399
2.137,0.003880523931742511,0.0001181513252641498
2.13965,0.006188626248612653,0.0001826373113759645
2.14229,0.003735361473362931,0.0001149461171988596
2.14493,0.005653021781354049,0.000169638648296806
2.14758,0.00389936341564928,0.0001216391178315024
2.15022,0.00391319429800222,0.0001205889869825885
2.15287,0.005030435210876805,0.0001542172800673285
2.15551,0.003266024833518313,0.0001029205252115182
2.15815,0.005837925707547172,0.0001767607505032454
2.1608,0.002462343437846837,7.935428924042205e-05
2.16344,0.004085338651498338,0.0001268776466088266
2.16608,0.005385860502219757,0.0001636315486912628
2.16873,0.005915421684239734,0.0001756001538385169
2.17137,0.005287064234184237,0.0001567150636522559
2.17402,0.004213126664816869,0.000126301061348509
2.17666,0.004424616467813542,0.0001325804843495225
2.1793,0.003292319991675918,9.996535347724797e-05
2.18195,0.005472897544395119,0.0001590462631902914
2.18459,0.005227940760266369,0.0001523102463447003
2.18723,0.005482763665371807,0.0001591092563860042
2.18988,0.004527949778024418,0.0001330595436587717
2.19252,0.003942813263041066,0.0001167060161576328
2.19516,0.004470025804661488,0.000130647707158888
2.19781,0.00486717265538291,0.0001422088865013653
2.20045,0.004369281492785797,0.000127719493033051
2.2031,0.00402888200610433,0.0001189570753777061
2.20574,0.003534110918423971,0.0001048820322596044
2.20838,0.004829239594894559,0.0001402569579013366
2.21103,0.00368860613207547,0.0001094956557099717
2.21367,0.003431189650388457,0.0001026026197946698
2.21631,0.00420131936736959,0.0001236962054398932
2.21896,0.003944623959489455,0.0001156569923890685
2.2216,0.004437252427857938,0.0001285138994787476
2.22425,0.005248602386237517,0.0001508241916776105
2.22689,0.004595156145948943,0.0001335188084724871
2.22953,0.004081573043840179,0.0001188480756927775
2.23218,0.005591000277469478,0.0001608449320587676
2.23482,0.003430757006104328,0.0001015586094991664
2.23746,0.0044537112236404,0.0001310694313566278
2.24011,0.005125413221420645,0.0001473922570626532
2.24275,0.003914652469478355,0.0001162210101397496
2.2454,0.0042396621809101,0.0001241890101432833
2.24804,0.003902801678690347,0.0001156425938214315
2.25068,0.004738837541620419,0.0001382000511468889
2.25333,0.00359563568257492,0.0001064051692656137
2.25597,0.00405388380965594,0.0001197240115187247
2.25861,0.005476189303551612,0.0001573846511714307
2.26126,0.00380494395116537,0.0001129918586008215
2.2639,0.004441233213096557,0.0001297330031159694
2.26655,0.00421785141509434,0.0001242037466961241
2.26919,0.004180083171476138,0.0001245965676278636
2.27183,0.005051813332408436,0.0001457456335656241
2.27448,0.004799929661487238,0.0001394663718908108
2.27712,0.005125562014428416,0.0001477202137268751
2.27976,0.005117234184239734,0.0001502168236539975
2.28241,0.004883835183129858,0.0001428091731527809
2.28505,0.003967027608213096,0.0001170226202018613
2.28769,0.003408852386237514,0.0001016887527203262
2.29034,0.003433412389012212,0.0001014223751431117
2.29298,0.004217638526637068,0.0001245053767955309
2.29563,0.003612728565482797,0.000106951173380889
2.29827,0.005509049667036624,0.0001581865599891969
2.30091,0.004039391370699225,0.0001211151099495119
2.30356,0.003225269284128745,9.566534555669628e-05
2.3062,0.004214445199778026,0.0001247259483510323
2.30884,0.004120023446170919,0.0001210876359143765
2.31149,0.003646948668146502,0.0001094968969837956
2.31413,0.004129276082130966,0.0001220092560750881
2.31678,0.003207661348501666,9.666909676584969e-05
2.31942,0.003534213928967816,0.0001059935155380405
2.32206,0.003546257006104328,0.0001047488989436374
2.32471,0.004388191939511655,0.0001295490727234231
2.32735,0.002656877705327415,8.108816921975258e-05
2.32999,0.004243961154273032,0.0001250538478690666
2.33264,0.00514202538845727,0.0001516043218366276
2.33528,0.003770538429522754,0.0001106323531525365
2.33793,0.004606029481132077,0.0001356824098720333
2.34057,0.003540449500554942,0.0001054135219699604
2.34321,0.003804007699778024,0.0001130747922630196
2.34586,0.004880548002219755,0.0001440165021973578
2.3485,0.004322187361265261,0.0001271597374822983
2.35114,0.003114585599334071,9.378495180391859e-05
2.35379,0.004008469894561596,0.0001180831952142755
2.35643,0.003541914539400668,0.0001052843705351755
2.35908,0.003044478912319646,9.258724727804238e-05
2.36172,0.004347827830188681,0.0001280085524325415
2.36436,0.003813871531631523,0.0001133221380337979
2.36701,0.004055021503884574,0.0001192053077648218
2.36965,0.003906961015538291,0.000115580968084246
2.37229,0.003006497780244173,9.083077112184414e-05
2.37494,0.003260041065482798,9.78889279360723e-05
2.37758,0.003507815760266371,0.0001062534311308865
2.38022,0.004907230022197559,0.0001415458591299052
2.38287,0.0045471692563818,0.0001349036122510484
2.38551,0.004129264636514983,0.0001206216587692556
2.38816,0.004678981548279692,0.0001374579658252363
2.3908,0.003811435904550501,0.0001138458122824837
2.39344,0.005804531978357379,0.0001668396527593565
2.39609,0.004032258462819092,0.0001198898053632144
2.39873,0.002622039539400669,7.936927276672753e-05
2.40137,0.003409921406770257,0.0001023683396581071
2.40402,0.003514120005549388,0.0001036553094981737
2.40666,0.003747635751942289,0.0001115186536370422
2.40931,0.003544547031076582,0.0001061898721592981
2.41195,0.003485096212541618,0.0001036219109860141
2.41459,0.004565115982241956,0.000134452037810992
2.41724,0.004043802511098776,0.0001189452884493148
2.41988,0.003260242508324085,9.808513789610623e-05
2.42252,0.004051576373473921,0.0001204029749591168
2.42517,0.003091838582130968,9.248173578833035e-05
2.42781,0.003852530244173141,0.0001150826520069269
2.43046,0.002135788568257491,6.537019950117644e-05
2.4331,0.004046608976137627,0.0001199284505035097
2.43574,0.004198123751387351,0.0001238874262827266
2.43839,0.004282214692008879,0.0001268549658109995
2.44103,0.003410486820199778,0.0001022510582179166
2.44367,0.003294677788568257,9.875758846292272e-05
2.44632,0.003226155174805772,9.719042255458911e-05
2.44896,0.004521270116537183,0.0001324070503681769
2.45161,0.003298507491675916,9.88406201395268e-05
2.45425,0.004579965524417315,0.00013507463303102
2.45689,0.003426833448945615,0.0001019113152766873
2.45954,0.003314105577136517,0.0001001079461088258
2.46218,0.002837814581021087,8.622157889003393e-05
2.46482,0.003420330049944504,0.0001017879941417939
2.46747,0.001954705188679245,6.00732538135044e-05
2.47011,0.004869113831853497,0.0001431450315448934
2.47275,0.003730256728634852,0.0001122676222221729
2.4754,0.003654695061043283,0.000108412414195402
2.47804,0.003191983143729191,9.621893459520852e-05
2.48069,0.004174703731964484,0.0001237215747391989
2.48333,0.003078818049389565,9.379659326330215e-05
2.48597,0.003395161140399557,0.0001025422388082027
2.48862,0.002854799875138734,8.637371516644464e-05
2.49126,0.003999134850166481,0.0001198350621177501
2.4939,0.002745503399001107,8.313606856695577e-05
2.49655,0.003260132630410654,9.870151972955796e-05
2.49919,0.003349250485571587,0.0001005791820899613
2.50184,0.004100158435072145,0.0001215000730643815
2.50448,0.00439727060210877,0.0001302191205960536
2.50712,0.003078850097114318,9.376541679636016e-05
2.50977,0.003206113901220869,9.661572409014717e-05
2.51241,0.003244996947835739,9.758236211301683e-05
2.51505,0.004240383254716982,0.0001260946615673992
2.5177,0.00494720955882353,0.000145703561747144
2.52034,0.004116782047724751,0.000121798014118715
2.52299,0.003822524417314099,0.0001147024859988409
2.52563,0.002642041897891233,8.083761369169921e-05
2.52827,0.004131643035516093,0.0001231053245705001
2.53092,0.003455239178690347,0.0001039060997162033
2.53356,0.003383131798002222,0.0001013762494159261
2.5362,0.003815416689789123,0.0001146574010960013
2.53885,0.003681294672586015,0.0001103603659870293
2.54149,0.003890534267480574,0.0001163448998399882
2.54414,0.003253228634850166,9.871058168644121e-05
2.54678,0.002371066939511655,7.313047750440808e-05
2.54942,0.002069754231409545,6.412078713020101e-05
2.55207,0.003337759087125415,0.0001008342502739949
2.55471,0.004249819020532741,0.0001261293401396386
2.55735,0.004039531007214207,0.0001208582500797067
2.56,0.003415174944506106,0.0001037702941040428
2.56264,0.003471359184239735,0.0001057965851283425
2.56529,0.003211708518312987,9.665641651494611e-05
2.56793,0.003492622849611546,0.0001056005489613147
2.57057,0.003019841079356275,9.159293520231754e-05
2.57322,0.001971456992230853,6.144842663930036e-05
2.57586,0.004675728704217539,0.0001376219466195863
2.5785,0.003484597183684795,0.0001049668212676595
2.58115,0.00402392376526082,0.000121419877340734
2.58379,0.001785454286903441,5.582824839210286e-05
2.58643,0.003691259225860153,0.0001111065721983425
2.58908,0.003658838374028858,0.0001100857594090205
2.59172,0.002910956645394009,8.890691694954522e-05
2.59437,0.002826446795227523,8.691168629988897e-05
2.59701,0.003641708865149834,0.0001093210160230967
2.59965,0.002113130826859046,6.546298999512896e-05
2.6023,0.002662948460044396,8.182604499164034e-05
2.60494,0.003117202067147612,9.539551512889427e-05
2.60758,0.003951617230854606,0.0001200169491534051
2.61023,0.005998686251387347,0.0001737850023648204
2.61287,0.003343667314095449,0.0001018089468391452
2.61552,0.004386813887347391,0.0001312512555835177
2.61816,0.003333602039400667,0.0001012072304184583
2.6208,0.003154610918423973,9.588234055589439e-05
2.62345,0.003995730923973364,0.0001201754878423687
2.62609,0.00446065413429523,0.0001332639258924578
2.62873,0.00426582456992231,0.0001277485274676654
2.63138,0.003528404134295229,0.000106929538372959
2.63402,0.001693321656492787,5.324598288557239e-05
2.63667,0.003319931395671478,0.0001012092646721256
2.63931,0.003972771018312985,0.0001204877550358227
2.64195,0.002446429453385126,7.583508022769532e-05
2.6446,0.003364477733074362,0.0001016283664141446
2.64724,0.003173457269700332,9.653418875742974e-05
2.64988,0.003195387069922308,9.817416976178238e-05
2.65253,0.003807132352941175,0.0001156300665269213
2.65517,0.005098172655382906,0.0001504034849695761
2.65782,0.002127401220865703,6.634052453920243e-05
2.66046,0.003967052788568258,0.0001196144403990761
2.6631,0.004668222669256379,0.0001386403044427404
2.66575,0.00435713311598224,0.0001294069161748926
2.66839,0.0032497903718091,9.995873702095583e-05
2.67103,0.003702334003884573,0.0001146336588943958
2.67368,0.002084557991120973,6.763517750487621e-05
2.67632,0.003975533990011099,0.0001262596432643968
2.67896,0.002611896434517205,8.460948249194443e-05
2.68161,0.004225730577136513,0.0001358728266672193
2.68425,0.005491775943396224,0.0001741512444261091
2.6869,0.003769634225860156,0.0001230208671828404
2.68954,0.001914547100443952,6.506536994426594e-05
2.69218,0.002351897821864592,7.94060242626956e-05
2.69483,0.003000896295782463,0.0001017875251639031
2.69747,0.002716958032741401,9.267901420217494e-05
2.70011,0.0009821918007769175,3.424077271968193e-05
2.70276,0.002688023515538291,9.323122188414671e-05
2.7054,0.002318266023862375,8.020881061328665e-05
2.70805,0.002572958448945617,8.971002780145404e-05
2.71069,0.005573060418978914,0.0001821088089200393
2.71333,0.003095199014983352,0.0001073987881432577
2.71598,0.003512103288013318,0.0001222225323862224
2.71862,0.001700605646503883,6.164626032384352e-05
2.72126,0.002833847530521646,0.0001005295467837414
2.72391,0.002711111612097668,9.602495051399546e-05
2.72655,0.001694729467258598,6.031747139974146e-05
2.7292,0.005438759850166484,0.0001779092202854272
2.73184,0.003912933337957821,0.0001298012511367031
2.73448,0.003862423834628191,0.0001276518902116807
2.73713,0.002752034267480577,9.130535192444825e-05
2.73977,0.004730772960599333,0.0001531284931125102
2.74241,0.002800424042730302,9.298535730761453e-05
2.74506,0.00294392001942286,9.640467800499594e-05
2.7477,0.004218277192008882,0.0001357119218408612
2.75035,0.002622430979467262,8.58545002616347e-05
2.75299,0.003929270810210875,0.0001267330636858124
2.75563,0.002999728842952275,9.677262818042382e-05
2.75828,0.002926035099889013,9.464249956243135e-05
2.76092,0.004518111126526082,0.0001436728371188755
2.76356,0.003800860155382907,0.0001208147487536445
2.76621,0.003722986473362929,0.0001184995414463844
2.76885,0.003912548765260824,0.000124676682146105
2.77149,0.003146750069367371,0.0001012518197464279
2.77414,0.004713284059378468,0.0001474906356602831
2.77678,0.003445583657047726,0.0001094596563387587
2.77943,0.002283432436182023,7.4201786650052e-05
2.78207,0.004913776914539398,0.0001528140478049459
2.78471,0.003542239594894563,0.0001135046171641823
2.78736,0.002657903232519424,8.613972003727436e-05
2.79,0.002641270463374027,8.482132908106967e-05
2.79264,0.002875656076581573,9.263633173394534e-05
2.79529,0.002803374722530521,9.024293900327427e-05
2.79793,0.001827340663152055,5.977470152449069e-05
2.80058,0.002486891995005551,7.966013399928615e-05
2.80322,0.004677051817425081,0.0001457693857052767
2.80586,0.002912163013318537,9.380530018704299e-05
2.80851,0.003294268035516093,0.000104377518516103
2.81115,0.003412029689234186,0.0001074454718757693
2.81379,0.00218986452552719,7.083238315085566e-05
2.81644,0.003421763041065482,0.000108746172151689
2.81908,0.004154000901775805,0.0001294111924661603
2.82173,0.003507085529966705,0.0001105471360708503
2.82437,0.003100947003329634,9.801255268840081e-05
2.82701,0.003275469755826859,0.0001032108795004598
2.82966,0.004747968854051055,0.0001467168157349368
2.8323,0.003686674112097669,0.0001147709531272017
2.83494,0.003779555285793565,0.0001180810657945636
2.83759,0.003164918840177581,9.921882680033764e-05
2.84023,0.002024663082685904,6.544743770362395e-05
2.84288,0.003337436320754717,0.0001059350666361045
2.84552,0.002706189997225304,8.517532266177932e-05
2.84816,0.003741239941731409,0.0001179464868498245
2.85081,0.003309735640954493,0.0001043811960402836
2.85345,0.003078232033851275,9.731233691526911e-05
2.85609,0.003192646989456159,0.000100604501367851
2.85874,0.003906766440066595,0.0001214830136281608
2.86138,0.002682845518867923,8.608379640166217e-05
2.86402,0.003979109600443951,0.0001240655744740273
2.86667,0.003618616190344063,0.0001134966043804567
2.86931,0.00273156721698113,8.697303632501541e-05
2.87196,0.003396951234739178,0.0001061438382253221
2.8746,0.003028063609877914,9.678893377311671e-05
2.87724,0.003378892341842398,0.0001065712758087931
2.87989,0.002742712957824639,8.761294476545191e-05
2.88253,0.003626669325749168,0.0001137331023354611
2.88517,0.002944503745837958,9.41736641529018e-05
2.88782,0.003818452067147612,0.00011996154133636
2.89046,0.004843065899001109,0.0001469203320011158
2.89311,0.003134471212541618,9.977000559989379e-05
2.89575,0.003712092536071035,0.0001165145941771313
2.89839,0.002082795366259711,6.670396501830804e-05
2.90104,0.004025967952275253,0.0001256697788559102
2.90368,0.003390310488346281,0.0001057536136077613
2.90632,0.002711651845172032,8.64320686804324e-05
2.90897,0.002869431950610432,9.174770539913446e-05
2.91161,0.003769229051054385,0.0001177738725589337
2.91426,0.002178849264705881,6.979801616720825e-05
2.9169,0.004393635474472806,0.000136471192886591
2.91954,0.002729628329633743,8.726591794069214e-05
2.92219,0.002184306534406218,6.939959180292233e-05
2.92483,0.00291640018035516,9.248748280134687e-05
2.92747,0.002615536140399558,8.318358749484152e-05
2.93012,0.002825185488346282,9.057837925059089e-05
2.93276,0.003192649278579356,0.0001006590707529913
2.93541,0.002643229952830187,8.351696021501474e-05
2.93805,0.003510615357935627,0.0001096050677030699
2.94069,0.00441128919256382,0.0001352570321556508
2.94334,0.002212920574361823,7.166526169597346e-05
2.94598,0.002642971281908993,8.318187271971137e-05
2.94862,0.002543101415094342,8.155427530530077e-05
2.95127,0.002471930285793564,7.932828424099773e-05
2.95391,0.003426510682574917,0.0001073098170107778
2.95655,0.003410692841287459,0.0001067012493704284
2.9592,0.002003323876248611,6.373679440771953e-05
2.96184,0.002953108559933407,9.381671270188015e-05
2.96449,0.002543421892341843,8.20370977668863e-05
2.96713,0.002995926609322973,9.4698421136475e-05
2.96977,0.003524235640954493,0.0001107414822816009
2.97242,0.003720978912319647,0.0001159130115424621
2.97506,0.003683135127635964,0.0001161651087595381
2.9777,0.0044412721281909,0.0001366567997716917
2.98035,0.003229272960599333,0.0001014215429695871
2.98299,0.002970849264705882,9.458394066303345e-05
2.98564,0.003429903163152053,0.0001072296330775056
2.98828,0.002951554245283018,9.361869013062845e-05
2.99092,0.002466713374028857,7.839786994022072e-05
2.99357,0.003127686251387349,9.880034614449804e-05
2.99621,0.002841770185904552,9.065284510827783e-05
2.99885,0.002952309655937846,9.351384741781564e-05
3.0015,0.001860546684239734,6.020769646614161e-05
3.00414,0.00285774139844617,9.084278915245415e-05
3.00679,0.002337718992785792,7.477602817178213e-05
3.00943,0.003618004994450612,0.0001135086774830896
3.01207,0.002689689997225304,8.491199135505352e-05
3.01472,0.001505272475027745,4.928840625207826e-05
3.01736,0.003192704217536069,0.0001008846995499536
3.02,0.003260402746947835,0.0001024892432858946
3.02265,0.003241810488346283,0.0001018722788679654
3.02529,0.002377126248612652,7.574694009770779e-05
3.02794,0.002510575263596005,8.029167621890401e-05
3.03058,0.001944365219200888,6.246076772168623e-05
3.03322,0.002907133809655935,9.228765347363064e-05
3.03587,0.00338503177025527,0.000106113432413123
3.03851,0.002597328454495004,8.182162593447443e-05
3.04115,0.002632857935627081,8.361194982233075e-05
3.0438,0.002190732103218646,6.999812274330009e-05
3.04644,0.00514064733629301,0.0001547133674229499
3.04908,0.002591836847946726,8.264798709433468e-05
3.05173,0.001548916897891236,5.012198674094755e-05
3.05437,0.002593803204772475,8.237108706811745e-05
3.05702,0.003185090593784684,9.938930120262288e-05
3.05966,0.002313767896781354,7.271057086731696e-05
3.0623,0.002791311043285241,8.814273966061612e-05
3.06495,0.002669612097669257,8.397064118693126e-05
3.06759,0.00373369041342952,0.0001152149666396795
3.07023,0.004239666759156494,0.0001299724134564099
3.07288,0.003608653926193118,0.0001119939877802924
3.07552,0.002955029134295227,9.325564460689065e-05
3.07817,0.004229720518867924,0.0001302726751571957
3.08081,0.002518779481132073,7.939095671571838e-05
3.08345,0.003315286764705883,0.0001033046799307756
3.0861,0.003442880202552719,0.0001066823632464479
3.08874,0.003629439164816869,0.0001121646710642694
3.09138,0.00287002254439512,9.019705892994155e-05
3.09403,0.002627544880688124,8.294319606185946e-05
3.09667,0.001989328177025527,6.409673572078921e-05
3.09932,0.002504941731409547,7.857453927712607e-05
3.10196,0.004112261029411768,0.0001259985132013374
3.1046,0.002294044811320754,7.265777525930333e-05
3.10725,0.00364858310210877,0.000112746949185841
3.10989,0.001971218923418424,6.323477293268713e-05
3.11253,0.003067747849611542,9.572705158626155e-05
3.11518,0.00278156395671476,8.75531206534894e-05
3.11782,0.001677254300776915,5.372863366199448e-05
3.12047,0.002336263110432855,7.388771934163901e-05
3.12311,0.002452568881798002,7.785848724733067e-05
3.12575,0.0024191202136515,7.623968442771132e-05
3.1284,0.002827962194783577,8.908782824351961e-05
3.13104,0.003070497086570479,9.607768008041377e-05
3.13368,0.004105613415649281,0.0001270493019691071
3.13633,0.003238669811320753,0.0001006263367948241
3.13897,0.002636220657602666,8.28154618307338e-05
3.14161,0.00409956555216426,0.0001265385880192599
3.14426,0.002951886168146504,9.338900029561787e-05
3.1469,0.004317812846836847,0.0001320668482946262
3.14955,0.003248975443951164,0.0001013520304058105
3.15219,0.002957897405660378,9.247496028222643e-05
3.15483,0.002740142272475028,8.604431067474368e-05
3.15748,0.004237116675915648,0.000129647328544565
3.16012,0.003308453731964483,0.0001030779355395619
3.16276,0.002721664470033297,8.607502698009704e-05
3.16541,0.003878367577691454,0.0001200646005206432
3.16805,0.001995147128190902,6.36902549430336e-05
3.1707,0.002779627358490566,8.757808874493162e-05
3.17334,0.002830166620421756,8.848108651708779e-05
3.17598,0.003671119519977803,0.0001138226846538096
3.17863,0.003212830188679247,0.0001000255997764148
3.18127,0.002671187014428414,8.405955232620896e-05
3.18391,0.00239029557436182,7.563636898404226e-05
3.18656,0.00265090538290788,8.320785202854737e-05
3.1892,0.004326893798557159,0.0001329884826967166
3.19185,0.00322350208102109,0.0001003206370032811
3.19449,0.003439187846836849,0.0001066598354623084
3.19713,0.003486183546059936,0.0001082328637301706
3.19978,0.001591940968368484,5.095580595172469e-05
3.20242,0.003108823876248611,9.672975223837236e-05
3.20506,0.003941020879578244,0.0001203511111659647
3.20771,0.003090117161487238,9.585513703462208e-05
3.21035,0.002911872294672587,9.074525558346155e-05
3.213,0.003568727039400667,0.0001097505024081519
3.21564,0.003689395879578248,0.0001118583401428475
3.21828,0.00306398453107658,9.490529354688169e-05
3.22093,0.001846287735849054,5.862197367929096e-05
3.22357,0.002765382144839068,8.643929609905234e-05
3.22621,0.003826109184239734,0.0001164618670191054
3.22886,0.002444705743618203,7.635678358071674e-05
3.2315,0.004011976831298557,0.0001253833068963219
3.23414,0.002300312430632633,7.564485623638149e-05
3.23679,0.003124680632630412,0.0001017964661905645
3.23943,0.003741391023862376,0.000121535565681837
3.24208,0.003683849334073252,0.0001217307462050533
3.24472,0.003405503399001111,0.0001143811261973644
3.24736,0.003355117508324084,0.0001122991603083438
3.25001,0.002675346351276362,9.217706501103403e-05
3.25265,0.001517880965593782,5.429875414761214e-05
3.25529,0.001748139289678137,6.289978789586579e-05
3.25794,0.003694347253052162,0.0001268634401642826
3.26058,0.003516290094339621,0.000121979667292469
3.26323,0.004411655452275246,0.0001509358144349203
3.26587,0.003404867022752498,0.0001199457699856996
3.26851,0.004035222877358489,0.0001420859115700455
3.27116,0.003604918077136515,0.0001274019799103297
3.2738,0.001482202691453939,5.4859064851376e-05
3.27644,0.0004556911764705867,1.740893590205947e-05
3.27909,0.00396822253052164,0.0001422953718505917
3.28173,0.002081252497225307,7.684052913912975e-05
3.28438,0.004049811459489457,0.0001469752244320676
3.28702,0.003507367092119867,0.0001241221198743274
3.28966,0.001925379231409545,6.959379624948269e-05
3.29231,0.003016148723640401,0.0001050163517476276
3.29495,0.002783303690344065,9.652813835177956e-05
3.29759,0.001336206992230857,4.749606109401733e-05
3.30024,0.001942291273584908,6.773162044600183e-05
3.30288,0.003109366398446172,0.0001058562053686993
3.30553,0.002794680632630408,9.524614284263131e-05
3.30817,0.003415559517203104,0.0001147173894400541
3.31081,0.003112062985571587,0.0001053770654412624
3.31346,0.004456920574361824,0.0001472100651566058
3.3161,0.003038721767480575,0.0001022186895116675
3.31874,0.003316158920643728,0.0001115092337338428
3.32139,0.002131299597669257,7.281295760363024e-05
3.32403,0.003932004023307437,0.0001303056912170035
3.32667,0.002753561112652606,9.229444598350025e-05
3.32932,0.003615177927302997,0.0001193751644376235
3.33196,0.003389937361265259,0.0001131716825139047
3.33461,0.003660383532186463,0.0001212615727908606
3.33725,0.004007975443951167,0.0001313831320023981
3.33989,0.002116390538290791,7.189099833169347e-05
3.34254,0.002376588304661489,7.932664150640199e-05
3.34518,0.002385346490011099,8.032825477023176e-05
3.34782,0.003551123682019978,0.0001163180832027743
3.35047,0.001413551886792452,4.809160015572644e-05
3.35311,0.003121251526082129,0.0001026426879322504
3.35576,0.003220736820199779,0.0001061469646206321
3.3584,0.002351211084905663,7.843222634817563e-05
3.36104,0.003198047031076582,0.0001047036746826637
3.36369,0.00366361119589345,0.0001199283517460572
3.36633,0.004033123751387347,0.0001299799603445827
3.36897,0.002605207616537181,8.666448927168642e-05
3.37162,0.00319173134017758,0.0001034527922627077
3.37426,0.003910271087680355,0.0001267875308778249
3.37691,0.003698625624306326,0.0001204211473882499
3.37955,0.003533030452275253,0.0001143843602492726
3.38219,0.003868856270810209,0.000124318736498507
3.38484,0.002865767064372917,9.397698548541994e-05
3.38748,0.002597024001109881,8.584375140597474e-05
3.39012,0.003362161140399554,0.0001102208145521452
3.39277,0.002332953038290786,7.740699955048021e-05
3.39541,0.00264634087125416,8.693236545006507e-05
3.39806,0.002606457477802443,8.64565167924886e-05
3.4007,0.002365744728079911,7.870302045482307e-05
3.40334,0.003123405591009989,0.0001023698827328468
3.40599,0.002663834350721419,8.795008920592667e-05
3.40863,0.001451033990011098,4.869572013563991e-05
3.41127,0.003108297377913429,0.0001015091990873743
3.41392,0.001147162042175362,3.893071502085307e-05
3.41656,0.003691556811875693,0.0001191715268761581
3.41921,0.003124435696448392,0.0001020018172418931
3.42185,0.004012887902330746,0.0001282668985014603
3.42449,0.003537668215871257,0.0001149611378638408
3.42714,0.002715822627635961,8.855811727157352e-05
3.42978,0.002150411487236405,7.149181584801353e-05
3.43242,0.003983369658712544,0.0001280663101094466
3.43507,0.003839276220865707,0.0001236747308475606
3.43771,0.001999723085460597,6.670443142783503e-05
3.44035,0.00214043777746948,7.078214949217438e-05
3.443,0.00119904273029967,4.062184474455666e-05
3.44564,0.001654537042175363,5.553925775518588e-05
3.44829,0.004157800846281909,0.0001313693546991718
3.45093,0.001915806118201997,6.359619367979499e-05
3.45357,0.005009459975027747,0.0001564639786262777
3.45622,0.00294409628190899,9.570187278959718e-05
3.45886,0.002941761376248615,9.612295090655619e-05
3.4615,0.0023025878190899,7.508671763089543e-05
3.46415,0.005695819228634849,0.0001751827421275192
3.46679,0.002581606756381795,8.42383933100659e-05
3.46944,0.002284812777469479,7.516827540587392e-05
3.47208,0.002931268035516094,9.501696343577308e-05
3.47472,0.002694838235294119,8.774146831459511e-05
3.47737,0.002477158643174251,8.056017160296665e-05
3.48001,0.001433751109877914,4.741612499525682e-05
3.48265,0.004119300083240844,0.0001291500783381125
3.4853,0.001954055077691455,6.406132825843458e-05
3.48794,0.002881758879023307,9.33861862728466e-05
3.49059,0.002358575194228635,7.71738943191202e-05
3.49323,0.002488279203662598,8.008334682381596e-05
3.49587,0.002908056326304105,9.256640753176221e-05
3.49852,0.002897283712541619,9.354274346889895e-05
3.50116,0.003683570061043286,0.0001171763726260074
3.5038,0.003836307228079912,0.0001213186777681181
3.50645,0.002004875901775803,6.559803803185209e-05
3.50909,0.003524707200332961,0.0001119776063122832
3.51174,0.00288372294672586,9.252150190597443e-05
3.51438,0.002358916273584905,7.716227936185815e-05
3.51702,0.004599981617647056,0.0001426198100789299
3.51967,0.002930137208657048,9.455575921278858e-05
3.52231,0.001868865357935627,6.128573741816397e-05
3.52495,0.003959404827968923,0.0001256300076512189
3.5276,0.003418931395671477,0.0001082722840212011
3.53024,0.001122746254162041,3.726279463755923e-05
3.53288,0.001923055771365148,6.295199806193842e-05
3.53553,0.002727826789678133,8.832719980569267e-05
3.53817,0.002731159753052167,8.841494605657275e-05
3.54082,0.002234021711986682,7.248705336443384e-05
3.54346,0.002925531492785792,9.392475438015814e-05
3.5461,0.002367489039955606,7.760364983692999e-05
3.54875,0.002528567771920086,8.190236221442922e-05
3.55139,0.003115981964483906,9.949789774038678e-05
3.55403,0.002676644284128747,8.658388727731149e-05
3.55668,0.001297871046059933,4.283422464542947e-05
3.55932,0.003032499930632631,9.738443374200861e-05
3.56197,0.003009350027746946,9.625134691307225e-05
3.56461,0.003316277955049947,0.0001052740318963876
3.56725,0.001705245699223088,5.62589921019066e-05
3.5699,0.00224053884572697,7.322531883371092e-05
3.57254,0.0008470625693673707,2.813835705224255e-05
3.57518,0.003446215455049945,0.0001090941876657412
3.57783,0.003660461362375137,0.000116071436253679
3.58047,0.002670069922308549,8.629564797934671e-05
3.58312,0.002748000832408433,8.855255972138594e-05
3.58576,0.003608859947280798,0.0001138940189086063
3.5884,0.002450094339622641,7.941720298392607e-05
3.59105,0.003140127635960045,0.0001002957753773218
3.59369,0.002645365704772475,8.535428919614548e-05
3.59633,0.002089626109877914,6.782997208670831e-05
3.59898,0.002881184309100998,9.215973089603271e-05
3.60162,0.002087094339622643,6.843331670154151e-05
3.60427,0.003391095657602665,0.0001083122968867138
3.60691,0.002329306465038846,7.53866959940896e-05
3.60955,0.002889354189789122,9.268671067387916e-05
3.6122,0.002302285654827969,7.495318946859329e-05
3.61484,0.003181121254162042,0.0001022743786689368
3.61748,0.003281435210876804,0.0001040480728212779
3.62013,0.002037752289123197,6.636882405034388e-05
3.62277,0.001907203593229744,6.247835224084571e-05
3.62541,0.002166007283573808,7.029853491366147e-05
3.62806,0.003354767272475027,0.0001073014653831003
3.6307,0.003140764012208658,0.0001003559742447726
3.63335,0.00328602490288568,0.0001052255998488339
3.63599,0.002853243271365153,9.175039034376014e-05
3.63863,0.002668437777469477,8.601837156670196e-05
3.64128,0.002295429730854608,7.460823034840905e-05
3.64392,0.001967810418978913,6.436448531240627e-05
3.64656,0.003627069922308549,0.0001145779424430962
3.64921,0.002942175707547169,9.491253102569831e-05
3.65185,0.002462366329078803,7.979725499223987e-05
3.6545,0.002997918146503885,9.578072182845547e-05
3.65714,0.00288918250554939,9.261720705085847e-05
3.65978,0.003531373127081019,0.000112085928531307
3.66243,0.003700537042175358,0.0001169292640883459
3.66507,0.002803328940066595,9.009462136758849e-05
3.66771,0.00354973647336293,0.0001124160128634945
3.67036,0.003714038290788017,0.0001168590470405121
3.673,0.003756712125416203,0.0001182767470594666
3.67565,0.001939512278024416,6.302182820611417e-05
3.67829,0.002326973848501665,7.50742781887597e-05
3.68093,0.003749409822419536,0.0001186176791687124
3.68358,0.002592800568812431,8.271174860582733e-05
3.68622,0.003117996392896779,9.961097496749639e-05
3.68886,0.003347593160377362,0.0001051922447635037
3.69151,0.002237066245837958,7.231338611212733e-05
3.69415,0.002555082685904549,8.159251909136646e-05
3.6968,0.004136697419533853,0.0001274690772056388
3.69944,0.003729464692008878,0.0001173035888513165
3.70208,0.003090508601553831,9.729350389095302e-05
3.70473,0.002457170019422864,7.871785826380509e-05
3.70737,0.002906318881798001,9.138750706551342e-05
3.71001,0.002399632907880133,7.624522102524281e-05
3.71266,0.00390537694228635,0.0001209986691012221
3.7153,0.003098824986126527,9.841138746756239e-05
3.71794,0.002855926123751387,9.058791258895242e-05
3.72059,0.002673824084350718,8.519581846306517e-05
3.72323,0.003744630133185348,0.0001163407744237248
3.72588,0.00268839893174251,8.571649775822093e-05
3.72852,0.00149195435627081,4.851188031077597e-05
3.73116,0.002769193534961156,8.736406070163156e-05
3.73381,0.000939762902330747,3.106423516294198e-05
3.73645,0.003249772058823529,0.0001015252751533186
3.73909,0.002167962194783574,7.001704675837701e-05
3.74174,0.002595275110987792,8.202328411813505e-05
3.74438,0.002131141648168699,6.842457082557667e-05
3.74703,0.002186357588790233,7.064328167248458e-05
3.74967,0.001686330674250833,5.498240474018908e-05
3.75231,0.001628917175360711,5.22884240001198e-05
3.75496,0.003602319922308546,0.0001123334534399803
3.7576,0.001368536279134297,4.443958258743512e-05
3.76024,0.003432345657602661,0.000107750410455931
3.76289,0.003163717050499447,9.92533314248044e-05
3.76553,0.002141385474472807,6.883821597583732e-05
3.76818,0.001488509225860157,4.847326989839529e-05
3.77082,0.002754799528301888,8.687224765624899e-05
3.77346,0.002778086778579355,8.814897633688791e-05
3.77611,0.002743720172031077,8.700507118191133e-05
3.77875,0.001772985432852386,5.72665672017889e-05
3.78139,0.00150558608490566,4.905523807418413e-05
3.78404,0.002116704148168702,6.800694283128981e-05
3.78668,0.003736274833518312,0.0001159512258996424
3.78933,0.002717960668701442,8.604497299000457e-05
3.79197,0.001904188817980024,6.351263633865096e-05
3.79461,0.003510688609877916,0.0001151533929749001
3.79726,0.002938025527192008,9.795268159832689e-05
3.7999,0.003290571101553829,0.0001111838548902719
3.80254,0.002289626803551608,7.945436255651292e-05
3.80519,0.002468865149833519,8.635884595615169e-05
3.80783,0.002965073806881244,0.0001032327502833323
3.81047,0.002195102039400669,7.853317392189204e-05
3.81312,0.001377521087680355,5.11931333881333e-05
3.81576,0.002645306187569368,9.522563414821427e-05
3.81841,0.001930335183129854,7.044843081003831e-05
3.82105,0.003438196656492789,0.000124286659050013
3.82369,0.001757838304661491,6.552083083594962e-05
3.82634,0.00266001838235294,9.787440880239774e-05
3.82898,0.002525862028301887,9.383407598112488e-05
3.83162,0.001845907741398445,6.998042379540857e-05
3.83427,0.002223015607658156,8.428873408212969e-05
3.83691,0.003286718507214208,0.0001234894880271974
3.83956,0.003215034614317421,0.0001210838976519909
3.8422,0.001566678204772475,6.129307261037763e-05
3.84484,0.001635166481687014,6.419394207444272e-05
3.84749,0.002881974056603775,0.0001076444635627781
3.85013,0.001935890885127638,7.190077687945573e-05
3.85277,0.002350423626526083,8.499086321091057e-05
3.85542,0.002051725097114321,7.498185902127838e-05
3.85806,0.001955794811320756,7.084930570234476e-05
3.86071,0.001831760960044394,6.605666528157986e-05
3.86335,0.003099667383462821,0.000108159776032576
3.86599,0.002381390885127638,8.375219277880558e-05
3.86864,0.002371481270810209,8.310021398091808e-05
3.87128,0.002135085807436184,7.562823573667213e-05
3.87392,0.002373646781354049,8.304496792962173e-05
3.87657,0.001669278995560488,5.928758680191247e-05
3.87921,0.00312385654827969,0.0001077079535358592
3.88186,0.002904647821864594,0.0001003168570498336
3.8845,0.002495393798557159,8.694833470342761e-05
3.88714,0.002170837333518316,7.534576641723423e-05
3.88979,0.003029139497780243,0.0001043228509166212
3.89243,0.00478982776082131,0.0001587796881836237
3.89507,0.003042178343507213,0.0001028189433503675
3.89772,0.002495375485571588,8.511427658710757e-05
3.90036,0.002532903371254164,8.599052820981596e-05
3.903,0.002447242092119868,8.307176428189263e-05
3.90565,0.002843255826859045,9.572647022582708e-05
3.90829,0.003570494242508323,0.0001181085993470394
3.91094,0.002425415302441729,8.241766521254354e-05
3.91358,0.002755227594339619,9.238842725965302e-05
3.91622,0.002479521018312984,8.30904686407002e-05
3.91887,0.003513575194228638,0.0001165758673342921
3.92151,0.0003005229605993328,1.052990407913898e-05
3.92415,0.002436288637624859,8.159430700418091e-05
3.9268,0.002570195477247503,8.619083682794598e-05
3.92944,0.003761240011098781,0.0001220822642797248
3.93209,0.003562303759711432,0.0001163434224777131
3.93473,0.002923658990011099,9.581987187435717e-05
3.93737,0.003080447905105439,0.000100927832790417
3.94002,0.003022546822974474,9.939727328473563e-05
3.94266,0.002830388665371811,9.350643872800478e-05
3.9453,0.001890213720865707,6.355444688965368e-05
3.94795,0.003421174736403995,0.0001113416857285248
3.95059,0.003554697003329633,0.0001159234868992102
3.95324,0.003499114802996672,0.0001144771541269661
3.95588,0.002251977594339621,7.525815449242995e-05
3.95852,0.002279927788568258,7.625455243313029e-05
3.96117,0.0009326277053274129,3.21357723308324e-05
3.96381,0.003038863693118755,9.965505629743639e-05
3.96645,0.002598523376803552,8.584025567476691e-05
3.9691,0.002877507977247503,9.468182131577647e-05
3.97174,0.002298378121531635,7.699614803330154e-05
3.97439,0.003502905591009989,0.0001147009891827911
3.97703,0.00337385627081021,0.000108986562254884
3.97967,0.002090727178135402,6.976974597697233e-05
3.98232,0.00323662104605993,0.0001053409236702164
3.98496,0.001547829564372922,5.228379902050356e-05
3.9876,0.004497717327968924,0.000143134044355458
3.99025,0.003025389913984463,9.90724881673627e-05
3.99289,0.003992107241953385,0.0001293592754062655
