0.0431807,1.632291571864595,0.02597969335861407
0.0458244,1.513732616537181,0.02417167519904601
0.0484682,1.504697676193119,0.0252166245454996
0.0511119,1.440567203107659,0.02357578708839118
0.0537556,1.365120907325194,0.02334819207570188
0.0563993,1.310598113207547,0.02171660582348589
0.059043,1.303140241398446,0.02214520051322539
0.0616867,1.236431689095449,0.02158845212045565
0.0643304,1.186817232935627,0.02046965482926294
0.0669742,1.168261668978912,0.02064578358603813
0.0696179,1.105288782602664,0.01950402671556738
0.0722616,1.104709634433962,0.01941059278625493
0.07490529999999999,1.100268643867925,0.01950761929618862
0.07754900000000001,1.024929570615982,0.01840394668355934
0.08019270000000001,1.027248383740289,0.01856429686580879
0.08283649999999999,1.018093218645949,0.01856973376710165
0.08548020000000001,1.013457606825749,0.01888280995649846
0.08812390000000001,0.9687186625971144,0.0188113578652668
0.0907676,0.9421013790233075,0.01864292176378664
0.0934113,0.9106062715038845,0.01866438686127401
0.096055,0.8931900957269699,0.01840265411523456
0.0986987,0.8744780701997782,0.0183106508761106
0.101342,0.8608661195893451,0.01798901086240089
0.103986,0.8348118687569367,0.0175811752127922
0.10663,0.8340438908157604,0.01791662986313248
0.109274,0.8425508220033296,0.01809744393917621
0.111917,0.8006892827413984,0.0173736615916926
0.114561,0.7730236265260821,0.0167955268508121
0.117205,0.7653147523584906,0.01694606183063592
0.119848,0.770013086154273,0.01671522678660272
0.122492,0.7526703454495006,0.01643117456538845
0.125136,0.7111327400110988,0.01587381567048064
0.12778,0.7313136272197559,0.01628971491499006
0.130423,0.7062293694506104,0.01595197508198413
0.133067,0.6990461466426193,0.01567249569631168
0.135711,0.6876473661209768,0.01528125979948248
0.138354,0.647356852108768,0.01470842221645045
0.140998,0.6468508185349611,0.01464867494309556
0.143642,0.6335819388179801,0.01434954140328792
0.146286,0.6466108497502774,0.01423636174372022
0.148929,0.6362801970033296,0.01423804145977803
0.151573,0.6154349604605994,0.01396898712744961
0.154217,0.5843864608768037,0.01323521846540346
0.15686,0.5846597592952276,0.01328741119867811
0.159504,0.5948356215316314,0.01325415896758314
0.162148,0.5744829356270811,0.01303051807485212
0.164792,0.5635801852108768,0.01278023176575192
0.167435,0.5403257380688125,0.01226672777999068
0.170079,0.5320100860155383,0.01204108948939011
0.172723,0.5305490302441731,0.01197715551210419
0.175366,0.5276986827136515,0.01197324970161243
0.17801,0.5247397391786904,0.011760794942958
0.180654,0.4993751553829079,0.01127444413635721
0.183298,0.4917648050776914,0.01118094517333553
0.185941,0.4841111216703663,0.01092136587924868
0.188585,0.4796499639289679,0.01084092733059441
0.191229,0.4784851435904551,0.01073381726820729
0.193872,0.4883563464206438,0.01089029547181585
0.196516,0.4545105382907881,0.01027698122729879
0.19916,0.4672023071587126,0.01046640963340763
0.201804,0.444600214345172,0.01018080569608427
0.204447,0.4455791807713652,0.01000344963792762
0.207091,0.4286606603773585,0.009620783761924651
0.209735,0.4281967466703663,0.009557071455184026
0.212378,0.4137824583795782,0.009338569703159475
0.215022,0.4167039289678135,0.009302003312503505
0.217666,0.4085784114872364,0.009216535652792618
0.22031,0.3939127774694783,0.009024053574165889
0.222953,0.4035418826304107,0.008974521140376317
0.225597,0.3916530923973363,0.008717971309930104
0.228241,0.3800512437569367,0.008561212603045473
0.230885,0.3683472086570477,0.008328368680420006
0.233528,0.3702005285793563,0.008390652506404615
0.236172,0.3678260439789123,0.008259685623288675
0.238816,0.3642281832685905,0.008184936232557505
0.241459,0.3566757477802442,0.007959079049977814
0.244103,0.3518106284683685,0.007789404296825143
0.246747,0.3513982200332963,0.007826990575678075
0.249391,0.3360713956714762,0.007585273527479361
0.252034,0.341646692563818,0.007686656157747292
0.254678,0.3295607630410656,0.007352558244168752
0.257322,0.3205260058268591,0.007203115179952628
0.259965,0.3209352094894562,0.00716455481814315
0.262609,0.3162029279966704,0.007075519176296726
0.265253,0.3256970893451721,0.007288988814157668
0.267897,0.3115425478634851,0.006930982550042756
0.27054,0.311920871254162,0.00691507579964335
0.273184,0.3042444568534961,0.006700518182223862
0.275828,0.3065905563263041,0.006722970916406486
0.278471,0.2962675492508324,0.00662770314337795
0.281115,0.29433809309101,0.006567920052359665
0.283759,0.2953241329078802,0.006578028808689512
0.286403,0.2840248376803551,0.006241146743644277
0.289046,0.2805211286071032,0.006239980470177223
0.29169,0.2727318375416204,0.006068364774864034
0.294334,0.2792770359322974,0.006208481668628392
0.296977,0.2744618423973363,0.006108595791235016
0.299621,0.2725565822697003,0.005998493534223731
0.302265,0.2647880764428413,0.005869082717496027
0.304909,0.2670478988623751,0.005872110095848959
0.307552,0.2598174972253052,0.005786677598006528
0.310196,0.2532908178412875,0.005631499351866471
0.31284,0.2526838339345172,0.005583294908314588
0.315483,0.2546851227802442,0.005609693411038461
0.318127,0.2487784226553829,0.005484212293606328
0.320771,0.2500812290510544,0.005472045094954716
0.323415,0.2483128905382908,0.005450653744373961
0.326058,0.2444412964761376,0.00534604787348933
0.328702,0.239002545782464,0.005317156609973827
0.331346,0.2397640706853496,0.005269978115063583
0.333989,0.2372251972807991,0.005183682302133024
0.336633,0.2295369526914539,0.005009377292036802
0.339277,0.2250867369589345,0.004925224236419968
0.341921,0.2253752809378469,0.004987478024730023
0.344564,0.2186057553412875,0.004838112672949546
0.347208,0.2168568583518313,0.004804902459656516
0.349852,0.2234630160932297,0.004872801371169622
0.352495,0.2157507792036626,0.004742348283894351
0.355139,0.2127656229189789,0.004685211674157356
0.357783,0.2106007785099889,0.004654314556054766
0.360427,0.2124955132491676,0.004663413373232979
0.36307,0.2036816724472808,0.004477092625815615
0.365714,0.2035885165788013,0.004489404785859267
0.368358,0.2022761485155383,0.004410811218443294
0.371001,0.208651775527192,0.00452609300208731
0.373645,0.1990270151220866,0.004384049986007058
0.376289,0.1984659235571587,0.004339192585099001
0.378933,0.1923012896087681,0.00425026033364898
0.381576,0.187815164400666,0.004110136410194589
0.38422,0.1919599698945616,0.004200733446842182
0.386864,0.1832602670643729,0.004042556951650968
0.389507,0.1857979981964484,0.004094750506442043
0.392151,0.181054394700333,0.004043795713878861
0.394795,0.1812148668146504,0.003975043665179563
0.397439,0.1879059807852387,0.004081486829495906
0.400082,0.1867707519422863,0.004034100627743334
0.402726,0.1735848300499445,0.003844724818832381
0.40537,0.1747841886792453,0.003855070437506682
0.408013,0.1736668493340733,0.00378621637702826
0.410657,0.172042121254162,0.003797924909992204
0.413301,0.1758298120837958,0.003824500055210057
0.415945,0.1769400734600444,0.003853596323232685
0.418588,0.1623918211015538,0.003634083643968131
0.421232,0.1696944399972253,0.003730385603095678
0.423876,0.1640571513596005,0.003687309193049616
0.426519,0.1595177284961155,0.003643217464734831
0.429163,0.1660236913152053,0.003831953553259084
0.431807,0.1544157055355161,0.003723901626189684
0.434451,0.1654269466564928,0.003965963552638159
0.437094,0.1607522411903441,0.003975122399544388
0.439738,0.1561684413845727,0.003915760350698442
0.442382,0.1675515986403996,0.00417778025394651
0.445025,0.1557096690482797,0.003978003491893472
0.447669,0.1513977392480577,0.003925802932330343
0.450313,0.1494724241120977,0.003950597915688006
0.452957,0.1433656591981132,0.003793118605043357
0.4556,0.142697931118202,0.003758312743345053
0.458244,0.1446297794117647,0.003734249692759355
0.460888,0.1471685887208657,0.003796892707097978
0.463531,0.1467646065482797,0.003830434420323334
0.466175,0.1519767203107658,0.003880978131440548
0.468819,0.1430086154966704,0.003789812681052036
0.471463,0.1395590808129856,0.003642793441779397
0.474106,0.137565533781909,0.003669531242396837
0.47675,0.1448104278579356,0.003806413035863586
0.479394,0.1319641866675916,0.003578387384797049
0.482037,0.1340333182574917,0.003660561725638335
0.484681,0.1379433947697003,0.003569877030186895
0.487325,0.1362416010682575,0.003517413141924979
0.489969,0.1310325409961154,0.003353675861428641
0.492612,0.1355239838374029,0.003418746772173194
0.495256,0.1259924365288568,0.003199529434936399
0.4979,0.1284213725027747,0.003202607273152196
0.500543,0.1311548534267481,0.003223956460764332
0.5031870000000001,0.1323572176748058,0.003220219981079896
0.505831,0.123993363554384,0.003076859070782641
0.508475,0.1227055646503885,0.003044598617556332
0.511118,0.1258766206298557,0.003051600461864337
0.5137620000000001,0.1256690475166482,0.00304770262267687
0.516406,0.1215445808823529,0.002952703384019453
0.519049,0.1214824815482797,0.002961961661220145
0.521693,0.1234197687985572,0.002956932926279201
0.5243370000000001,0.1181619023307436,0.002863831852782259
0.526981,0.1163010489039956,0.002837735042256353
0.529624,0.1234247567980022,0.00291615613986701
0.532268,0.1219819659406216,0.002897730658070123
0.5349120000000001,0.1154622912735849,0.002765009521106192
0.537555,0.1175719861265261,0.002795982809111795
0.540199,0.1190207264150944,0.002828134308546717
0.542843,0.112508209836293,0.002706853332347625
0.5454870000000001,0.1147372389705882,0.002735256403111226
0.54813,0.1150507618618202,0.002685390284691652
0.550774,0.1116763974056604,0.002656672141770378
0.553418,0.1075386126526082,0.00256989236994759
0.556061,0.1108166233351831,0.002621113403523877
0.558705,0.1134146270810211,0.00267620129635234
0.561349,0.108916383254717,0.002547093629494394
0.563993,0.104944125,0.002497946391353754
0.566636,0.1095859082963374,0.0025577857531409
0.56928,0.1035346317286348,0.002472139818731421
0.571924,0.1083691523307436,0.00253996810245952
0.574567,0.1093427919672586,0.002544664988215694
0.577211,0.1018619396503885,0.00241706551246356
0.579855,0.1021943294950056,0.002395852101143355
0.582499,0.1044977436875694,0.002450958300100456
0.5851420000000001,0.09760349750277468,0.002323384739690656
0.587786,0.1010767703940067,0.002397657603945651
0.59043,0.1002685130410655,0.002367731875877869
0.593073,0.09786961723085462,0.00229345525138907
0.5957170000000001,0.1000093270671476,0.00233276594363376
0.598361,0.101493807436182,0.002361881293500697
0.601005,0.09605839886237515,0.002258595100882747
0.603648,0.0936665787319645,0.002209196660406449
0.6062920000000001,0.09686236639844617,0.002256090843351642
0.608936,0.09639086195893452,0.00224404114189235
0.611579,0.09846615129023309,0.002257970462160789
0.614223,0.09206902712264151,0.002154747820039333
0.6168670000000001,0.09351179508879023,0.002173589567019438
0.619511,0.09598028024417313,0.002197858430315781
0.622154,0.09174048987236405,0.002136210971102155
0.624798,0.09410089636514983,0.002158459884502978
0.6274420000000001,0.0890521161209767,0.002067004550387089
0.630085,0.09312607325194229,0.002142709542442735
0.632729,0.09362292057436182,0.002137182413046441
0.635373,0.08706219048279691,0.00203028776919986
0.6380169999999999,0.08619782900943396,0.002002033959141865
0.64066,0.09087006451165371,0.002087311010320688
0.643304,0.08869681444228635,0.002053046434364653
0.645948,0.08494782810765818,0.001983012889379281
0.6485919999999999,0.07912510675638182,0.001883056824548779
0.651235,0.08697404550499446,0.00202279564693237
0.653879,0.082556072072697,0.001947069747620947
0.656523,0.08625720657602665,0.001994865678221332
0.659166,0.08608258996947836,0.001993446397556251
0.66181,0.08273018965038846,0.001914934105670354
0.664454,0.08158203412874585,0.001914048328460528
0.667098,0.0855113736126526,0.001983127374747333
0.669741,0.08559358976137625,0.001980506422877477
0.672385,0.07789522038013319,0.001844075298408202
0.675029,0.07993106582963375,0.001864742020125629
0.6776720000000001,0.0813305670782464,0.001880600372510281
0.680316,0.08042218805493896,0.001871390830832165
0.68296,0.07924469970865705,0.001836490138513258
0.685604,0.07622321503884573,0.001801873119322617
0.6882470000000001,0.07583986244450609,0.001783611261823759
0.690891,0.07537261577413985,0.001777742563618748
0.693535,0.07741579099611544,0.00179999042457051
0.696178,0.07770269596281908,0.00180417144638783
0.6988220000000001,0.0773006274972253,0.001803447869628144
0.701466,0.07908334170366259,0.001815967742797432
0.70411,0.07483168909544949,0.001757358265528737
0.706753,0.07511721372086572,0.001741857719329203
0.7093970000000001,0.07112252205882354,0.001682601502272433
0.712041,0.07288649521365149,0.001712656454826084
0.714684,0.07226250769977803,0.001692450912337802
0.717328,0.07076868084073253,0.001666592596743122
0.7199719999999999,0.07115975922586015,0.001672613250500701
0.722616,0.07059122114317426,0.001653636648345034
0.725259,0.06982565364872365,0.001643766407617634
0.727903,0.06969713311598225,0.001621068272310771
0.7305469999999999,0.0724060036764706,0.001685628171686619
0.73319,0.06928748536348502,0.001630103900040242
0.735834,0.06950427448668146,0.001619867205891835
0.738478,0.06991679279966703,0.001619703982628349
0.7411219999999999,0.06719377774694785,0.001579610517849703
0.743765,0.07014197613762488,0.001635673230500886
0.746409,0.06645313880410655,0.001549692178758208
0.749053,0.06784236417869034,0.001586367377835524
0.751696,0.0692547486126526,0.001593946096135715
0.75434,0.06518418396226416,0.001540755549007209
0.756984,0.06642493222807992,0.001539270907622165
0.759628,0.06762240461986682,0.001566914674920731
0.762271,0.06428394277192009,0.001509216382144951
0.764915,0.06512900693673697,0.001513414289932934
0.767559,0.06280383233906771,0.001493039503750091
0.7702020000000001,0.06452010245560488,0.001500424405667598
0.772846,0.06345137721975583,0.001479111455412813
0.77549,0.05785749493618202,0.001398175501877312
0.778134,0.06089833643174252,0.001431040116775732
0.7807770000000001,0.06408977934239733,0.001493062395561686
0.783421,0.06379494714206438,0.001478847490740508
0.786065,0.06439928711154273,0.001489105892532505
0.788708,0.05942309267480578,0.001409495412403384
0.7913520000000001,0.06290143597391788,0.001451749647087643
0.793996,0.05897090156770256,0.001395262260167071
0.79664,0.06005069471420643,0.001404650394037306
0.799283,0.05734051019700333,0.001359360800970021
0.8019269999999999,0.05914628503052165,0.001387986166451246
0.804571,0.06175764809933407,0.001422185310067421
0.807214,0.05783575055493895,0.001364572597460449
0.809858,0.05977855459211988,0.001380751887618872
0.8125019999999999,0.05786396170921199,0.001368634987351629
0.815146,0.05957342168423974,0.001377974608878636
0.817789,0.05635149451997781,0.001327680457697466
0.820433,0.05495438998335183,0.001309651753221059
0.8230769999999999,0.05642265649278579,0.001321087611547246
0.82572,0.05703376311043286,0.001339368501246727
0.828364,0.05532419554661488,0.001300785772732522
0.831008,0.05421743423973364,0.001288305050012383
0.8336519999999999,0.05477428634850167,0.001282959194373848
0.836295,0.05514282373751388,0.001293282394676936
0.838939,0.05245064546337403,0.001252374581062867
0.841583,0.05487271864594895,0.001273906832397343
0.844226,0.05430428586293008,0.001285850533716241
0.84687,0.05106839046892343,0.001217408213509965
0.849514,0.05276910599334073,0.001244665545703934
0.852158,0.05317383442008879,0.001255406954443353
0.854801,0.05381440205327414,0.001241251710378853
0.857445,0.05381874451997781,0.001257577884107441
0.860089,0.05258549542175361,0.001225988604618539
0.8627320000000001,0.04981121545504996,0.001181351645565823
0.865376,0.04949277552719202,0.001215861367398269
0.86802,0.04899521857658158,0.001200691903559654
0.870664,0.05025335960044396,0.001239855012926813
0.8733070000000001,0.05329954619866815,0.001274344164165168
0.875951,0.05180593222807992,0.00127084616335776
0.878595,0.04891226075194229,0.001220709952931054
0.881238,0.04909481374861266,0.00121836767515927
0.8838819999999999,0.05212196628745839,0.00128985600086935
0.886526,0.04820676900665927,0.001195110344643055
0.88917,0.04674539275804662,0.001181772755210957
0.891813,0.05071021136237515,0.001252816954948294
0.8944569999999999,0.04638681534406216,0.001151468776188266
0.897101,0.04762220935072142,0.001161765163468931
0.899744,0.04866305306603774,0.001174393580911406
0.902388,0.04701656458102109,0.001141713866019614
0.9050319999999999,0.046507184309101,0.00111851419617183
0.907676,0.04733736688401776,0.001134473505301723
0.910319,0.04532148487791342,0.001102967748757208
0.912963,0.04701726047447282,0.001129019681873327
0.9156069999999999,0.04648951685627081,0.001120087567496582
0.91825,0.04599912715038846,0.001094533798646627
0.920894,0.04612124958379579,0.00110805425916939
0.923538,0.04668676144561599,0.001112868730425541
0.9261819999999999,0.04323428294950056,0.001045143677361058
0.928825,0.04427429113485017,0.001075075274159017
0.931469,0.04363197918978913,0.001051824292429496
0.934113,0.04123417071309656,0.001019615749270429
0.936756,0.04316896510821309,0.00103442283532465
0.9394,0.04221691648168702,0.001021874853005412
0.942044,0.04400012284961156,0.001046095098089118
0.944688,0.04384425187291897,0.001047175276565973
0.947331,0.04257334898723641,0.001027341401336518
0.949975,0.04321930979467259,0.001029149504206103
0.952619,0.04205483740288568,0.001012084830981082
0.9552619999999999,0.04043642272475027,0.0009832210865512183
0.957906,0.04074599230022197,0.0009870031674783625
0.96055,0.04418256596836848,0.001050763867814226
0.963194,0.04413573050776915,0.001026139095087825
0.9658369999999999,0.04109324542175361,0.0009915227724887064
0.968481,0.0405148480854606,0.0009738960241123686
0.971125,0.04166350950332964,0.000988072304168731
0.973768,0.04046449424250833,0.0009658529061980378
0.9764119999999999,0.04070151463651499,0.0009627087165747705
0.979056,0.03878170026359601,0.0009380061777352485
0.9817,0.04095850991953386,0.0009698509328934197
0.984343,0.04191997370976694,0.0009801601606481524
0.9869869999999999,0.03871952538845726,0.0009223687386015854
0.989631,0.04070189234184241,0.0009691677236030694
0.992274,0.03724160793562709,0.0009327640440768346
0.994918,0.03814963214483906,0.0009469149974610893
0.9975619999999999,0.03653484572697004,0.000927296510098491
1.00021,0.03816798862375138,0.0009646206243792746
1.00285,0.03918481714761377,0.0009795074490315766
1.00549,0.03756354793285239,0.0009694874940870322
1.00814,0.03634993493340732,0.0009395286854329482
1.01078,0.0371100474472808,0.000959540894474692
1.01342,0.03696769374306327,0.0009619693575764719
1.01607,0.03638658837402886,0.0009608518127532603
1.01871,0.03701942334905661,0.0009661083458814836
1.02136,0.0359395729744728,0.0009505066137984467
1.024,0.0349081398446171,0.0009389047626814938
1.02664,0.03483012881520533,0.0009386074054204916
1.02929,0.03542877573529413,0.0009541411743263166
1.03193,0.03614441974195338,0.0009651827644346267
1.03457,0.03511954723917869,0.0009435421547572187
1.03722,0.03391581638457269,0.0009305437872194431
1.03986,0.03431207047724751,0.0009296854983227818
1.04251,0.034218681118202,0.000935491352245857
1.04515,0.03500755646503885,0.0009345552833929922
1.04779,0.03569115503607103,0.0009392668432149156
1.05044,0.03350910099889012,0.0008881951934617096
1.05308,0.0330405449500555,0.0008640665792681543
1.05572,0.03445833171476138,0.0008969045662342801
1.05837,0.03295622967536072,0.0008529770036737053
1.06101,0.03451869131520532,0.0008914894947702213
1.06365,0.03266551331853497,0.0008432810108720845
1.0663,0.03308717667869035,0.0008516041101093607
1.06894,0.03288960245560488,0.0008466254887358779
1.07159,0.03145642591564928,0.0008073535218023996
1.07423,0.03229840434239734,0.0008315180377950631
1.07687,0.03313822870421753,0.0008366245162111392
1.07952,0.03419639650388457,0.0008612768069214679
1.08216,0.0303074096836848,0.0007829199894270386
1.0848,0.03098251789678136,0.0007813953948469506
1.08745,0.03117018479467258,0.0007925746207308786
1.09009,0.03146444013596005,0.0007928237917107082
1.09274,0.03230799119034406,0.0008126465433492632
1.09538,0.02994538713928968,0.0007651602764784771
1.09802,0.03069763651498335,0.0007722589124924017
1.10067,0.03014491169533852,0.0007667933796355271
1.10331,0.03262295622918979,0.0008024781365928584
1.10595,0.02823800339900111,0.0007248910360571177
1.1086,0.03125358670921199,0.0007786152374728436
1.11124,0.03148403045227525,0.0007829996244583412
1.11389,0.03137073029966703,0.0007831795308373831
1.11653,0.02972544131520533,0.000737796088319278
1.11917,0.03078297044950056,0.0007687877244110574
1.12182,0.02956040011098779,0.000739167197839034
1.12446,0.03083372717813541,0.000767573751724485
1.1271,0.02899770387069922,0.0007275331894841382
1.12975,0.02938406437291898,0.0007308060037297539
1.13239,0.02768488485016649,0.0007024394553075514
1.13504,0.02771014532463929,0.0006997720975209949
1.13768,0.02774980667314096,0.000700745934536216
1.14032,0.02761440503607103,0.000699570579928481
1.14297,0.02984418729189789,0.0007401794839389475
1.14561,0.02884723522475028,0.000727082591572398
1.14825,0.02788082235016648,0.0006949953155067656
1.1509,0.02660673758324085,0.000675064619016667
1.15354,0.02849196101553829,0.0007097794169763105
1.15618,0.02876023938679246,0.0007110154674348936
1.15883,0.02564972613762486,0.0006611226769967921
1.16147,0.0281761375554939,0.0006958429422992242
1.16412,0.0271239352108768,0.0006855628131030262
1.16676,0.02609182678967814,0.0006537863274737895
1.1694,0.02788102379300777,0.000693690711988988
1.17205,0.0280561852108768,0.0006928701632781661
1.17469,0.02640803482241954,0.0006609875860158005
1.17733,0.02532540774139845,0.0006422859080472352
1.17998,0.02635868132630411,0.0006544599274800243
1.18262,0.02602466162597114,0.0006527621188760682
1.18527,0.02506971039123197,0.0006313434382151119
1.18791,0.02570315885127636,0.0006454564802674186
1.19055,0.02554256770255272,0.0006427152658844217
1.1932,0.02493821857658158,0.000623376858598957
1.19584,0.02627897405660377,0.0006539254735286591
1.19848,0.02876634447835738,0.0006934838005285735
1.20113,0.02501422433407325,0.0006286796834610043
1.20377,0.02596261494173141,0.0006436026905613534
1.20642,0.02522790253884572,0.0006299222368545677
1.20906,0.02458321677302997,0.0006189844201573593
1.2117,0.0238612570754717,0.0005968869811843779
1.21435,0.02297385786625971,0.0005834021843045845
1.21699,0.02433598688956715,0.000606699795997758
1.21963,0.02278569651775805,0.0005781313031619469
1.22228,0.02138140871254162,0.0005521507706558119
1.22492,0.02536649063540511,0.000623045021410724
1.22757,0.02320542099056604,0.0005842052067435576
1.23021,0.02413657221143175,0.0005978104934529241
1.23285,0.02370367612375139,0.0005907162104336695
1.2355,0.02098325235849057,0.0005392930682800631
1.23814,0.02360195893451721,0.0005878797665727302
1.24078,0.02320536376248613,0.0005837688867187177
1.24343,0.02482664442286349,0.0006113832991520767
1.24607,0.0228893045227525,0.0005715737293754371
1.24871,0.02333401248612652,0.0005798534714573706
1.25136,0.02262612173973363,0.0005641727679251004
1.254,0.02112222502774695,0.0005368470816198166
1.25665,0.02299463165926748,0.0005720351451009244
1.25929,0.02032575894839068,0.000520899600075068
1.26193,0.02087721559378469,0.0005254721559820154
1.26458,0.02417265337125417,0.0005895052288947953
1.26722,0.02294865233074362,0.0005687322709373634
1.26986,0.02343371982519423,0.0005767077088519369
1.27251,0.01985466884017758,0.0005080219933702891
1.27515,0.02176752885682575,0.0005414301660727807
1.2778,0.02086430036071033,0.0005263448407038284
1.28044,0.02101793257491676,0.0005236991419531061
1.28308,0.01866804918146504,0.000478788116049358
1.28573,0.01895780410654828,0.0004879832197677525
1.28837,0.01983053461431743,0.0004978666232303464
1.29101,0.0220582429245283,0.0005505878066078518
1.29366,0.01955127760821309,0.000492988593954419
1.2963,0.02003053988623751,0.0005041759915827231
1.29895,0.02018746843784684,0.000507808116976624
1.30159,0.01891446184794673,0.0004773005099315481
1.30423,0.02017624944506104,0.0005086985102968286
1.30688,0.01840624902885683,0.0004653058288635925
1.30952,0.02134806076581576,0.0005276618174769756
1.31216,0.01853835432852387,0.0004685889818349268
1.31481,0.01812999764150943,0.0004622110697813892
1.31745,0.01734351442841288,0.000445298282824218
1.3201,0.01924475027746948,0.000479683477551448
1.32274,0.02100534468645949,0.0005157770232070081
1.32538,0.01858220706159823,0.0004651842916675929
1.32803,0.01940263339345172,0.0004811885008010841
1.33067,0.01803124944506105,0.0004592519516082413
1.33331,0.02042994152330744,0.000497979724373306
1.33596,0.01820684579633741,0.0004591934316538681
1.3386,0.01885299431187569,0.0004707435875025959
1.34124,0.01830719180077692,0.0004583733789500071
1.34389,0.01948234753052164,0.0004812466369034251
1.34653,0.01770568805493896,0.0004433578006729741
1.34918,0.01693984128745838,0.0004318613353408296
1.35182,0.01778033865149834,0.0004446105240460347
1.35446,0.01903160772752497,0.0004726683976710359
1.35711,0.01626723050776914,0.0004159401210341581
1.35975,0.01872227164261931,0.0004654595715338245
1.36239,0.01666879307713652,0.0004252386226977791
1.36504,0.01585941634295228,0.0004032579679731924
1.36768,0.01646793854051055,0.0004196364594250979
1.37033,0.01627812444506105,0.0004149089431457131
1.37297,0.01639588380965594,0.0004173646417216387
1.37561,0.01641134912597115,0.0004215618626544898
1.37826,0.01824138408712541,0.0004503530090754568
1.3809,0.01584150395394007,0.0004068031200048157
1.38354,0.01731266849334074,0.0004356824136160917
1.38619,0.01765900138734739,0.0004433083454653994
1.38883,0.01823042376526082,0.0004511105206084722
1.39148,0.01744934746115427,0.0004371098821290442
1.39412,0.01466664581021088,0.0003805883609291986
1.39676,0.01619170546614872,0.000408226275949606
1.39941,0.01547770504994451,0.0003952825956577017
1.40205,0.0170118914400666,0.000425169682580131
1.40469,0.01723628731964484,0.000434990550895316
1.40734,0.01709667140677026,0.0004267040285892494
1.40998,0.01700814414539401,0.000424037985056236
1.41263,0.01597197481964484,0.0004018241860500595
1.41527,0.0151662080327414,0.00038621564853313
1.41791,0.01699201727247503,0.0004248156329402132
1.42056,0.01463199535238624,0.0003759070034573765
1.4232,0.01381349417314096,0.0003572403621156348
1.42584,0.01508724243895672,0.0003834232890540751
1.42849,0.01488365240011099,0.0003805930425799148
1.43113,0.01687314997225305,0.0004210013696099605
1.43377,0.01531413117369589,0.0003880395716413386
1.43642,0.01444144187014428,0.0003678474728109336
1.43906,0.01375038533573807,0.0003557876100117591
1.44171,0.01575783421198668,0.0003960924387828525
1.44435,0.01533911237513874,0.0003867216945335862
1.44699,0.01329091481687015,0.0003434936500802779
1.44964,0.01308905077691454,0.0003407305339398459
1.45228,0.01549812631798002,0.0003888441966946869
1.45492,0.01532079252219756,0.0003844863819160634
1.45757,0.01544324230022198,0.000386211279837094
1.46021,0.01428424091287458,0.0003632747687201286
1.46286,0.0129391567008879,0.0003344390439540907
1.4655,0.0152643702136515,0.0003838097306624538
1.46814,0.01259856492785794,0.000325654262514941
1.47079,0.01502627622086571,0.0003792158582361533
1.47343,0.01440066571864595,0.0003631942511305179
1.47607,0.0141154249445061,0.0003601739428715955
1.47872,0.01162929751664817,0.0003031007249314412
1.48136,0.01429502955049944,0.0003629036576759528
1.48401,0.0143291557991121,0.0003649544242223324
1.48665,0.01329030362097669,0.0003395160412822642
1.48929,0.01435796899278579,0.0003610219885286055
1.49194,0.01346126678690344,0.000339950578071086
1.49458,0.01426874354883463,0.0003626419804525667
1.49722,0.01329465982241953,0.0003380355535750198
1.49987,0.011943809309101,0.0003097633348833864
1.50251,0.01302356811875694,0.0003356204155542888
1.50516,0.01396115635405105,0.0003509373397372318
1.5078,0.01187721184794673,0.0003075178007943206
1.51044,0.01221187937014429,0.0003151879591463111
1.51309,0.01248601789678135,0.0003198833643504511
1.51573,0.01426929980577136,0.0003591151721577619
1.51837,0.01301829626803552,0.0003291615418015313
1.52102,0.0122385568118757,0.0003140070358307607
1.52366,0.01327303447558269,0.0003338429078082084
1.5263,0.01209803898446171,0.0003085972342879441
1.52895,0.01340346642619312,0.0003395157604171955
1.53159,0.01286414442286349,0.0003276730091842087
1.53424,0.01355802344617092,0.0003437534670606426
1.53688,0.01304301422031077,0.000330134378727971
1.53952,0.01165362402885683,0.0002990235596301156
1.54217,0.01084861723085461,0.0002805422292852483
1.54481,0.01291502476415095,0.0003265340292940414
1.54745,0.01136412777469478,0.000295593195422538
1.5501,0.01015815129023308,0.0002703214944046099
1.55274,0.01277972613762486,0.0003319466196708692
1.55539,0.01361246566315206,0.0003517345446404713
1.55803,0.01066904467258602,0.0002890540347465625
1.56067,0.009902289123196448,0.0002738525825726635
1.56332,0.01109390364872364,0.0002992796540667537
1.56596,0.0119756487236404,0.0003251562498802975
1.5686,0.01109999500554939,0.0003024496847033156
1.57125,0.01121816183407325,0.0003109794208970728
1.57389,0.01282570546614873,0.000345658450277592
1.57654,0.01261883282463929,0.0003403280443777277
1.57918,0.01139678440621532,0.0003181979886814854
1.58182,0.01000115406492786,0.0002830699408527857
1.58447,0.01271972135127636,0.0003491799667414579
1.58711,0.01238990219200888,0.0003394220446206939
1.58975,0.01080059142619312,0.0003039333791354138
1.5924,0.0115582477108768,0.0003278512460033829
1.59504,0.01181099438124306,0.0003279129421807093
1.59769,0.009150836362375139,0.0002676516523039268
1.60033,0.01027217938401775,0.000294008111841761
1.60297,0.01090596892341843,0.0003096206337248977
1.60562,0.01136211334628191,0.0003202122777432979
1.60826,0.01202364019145394,0.0003281268741643761
1.6109,0.01204619721143174,0.0003285137878413388
1.61355,0.01060525825471698,0.0002907958433507372
1.61619,0.01006944547724751,0.0002781048514080157
1.61883,0.009982598432297448,0.0002759902318134426
1.62148,0.009662833102108767,0.000265343944016514
1.62412,0.01069439671198668,0.0002919499774442608
1.62677,0.01010116585738069,0.0002737989886721494
1.62941,0.01074271552441732,0.0002916436625299351
1.63205,0.009818301193118759,0.0002673116487254415
1.6347,0.01139551394284129,0.0003027038143486307
1.63734,0.009272413984461707,0.0002544614601836772
1.63998,0.01065779821032187,0.0002860496597149635
1.64263,0.0108020862236404,0.0002880221932338191
1.64527,0.009777859253607102,0.0002629248993951587
1.64792,0.0104216202136515,0.0002794363539274717
1.65056,0.009340783226970031,0.0002539909251081991
1.6532,0.007959251595449503,0.0002200935723790173
1.65585,0.01069396635682575,0.0002851797973043332
1.65849,0.009576901706437289,0.0002563546159804342
1.66113,0.009041862652608212,0.0002455082468950505
1.66378,0.009815236057158715,0.000264054898918879
1.66642,0.009279929175915651,0.0002515328430449769
1.66907,0.01104382907880133,0.0002931820534102494
1.67171,0.01008502067147614,0.0002680307972131408
1.67435,0.007810341842397336,0.000215858410146487
1.677,0.009799589900110987,0.0002618170344421479
1.67964,0.00864411147336293,0.0002344979913618496
1.68228,0.009609269908435074,0.0002567639940754171
1.68493,0.00962236369311876,0.0002569266581957605
1.68757,0.009297468437846835,0.0002493640256088186
1.69022,0.009719069991675917,0.0002577376214582499
1.69286,0.008464882283573805,0.0002293450461873379
1.6955,0.01081546614872364,0.000284593207849118
1.69815,0.01052234392341843,0.0002767736915380833
1.70079,0.008884029897336294,0.0002409756559152458
1.70343,0.009715048002219754,0.0002557298842588313
1.70608,0.007729654827968924,0.0002108755054564694
1.70872,0.009770531770255273,0.0002570978800668469
1.71137,0.007888774070477248,0.00021482218896711
1.71401,0.008259664678135405,0.0002238152224724751
1.71665,0.00837384156492786,0.0002262218925757819
1.7193,0.007723082755271918,0.0002110574672557358
1.72194,0.008764262971698114,0.0002342615763371674
1.72458,0.00893322315482797,0.0002387399769400955
1.72723,0.007450205535516091,0.0002026396824875095
1.72987,0.008351898029966703,0.0002244199374084997
1.73251,0.008187662597114318,0.000221861896910072
1.73516,0.007962543354605996,0.000213188767740437
1.7378,0.007110664470033295,0.0001946916834812343
1.74045,0.009321875069367373,0.0002454098504125968
1.74309,0.008589300707547171,0.0002293467403654409
1.74573,0.007600742855160931,0.0002061200656339311
1.74838,0.008163377289123195,0.0002172346594389725
1.75102,0.00842263193673696,0.0002269315481408338
1.75366,0.008687488068812432,0.0002288808745835913
1.75631,0.008483659961154274,0.0002252332891786272
1.75895,0.006829500624306328,0.0001873236682064442
1.7616,0.008110015538290789,0.0002167314012394087
1.76424,0.009453971212541623,0.0002486547208090663
1.76688,0.008237739456159823,0.0002177146317438286
1.76953,0.00917283254716981,0.0002412276776542235
1.77217,0.007228538290788013,0.000196278145978263
1.77481,0.007611568118756939,0.0002051816119961674
1.77746,0.007910825194228636,0.0002127825881398871
1.7801,0.007818346906215318,0.0002079785708482639
1.78275,0.007833070546614872,0.0002100830167109423
1.78539,0.007292535307991121,0.000194570640632452
1.78803,0.008057216911764704,0.0002132904721781599
1.79068,0.00749378357380688,0.0002019032766996844
1.79332,0.008357494936182021,0.0002189910920428814
1.79596,0.008576900527192005,0.0002279981044390192
1.79861,0.006882102386237514,0.000184529862837645
1.80125,0.008104656700887902,0.0002148916396098809
1.8039,0.008066242924528304,0.0002143438453889517
1.80654,0.006182218992785793,0.0001684872046233792
1.80918,0.008101131451165373,0.0002161993595322224
1.81183,0.006205700818534964,0.0001696408424607454
1.81447,0.00847090038845727,0.0002231882564495558
1.81711,0.00665007228079911,0.0001798630703095541
1.81976,0.008121250554938956,0.0002141506108357928
1.8224,0.007220663706992229,0.0001952562336577749
1.82504,0.008221301262486125,0.0002170848261149955
1.82769,0.006518083726415097,0.0001784578284125166
1.83033,0.006128559655937844,0.0001675839474872798
1.83298,0.007506147128190901,0.0002003522487342155
1.83562,0.007898605854605995,0.0002109577501360936
1.83826,0.007348520394006661,0.0001989418030414064
1.84091,0.006618857796892343,0.0001814535236649092
1.84355,0.006101282463928967,0.0001679206361643531
1.84619,0.006711340663152053,0.0001830851469020463
1.84884,0.006892701026637068,0.0001853818385680605
1.85148,0.006644434170366262,0.0001819126001300855
1.85413,0.007033195962819087,0.0001917135491593559
1.85677,0.00715168555771365,0.0001922849994635218
1.85941,0.007687876040510544,0.0002069544213991212
1.86206,0.006629124514428415,0.0001793695724675158
1.8647,0.008146611750832412,0.0002174832704865676
1.86734,0.006264041412319644,0.0001718497693109828
1.86999,0.007694972322419535,0.0002052879525641181
1.87263,0.006722532186459487,0.0001848609218512543
1.87528,0.005673992438956713,0.0001570509289797982
1.87792,0.007267622780244174,0.0001967677799641374
1.88056,0.006289212610987793,0.0001727694025990303
1.88321,0.005790332547169811,0.0001596136217790961
1.88585,0.006888205188679243,0.0001889692921967132
1.88849,0.00621652379300777,0.0001695382433569587
1.89114,0.005176952830188679,0.0001453959234776591
1.89378,0.003733871254162039,0.0001064332666375637
1.89643,0.007359647821864594,0.0001987764771576988
1.89907,0.005955181465038848,0.0001651796920530569
1.90171,0.006866138041065482,0.0001851285238035391
1.90436,0.005175421406770255,0.0001449693381641128
1.907,0.005977788845726968,0.0001640992195575184
1.90964,0.006011885335738067,0.0001664176540833915
1.91229,0.006999989941731409,0.000190323705500551
1.91493,0.007423773029966705,0.0001994100724927694
1.91757,0.006372612236403996,0.0001741753268087958
1.92022,0.00629216557991121,0.0001733349316380342
1.92286,0.006284007144839067,0.0001733828506404585
1.92551,0.004420331229189788,0.0001242849247569129
1.92815,0.006193463165926747,0.0001694909857532749
1.93079,0.005767065899001112,0.0001608344235024187
1.93344,0.005707699778024417,0.0001574250773061041
1.93608,0.005975550083240844,0.0001645865148997029
1.93872,0.005064907117092123,0.0001416643200526597
1.94137,0.004968267203107656,0.0001408306004548589
1.94401,0.007349964830743618,0.0001985521378503102
1.94666,0.005640207269700335,0.0001560316644653282
1.9493,0.006146790233074363,0.0001694954577634365
1.95194,0.005533827136514983,0.0001531351084616837
1.95459,0.00609393895671476,0.0001676644205069419
1.95723,0.00573844270255272,0.0001595117283406893
1.95987,0.005500025943396227,0.0001524666703052736
1.96252,0.00517722294672586,0.0001457093295444191
1.96516,0.006338064789123195,0.0001729986209774014
1.96781,0.006831686736958931,0.00018549259659808
1.97045,0.006296782741398446,0.000172429302305208
1.97309,0.004002914192563817,0.0001145180491020055
1.97574,0.006151911001664816,0.0001696776554225739
1.97838,0.00547482269700333,0.0001521025900218151
1.98102,0.005879869311875697,0.0001633238687996087
1.98367,0.005151381034961154,0.0001434914237204457
1.98631,0.005808901914539403,0.0001604526041794136
1.98896,0.004765764497780243,0.0001343309624085844
1.9916,0.00612907928690344,0.0001683948195592328
1.99424,0.004628478912319644,0.0001294924002894704
1.99689,0.005585030244173141,0.0001538970150912706
1.99953,0.006684908157602663,0.0001809185041789568
2.00217,0.005759063124306326,0.0001584187823632806
2.00482,0.005570549250832406,0.000153816634213079
2.00746,0.005461854814095451,0.0001508487563005396
2.0101,0.005221606756381802,0.0001438411036243013
2.01275,0.00552919624028857,0.0001527469706674955
2.01539,0.006395945269145397,0.0001723119150205144
2.01804,0.005799365427303,0.0001602655062412191
2.02068,0.005030490149833518,0.000140031687664574
2.02332,0.004707375832408435,0.0001311797730425798
2.02597,0.006240669464483905,0.0001699880184586472
2.02861,0.004890686528856825,0.0001352035475785985
2.03125,0.006372055979467262,0.0001731209650802981
2.0339,0.00612460634017758,0.0001665231889382964
2.03654,0.004307857450055493,0.0001217840081955076
2.03919,0.004912057783018869,0.0001364498065567662
2.04183,0.005702203593229745,0.0001555501378030121
2.04447,0.004536907117092122,0.0001270877422128459
2.04712,0.004097525943396226,0.0001152487712806901
2.04976,0.005901684655937847,0.0001612325795707945
2.0524,0.004310455604883462,0.0001213233448579503
2.05505,0.004915965316315205,0.0001364052729865641
2.05769,0.006078329425638179,0.0001658597775388507
2.06034,0.005468598571032188,0.0001490822476336702
2.06298,0.004237656908990011,0.0001193718131270043
2.06562,0.003874954495005549,0.0001090784431538354
2.06827,0.004091757352941175,0.0001148501578936406
2.07091,0.004227348987236403,0.0001191273023368915
2.07355,0.004000808199223088,0.0001122779512403608
2.0762,0.005707633393451718,0.0001563360127057166
2.07884,0.002703243895671475,7.777909039592839e-05
2.08149,0.003452519700332966,9.813828915873339e-05
2.08413,0.004945350790788015,0.000137907226648306
2.08677,0.003947968368479465,0.0001104930643216213
2.08942,0.003681564789123196,0.0001054130505897093
2.09206,0.0051208647336293,0.0001416316357779388
2.0947,0.005756650388457269,0.0001576603901347023
2.09735,0.004983757699778022,0.00013824290933651
2.09999,0.005230964692008878,0.0001444653346846923
2.10263,0.00421603385127636,0.0001198405190924106
2.10528,0.004390833587680357,0.0001216839507263786
2.10792,0.005193077413984466,0.0001443397208515131
2.11057,0.004611161695338511,0.0001298610835025979
2.11321,0.00402732082408435,0.0001172397857072364
2.11585,0.00598739400665927,0.0001710425907342554
2.1185,0.003963653440621531,0.0001158626465269789
2.12114,0.004771789470033294,0.0001409154666278989
2.12378,0.003881728010543842,0.0001144505303154547
2.12643,0.004562872641509433,0.0001347728228348873
2.12907,0.004418506798002222,0.0001329701313464149
2.13172,0.004050956021087682,0.0001224149262140839
2.13436,0.005405093715316312,0.0001610946394622806
2.137,0.004348603842952277,0.0001314359512770277
2.13965,0.004236347530521643,0.0001295924536079418
2.14229,0.003010716634295229,9.404547332695701e-05
2.14493,0.004310038984461707,0.0001326527559968897
2.14758,0.004391593576581574,0.0001359388660806591
2.15022,0.004867896018312985,0.0001476169794986749
2.15287,0.005431604051054386,0.0001655537500510925
2.15551,0.003798291759156493,0.0001186517743000951
2.15815,0.005747459558823531,0.0001745159319048105
2.1608,0.004360713304661487,0.0001357795501558168
2.16344,0.00434245296892342,0.0001344048674555224
2.16608,0.005204561945061042,0.0001588348050822456
2.16873,0.003872310557713654,0.0001193890239214597
2.17137,0.004384165371809098,0.0001322267943781262
2.17402,0.004785590593784683,0.000142169923081667
2.17666,0.00482090947558269,0.0001436026459837231
2.1793,0.002948585252497228,9.023490299873939e-05
2.18195,0.004344680285793564,0.0001289805198522388
2.18459,0.004959975998890122,0.0001453767390359245
2.18723,0.003555138804106546,0.0001069862028695711
2.18988,0.005533813401775806,0.0001599567403022637
2.19252,0.004497925638179801,0.0001319645327423751
2.19516,0.004603298557158712,0.0001343908048092558
2.19781,0.003688617577691455,0.0001102672012182415
2.20045,0.00337955618756937,0.0001007523279564393
2.2031,0.004351053204772476,0.000127877002498171
2.20574,0.004870913082685902,0.0001412349453648872
2.20838,0.003963516093229745,0.0001170989196349626
2.21103,0.004137365843507214,0.0001219600200551456
2.21367,0.004424417314095452,0.000130052462793366
2.21631,0.004708978218645946,0.0001375399006298204
2.21896,0.003349268798557158,9.942362402135881e-05
2.2216,0.003161707200332963,9.387165330962464e-05
2.22425,0.004156072558268592,0.0001219506063700902
2.22689,0.003644872433407325,0.0001079054610553701
2.22953,0.004007382561043287,0.0001169958663776879
2.23218,0.003581058546059936,0.0001069822195811957
2.23482,0.004431447211431745,0.0001289478812560728
2.23746,0.004250002150388457,0.0001257040265371852
2.24011,0.004620913360155385,0.0001342611935073993
2.24275,0.004697555493895669,0.0001376449231630289
2.2454,0.004079469339622643,0.0001199998258522118
2.24804,0.00325843639012209,9.785674257374448e-05
2.25068,0.004205082685904547,0.0001239941216662185
2.25333,0.003121283573806882,9.331835522965109e-05
2.25597,0.003724272960599337,0.0001108081038504664
2.25861,0.004649678482241953,0.0001357759857548977
2.26126,0.003768524001109877,0.0001121302581531801
2.2639,0.004407514428412873,0.0001289918577271703
2.26655,0.003653674112097667,0.0001088563824710066
2.26919,0.004611880480022196,0.000136556186054975
2.27183,0.003221338859600442,9.621641195933466e-05
2.27448,0.003618879439511654,0.0001075927090155397
2.27712,0.004679182991120979,0.0001361089607946862
2.27976,0.004053730438401776,0.0001214867632969116
2.28241,0.004319818118756936,0.0001277731277860785
2.28505,0.003075482796892339,9.237933991619806e-05
2.28769,0.004191549389567148,0.0001233891506461388
2.29034,0.004310032117092121,0.0001254394177141485
2.29298,0.004585798210321863,0.0001346457497878628
2.29563,0.003598078177025529,0.0001066833137857183
2.29827,0.004593766648168699,0.0001342257175917378
2.30091,0.00312273487791343,9.540391114354322e-05
2.30356,0.003520451720310763,0.0001039758626112488
2.3062,0.0032240102663707,9.733194118654062e-05
2.30884,0.003275543007769144,9.793190337537121e-05
2.31149,0.003885956021087677,0.0001162998997758083
2.31413,0.004114625693673698,0.000121764905040688
2.31678,0.003971793562708103,0.0001181346514972072
2.31942,0.004576268590455052,0.000134793563304409
2.32206,0.00301353225582686,9.003078730043644e-05
2.32471,0.004331375901775806,0.0001281695837410991
2.32735,0.002382732311320755,7.321048397281703e-05
2.32999,0.004459070061043286,0.0001310409108675664
2.33264,0.00542995130410655,0.0001594805232058556
2.33528,0.003448435904550498,0.0001019209832254744
2.33793,0.00452787881520533,0.0001337415937627415
2.34057,0.002619787042175363,7.948959964952574e-05
2.34321,0.004546622155937846,0.0001334863397341387
2.34586,0.004045521642619309,0.0001213631668934023
2.3485,0.004078693326859043,0.0001206898409084715
2.35114,0.004129720172031076,0.0001221547585816638
2.35379,0.002719395948945616,8.219676112181168e-05
2.35643,0.003526440066592676,0.0001049895291513047
2.35908,0.004380228079911212,0.0001300399430161165
2.36172,0.00393287846836848,0.0001168285283734666
2.36436,0.00322126331853496,9.690237913057749e-05
2.36701,0.003475507075471695,0.0001034044667452212
2.36965,0.003383736126526083,0.0001012120059061244
2.37229,0.00374636528856826,0.0001117416463436406
2.37494,0.003306578940066593,9.932614098638173e-05
2.37758,0.002521684378468367,7.796335657482507e-05
2.38022,0.005329619034406214,0.0001527834317948373
2.38287,0.004037679106548282,0.000121075691229109
2.38551,0.001689196656492783,5.177547755946027e-05
2.38816,0.003448646503884573,0.0001037736257398842
2.3908,0.002460166481687013,7.552048681833739e-05
2.39344,0.004867616745283019,0.000142420133949909
2.39609,0.004764297169811321,0.0001399638516319412
2.39873,0.003932104744728081,0.0001162244463061115
2.40137,0.003011156145948945,9.120782021413666e-05
2.40402,0.003911488901220864,0.0001146719325529783
2.40666,0.002392451928412877,7.315980345007193e-05
2.40931,0.004120490427302998,0.000122281083031628
2.41195,0.004568744242508325,0.0001333107200468609
2.41459,0.004402405105438404,0.000130212465991209
2.41724,0.004340770463374029,0.000127146701848373
2.41988,0.004211075610432854,0.0001246011017876188
2.42252,0.004057230507769146,0.0001207130105973919
2.42517,0.003430674597669259,0.0001020903328096419
2.42781,0.003452231270810213,0.0001040386270359564
2.43046,0.002449627358490566,7.460288245582846e-05
2.4331,0.002828887000554939,8.591454676799716e-05
2.43574,0.003469106687014429,0.0001039112982457981
2.43839,0.002866735363485016,8.73442032318974e-05
2.44103,0.003009157741398447,9.102440231053742e-05
2.44367,0.003278379231409547,9.84260121630473e-05
2.44632,0.003910007838512764,0.0001164335565403352
2.44896,0.002927605438401776,8.84363569227403e-05
2.45161,0.002984851831298561,9.009323483480101e-05
2.45425,0.002841445130410657,8.669821826260763e-05
2.45689,0.003097680424528303,9.281815129623631e-05
2.45954,0.002351002774694786,7.244949563562168e-05
2.46218,0.002946181673140954,8.944062738390741e-05
2.46482,0.00376010460599334,0.0001113320847070185
2.46747,0.004158032047724751,0.0001226715146248465
2.47011,0.003499027816315206,0.0001056551474596947
2.47275,0.00317184801609323,9.659942105748186e-05
2.4754,0.00340994200887902,0.000101748602399376
2.47804,0.003493506451165372,0.0001048418164124763
2.48069,0.003177241190344062,9.60544597250987e-05
2.48333,0.003717964137069923,0.0001120273817823276
2.48597,0.003249160862930077,9.853369503249323e-05
2.48862,0.003947489941731409,0.0001171244018342627
2.49126,0.003660894006659266,0.0001105421405898045
2.4939,0.003385816939511654,0.0001014135369453879
2.49655,0.003134963374028859,9.526278708059311e-05
2.49919,0.003226187222530521,9.723516015855334e-05
2.50184,0.002850434517203109,8.659060906624436e-05
2.50448,0.002641444436736959,8.09550705838548e-05
2.50712,0.003442958032741397,0.0001042541245467221
2.50977,0.003167244589345172,9.563792643715704e-05
2.51241,0.002930059378468369,8.875771461369682e-05
2.51505,0.004096466079356271,0.0001222956800318775
2.5177,0.00303572301609323,9.275482129474174e-05
2.52034,0.003975840732519423,0.000118086176672139
2.52299,0.003352544533851277,0.0001016245841142452
2.52563,0.003928048418423973,0.0001174304233168774
2.52827,0.003363916897891234,0.0001018089020050277
2.53092,0.00330997142064373,9.99402226714478e-05
2.53356,0.002623738068812434,7.9876810411816e-05
2.5362,0.002351728426748058,7.278578465553709e-05
2.53885,0.002465587125416203,7.575583788056464e-05
2.54149,0.003510539816870141,0.0001058681428558117
2.54414,0.003170156354051056,9.64672393058617e-05
2.54678,0.002821680840732521,8.637091396800936e-05
2.54942,0.002586638249167594,7.942100574476206e-05
2.55207,0.003191392549944503,9.680626602628276e-05
2.55471,0.003228892966148725,9.780091429673764e-05
2.55735,0.003572183615427305,0.0001079541505031102
2.56,0.003850039678135405,0.0001161755816067787
2.56264,0.00201044076026637,6.313329733327564e-05
2.56529,0.002042950887902329,6.299655242435584e-05
2.56793,0.00304221496947836,9.289727539294701e-05
2.57057,0.00525038561320755,0.0001530702777461422
2.57322,0.003662844339622638,0.0001106233425191991
2.57586,0.002426642272475029,7.459080209830182e-05
2.5785,0.00248354071864595,7.637133744119317e-05
2.58115,0.004310521989456161,0.0001295450040656512
2.58379,0.003938534891786903,0.0001182569450340004
2.58643,0.002316388942841288,7.168953082966213e-05
2.58908,0.003297294256381797,0.000100016100292664
2.59172,0.002653590524417316,8.155742582080744e-05
2.59437,0.003243067216981131,9.905603721818175e-05
2.59701,0.00522317251664817,0.000152546382264536
2.59965,0.002177455188679247,6.745567060219981e-05
2.6023,0.002190885474472806,6.804225456776294e-05
2.60494,0.004049378815205324,0.000121908278324719
2.60758,0.003076302302996672,9.512751033166764e-05
2.61023,0.002947330812985572,9.041421643978393e-05
2.61287,0.002288289955604884,7.122417912350209e-05
2.61552,0.002638793632075473,8.17316730874815e-05
2.61816,0.002686260890677025,8.268285173687277e-05
2.6208,0.00233428072974473,7.217930816978657e-05
2.62345,0.003006921268035519,9.227204177623018e-05
2.62609,0.004553066037735849,0.0001359710114602325
2.62873,0.003164069575471696,9.685945918170682e-05
2.63138,0.003509793562708102,0.0001065396342306086
2.63402,0.00260130237236404,8.042116531295918e-05
2.63667,0.002610257422308547,8.078774572157029e-05
2.63931,0.003689972738623753,0.0001126509571301306
2.64195,0.003506064581021085,0.0001066057709458138
2.6446,0.003324761445615981,0.0001006330930756513
2.64724,0.001986386653718091,6.192723460033287e-05
2.64988,0.004421784822419533,0.0001329291581064909
2.65253,0.002049062846836851,6.450007083455232e-05
2.65517,0.003519295713096558,0.0001070070857151055
2.65782,0.00253999278579356,7.866132199109654e-05
2.66046,0.003059575679800222,9.39767284924964e-05
2.6631,0.003473163013318533,0.0001055738006827121
2.66575,0.002199611612097671,6.816468852080835e-05
2.66839,0.003535312708102107,0.0001082852010710659
2.67103,0.001873461917314095,6.019363291899097e-05
2.67368,0.003759600998890123,0.0001182068180033128
2.67632,0.00214787513873474,7.078145613443607e-05
2.67896,0.002748671545504996,8.891538720006456e-05
2.68161,0.003698110571587124,0.0001202454704294401
2.68425,0.003203408157602661,0.0001061284818615209
2.6869,0.003863373820754719,0.0001260203672394809
2.68954,0.00221002712264151,7.475945682432573e-05
2.69218,0.002878670851831298,9.63132101171639e-05
2.69483,0.001765799875138736,6.146877840559057e-05
2.69747,0.002650115635405107,9.06344886506399e-05
2.70011,0.002667636584350724,9.001155848443235e-05
2.70276,0.003408181673140956,0.0001167107063598088
2.7054,0.003436456922863488,0.000116498809936305
2.70805,0.003530201096004437,0.000120998974445279
2.71069,0.001790421684239734,6.291040645144247e-05
2.71333,0.002319529619866817,8.181991515684723e-05
2.71598,0.001699232172586017,6.136804192050846e-05
2.71862,0.003293469131520532,0.0001157762782204322
2.72126,0.002727494866814651,9.70845658263044e-05
2.72391,0.002976375208102106,0.0001050101007881017
2.72655,0.002673192286348499,9.341664372954585e-05
2.7292,0.003347874722530524,0.0001139528155897287
2.73184,0.002467283365704772,8.426884735437277e-05
2.73448,0.00374918091009989,0.0001243318088159389
2.73713,0.002260124583795783,7.580752299170105e-05
2.73977,0.001935227039400666,6.616529084278643e-05
2.74241,0.002214019353496117,7.44708271677774e-05
2.74506,0.004382336362375138,0.0001398360211055367
2.7477,0.003586937014428413,0.0001169176973175822
2.75035,0.002152176401220868,7.121120755366399e-05
2.75299,0.002701179106548278,8.930516702467411e-05
2.75563,0.002369739248057715,7.749543931100483e-05
2.75828,0.001832910099889016,6.066347564664316e-05
2.76092,0.00394750138734739,0.0001270198298306342
2.76356,0.002021295782463929,6.659333000715007e-05
2.76621,0.00265783455882353,8.645062194957652e-05
2.76885,0.002520601623196447,8.262951403809562e-05
2.77149,0.002297141995005551,7.524840076622493e-05
2.77414,0.003144112999445062,0.0001014302428354836
2.77678,0.002639331576026636,8.52738839100002e-05
2.77943,0.001943360294117647,6.366490084620061e-05
2.78207,0.002980337680355162,9.621995029295681e-05
2.78471,0.003035725305216426,9.83590195277028e-05
2.78736,0.002342324708657048,7.648820552373646e-05
2.79,0.004375349958379578,0.0001361526018104401
2.79264,0.004174596143174249,0.0001313627957271321
2.79529,0.003176249999999998,0.0001016379293804445
2.79793,0.002199781007214205,7.151348799557687e-05
2.80058,0.002154946240288569,6.957100371266759e-05
2.80322,0.003444954148168699,0.0001100104396830555
2.80586,0.002010111126526081,6.601493215266061e-05
2.80851,0.003832463790233075,0.0001203608173538441
2.81115,0.002828898446170924,9.020351767831699e-05
2.81379,0.003870103842952274,0.0001212883491406311
2.81644,0.002972728634850166,9.542577982039821e-05
2.81908,0.002759032117092121,8.838746555636445e-05
2.82173,0.002873341773029967,9.179827608407424e-05
2.82437,0.001891420088790235,6.130508989022756e-05
2.82701,0.003042734600443955,9.643278497147329e-05
2.82966,0.002832270324639292,9.086073179496978e-05
2.8323,0.003731998751387346,0.0001162319392692304
2.83494,0.002868278232519424,9.129560686503843e-05
2.83759,0.003324493618201996,0.0001040397698313754
2.84023,0.002088483837402887,6.751044339800188e-05
2.84288,0.003007436320754717,9.61972167902582e-05
2.84552,0.003227766717536071,0.0001007084525020328
2.84816,0.003012863831853498,9.644919935192938e-05
2.85081,0.00298564157880133,9.487554890343871e-05
2.85345,0.004274047100443953,0.0001322679795306229
2.85609,0.003398645185904553,0.0001068127642758882
2.85874,0.002153298071587127,6.938731304353045e-05
2.86138,0.002073343576581574,6.743478511919491e-05
2.86402,0.002208449916759156,7.134216916290772e-05
2.86667,0.003709334142619311,0.0001162911345841959
2.86931,0.002334083865149833,7.499974934280195e-05
2.87196,0.002726055008324084,8.639130608409052e-05
2.8746,0.004079755480022199,0.0001279827226902872
2.87724,0.003860317841287458,0.0001208002204420307
2.87989,0.002459617092119866,7.911277087867009e-05
2.88253,0.002491836501109879,7.998706903245103e-05
2.88517,0.002800128745837958,8.992637221773002e-05
2.88782,0.003464874098224196,0.0001097234551552532
2.89046,0.002911915788013316,9.171625385363405e-05
2.89311,0.003153974542175359,0.0001004818169468631
2.89575,0.00340786806326304,0.0001077230554603976
2.89839,0.002309052302996667,7.371388383962377e-05
2.90104,0.002156784406215317,6.989200716360009e-05
2.90368,0.002749836709211988,8.694890758968904e-05
2.90632,0.002754137971698112,8.782619932497827e-05
2.90897,0.002424517966148725,7.831190255637636e-05
2.91161,0.003768176054384016,0.0001178944114632468
2.91426,0.00226583594617092,7.255133066565278e-05
2.9169,0.004116102178135404,0.0001286792793494207
2.91954,0.003615152746947839,0.0001137750539214162
2.92219,0.00254495789400666,8.038950720809808e-05
2.92483,0.002959481478912318,9.389596620351449e-05
2.92747,0.002955860086015536,9.350283177135335e-05
2.93012,0.003686307852386238,0.0001163861764869533
2.93276,0.002066972946725859,6.669547528774247e-05
2.93541,0.003026406284683681,9.503550054574532e-05
2.93805,0.002241868826304106,7.183107380425688e-05
2.94069,0.001465883532186461,4.765720831934782e-05
2.94334,0.003538826512208658,0.0001118091075857747
2.94598,0.001639076304106549,5.269261928435331e-05
2.94862,0.003048196448390678,9.69095392005891e-05
2.95127,0.001325152816315205,4.358531837479662e-05
2.95391,0.002414443534961157,7.721527570407413e-05
2.95655,0.00220920074916759,7.083617978080546e-05
2.9592,0.003565421545504992,0.0001102044366790035
2.96184,0.002181582477802439,7.046213121916966e-05
2.96449,0.002491206992230856,8.05403404485486e-05
2.96713,0.00394705729744728,0.0001226625704614647
2.96977,0.001115299736403997,3.68323340185807e-05
2.97242,0.003697446725860156,0.0001153787966862887
2.97506,0.003146976692563819,0.0001004179653370752
2.9777,0.00151523473917869,4.941046524015923e-05
2.98035,0.00373043070199778,0.0001161979874616342
2.98299,0.003409239248057714,0.000107764262561923
2.98564,0.003200189650388457,0.0001006174289325909
2.98828,0.002206650665926747,7.112037608814336e-05
2.99092,0.002394468645948943,7.630846079374966e-05
2.99357,0.004270508115982244,0.0001321757822608307
2.99621,0.00237453725027747,7.655316871661308e-05
2.99885,0.002741870560488349,8.731810356300274e-05
3.0015,0.003580960113762489,0.0001121687660329785
3.00414,0.004120238623751387,0.0001280187145293344
3.00679,0.002585539470033296,8.240233102402391e-05
3.00943,0.002827250277469479,9.017620906026888e-05
3.01207,0.002869912666481688,9.040116241722177e-05
3.01472,0.004134378537735849,0.0001287074623112996
3.01736,0.001933297308546058,6.27048611447145e-05
3.02,0.002711379439511653,8.626025798340695e-05
3.02265,0.004156841703662597,0.0001285555821140808
3.02529,0.003583288152053273,0.0001116832437045343
3.02794,0.003013289608768033,9.554356245575267e-05
3.03058,0.00253825534128746,8.068686783543586e-05
3.03322,0.001499748820754714,4.904561882862798e-05
3.03587,0.00336051526082131,0.0001055295191563755
3.03851,0.001867441523307438,5.976328001505532e-05
3.04115,0.003156677996670366,9.935664680305867e-05
3.0438,0.002437156215316319,7.75892628008413e-05
3.04644,0.003363257630410656,0.0001047216125340786
3.04908,0.001305903579356271,4.281016268182218e-05
3.05173,0.002107728496115431,6.751253602377668e-05
3.05437,0.002590415302441733,8.237495458350145e-05
3.05702,0.002012922169811322,6.436841996430382e-05
3.05966,0.001682359045504994,5.360821524216656e-05
3.0623,0.002287062985571588,7.303886266050071e-05
3.06495,0.001735924528301885,5.569716664785453e-05
3.06759,0.002362230923973363,7.49553680235186e-05
3.07023,0.002922963096559378,9.201938911901366e-05
3.07288,0.002640583726415094,8.36178548276021e-05
3.07552,0.002588700749167589,8.239418964727579e-05
3.07817,0.003435440552164261,0.0001075440086938513
3.08081,0.002024237305771365,6.452253954163713e-05
3.08345,0.003042583518312988,9.542897009461485e-05
3.0861,0.002724576234739181,8.571626282273821e-05
3.08874,0.003244065274694781,0.0001011189154401781
3.09138,0.004190892411209767,0.0001285893460681642
3.09403,0.003772198043840175,0.0001166180160319444
3.09667,0.002671647128190898,8.502037115666253e-05
3.09932,0.002276922169811321,7.183341136921509e-05
3.10196,0.003352226345726972,0.0001043313883215858
3.1046,0.002223494034406216,7.061362620563042e-05
3.10725,0.002140875000000003,6.822080721034488e-05
3.10989,0.00301943132630411,9.499739715705712e-05
3.11253,0.002458268798557158,7.772658920623975e-05
3.11518,0.003250559517203105,0.0001015123878716065
3.11782,0.001267773654273027,4.101015860863538e-05
3.12047,0.002876885335738066,9.014355507652174e-05
3.12311,0.001508648931742507,4.887475575925819e-05
3.12575,0.002261308060488347,7.158358597203856e-05
3.1284,0.00302917612375139,9.517383351050906e-05
3.13104,0.002570964622641508,8.134002838997031e-05
3.13368,0.002811640746392898,8.931929398250406e-05
3.13633,0.002590802164261928,8.162674308511965e-05
3.13897,0.002679301956159824,8.420596327865009e-05
3.14161,0.004282352039400666,0.0001319019851392665
3.14426,0.003063435141509433,9.683168635844189e-05
3.1469,0.002971075887902331,9.33469553016154e-05
3.14955,0.002661632214206437,8.409479107225796e-05
3.15219,0.002934250763041066,9.189591860635631e-05
3.15483,0.002942203177025524,9.214619681204044e-05
3.15748,0.002366994589345172,7.516722319445446e-05
3.16012,0.004098201234739178,0.0001259569272263091
3.16276,0.003674466218091013,0.0001142394759396154
3.16541,0.002271860918423971,7.266255785328989e-05
3.16805,0.002557584697558269,8.083816422461884e-05
3.1707,0.003385146226415095,0.0001055428760797941
3.17334,0.002919350860155384,9.122954214193383e-05
3.17598,0.002735028371254166,8.644476295495722e-05
3.17863,0.003912844062153163,0.0001203772748200932
3.18127,0.002002763041065484,6.396435311859867e-05
3.18391,0.003149139913984462,9.829554385605515e-05
3.18656,0.002581544950055495,8.124559945440003e-05
3.1892,0.002572601345726969,8.187321670334867e-05
3.19185,0.003556226137624864,0.0001101095054754407
3.19449,0.003013410932297449,9.434889691134234e-05
3.19713,0.002608075887902333,8.247285923936524e-05
3.19978,0.003038987305771368,9.462592154970587e-05
3.20242,0.003086138665371808,9.618979088487404e-05
3.20506,0.003163108143729188,9.815465205723275e-05
3.20771,0.002420502844062154,7.617078537985825e-05
3.21035,0.00282110855993341,8.818471886954299e-05
3.213,0.001540472322419533,4.937371732335492e-05
3.21564,0.003041161972807991,9.347080024989078e-05
3.21828,0.001977681118201998,6.267328040056209e-05
3.22093,0.002507546753607102,7.86657399670377e-05
3.22357,0.003233988554384016,0.0001003029013967827
3.22621,0.001683032047724754,5.350608122517618e-05
3.22886,0.001538785238623752,4.901369384195232e-05
3.2315,0.004824157741398445,0.0001487101252483211
3.23414,0.003596436875693674,0.0001154516338489909
3.23679,0.003629043146503886,0.0001172347685943071
3.23943,0.002107094408990011,7.075491712959203e-05
3.24208,0.003003499028856827,0.0001006825096509525
3.24472,0.003997951373473917,0.0001329513569984888
3.24736,0.002314459211986684,7.9147058442672e-05
3.25001,0.003677982311320758,0.000124437336242273
3.25265,0.002703777261376248,9.452265748948205e-05
3.25529,0.00223049875138735,7.956531209118525e-05
3.25794,0.00119753190899001,4.327286043905684e-05
3.26058,0.002431886653718091,8.628189090186461e-05
3.26323,0.003131577760821309,0.0001099178243011243
3.26587,0.00237153392064373,8.536380273851539e-05
3.26851,0.003312592466703664,0.0001184172964545531
3.27116,0.002287962610987792,8.306353340977123e-05
3.2738,0.001604510543840177,5.931296582214319e-05
3.27644,0.004399234669811319,0.0001555606936944053
3.27909,0.004252531631520532,0.0001518843867586181
3.28173,0.001598613762486129,5.968020458437744e-05
3.28438,0.003337024278579359,0.0001229237529124702
3.28702,0.001728329217536071,6.342187528210965e-05
3.28966,0.002730326512208656,9.722806642122153e-05
3.29231,0.001883605022197559,6.716207117191526e-05
3.29495,0.003783101137624861,0.0001288812790404722
3.29759,0.003232589900110988,0.0001107368684051426
3.30024,0.002922768521087682,0.0001000906530672033
3.30288,0.003281806048834629,0.0001114972382554249
3.30553,0.003598506243063264,0.0001209048781021967
3.30817,0.003272077275249723,0.0001103421739125109
3.31081,0.003469234877913427,0.0001168171807614411
3.31346,0.002328173349056606,8.023401422071779e-05
3.3161,0.002613791828523863,8.877862600771013e-05
3.31874,0.002860165579911212,9.716086332007939e-05
3.32139,0.002013295296892344,6.903428621603914e-05
3.32403,0.003275254578246391,0.0001100543415430852
3.32667,0.003125955674250832,0.000104153250049492
3.32932,0.002251844825194229,7.646730770479811e-05
3.33196,0.003507987444506102,0.0001169967539110103
3.33461,0.003804758532186462,0.0001258606143363086
3.33725,0.003670902053274141,0.0001212611502129792
3.33989,0.0037313211709212,0.0001229474145541508
3.34254,0.001913361334628191,6.454329651838519e-05
3.34518,0.003471306534406215,0.0001146004568076809
3.34782,0.00346857789955605,0.0001139398830667877
3.35047,0.001276231964483908,4.36013372919418e-05
3.35311,0.00130126352663707,4.445709348646779e-05
3.35576,0.00235618077136515,7.908639445166471e-05
3.3584,0.002290961362375143,7.661303453631937e-05
3.36104,0.005414399001109876,0.0001703121092076264
3.36369,0.004055257283573806,0.0001319338158772973
3.36633,0.002298174389567147,7.669725739268358e-05
3.36897,0.002570298487791344,8.567283163680123e-05
3.37162,0.002113348293562708,7.005704589174167e-05
3.37426,0.003434110571587125,0.0001125121836714363
3.37691,0.003271086084905658,0.0001075193760244473
3.37955,0.003526895602108771,0.0001143456022921457
3.38219,0.002624740704772474,8.651170322109079e-05
3.38484,0.002143342674805769,7.139412732840439e-05
3.38748,0.002930938401775805,9.636628659392984e-05
3.39012,0.003403754508879022,0.0001116378129560662
3.39277,0.001451434586570475,4.910965471896639e-05
3.39541,0.001839907949500552,6.15189423719357e-05
3.39806,0.003262520185904548,0.0001069640993763788
3.4007,0.003166480022197556,0.0001038159664699385
3.40334,0.002966898238068815,9.766230943040553e-05
3.40599,0.003044996254162041,9.990656918179611e-05
3.40863,0.002492324084350721,8.200215379185367e-05
3.41127,0.00181702587402886,6.096006715382972e-05
3.41392,0.002119302302996671,7.058591458909984e-05
3.41656,0.00324861147336293,0.0001059062058742682
3.41921,0.001554218507214208,5.244205233787245e-05
3.42185,0.002415469062153167,7.97134445349762e-05
3.42449,0.002345882006104329,7.813272894626381e-05
3.42714,0.002106618271365152,6.962297359457672e-05
3.42978,0.003700170782463927,0.0001194720355828535
3.43242,0.002754568326859045,9.080146300281367e-05
3.43507,0.003858344617092121,0.0001244036511523485
3.43771,0.002818634017758044,9.260466555747e-05
3.44035,0.002058578731964484,6.82758202261239e-05
3.443,0.003329621254162044,0.0001081811394194673
3.44564,0.002743990288568259,9.021909127299369e-05
3.44829,0.001511210460599334,5.034286172453538e-05
3.45093,0.002915191523307435,9.496520248514532e-05
3.45357,0.003279203315760265,0.0001059139853393884
3.45622,0.002429364039955603,7.987972715898904e-05
3.45886,0.0019403615427303,6.477622142070202e-05
3.4615,0.002413816315205327,7.863937668714307e-05
3.46415,0.002418252635960044,7.917899111395395e-05
3.46679,0.00240692376526082,7.891463143015367e-05
3.46944,0.0025645894145394,8.400770899393741e-05
3.47208,0.003232608213096559,0.0001042988125633567
3.47472,0.003135265538290789,0.0001013187942558324
3.47737,0.002423043770810208,7.898726348140497e-05
3.48001,0.002516467466703664,8.152386393197899e-05
3.48265,0.001788102802441734,5.874553328388432e-05
3.4853,0.003412501248612655,0.000108835575757795
3.48794,0.003496067980022199,0.0001120933815018776
3.49059,0.002184006659267481,7.180644896959047e-05
3.49323,0.0009958052164261964,3.309210149356452e-05
3.49587,0.002460921892341841,7.912520835529047e-05
3.49852,0.001418104952830187,4.724266123079134e-05
3.50116,0.002617365149833522,8.511964859652399e-05
3.5038,0.002741877427857935,8.866493693975263e-05
3.50645,0.004175399625416204,0.0001311133268933597
3.50909,0.00387240212264151,0.0001223672093850785
3.51174,0.001598220033296338,5.268044284781079e-05
3.51438,0.002422256312430632,7.923422275908521e-05
3.51702,0.001970420019422863,6.436411547006341e-05
3.51967,0.002876983768035518,9.305719589144624e-05
3.52231,0.002755396989456161,8.887622054574476e-05
3.52495,0.002576820199778025,8.409462310135308e-05
3.5276,0.003323474958379582,0.0001055785287103074
3.53024,0.003174189789123195,0.0001011899494415218
3.53288,0.002173691870144281,7.088514164070991e-05
3.53553,0.003673005757491677,0.0001169268106985023
3.53817,0.00392290018035516,0.0001242486553052351
3.54082,0.001739408573806882,5.708714921750106e-05
3.54346,0.003696119034406216,0.0001170630620025224
3.5461,0.00164730112375139,5.487566599854114e-05
3.54875,0.001414135613207545,4.691941169302769e-05
3.55139,0.002506022197558265,8.109608739950445e-05
3.55403,0.002835784128745836,9.156068803193225e-05
3.55668,0.002344556603773586,7.584040915547398e-05
3.55932,0.003286981756381799,0.0001051708940504077
3.56197,0.002935960738068812,9.416134863470739e-05
3.56461,0.002468684309101001,7.978052639884012e-05
3.56725,0.002712121115427304,8.778333217716663e-05
3.5699,0.003888615982241951,0.0001232198952877518
3.57254,6.973127081020982e-05,2.358955162686515e-06
3.57518,0.003957101970033293,0.0001242202938073387
3.57783,0.003469754508879022,0.0001105692604327756
3.58047,0.002239188263041069,7.309001072127824e-05
3.58312,0.001148020463374026,3.827847858585487e-05
3.58576,0.003027880480022199,9.676482826035406e-05
3.5884,0.002985840732519424,9.588623913574175e-05
3.59105,0.002596254855715872,8.392246480459165e-05
3.59369,0.001588228010543837,5.243021278471618e-05
3.59633,0.001754658712541621,5.741954901596993e-05
3.59898,0.002571511723085459,8.286187478670661e-05
3.60162,0.002244631798002221,7.345757761098383e-05
3.60427,0.003691268382352945,0.0001173695391037906
3.60691,0.002048245629855719,6.676005141255327e-05
3.60955,0.003587559655937845,0.0001136835990439539
3.6122,0.002342345310765816,7.62935587876875e-05
3.61484,0.00202135987791343,6.660647060577888e-05
3.61748,0.003161828523862375,0.0001006160242764831
3.62013,0.002124807644284131,6.917133637259696e-05
3.62277,0.00250642737236404,8.121739257901096e-05
3.62541,0.001811101623196448,5.928511730686488e-05
3.62806,0.002202170851831297,7.217057094608413e-05
3.6307,0.001778332824639288,5.847246305275931e-05
3.63335,0.003234817216981132,0.0001038229310858739
3.63599,0.00298887382075472,9.597910301703858e-05
3.63863,0.002032954286903442,6.646533869407464e-05
3.64128,0.002710127289123199,8.747006373227712e-05
3.64392,0.002917292938401778,9.373414793993776e-05
3.64656,0.002805984322974475,9.017578703457699e-05
3.64921,0.003310632977247501,0.0001061612552344422
3.65185,0.003068869519977801,9.83965093369516e-05
3.6545,0.002253724195338513,7.317828184130191e-05
3.65714,0.003001418215871256,9.612701510559495e-05
3.65978,0.002080275041620421,6.804463147191134e-05
3.66243,0.002766414539400664,8.913212716131658e-05
3.66507,0.002588014012208656,8.363875741242565e-05
3.66771,0.002128213859600445,6.941278540560952e-05
3.67036,0.002667657186459492,8.57692589479955e-05
3.673,0.002553640538290788,8.242342633764361e-05
3.67565,0.002762841218091009,8.840897190029929e-05
3.67829,0.001928277261376248,6.279913114101179e-05
3.68093,0.002652095726970034,8.583786113638365e-05
3.68358,0.002314168493340734,7.43309437785956e-05
3.68622,0.003298264844617089,0.000105131378851251
3.68886,0.002848289608768037,9.050074199331319e-05
3.69151,0.003430615080466153,0.0001084416079907134
3.69415,0.002183443534961156,7.033626409724387e-05
3.6968,0.003033980993340731,9.560597870443786e-05
3.69944,0.002175653648723642,7.065347402636726e-05
3.70208,0.001970486403995561,6.351013320801503e-05
3.70473,0.002065088998335182,6.677268829325611e-05
3.70737,0.003151827344617091,9.87604306200755e-05
3.71001,0.002912579633740288,9.172078382648229e-05
3.71266,0.002357197142064372,7.535886738071901e-05
3.7153,0.004638626595449501,0.0001432073658426772
3.71794,0.003439629647613762,0.0001079963194990971
3.72059,0.002557628190898998,8.179041379181912e-05
3.72323,0.002362938263041064,7.55227591186152e-05
3.72588,0.002456510751942286,7.878962969636819e-05
3.72852,0.003111648654273029,9.803405505397085e-05
3.73116,0.002901825332963377,9.142677777154384e-05
3.73381,0.002581549528301889,8.258414029750061e-05
3.73645,0.001759117924528304,5.668455796662622e-05
3.73909,0.002642749236958934,8.464276312430785e-05
3.74174,0.002123441037735852,6.783983327008504e-05
3.74438,0.00266871933962264,8.486663037426285e-05
3.74703,0.002984048349056603,9.500853289703192e-05
3.74967,0.003249517966148725,0.0001027808195318239
3.75231,0.001958276220865708,6.251625892987238e-05
3.75496,0.002288889705882355,7.334477190418443e-05
3.7576,0.002535867785793561,8.050468166996818e-05
3.76024,0.001777813193673696,5.775198997735677e-05
3.76289,0.002554398238068813,8.121137201986005e-05
3.76553,0.003445476068257492,0.0001080545813626896
3.76818,0.00314388866537181,9.914065857133233e-05
3.77082,0.002005615288568261,6.428294733497288e-05
3.77346,0.002256510058268592,7.245076398731426e-05
3.77611,0.002290130410654825,7.338319522970843e-05
3.77875,0.002176878329633741,6.98240582462194e-05
3.78139,0.002485120213651497,7.947253736526661e-05
3.78404,0.003174805563263041,9.999859343285606e-05
3.78668,0.002630239178690343,8.35093285325145e-05
3.78933,0.001671206437291899,5.410948078185712e-05
3.79197,0.001148263110432853,3.897036750450696e-05
3.79461,0.003129229120421753,0.0001035405956739723
3.79726,0.002598136514983352,8.731780494277975e-05
3.7999,0.002133831367924529,7.386017930735418e-05
3.80254,0.002487223917869033,8.607991498014447e-05
3.80519,0.003430480022197559,0.0001178889692912128
3.80783,0.003307778440621531,0.0001145464899300464
3.81047,0.001946411695338513,7.008003559539429e-05
3.81312,0.002755028440621533,9.96433990260166e-05
3.81576,0.002447617508324083,8.857151586867809e-05
3.81841,0.004784775665926748,0.0001653904425874642
3.82105,0.002488714137069924,9.180714525021631e-05
3.82369,0.002060822072697007,7.64342531289883e-05
3.82634,0.002233943881798003,8.300607454771164e-05
3.82898,0.001059866329078802,4.062607936289433e-05
3.83162,0.003130517896781354,0.0001158162875726894
3.83427,0.00200051283296337,7.629585880434939e-05
3.83691,0.002832785377358494,0.0001075242532008599
3.83956,0.002758171406770251,0.0001049451135982158
3.8422,0.00309373855438402,0.0001174754616986517
3.84484,0.002572676886792455,9.922935513114507e-05
3.84749,0.001969598224195341,7.501936322550422e-05
3.85013,0.00245066890954495,9.019346695981039e-05
3.85277,0.002961894214761379,0.0001059391086961659
3.85542,0.002376872155937848,8.640085441513203e-05
3.85806,0.000841467952275252,3.124519791121377e-05
3.86071,0.003339011237513873,0.0001170013229787169
3.86335,0.002105386723085462,7.502879223155441e-05
3.86599,0.00296726907602664,0.0001032814738841362
3.86864,0.001493877219755827,5.335579657358135e-05
3.87128,0.002253158781908992,7.972125544668234e-05
3.87392,0.0003956360294117618,1.444180803727551e-05
3.87657,0.00154112472253052,5.495359188490374e-05
3.87921,0.003408760821309654,0.0001170364465832545
3.88186,0.003505702899556052,0.0001198126943463336
3.8845,0.002831047932852385,9.811278011146157e-05
3.88714,0.002630539053829081,9.057487345036366e-05
3.88979,0.002002218229744727,7.050494684007531e-05
3.89243,0.003365603981687015,0.0001147425399641271
3.89507,0.001129229051054383,3.971675770095857e-05
3.89772,0.003735713998335185,0.0001245529176283272
3.90036,0.001388831645394009,4.833477099795823e-05
3.903,0.002201962541620424,7.5212229331535e-05
3.90565,0.002287296476137627,7.796172680842591e-05
3.90829,0.001126351623196449,3.918160276326315e-05
3.91094,0.002463781007214204,8.376457583759323e-05
3.91358,0.002488476068257491,8.399312967626e-05
3.91622,0.001612758254716979,5.507692101800199e-05
3.91887,0.002969702413984465,9.971154815184554e-05
3.92151,0.001691128676470588,5.759523478064428e-05
3.92415,0.001618041551054384,5.516876234423284e-05
3.9268,0.002230604051054384,7.541156174827101e-05
3.92944,0.002482512902330744,8.269695683283689e-05
3.93209,0.002293053620976694,7.688823489593864e-05
3.93473,0.001876499583795785,6.287344070793252e-05
3.93737,0.002429261029411767,8.07213192596951e-05
3.94002,0.001188986612097667,4.062455102592351e-05
3.94266,0.003907031978357383,0.0001265838589215856
3.9453,0.001229130965593788,4.19493547538922e-05
3.94795,0.00137114359045505,4.655566375304221e-05
3.95059,0.003349133740288569,0.0001097927861621279
3.95324,0.002178153371254161,7.324482067219671e-05
3.95588,0.002092952205882353,7.026034500732359e-05
3.95852,0.002443783226970034,8.157176622508235e-05
3.96117,0.002264084766925638,7.597810183990741e-05
3.96381,0.002736241606548281,9.038229501612335e-05
3.96645,0.002638628815205329,8.720761806597007e-05
3.9691,0.001491544603218645,5.054387939092916e-05
3.97174,0.003652394492230858,0.0001192902110158377
3.97439,0.002473876040510542,8.276520537947674e-05
3.97703,0.002291215455049946,7.568456848715454e-05
3.97967,0.002055772266925637,6.874054120048903e-05
3.98232,0.002081186112652605,6.939447682896709e-05
3.98496,0.002839643590455051,9.356037344767372e-05
3.9876,0.002511765607658159,8.313763745671056e-05
3.99025,0.002553029342397337,8.449786159308089e-05
3.99289,0.003616645255271919,0.0001181892392371334
