0.0431807,76.85799599750278,0.5372607294070191
0.0458244,66.31092382075472,0.4798427996811038
0.0484682,58.16528403163151,0.4433236849009254
0.0511119,50.80791388734739,0.4304106453119209
0.0537556,44.82130115843508,0.3788034471590919
0.0563993,39.73278677164262,0.3692229187029764
0.059043,35.28795949778024,0.3237338613843093
0.0616867,31.58531891162598,0.3171863020966632
0.0643304,28.61968083587681,0.2960527417054462
0.0669742,25.85757998890123,0.2682683228286441
0.0696179,23.34491358837403,0.2600750805622095
0.0722616,21.12857306395671,0.2318090936067142
0.07490529999999999,19.15082478288013,0.2195259691525507
0.07754900000000001,17.52553939303552,0.2079503935396016
0.08019270000000001,16.08402190621532,0.1914315723273916
0.08283649999999999,14.66471626248613,0.1846133663094244
0.08548020000000001,13.4498518909545,0.1682709086479719
0.08812390000000001,12.40781453523863,0.168899456629334
0.0907676,11.45199956853496,0.1602028210197577
0.0934113,10.55112728981687,0.1508814407242755
0.096055,9.715130502219758,0.1464426517632073
0.0986987,9.010618913706994,0.1353137713891677
0.101342,8.295304403440623,0.1294009776526455
0.103986,7.76500392619312,0.1187150280560147
0.10663,7.157637987652609,0.1142029130869156
0.109274,6.733790895532742,0.1105489259389244
0.111917,6.225226123751388,0.1016078533686251
0.114561,5.794086709211987,0.09546596573793653
0.117205,5.368469552580466,0.08979275382216102
0.119848,5.062898297031077,0.08553141688056215
0.122492,4.681286008601554,0.07842712286895058
0.125136,4.380473611265261,0.07539724729934828
0.12778,4.180396437985572,0.07216261695337957
0.130423,3.852441952691454,0.06767485214511723
0.133067,3.698031482380688,0.06587526246624488
0.135711,3.407124121115428,0.05928580618771113
0.138354,3.239868304661487,0.05771683045271554
0.140998,3.026072530521643,0.0539847246909031
0.143642,2.822701583657048,0.0507226875764672
0.146286,2.67355046545505,0.04756396016353608
0.148929,2.511060649278579,0.04471948922389291
0.151573,2.387484141925638,0.04386034641726044
0.154217,2.229501014150943,0.04034672599144996
0.15686,2.102304716287458,0.03857548027105694
0.159504,1.946411786903441,0.03564614445648502
0.162148,1.923179841842398,0.03524421404501162
0.164792,1.822294634433963,0.03420061574335374
0.167435,1.693269189789123,0.03123836919633415
0.170079,1.602965614594895,0.029920345104073
0.172723,1.511224057991121,0.02815741272238971
0.175366,1.462412694922309,0.02754193094628725
0.17801,1.367948798557159,0.02574227850064966
0.180654,1.293471534406215,0.02432702317245124
0.183298,1.243860351692564,0.02369304671730353
0.185941,1.172162266231965,0.02225122320756833
0.188585,1.127893256104328,0.02148639123008081
0.191229,1.074450126942287,0.02065229311898372
0.193872,1.024453661903441,0.01961751786502913
0.196516,0.9658949375693674,0.01874381151058166
0.19916,0.911916908990011,0.01774404248125331
0.201804,0.887769658018868,0.01764848360150284
0.204447,0.8603064976415093,0.01683606207026668
0.207091,0.812298250554939,0.01586480590997924
0.209735,0.7561564511653719,0.01493791152789664
0.212378,0.746130640954495,0.01475700121688256
0.215022,0.7174075013873473,0.014196822830148
0.217666,0.6928511154273029,0.01386880330138477
0.22031,0.6507537735849058,0.01328052879821654
0.222953,0.6076526970033296,0.01233452777385316
0.225597,0.6026587458379579,0.01208765249867345
0.228241,0.5708043375416204,0.01169133644545458
0.230885,0.5409487000554939,0.01114142852738853
0.233528,0.5357883754162043,0.01109710099692843
0.236172,0.5090397648446171,0.01058661147598011
0.238816,0.4790039046892342,0.01003777249744995
0.241459,0.4748986598224196,0.009886764841646391
0.244103,0.4448266315205328,0.009255746343855731
0.246747,0.4468331395671477,0.00936961814476848
0.249391,0.4203740801886793,0.008949312307431137
0.252034,0.3990707214206438,0.008615546531976567
0.254678,0.3907799292452831,0.008341581166041492
0.257322,0.3816758115982242,0.008177469220509078
0.259965,0.3468677705327414,0.007574984390156252
0.262609,0.3723100242785794,0.007961307694458452
0.265253,0.3448174486681465,0.007589426282353928
0.267897,0.3302421663429523,0.007220895129376688
0.27054,0.3171350360710323,0.006985876627358317
0.273184,0.3135142612375139,0.006836021251897009
0.275828,0.3031893770810211,0.006655070517396878
0.278471,0.2970236466426194,0.006626680570637556
0.281115,0.2924198078523862,0.00652345808006295
0.283759,0.2745269908435073,0.006225747147473861
0.286403,0.2653181229189789,0.005926967770945817
0.289046,0.2581163353218646,0.005866547821619679
0.29169,0.2444014199500555,0.005594773175704514
0.294334,0.2487103738901221,0.005698955916450413
0.296977,0.2296392078246393,0.005364716532490296
0.299621,0.2309492501387347,0.00531161370647645
0.302265,0.2229898314372919,0.00518238139338727
0.304909,0.2182742376526082,0.005068970261166488
0.307552,0.2076062597114317,0.004926329155328604
0.310196,0.2065963672308546,0.004860063750178388
0.31284,0.2066852767758047,0.004828401956676383
0.315483,0.1984050145671477,0.004692524142178497
0.318127,0.192735696517758,0.004560099329114841
0.320771,0.1934895024972253,0.004553504788565197
0.323415,0.1800042640122087,0.004334586859690109
0.326058,0.1669266634295228,0.004076401445337901
0.328702,0.1691123182574917,0.004167810076130489
0.331346,0.1692818759017758,0.004104273958817319
0.333989,0.1664383201997781,0.00403145710965864
0.336633,0.1674852094894562,0.00400574362491236
0.339277,0.1554640392619312,0.003796011435392261
0.341921,0.1575241814650388,0.003876796315319175
0.344564,0.1524123473224196,0.003746944982638016
0.347208,0.1508806881243063,0.003725242698206149
0.349852,0.1449290135960044,0.00358692398159989
0.352495,0.1396215692980022,0.00349932288383689
0.355139,0.1442268708379578,0.003563336247547826
0.357783,0.1362906203523863,0.003430813355778062
0.360427,0.1344742743479467,0.003384888177161494
0.36307,0.1324214962541621,0.003311748216126854
0.365714,0.1257947020671476,0.00320887311135885
0.368358,0.1329133578662597,0.00328477130903322
0.371001,0.1285759341009989,0.003231944083955801
0.373645,0.1219425769977803,0.00311812230119535
0.376289,0.1252600842119867,0.003141719919151282
0.378933,0.1144608456576027,0.002968711900739942
0.381576,0.1155768458657048,0.002928189414495462
0.38422,0.1160283342119867,0.002965447117058407
0.386864,0.1163387576304107,0.002945140880338782
0.389507,0.1182033949778025,0.002992334121490339
0.392151,0.1126736379023307,0.00291059179896405
0.394795,0.1121115253884573,0.002844909805054851
0.397439,0.1021103759017758,0.002676742941588102
0.400082,0.1032676581576027,0.002673359677791652
0.402726,0.1053951005826859,0.002722883049942755
0.40537,0.105534618063263,0.002719021434921823
0.408013,0.1010146344339623,0.002600747806423736
0.410657,0.09322332894006659,0.002492317682448661
0.413301,0.0966925798418424,0.002524788502357194
0.415945,0.09128062562430633,0.002442708939655821
0.418588,0.09247032415371809,0.002465310793031423
0.421232,0.09140297010266372,0.002432140531932791
0.423876,0.09271282699778025,0.002494274133027941
0.426519,0.09038414775249723,0.002459274727430208
0.429163,0.08683772364039956,0.002463650445576743
0.431807,0.08403162257214207,0.002450985453594231
0.434451,0.09143534288290789,0.002638836483980503
0.437094,0.08650581222253052,0.002601596228047343
0.439738,0.08135021233351832,0.00249767038837593
0.442382,0.07888648626526082,0.002494754989631572
0.445025,0.07660881097391786,0.002440605594976675
0.447669,0.07435750409267482,0.002409853376730004
0.450313,0.07602258712541621,0.002483401495023918
0.452957,0.08439507581853495,0.002629929211496561
0.4556,0.07756280764428415,0.002469725855770639
0.458244,0.07170296129300778,0.002302731198478553
0.460888,0.07271778683407325,0.002339545747883459
0.463531,0.07621506576026638,0.002442846445810268
0.466175,0.07181038984461709,0.002313859729181984
0.468819,0.0730154689927858,0.002392743697474844
0.471463,0.07042046399833518,0.002268670530903603
0.474106,0.06728418666759156,0.002250409753688063
0.47675,0.06505316370699223,0.002192511021153628
0.479394,0.06965713755549389,0.002307931011838605
0.482037,0.06850274875138736,0.00230914285364379
0.484681,0.06504042931465039,0.002114195828341262
0.487325,0.06513587201720311,0.002120225779755827
0.489969,0.06914856763318535,0.002153152187064347
0.492612,0.06495780112375139,0.002063834124955027
0.495256,0.06164463408712542,0.001951807396858415
0.4979,0.06404072114317425,0.001981626957843641
0.500543,0.06291130667314095,0.001943807685529987
0.5031870000000001,0.0591459302164262,0.001846348469329462
0.505831,0.05970663491953385,0.001860820135930854
0.508475,0.06280214067702554,0.001917219628196903
0.511118,0.06165140073529411,0.00186519729754347
0.5137620000000001,0.05884059094062153,0.001807931002260801
0.516406,0.05791357158712541,0.001769008164219374
0.519049,0.06075575152608213,0.001838909768756833
0.521693,0.05569930958657048,0.001705521398193001
0.5243370000000001,0.05928146462264151,0.001781249821973205
0.526981,0.05874887493063263,0.001771611130015606
0.529624,0.05938822932852385,0.001759468151640216
0.532268,0.05439130001387349,0.001661447172918301
0.5349120000000001,0.05395268111820199,0.001633768604835131
0.537555,0.05735971365149834,0.001704219277805525
0.540199,0.05617859475582686,0.001686040260212259
0.542843,0.05644902490288569,0.001681349563708226
0.5454870000000001,0.05564313450332963,0.00165879197874907
0.54813,0.05010059954217536,0.001508400798492276
0.550774,0.05356911105715872,0.001601980183805804
0.553418,0.05639998959489457,0.001643613212158059
0.556061,0.05393649014983352,0.001593992999804454
0.558705,0.0499172110155383,0.001518038921486163
0.561349,0.05176931541342952,0.001518883831664168
0.563993,0.04788173182574916,0.001451274452159011
0.566636,0.05031421365149834,0.001490530588161711
0.56928,0.04958260758879023,0.001485719972748732
0.571924,0.04601693881798003,0.001401179348464772
0.574567,0.05001821857658158,0.001480532703085736
0.577211,0.04689411709211987,0.001410470853332476
0.579855,0.04898391259711431,0.001437633743322201
0.582499,0.04970556555216426,0.001466509552488695
0.5851420000000001,0.0468576193118757,0.001394450522981813
0.587786,0.04563020061043285,0.001381888165977871
0.59043,0.04716978246392897,0.001401993028043442
0.593073,0.04541019298002221,0.001342636841466781
0.5957170000000001,0.04890911549667037,0.001420991546920899
0.598361,0.04878679162042176,0.00142153471489559
0.601005,0.04838358546059934,0.001401838895511246
0.603648,0.04316563672308547,0.00128639649991023
0.6062920000000001,0.04591410682574917,0.001341940996470726
0.608936,0.04674115330188679,0.00135743386610686
0.611579,0.0433251336709212,0.001273709932084069
0.614223,0.04480675950332964,0.001304570324635659
0.6168670000000001,0.04328758518312986,0.001271073430610746
0.619511,0.04429384711431742,0.001282977896710076
0.622154,0.0458143834628191,0.001317792017807618
0.624798,0.04050281645394006,0.001196883390982262
0.6274420000000001,0.04428879273029966,0.00126938475427869
0.630085,0.04248915732519423,0.001240910665139493
0.632729,0.04194692584628192,0.001219975824759251
0.635373,0.03960594256381798,0.001169393814591745
0.6380169999999999,0.04144636327691455,0.001198008920638725
0.64066,0.04294928482241954,0.001237648353075822
0.643304,0.03994565531354052,0.001175016899300533
0.645948,0.04060313956714762,0.001182130674187679
0.6485919999999999,0.04289565753329633,0.001225752378956636
0.651235,0.04146062222530522,0.001205708783116397
0.653879,0.04211937465316314,0.001214990089344947
0.656523,0.04041215801886792,0.001172338766143321
0.659166,0.04184578780521642,0.00120362876372737
0.66181,0.040766990427303,0.001164566680356831
0.664454,0.03934430036071033,0.001148146868021348
0.667098,0.03851393465593785,0.001133669455619125
0.669741,0.04045940552164263,0.001171858047730627
0.672385,0.04253046455327415,0.001205837402588606
0.675029,0.03548052823251942,0.001050991658257645
0.6776720000000001,0.03860895844894562,0.001113648375505294
0.680316,0.03945130084628192,0.001134755188600254
0.68296,0.03946056263873475,0.001123943798192624
0.685604,0.03993775097114317,0.001143842065808047
0.6882470000000001,0.03894720844894562,0.001114222151735971
0.690891,0.03686303960876803,0.00107302951762015
0.693535,0.03835774091287458,0.001097327505542281
0.696178,0.03922239768312985,0.001115439847609483
0.6988220000000001,0.03676437610987792,0.001068024168315191
0.701466,0.03914581048834628,0.001107275637895705
0.70411,0.03953043354605994,0.001122040392082234
0.706753,0.03669661577413984,0.001049005724090878
0.7093970000000001,0.03891744298002221,0.001099842690790359
0.712041,0.03842988034128747,0.001090479279721452
0.714684,0.03810915586847948,0.001076658961379245
0.717328,0.03490038658435073,0.001009261528428792
0.7199719999999999,0.03625953516925639,0.001037492128036428
0.722616,0.03554760640954495,0.001016615461447812
0.725259,0.0345336003745838,0.0009978048582100787
0.727903,0.03875544402053275,0.001069620522053836
0.7305469999999999,0.03653075048557158,0.001039771500689994
0.73319,0.03700572065760267,0.001044803051333819
0.735834,0.03824501533018869,0.00106110355343129
0.738478,0.0335640971836848,0.0009609377725922434
0.7411219999999999,0.03445217397336293,0.0009822579786751507
0.743765,0.03455979938956714,0.0009895973250862884
0.746409,0.03562212881520533,0.0009936824387986765
0.749053,0.03481546698113207,0.0009883578341892464
0.751696,0.03618719658712542,0.001005117200216316
0.75434,0.03551648349056605,0.001000737881624724
0.756984,0.03415104210599334,0.0009568456059198386
0.759628,0.03504733455882354,0.000982372124240751
0.762271,0.03621739241120976,0.001003094173775961
0.764915,0.03516509392341843,0.0009756199059848959
0.767559,0.03433593000832409,0.0009709310480402292
0.7702020000000001,0.03369096954772475,0.000942672439781111
0.772846,0.03391179897336293,0.000945348626342629
0.77549,0.0341229042036626,0.0009572841046803527
0.778134,0.03461027455604884,0.0009546577145954223
0.7807770000000001,0.03372769624028857,0.0009446240084288043
0.783421,0.0351787783018868,0.000967264164807995
0.786065,0.0326279739872364,0.0009166307109520276
0.788708,0.03204900208102109,0.0009047639122294236
0.7913520000000001,0.03223890545227526,0.0008993338446520601
0.793996,0.03373615683962265,0.000935164663086907
0.79664,0.03120057748335183,0.0008770098861632035
0.799283,0.0332844350027747,0.0009193101662860561
0.8019269999999999,0.03163503017480578,0.0008850542573177756
0.804571,0.03417714726692565,0.0009312984169512244
0.807214,0.03369522960599334,0.0009262369110804092
0.809858,0.03282570844894562,0.0008976146779921923
0.8125019999999999,0.0336780474472808,0.0009290104152337372
0.815146,0.03394554293840178,0.0009203017766104201
0.817789,0.0326868822835738,0.0008970655019835854
0.820433,0.03345707380688124,0.0009166277395802264
0.8230769999999999,0.03633967508324085,0.0009635909004294044
0.82572,0.03470812770532741,0.0009383292207308931
0.828364,0.03277349354883463,0.0008919282195071546
0.831008,0.03411879522752497,0.0009232629827463803
0.8336519999999999,0.03276782339067703,0.0008849309619517806
0.836295,0.03331319554661488,0.0009000235943507067
0.838939,0.03195042556881243,0.0008752683434224687
0.841583,0.03115692161487237,0.00084614677821812
0.844226,0.03341926435904551,0.0009074867280281595
0.84687,0.03504530639567148,0.0009269992981069849
0.849514,0.03198720948945617,0.0008669781610708611
0.852158,0.03097609232796893,0.0008495291645947978
0.854801,0.0296073134017758,0.0008038957194102298
0.857445,0.03507549535238624,0.0009243555896579948
0.860089,0.03294813762486127,0.0008738744582934541
0.8627320000000001,0.03281166009988901,0.0008727025072306269
0.865376,0.0326415782463929,0.0008997139574747111
0.86802,0.03341974965316315,0.0009092103524595323
0.870664,0.03117202982796893,0.000877086287054296
0.8733070000000001,0.0352374256381798,0.000945169882879851
0.875951,0.03273261438679245,0.0009127018100636739
0.878595,0.0324642696309656,0.0009063127197517618
0.881238,0.03367381485849057,0.0009267232454576319
0.8838819999999999,0.03314939275804662,0.0009311538584678374
0.886526,0.03135962347391787,0.0008729031780069042
0.88917,0.03236793645948945,0.000904135572040456
0.891813,0.03200514476970033,0.0008975725784373573
0.8944569999999999,0.03113397544395117,0.0008600952694167646
0.897101,0.03409129370144285,0.0009111836882749128
0.899744,0.03144907554106549,0.000854908585661667
0.902388,0.03126380306603774,0.000847923597523921
0.9050319999999999,0.03301101754994451,0.0008708272403608013
0.907676,0.03113845525804661,0.0008356284523270923
0.910319,0.03427401609322975,0.0008993896661615771
0.912963,0.03027220983629301,0.0008186611603324811
0.9156069999999999,0.02796760301054384,0.000771760798481207
0.91825,0.03283195317702553,0.0008551983485121404
0.920894,0.03235196753607103,0.0008557496064802094
0.923538,0.0326814707963374,0.0008581684611643518
0.9261819999999999,0.03098882443118758,0.0008181239774250526
0.928825,0.03371609954217536,0.0008809925769881404
0.931469,0.03248552871809101,0.0008469701534347573
0.934113,0.03266188505826859,0.0008589061965082007
0.936756,0.03010516793840178,0.0007934483053048505
0.9394,0.03168804855715872,0.0008272956001540077
0.942044,0.03260674465871255,0.000839447451180722
0.944688,0.03020288602941177,0.0007964197760013186
0.947331,0.03240318666759157,0.000840421632595875
0.949975,0.03172681256936737,0.0008202256229945444
0.952619,0.03372304703107658,0.0008602092527494929
0.9552619999999999,0.03096208518312986,0.0008070964626118535
0.957906,0.03195298938679246,0.0008248871258763447
0.96055,0.03335901921476137,0.0008554318478400462
0.963194,0.03018354751664817,0.0007757934747655872
0.9658369999999999,0.03148755799112098,0.0008150001366112625
0.968481,0.0313940198390677,0.0008063299814704282
0.971125,0.02948695359322974,0.0007654048279082367
0.973768,0.03105113894284129,0.0007940819593578282
0.9764119999999999,0.0292318170782464,0.0007537760999629898
0.979056,0.03117357040788013,0.0007976228895356935
0.9817,0.03247369166204218,0.0008171035648392327
0.984343,0.03210304599056604,0.0008052670526981958
0.9869869999999999,0.03408574486681466,0.0008382456634091725
0.989631,0.02887177233629301,0.0007518387798752616
0.992274,0.03070661903440621,0.0008078316204597244
0.994918,0.03179037923140954,0.0008264305987303517
0.9975619999999999,0.02938174778024418,0.0007878071600026324
1.00021,0.0311054026082131,0.0008284747547278272
1.00285,0.03053980604883464,0.0008138846122851198
1.00549,0.03002672426470589,0.0008205151953111539
1.00814,0.03319907130965594,0.0008766307446669319
1.01078,0.02989326609322975,0.0008162919893412765
1.01342,0.03021842001942287,0.0008271206374094832
1.01607,0.03099533698668146,0.0008517285891949439
1.01871,0.03150249909822419,0.0008558057422751079
1.02136,0.02985302330743619,0.0008268942764177937
1.024,0.0318513820754717,0.0008752651256721188
1.02664,0.0315067568673696,0.0008694572505250947
1.02929,0.03065446594062153,0.0008553466389084932
1.03193,0.02810781180632631,0.000799497083885729
1.03457,0.03092706388734739,0.0008567772162951459
1.03722,0.02929080320477247,0.0008324817444919099
1.03986,0.03298648501664817,0.0009004523995959627
1.04251,0.02804649535238624,0.0008051013188612305
1.04515,0.0294910442563818,0.0008210905270096394
1.04779,0.02941680570199778,0.0008122142209223242
1.05044,0.03061155174805772,0.0008283844086372891
1.05308,0.02997273071587126,0.0008015761649104912
1.05572,0.02893451720310766,0.0007861691962097261
1.05837,0.02816177559655938,0.0007566509489546486
1.06101,0.03013371559378468,0.0008042656868501215
1.06365,0.03025852316870144,0.0007944671887989918
1.0663,0.02909430486958935,0.0007720055891584014
1.06894,0.02913473078523863,0.0007716331186639463
1.07159,0.02800859433962264,0.0007382535545427716
1.07423,0.03120269263318535,0.000808183186193372
1.07687,0.02927748508601554,0.0007610930665804485
1.07952,0.02975327705327414,0.0007750162917542007
1.08216,0.02891006021087681,0.0007535980758939472
1.0848,0.02637224667036625,0.0006904783468445919
1.08745,0.02713448349056604,0.0007125866073675757
1.09009,0.03023552434794673,0.0007674267793005873
1.09274,0.02903894013596005,0.0007486579403792087
1.09538,0.02929378822142064,0.0007504457471258852
1.09802,0.0282221557991121,0.0007231603763591494
1.10067,0.02730390378745838,0.0007099524540264603
1.10331,0.02835088006381798,0.0007208681881918639
1.10595,0.03024499216148724,0.0007605681187732236
1.1086,0.02914997405660377,0.0007371092768413308
1.11124,0.02629207013041066,0.0006823715999738671
1.11389,0.02710389622641509,0.0007001706080614479
1.11653,0.02789734753052164,0.0007014816139801604
1.11917,0.02780228024417314,0.0007105264007666572
1.12182,0.02515127413984462,0.0006524863486513567
1.12446,0.02800693472530522,0.0007124358853294237
1.1271,0.02827905653440622,0.000711820255147167
1.12975,0.02702821323529412,0.0006843204293471399
1.13239,0.02845057366814651,0.0007147194976501435
1.13504,0.02748056915926748,0.0006932699856921357
1.13768,0.02720950492508324,0.0006883360757629193
1.14032,0.02896514796059934,0.000722767753139529
1.14297,0.02792265149833519,0.0007021870074461806
1.14561,0.02818048231132075,0.0007122768794623873
1.14825,0.02715674979189789,0.0006792880761113089
1.1509,0.0265229098917869,0.0006713740571200013
1.15354,0.02775765607658158,0.0006938978877341022
1.15618,0.02601670234461709,0.0006573372905452923
1.15883,0.02841475804661487,0.0007117508493460558
1.16147,0.02767053891509434,0.0006843474499687142
1.16412,0.02585186945061043,0.0006592093843456734
1.16676,0.02651194956992231,0.0006596840599766143
1.1694,0.0263111888873474,0.0006620884582833116
1.17205,0.02771029869589346,0.0006843282094613358
1.17469,0.02484319020532742,0.0006291559769195141
1.17733,0.02424105008324084,0.0006193288396941861
1.17998,0.02682042036625971,0.0006610466357225059
1.18262,0.02437807241953386,0.0006192470464447159
1.18527,0.02713827656770255,0.0006682762371200536
1.18791,0.02652488540510544,0.0006589286460733531
1.19055,0.02491958282463929,0.0006288144030789908
1.1932,0.02534529335460599,0.0006291408552833249
1.19584,0.0251253704217536,0.0006301314542778506
1.19848,0.0265452082408435,0.0006509740895956962
1.20113,0.02408147530521643,0.0006088554202427484
1.20377,0.02399270997502774,0.0006042706134969575
1.20642,0.02608048647336293,0.0006439596366932324
1.20906,0.02689632998057714,0.000660523192870869
1.2117,0.02431331312430633,0.0006036324204702491
1.21435,0.02378242196170921,0.0005972036393201161
1.21699,0.02495984163429522,0.0006165692322871713
1.21963,0.02643490226137625,0.0006452657489224406
1.22228,0.02345276761931187,0.0005910988249917019
1.22492,0.02572814920921198,0.0006278246438479634
1.22757,0.02766742570754717,0.0006653464882688512
1.23021,0.02526142445893452,0.0006169898706265501
1.23285,0.02700491225027747,0.0006500826868874445
1.2355,0.0252260506381798,0.0006193676052690029
1.23814,0.02481437014428413,0.0006088591551099907
1.24078,0.02520614900110988,0.0006197573569505202
1.24343,0.02256109919533851,0.0005665414609615431
1.24607,0.02170951331853497,0.000547016718295071
1.24871,0.02247073834628191,0.0005615281989152037
1.25136,0.02339080334350722,0.0005769767763266996
1.254,0.0209758127081021,0.0005322775949881852
1.25665,0.02313168146503885,0.0005728555596629909
1.25929,0.02326652684517203,0.0005764154576526305
1.26193,0.0232111827136515,0.0005685549856172165
1.26458,0.02102206444228635,0.0005277759264132229
1.26722,0.02557498626526082,0.0006157875681340153
1.26986,0.02329339657325194,0.0005722678800913835
1.27251,0.02369327663706992,0.0005806167662990133
1.27515,0.02049722572142064,0.000515091541863072
1.2778,0.02428283115982243,0.0005895985141281616
1.28044,0.02079174431187569,0.0005176654097545684
1.28308,0.02357977504162042,0.000572392583135805
1.28573,0.01965729148168702,0.0005005009434767656
1.28837,0.02227234232796893,0.0005432035193905449
1.29101,0.02192883879023308,0.0005463760049409605
1.29366,0.02023650374583795,0.0005048866181680746
1.2963,0.02115356083518313,0.0005244079131945924
1.29895,0.02071083067425083,0.0005164135886672891
1.30159,0.0195013243618202,0.0004873834826096401
1.30423,0.01995905743618202,0.0005028245813088936
1.30688,0.02035937472253052,0.0005021518588952209
1.30952,0.0188143218645949,0.0004765301730063152
1.31216,0.02039123931742509,0.0005034610330745343
1.31481,0.01898095629855716,0.0004777473443130143
1.31745,0.01927214650388457,0.0004826149353304948
1.3201,0.0205781416481687,0.0005039683997599696
1.32274,0.02131293417036626,0.0005199896378678015
1.32538,0.02082774535238624,0.0005071460044332912
1.32803,0.02220662617924529,0.0005328201947114398
1.33067,0.01934662541620422,0.0004839320975133358
1.33331,0.0207253528718091,0.0005020125733540015
1.33596,0.0191759689927858,0.0004768524094954626
1.3386,0.01772441079356271,0.0004468734173041766
1.34124,0.01987114365982242,0.0004873856053673764
1.34389,0.01924265344062153,0.0004750852367407602
1.34653,0.01932615836570477,0.0004736813565735691
1.34918,0.01803017355715871,0.000452434962134646
1.35182,0.02065566051609323,0.0004987017394804834
1.35446,0.0195245246254162,0.0004807349302936437
1.35711,0.01937604293840178,0.0004764605843577123
1.35975,0.01973360627081021,0.0004835878669453979
1.36239,0.01843324923695893,0.0004592533839026901
1.36504,0.01689016273584906,0.00042288015716746
1.36768,0.01710944242508324,0.0004313000746175014
1.37033,0.01734087278024417,0.0004350733713256783
1.37297,0.01685331929800223,0.0004253228536527801
1.37561,0.01754240489733629,0.0004431939721772472
1.37826,0.01582990725582686,0.0004007995698165503
1.3809,0.01712519846004439,0.0004316756735570488
1.38354,0.0178238068118757,0.0004444675380607273
1.38619,0.01774793382352942,0.000443673152346028
1.38883,0.01824218985849057,0.000449919480976764
1.39148,0.01713466169533852,0.0004294530345082943
1.39412,0.01612168118756937,0.0004095880129832076
1.39676,0.01835364497780244,0.0004497211415553356
1.39941,0.01917047280799112,0.0004673656673456098
1.40205,0.0167210125554939,0.0004180092961050797
1.40469,0.01779796947835738,0.0004448023143635112
1.40734,0.01586230750554939,0.0004005151087024381
1.40998,0.01680628926193118,0.0004186787857372458
1.41263,0.01544643791620422,0.0003898532535153386
1.41527,0.01737088547447281,0.0004294377791471618
1.41791,0.01429831444228635,0.0003683836719665149
1.42056,0.01631299008046615,0.0004091870027862476
1.4232,0.01545326179245283,0.000390180879637311
1.42584,0.01574818097946726,0.000395712476562251
1.42849,0.01576633830466149,0.0003975039288547584
1.43113,0.0160878891509434,0.0004039444181084456
1.43377,0.01557669360432853,0.0003921585366510805
1.43642,0.01605007741398446,0.0003995088699647634
1.43906,0.01610852559655938,0.0004033347830435549
1.44171,0.01545470851831299,0.0003886800248849684
1.44435,0.01555538873473918,0.0003898867762872055
1.44699,0.01453068104883462,0.000368394496937965
1.44964,0.01451815038845727,0.0003698134828198654
1.45228,0.01472898092397336,0.0003719201052724948
1.45492,0.01693501352663707,0.0004154376450128582
1.45757,0.01422707692841287,0.0003601107387954347
1.46021,0.01510058802719201,0.0003788880435050773
1.46286,0.0137022817008879,0.0003495199717933037
1.4655,0.01515852115704773,0.0003804388829218017
1.46814,0.01537451595449501,0.0003823096893668804
1.47079,0.01583731256936738,0.0003944241753408418
1.47343,0.01570123106270811,0.0003883712875553382
1.47607,0.01342362902330744,0.0003445313731483323
1.47872,0.01273501269422864,0.0003259275171107393
1.48136,0.01411107561043285,0.0003579400020017229
1.48401,0.01408282325194229,0.0003586805190556115
1.48665,0.0150552176054384,0.000374795955850111
1.48929,0.01398337687291898,0.0003521700412460258
1.49194,0.01286414900110988,0.0003263809078865001
1.49458,0.01469868666759157,0.0003703338671629264
1.49722,0.01429466329078801,0.0003576391369240852
1.49987,0.01364247606825749,0.0003447373572907522
1.50251,0.01093868049389567,0.0002891587624152916
1.50516,0.01381895602108768,0.0003469015370932215
1.5078,0.01239530910099889,0.0003176556190924088
1.51044,0.01233002101831299,0.0003167097284653275
1.51309,0.01416181631520533,0.0003537548657614448
1.51573,0.01192903759711432,0.0003086860558838268
1.51837,0.01342807221143174,0.0003366173747630847
1.52102,0.01280786175083241,0.0003250595708748345
1.52366,0.01270677407047725,0.0003209844109924789
1.5263,0.01282428620976692,0.000322920957815665
1.52895,0.01229287541620422,0.0003150306130564708
1.53159,0.01156774528301887,0.0002989841630549732
1.53424,0.0130695474472808,0.0003324625936973371
1.53688,0.01152768333795783,0.0002969325845042052
1.53952,0.01287949528301887,0.0003239786566378808
1.54217,0.01262689969478358,0.0003176333394717495
1.54481,0.012170556118202,0.0003098324320823157
1.54745,0.01220629619866815,0.000312808091307116
1.5501,0.01066844263318535,0.0002809092009366393
1.55274,0.01267021448390677,0.0003285335199455091
1.55539,0.01201186494173141,0.000316107077703339
1.55803,0.01265902524972253,0.0003325380082017647
1.56067,0.01181155521642619,0.0003168682404508372
1.56332,0.01185494554661487,0.0003154225311945447
1.56596,0.01176587347391787,0.0003193591883467329
1.5686,0.01154197891231965,0.00031154203827342
1.57125,0.01080474618479467,0.0003003191942513843
1.57389,0.01277129300776915,0.0003433451284374132
1.57654,0.01224382866259712,0.0003308319217156706
1.57918,0.01138243160377359,0.0003168414444452012
1.58182,0.01024982151775804,0.0002881260062780585
1.58447,0.00965415045782464,0.0002758155774067944
1.58711,0.01157598154827969,0.0003196883975176684
1.58975,0.01033960779689234,0.0002919615841476367
1.5924,0.0116240600027747,0.000328356034191674
1.59504,0.0116263765954495,0.0003225751238618742
1.59769,0.01009324549112098,0.0002901870163521026
1.60033,0.01014810890677026,0.0002900483619569315
1.60297,0.01087460793562708,0.0003078771314115759
1.60562,0.0112321827136515,0.0003161211469132538
1.60826,0.01022834954217536,0.0002854553817314593
1.6109,0.01056499715593785,0.0002932345841252768
1.61355,0.01254904432574917,0.0003337873305311209
1.61619,0.01025330785238624,0.0002815163353236379
1.61883,0.01045189157880133,0.0002860621394025591
1.62148,0.01068982533296337,0.0002882586573887471
1.62412,0.01084776796614872,0.0002945338780385679
1.62677,0.009364732033851275,0.0002557884399903064
1.62941,0.01060820664539401,0.0002876266600186683
1.63205,0.00996718576581576,0.0002699022568276404
1.6347,0.009742217605438405,0.0002641417121344161
1.63734,0.01074230577136515,0.0002875931821381286
1.63998,0.00912124715593785,0.0002496589082920001
1.64263,0.0108754984045505,0.0002887460846833335
1.64527,0.01021199146781354,0.0002719818079248019
1.64792,0.009840434725305217,0.0002652571436297371
1.65056,0.009275085391231966,0.0002516411145073532
1.6532,0.008848598848501667,0.0002405645240100855
1.65585,0.009352677511098778,0.0002535725473314518
1.65849,0.008822772960599334,0.000238093072643605
1.66113,0.008638954078801329,0.0002352486949153962
1.66378,0.0107277721281909,0.0002838669542871068
1.66642,0.009318340663152052,0.0002516149085106542
1.66907,0.01006296268035516,0.0002701112949508001
1.67171,0.009578895532741398,0.0002556705968509033
1.67435,0.008882498473917871,0.0002406498618070169
1.677,0.01061527316870144,0.000279349949559719
1.67964,0.01077414060765816,0.0002823014934086808
1.68228,0.009662400457824639,0.0002571513577043252
1.68493,0.01000123647336293,0.0002646954565801385
1.68757,0.00798687673418424,0.0002178577432089303
1.69022,0.0101320964900111,0.0002662027335393628
1.69286,0.0089763868618202,0.0002405289297508992
1.6955,0.01053113415649279,0.0002773594818218381
1.69815,0.009791724472807991,0.0002594968178509346
1.70079,0.0084871875,0.0002308779049636342
1.70343,0.008361146087680356,0.0002239384912873514
1.70608,0.00980728593229745,0.0002584063598977144
1.70872,0.0077196147336293,0.0002089120321280345
1.71137,0.008233882283573808,0.0002222873710644388
1.71401,0.009382525388457271,0.0002490674607655463
1.71665,0.007886670366259714,0.000214014671452072
1.7193,0.01023042806603773,0.0002682403685541914
1.72194,0.009354055563263042,0.0002469938656681902
1.72458,0.009669199153718094,0.0002547282198182053
1.72723,0.008955418493340733,0.0002371751646492724
1.72987,0.007095787458379577,0.0001938715199908312
1.73251,0.008927736126526085,0.0002383707230782403
1.73516,0.008800476900665929,0.0002318340657065983
1.7378,0.008135688054938956,0.0002184294345533705
1.74045,0.007579783643174253,0.000204338254577597
1.74309,0.01009293417036626,0.0002626112121364906
1.74573,0.008933630618756936,0.000236507367539774
1.74838,0.007621633393451721,0.0002038895106767124
1.75102,0.008859602663706993,0.0002363261706304358
1.75366,0.00865310543840178,0.0002273617326529468
1.75631,0.00862975180355161,0.0002278571537323833
1.75895,0.008997872572142065,0.0002376872276449813
1.7616,0.008081767758046615,0.0002153750982851121
1.76424,0.008212167660932301,0.0002194481270634925
1.76688,0.006925018867924531,0.0001862790757524014
1.76953,0.009551728218645947,0.0002489600413757721
1.77217,0.007814485155382911,0.0002095111419187626
1.77481,0.007430750277469481,0.0002002438938834061
1.77746,0.008239131243063264,0.0002197512973537075
1.7801,0.008039201512208658,0.0002124212705071628
1.78275,0.009059857450055494,0.0002376107825219177
1.78539,0.009489979120421752,0.0002439580821628375
1.78803,0.00710670428690344,0.000190412556204125
1.79068,0.008681357796892339,0.0002288082243465247
1.79332,0.007750877289123199,0.0002043789428753169
1.79596,0.008902276498335183,0.0002347016931350789
1.79861,0.008942679522752501,0.000231354504319928
1.80125,0.007709439581021088,0.0002050425156110925
1.8039,0.00742006922863485,0.0001985848606489432
1.80654,0.009458938609877914,0.000243957604128293
1.80918,0.006045521711986684,0.0001662984215946986
1.81183,0.007684016578801333,0.0002043381929044688
1.81447,0.008533897058823531,0.0002239035902806386
1.81711,0.008127769977802441,0.000213964234924692
1.81976,0.007354188263041068,0.0001956540898673883
1.8224,0.006943656908990009,0.0001880066289432498
1.82504,0.007958326789678137,0.0002103320367605834
1.82769,0.007522299181465042,0.000201939352996316
1.83033,0.007596391231964483,0.0002021207064179453
1.83298,0.006741694436736959,0.0001815976079881864
1.83562,0.00682086376248613,0.0001847837222070675
1.83826,0.00705255965593785,0.0001912361612176313
1.84091,0.006345490704772475,0.0001741893604585929
1.84355,0.007099065482796889,0.0001915458756562723
1.84619,0.006946044464483908,0.0001881434110728247
1.84884,0.006540450749167591,0.0001763551335483609
1.85148,0.005782579286903443,0.000160122772166129
1.85413,0.006717571656492786,0.0001834688694392731
1.85677,0.007088116606548282,0.0001901566095561889
1.85941,0.006461867438956714,0.0001768992882189885
1.86206,0.007070765052719204,0.0001893309694961547
1.8647,0.00766724646226415,0.0002055834977976919
1.86734,0.007164216218091009,0.0001930154654469899
1.86999,0.006779162805216427,0.0001829711643693303
1.87263,0.005317422586015537,0.0001492907173880301
1.87528,0.00694985814372919,0.0001876982633468595
1.87792,0.006971982519422866,0.000189066787472808
1.88056,0.006838762416759158,0.0001855478612445251
1.88321,0.007095384572697004,0.0001907558235566681
1.88585,0.00679199334073252,0.0001860229790117515
1.88849,0.008042374236958933,0.0002122313095658023
1.89114,0.006711260543840178,0.0001830267626787497
1.89378,0.007122574778024415,0.000190866832557494
1.89643,0.006394988415649278,0.0001749181950594944
1.89907,0.006079915788013319,0.0001677345670655229
1.90171,0.005203296059933407,0.0001438234465552337
1.90436,0.007737888804106553,0.0002069811271567338
1.907,0.006387381659267479,0.0001735741725257222
1.90964,0.006688870629855714,0.0001824711008238461
1.91229,0.006706684586570478,0.0001826442833858247
1.91493,0.00611821739733629,0.0001673829282560684
1.91757,0.007338004162042175,0.000196790786682082
1.92022,0.006120939164816872,0.0001685618402555665
1.92286,0.007487582339067704,0.0002018651769045129
1.92551,0.005788265468923417,0.0001583919389466158
1.92815,0.005398771157047724,0.0001492768863610276
1.93079,0.005914737236403993,0.0001640000146604248
1.93344,0.006520956576026637,0.0001768187117633737
1.93608,0.006156207685904551,0.0001684962356270594
1.93872,0.006333859669811324,0.0001727569977486121
1.94137,0.008738796476137626,0.0002318346747761725
1.94401,0.006504339830743618,0.000177589461505707
1.94666,0.006247259850166486,0.0001704918940373595
1.9493,0.005623130410654828,0.0001559458024607969
1.95194,0.006139597807991119,0.0001676026540523412
1.95459,0.004926119866814648,0.0001378549926355016
1.95723,0.005452691453940067,0.0001518272178734932
1.95987,0.00666866911764706,0.0001806483111425439
1.96252,0.006990277192008877,0.000190097318527394
1.96516,0.006607837957824639,0.0001789673247985934
1.96781,0.006438026220865703,0.0001753732274125521
1.97045,0.004921591981132075,0.0001375667558988072
1.97309,0.006350844963928967,0.0001737183034541319
1.97574,0.004230466773029968,0.0001202946298581268
1.97838,0.006866014428412873,0.0001856773099663708
1.98102,0.006221429384017759,0.0001712469239637003
1.98367,0.005874469270255273,0.0001610710309784418
1.98631,0.006751082130965592,0.0001829521065673605
1.98896,0.006892085252497226,0.0001866639316103142
1.9916,0.005802764775249723,0.0001598010133737459
1.99424,0.005452494589345174,0.0001498765447134212
1.99689,0.005742796614872364,0.0001573020502867709
1.99953,0.005889460738068812,0.0001610060003073616
2.00217,0.005839846281908992,0.0001598980342496358
2.00482,0.005790121947835737,0.0001587626162777074
2.00746,0.005700724819644838,0.0001562948218662207
2.0101,0.005547509225860156,0.0001514615334462884
2.01275,0.004840490635405109,0.0001349103378276674
2.01539,0.005898930840732521,0.0001597371533159726
2.01804,0.004741607380688128,0.0001330715341006932
2.02068,0.005287879162042172,0.0001460539437266352
2.02332,0.00548222114317425,0.0001502192126377628
2.02597,0.005455935141509433,0.0001501395232761466
2.02861,0.006970011584350721,0.0001853703393077292
2.03125,0.006121465663152055,0.0001664750620384653
2.0339,0.005383731617647059,0.0001477779065953165
2.03654,0.004958266023862376,0.000138084572324648
2.03919,0.005933212749722533,0.0001613972044010496
2.04183,0.006194090385682573,0.0001670153565159801
2.04447,0.005182485640954498,0.0001430501812740474
2.04712,0.005534248335183132,0.0001512352496077722
2.04976,0.007180343091009989,0.0001913990409861272
2.0524,0.005459412319644838,0.0001500760637776196
2.05505,0.005699555077691455,0.000155484350464547
2.05769,0.006789949153718088,0.0001824920734417514
2.06034,0.005712962472253054,0.000154587864704162
2.06298,0.006105650110987793,0.0001658766983836908
2.06562,0.003907276914539399,0.0001095651417847161
2.06827,0.004996647752497222,0.0001375443543556506
2.07091,0.005148469270255274,0.00014225933447739
2.07355,0.004913527400110989,0.0001351947510666476
2.0762,0.004947621600998891,0.0001368865349690136
2.07884,0.004482098640399555,0.0001243396440450803
2.08149,0.004886678274139847,0.0001348986271009542
2.08413,0.005050467327968925,0.0001401187349531064
2.08677,0.005228068951165372,0.0001425294145030125
2.08942,0.005700411209766922,0.0001568893970855513
2.09206,0.0055218275527192,0.0001511554958463957
2.0947,0.004101110710321865,0.000115338919779277
2.09735,0.006074158643174249,0.0001647851508796586
2.09999,0.004498079009433962,0.0001254564502636735
2.10263,0.00572033115982242,0.0001577658097240605
2.10528,0.004434990774139845,0.000122411089993844
2.10792,0.003939530660377361,0.0001116614369731272
2.11057,0.006194754231409545,0.0001691987739218053
2.11321,0.003973068604328522,0.0001153998189276129
2.11585,0.005070417036625974,0.0001467122512276367
2.1185,0.004539276359600445,0.0001308736226766454
2.12114,0.004826041689789123,0.0001419138815325872
2.12378,0.004101117577691456,0.000120044639215296
2.12643,0.004467004162042172,0.0001317371641387385
2.12907,0.004241992508324085,0.0001276580699914573
2.13172,0.003678149417314095,0.0001115572174715043
2.13436,0.005330788776359599,0.0001585688462738905
2.137,0.004280525319089902,0.000129117744639461
2.13965,0.006878499306326307,0.0002002578162654569
2.14229,0.005025259503329634,0.000150766908981733
2.14493,0.006447393312985571,0.0001904833741431315
2.14758,0.004328688471143174,0.0001337074502173594
2.15022,0.003445915579911212,0.0001069103592548834
2.15287,0.00629618299112098,0.0001884578508496629
2.15551,0.003946810072142063,0.000122551365017163
2.15815,0.005583054730854607,0.0001694549827580116
2.1608,0.004913467882907883,0.0001509937770519442
2.16344,0.004813508740288568,0.0001472509128338089
2.16608,0.005136895463374029,0.000156449303169735
2.16873,0.005465608976137625,0.0001631963672847426
2.17137,0.005548939927857932,0.0001634072946268136
2.17402,0.004994129716981132,0.0001473365755685735
2.17666,0.004079164886237516,0.0001227671738400127
2.1793,0.002865490080466149,8.754599905953027e-05
2.18195,0.004869301539955607,0.0001427323310785696
2.18459,0.006067316453940066,0.0001738688116912156
2.18723,0.005243206922863483,0.000152497292110923
2.18988,0.004650555216426193,0.0001360919127695239
2.19252,0.004779144422863487,0.0001390561807465266
2.19516,0.005708761931187569,0.0001629142821388837
2.19781,0.004967184447835737,0.0001445858758284001
2.20045,0.004591211986681466,0.0001334040229693246
2.2031,0.002646732311320758,8.00674364575283e-05
2.20574,0.00425536785516093,0.0001243606275091259
2.20838,0.004450458379578246,0.000129887265815101
2.21103,0.003519485710321865,0.0001045984563892409
2.21367,0.004642662319644842,0.0001354873664651504
2.21631,0.004508611265260821,0.00013173730985502
2.21896,0.003837172516648171,0.000112506399865987
2.2216,0.004656573321309657,0.0001340724682323837
2.22425,0.005446291065482801,0.0001556570663304173
2.22689,0.003760564719755828,0.0001107284854075736
2.22953,0.004813886445615983,0.0001380656557382912
2.23218,0.003910165788013321,0.0001157163629009482
2.23482,0.004107673626526084,0.0001198412403899317
2.23746,0.004910574431187568,0.000143040629223068
2.24011,0.005505132977247502,0.0001569487132702406
2.24275,0.005123103496115424,0.0001484864507686221
2.2454,0.00448512486126526,0.000130538748333655
2.24804,0.00346326713374029,0.0001032650961855848
2.25068,0.003552911487236402,0.0001057052620877929
2.25333,0.004526965455049945,0.0001314376034142963
2.25597,0.00448925215038846,0.0001312689292445292
2.25861,0.004989063887347392,0.0001443337896775236
2.26126,0.003239141370699221,9.703059660313885e-05
2.2639,0.003813647197558266,0.0001124681632385041
2.26655,0.003017183407325194,9.068554009962362e-05
2.26919,0.003205076928412875,9.711966830423624e-05
2.27183,0.004545093021642619,0.0001320506561771381
2.27448,0.003383717813540511,0.0001007198943522675
2.27712,0.004190043146503886,0.0001225708946624233
2.27976,0.004538658296337404,0.000134366874170201
2.28241,0.003510681742508325,0.0001050695161216435
2.28505,0.003403880410654827,0.0001012737028032292
2.28769,0.003638039400665929,0.0001078447146881514
2.29034,0.002936924458934517,8.740273997747964e-05
2.29298,0.002250274486681462,6.882628037826465e-05
2.29563,0.003094745768590454,9.233755041596292e-05
2.29827,0.004057699778024419,0.0001193331176959257
2.30091,0.004103738623751391,0.0001226533566141935
2.30356,0.004598811875693674,0.0001327414754454787
2.3062,0.004486003884572697,0.000131842795819339
2.30884,0.003682892480577137,0.0001089085669307792
2.31149,0.003753965177580464,0.0001122600854655513
2.31413,0.004336716426193122,0.0001274022840388326
2.31678,0.003817735571587128,0.0001135079339347704
2.31942,0.003661031354051056,0.000109317254073669
2.32206,0.002534601900665925,7.617768787380152e-05
2.32471,0.005371370352386239,0.0001554865082451472
2.32735,0.003061938054938959,9.253254279120174e-05
2.32999,0.005377992785793564,0.0001549521364634307
2.33264,0.003550443812430635,0.0001075873219603753
2.33528,0.005013852802441731,0.0001435657825319426
2.33793,0.003863827067147617,0.0001151595599261135
2.34057,0.003121494173140956,9.349357811421281e-05
2.34321,0.003300766856270809,9.885620775843184e-05
2.34586,0.003827070615982238,0.0001149018569465671
2.3485,0.003820480230299666,0.000113224581157059
2.35114,0.004267136237513871,0.0001254909662778602
2.35379,0.003880622364039953,0.0001143608985002321
2.35643,0.002623953246392898,7.922360133958896e-05
2.35908,0.004981832547169812,0.0001458112335211184
2.36172,0.004302388734739179,0.0001265252019603748
2.36436,0.003812520948945618,0.0001130603878012227
2.36701,0.003759839067702552,0.0001109103880886889
2.36965,0.004220135960044394,0.0001238866992010149
2.37229,0.003991026775804662,0.0001181107377905852
2.37494,0.005598494866814649,0.0001608185196156544
2.37758,0.004962690899001109,0.0001460453228860047
2.38022,0.004591765954495003,0.0001329338041079741
2.38287,0.00377770338512764,0.0001134619551725616
2.38551,0.004165180979467258,0.0001213512398962202
2.38816,0.003403550776914542,0.000102169343259489
2.3908,0.003705861542730299,0.0001106923724803513
2.39344,0.003871252982796892,0.0001149789421876682
2.39609,0.003988559100998892,0.0001184511078797969
2.39873,0.003016043423973363,9.041647204613341e-05
2.40137,0.002694936667591566,8.186486116002843e-05
2.40402,0.002714437708102107,8.113945650066816e-05
2.40666,0.002332293770810212,7.117110844779153e-05
2.40931,0.003586941592674808,0.0001071613481949447
2.41195,0.005234032117092119,0.0001504270594891389
2.41459,0.004119515260821308,0.0001220826408807172
2.41724,0.003711032672031076,0.0001096196774472783
2.41988,0.003763254439511653,0.0001119179868305743
2.42252,0.002789056256936738,8.473525867144731e-05
2.42517,0.003299370491120978,9.810583463800649e-05
2.42781,0.004212403301886794,0.000124748953743303
2.43046,0.0046016320754717,0.0001341030266359294
2.4331,0.00280846802164262,8.50495253971428e-05
2.43574,0.002921823113207548,8.815412293671225e-05
2.43839,0.003500456229189789,0.0001050143832511306
2.44103,0.005043913568257491,0.0001465105047081403
2.44367,0.004261008254716983,0.0001251637174628329
2.44632,0.004705729952830186,0.0001376562029514772
2.44896,0.004077042869034405,0.0001201293040439321
2.45161,0.00365705285793563,0.0001086338185115885
2.45425,0.003435312361265264,0.0001032876264713351
2.45689,0.003384072627635959,0.0001005213305146097
2.45954,0.003764307436182022,0.0001125233325522217
2.46218,0.002630992300221974,8.010250310550284e-05
2.46482,0.003460778856825748,0.0001027094852562061
2.46747,0.003243664678135405,9.701952153713973e-05
2.47011,0.002844819298002218,8.671430115990979e-05
2.47275,0.003130323321309658,9.509887477816977e-05
2.4754,0.003880951997780242,0.0001144140644261047
2.47804,0.00389140184517203,0.0001155388802029295
2.48069,0.005190502150388457,0.0001507531497386579
2.48333,0.005423154897336292,0.0001578668711233414
2.48597,0.003969479259156492,0.0001183627456140563
2.48862,0.004209846351276357,0.0001238995156102918
2.49126,0.003680488901220864,0.0001107299555227058
2.4939,0.003993052649833515,0.0001178776795746331
2.49655,0.00400547114317425,0.0001193376730122298
2.49919,0.003623899486681464,0.0001080507397819939
2.50184,0.003569677025527195,0.0001066149684747676
2.50448,0.003946885613207549,0.000117615993922018
2.50712,0.003103824431187569,9.429289870729493e-05
2.50977,0.003102187708102108,9.348392121954798e-05
2.51241,0.001979546753607105,6.089534520586784e-05
2.51505,0.002329354536625973,7.170800660247277e-05
2.5177,0.004429776151498339,0.0001314263638221634
2.52034,0.003090133185349612,9.302482260069771e-05
2.52299,0.003994620699223086,0.000119247135526149
2.52563,0.003518592952275251,0.0001056515554962755
2.52827,0.004024122918978914,0.0001199016394422323
2.53092,0.003816439927857936,0.0001137678399617637
2.53356,0.002287855022197562,6.988295666444816e-05
2.5362,0.003366336501109878,0.0001018191260345075
2.53885,0.003426629716981132,0.0001030140111406465
2.54149,0.00265898598779134,8.124754069702625e-05
2.54414,0.003661333518312987,0.000110017538474843
2.54678,0.002824725374583798,8.617660175094775e-05
2.54942,0.003382543493340736,0.0001019480148337088
2.55207,0.002575069020532739,7.879213735472372e-05
2.55471,0.003015775596559378,9.142051222033856e-05
2.55735,0.003677208587680355,0.000110546331084387
2.56,0.002967857380688122,9.077787687867658e-05
2.56264,0.004169450194228635,0.0001251751852215409
2.56529,0.003254423557158713,9.766820170321408e-05
2.56793,0.002830196379023308,8.649522645721773e-05
2.57057,0.003384521295782467,0.0001017422107881134
2.57322,0.004523005271920085,0.0001340208471828747
2.57586,0.004053064303551611,0.0001204073700904852
2.5785,0.004441565135960047,0.0001311814068129715
2.58115,0.003204417660932296,9.801132272786928e-05
2.58379,0.002971677927302999,9.057842863924393e-05
2.58643,0.003692609808546058,0.0001109243255017317
2.58908,0.003062178412874585,9.299877699868689e-05
2.59172,0.003859386168146505,0.0001155472709392177
2.59437,0.002832581645394006,8.691705903900914e-05
2.59701,0.002626414053829078,8.023491353647816e-05
2.59965,0.003529274001109882,0.0001061533776723083
2.6023,0.003544329564372917,0.0001068615801229127
2.60494,0.003680967327968923,0.0001112207738705094
2.60758,0.002908509572697002,8.9938930801406e-05
2.61023,0.004056296545504993,0.0001214320766588019
2.61287,0.002468672863485016,7.631150225311544e-05
2.61552,0.00307574146781354,9.414429809285736e-05
2.61816,0.003078639497780243,9.373625213189712e-05
2.6208,0.003308691800776916,0.0001000729800599562
2.62345,0.002667764775249722,8.214073437482428e-05
2.62609,0.00309491745283019,9.466583716063773e-05
2.62873,0.002692968021642619,8.292397033093193e-05
2.63138,0.003466780937846838,0.0001049763881255154
2.63402,0.004716726900665929,0.0001396694480695194
2.63667,0.004502263526637072,0.0001339807721244479
2.63931,0.003342781423418426,0.0001023922329648697
2.64195,0.003957479675360709,0.0001189266890394343
2.6446,0.001781365912874584,5.538722966892378e-05
2.64724,0.003391954078801333,0.0001025491020450172
2.64988,0.003483747918978914,0.0001062327835020004
2.65253,0.004350043701442841,0.000130529300434745
2.65517,0.003757158504439511,0.0001133583870646321
2.65782,0.002158052580466149,6.712136218151837e-05
2.66046,0.00427036161209767,0.0001277855989849547
2.6631,0.002779741814650387,8.534353850062476e-05
2.66575,0.002781163360155383,8.492395490564388e-05
2.66839,0.003864740427302994,0.0001172544246617028
2.67103,0.003392340940621533,0.0001054425357149775
2.67368,0.003169281908990009,0.0001004461487645793
2.67632,0.003202474195338511,0.0001030126024899179
2.67896,0.003315435557713653,0.0001057336515845389
2.68161,0.002464090038845726,8.180224073346436e-05
2.68425,0.004233193118756935,0.0001370721765356275
2.6869,0.002358572905105439,7.894453763892334e-05
2.68954,0.002429302233629299,8.155252740113188e-05
2.69218,0.003756160446725859,0.0001231823134405841
2.69483,0.004771464414539404,0.0001562582031245133
2.69747,0.002800076096004441,9.516937411043265e-05
2.70011,0.003045639497780245,0.0001016888527823433
2.70276,0.00415974660099889,0.0001399801806055988
2.7054,0.003854405036071035,0.00012922579754695
2.70805,0.002526924181465039,8.800921555083218e-05
2.71069,0.003532123959489458,0.0001195376496187263
2.71333,0.003912507561043286,0.000133411907335268
2.71598,0.003464306395671477,0.0001204294228199947
2.71862,0.004533258254716981,0.0001551654789548555
2.72126,0.003444081992230858,0.0001204994320975613
2.72391,0.00397083899833518,0.0001370227310353434
2.72655,0.00391201997780244,0.0001330817122355641
2.7292,0.005698483768035515,0.000185193919942457
2.73184,0.003548092882907879,0.0001182762708351299
2.73448,0.003705069506104329,0.000122570199523709
2.73713,0.003078165649278581,0.0001012864887918797
2.73977,0.002928363138179801,9.784347560213042e-05
2.74241,0.003720445546614874,0.0001211297663266761
2.74506,0.004424570685349612,0.0001406159454119774
2.7477,0.004583277885682576,0.0001461846539995283
2.75035,0.002424879647613763,7.953889073381525e-05
2.75299,0.002633718645948946,8.690496210129953e-05
2.75563,0.002682479259156492,8.690005661032646e-05
2.75828,0.001840052164261933,6.069161398716633e-05
2.76092,0.002769381243063262,9.084702499888951e-05
2.76356,0.003218415649278581,0.0001032294374404422
2.76621,0.003425583587680354,0.0001094285124788685
2.76885,0.003332347599889012,0.0001071581114148298
2.77149,0.004528739525527192,0.0001417341541298593
2.77414,0.002160018937291899,7.081022492300976e-05
2.77678,0.003974783157602665,0.0001247743828803092
2.77943,0.002420138873473919,7.827534254074417e-05
2.78207,0.005040869034406214,0.0001561014005891702
2.78471,0.003723698390677028,0.0001186714553794976
2.78736,0.003242865774139848,0.0001037004350367864
2.79,0.001490047516648167,4.88753238435369e-05
2.79264,0.003033468229744726,9.722627758939707e-05
2.79529,0.003007358490566039,9.623352204735567e-05
2.79793,0.00279051213928968,8.937706290624837e-05
2.80058,0.003430949292452831,0.000107710018499736
2.80322,0.003016361612097668,9.680902189403501e-05
2.80586,0.002694124028856828,8.698321358043482e-05
2.80851,0.002419021781354049,7.780303901085962e-05
2.81115,0.003446389428412877,0.0001082419458165836
2.81379,0.003766521018312984,0.0001178881490691512
2.81644,0.004879133324084349,0.0001506051702524257
2.81908,0.002616511306881244,8.378338240103542e-05
2.82173,0.002566553482241953,8.222203388554461e-05
2.82437,0.003735377497225305,0.0001164233009945647
2.82701,0.002554373057713655,8.146735077435047e-05
2.82966,0.003757167660932298,0.0001180151367124959
2.8323,0.004423291065482795,0.0001355695381850303
2.83494,0.004067435418978914,0.0001261478305342343
2.83759,0.002855200471698111,8.9863608771262e-05
2.84023,0.002941159336847948,9.317769324772373e-05
2.84288,0.002747964206437291,8.805847707522915e-05
2.84552,0.002355473432297444,7.449912647651694e-05
2.84816,0.003380909059378468,0.0001071098305131535
2.85081,0.00366361119589345,0.0001145355749049823
2.85345,0.002083218854051053,6.703376863553773e-05
2.85609,0.003043304592119866,9.598342425961132e-05
2.85874,0.003191507006104328,0.0001004108258837673
2.86138,0.002790731895116538,8.917684681387202e-05
2.86402,0.003178809239733628,0.0001004228672499358
2.86667,0.003926732172586017,0.0001222048812559615
2.86931,0.002929324569922309,9.272618855829274e-05
2.87196,0.002947893937291897,9.271854456922064e-05
2.8746,0.002669930285793562,8.577309871456786e-05
2.87724,0.001949289123196448,6.312396991106626e-05
2.87989,0.001834022613762487,5.954496033345762e-05
2.88253,0.002718299458934519,8.658250957803327e-05
2.88517,0.003979004300776914,0.000124513482635808
2.88782,0.002059421129300774,6.682066359116964e-05
2.89046,0.003773335738068813,0.0001165179351407048
2.89311,0.002316292799667038,7.478637219767055e-05
2.89575,0.002567141786903443,8.22160280034905e-05
2.89839,0.002051937985571584,6.562549455839118e-05
2.90104,0.002412021642619312,7.75101325462642e-05
2.90368,0.003580902885682575,0.00011107748739138
2.90632,0.003971196101553828,0.0001233277810011925
2.90897,0.004173797239178688,0.0001299032596537635
2.91161,0.002743816315205326,8.726321607330905e-05
2.91426,0.001989241190344061,6.384120239150442e-05
2.9169,0.00256563325471698,8.238781598126266e-05
2.91954,0.001767670088790237,5.74939798203481e-05
2.92219,0.001655061251387348,5.304049544634201e-05
2.92483,0.003757973432297445,0.0001170445233398278
2.92747,0.001558913498890122,5.054792825973147e-05
2.93012,0.00370045463374029,0.0001164203499670112
2.93276,0.002553686320754718,8.1347055132763e-05
2.93541,0.00279021455327414,8.773396131177627e-05
2.93805,0.003199706645394007,0.0001002910225578162
2.94069,0.001580559447835739,5.10957844793015e-05
2.94334,0.003553293770810212,0.000111868844178666
2.94598,0.00333236362375139,0.0001033000141266012
2.94862,0.004560849056603777,0.0001404640442112681
2.95127,0.003806649347946727,0.0001188281921267114
2.95391,0.002341557852386239,7.47479892355967e-05
2.95655,0.001334806048834629,4.342444922930821e-05
2.9592,0.002985723987236402,9.299958218492365e-05
2.96184,0.002273193188124305,7.304616269963536e-05
2.96449,0.002768671614872363,8.872755324110925e-05
2.96713,0.002398877497225305,7.657833185961658e-05
2.96977,0.001972255896226414,6.377208950388455e-05
2.97242,0.003137527192008879,9.863454243782336e-05
2.97506,0.002934225582685909,9.371438317079876e-05
2.9777,0.002387241884017761,7.623105559551969e-05
2.98035,0.002059324986126525,6.605669036485033e-05
2.98299,0.00437138061875694,0.0001352640919134324
2.98564,0.003848125971143176,0.0001191235807310894
2.98828,0.00372408754162042,0.000116160540763922
2.99092,0.003618211015538288,0.0001122541907812427
2.99357,0.003389836639844616,0.0001063288432812313
2.99621,0.003315939164816871,0.0001045991882696469
2.99885,0.002850420782463932,9.028651061942997e-05
3.0015,0.002837681811875695,8.987311496743715e-05
3.00414,0.002505307991120978,8.003738030636463e-05
3.00679,0.003649935973917872,0.0001135853101265802
3.00943,0.00254534475582686,8.136991830648936e-05
3.01207,0.003903909614317424,0.000120197097434182
3.01472,0.003408268659822418,0.0001072173046969848
3.01736,0.001725742508324082,5.602586888074739e-05
3.02,0.003339034128745838,0.0001045946688719276
3.02265,0.003571375554938956,0.0001113034198032356
3.02529,0.003955293562708102,0.0001220218356829143
3.02794,0.002937267827413984,9.296650283910165e-05
3.03058,0.002943590385682576,9.253478673662256e-05
3.03322,0.002325810973917869,7.454069490193968e-05
3.03587,0.004605203107658158,0.0001408476444683344
3.03851,0.00154737631798002,4.967999313264132e-05
3.04115,0.002987488901220866,9.403136832418153e-05
3.0438,0.002906472253052165,9.138117793996898e-05
3.04644,0.003058483768035519,9.547916861081618e-05
3.04908,0.00296958795782464,9.380326721336036e-05
3.05173,0.004302013318534964,0.0001316395788836033
3.05437,0.002290517272475029,7.303656731979089e-05
3.05702,0.001650782880133185,5.300681654710313e-05
3.05966,0.00393194908435072,0.0001195800693114405
3.0623,0.001761709211986682,5.667741182392513e-05
3.06495,0.002973996809100998,9.281100578425369e-05
3.06759,0.002891499098224193,9.049889506641359e-05
3.07023,0.002780213374028855,8.7486814293472e-05
3.07288,0.003326061667591562,0.0001035794030878329
3.07552,0.00292156215316315,9.207692718620533e-05
3.07817,0.003468793077136514,0.000108164763100973
3.08081,0.003485499098224196,0.0001076035131721721
3.08345,0.002761685210876804,8.680960294075054e-05
3.0861,0.002447248959489459,7.716189918409887e-05
3.08874,0.002036667244728081,6.479096812073768e-05
3.09138,0.003971594408990013,0.0001219622677810597
3.09403,0.002549852039400665,8.045495446334481e-05
3.09667,0.003917845796337401,0.00012132814590407
3.09932,0.003054743340732522,9.462556373310652e-05
3.10196,0.002693325124861267,8.46307371117484e-05
3.1046,0.003133603634850166,9.74333544245395e-05
3.10725,0.002336755271920091,7.392760604366382e-05
3.10989,0.001986556048834629,6.358024928158987e-05
3.11253,0.002584445269145395,8.124674076007306e-05
3.11518,0.002881667314095447,9.034583533264322e-05
3.11782,0.003032392341842397,9.436623685409435e-05
3.12047,0.00234850991953385,7.410943401737691e-05
3.12311,0.003194702622086572,9.977046982200572e-05
3.12575,0.003313137278024417,0.0001024021261983118
3.1284,0.002637186667591568,8.322571399482402e-05
3.13104,0.002495629578246392,7.881585311810762e-05
3.13368,0.00332369471420644,0.0001041902287865055
3.13633,0.003978628884572695,0.0001216543598585408
3.13897,0.002445788498890123,7.696899027175618e-05
3.14161,0.002591468299112097,8.218004031501904e-05
3.14426,0.002009957755271921,6.466805845858709e-05
3.1469,0.00233556950610433,7.406719542951349e-05
3.14955,0.0007046333240843533,2.310582283178992e-05
3.15219,0.002031718160377358,6.45697884506127e-05
3.15483,0.00281836161209767,8.819049747657635e-05
3.15748,0.001374863415649278,4.440878293476096e-05
3.16012,0.003250058199223084,0.0001011711847847293
3.16276,0.002236759503329634,7.128320025306005e-05
3.16541,0.002784532949500555,8.786462983833008e-05
3.16805,0.004124741329078803,0.0001261261699168232
3.1707,0.002813208795782464,8.840184834621983e-05
3.17334,0.002345811043285241,7.388881254693438e-05
3.17598,0.00268146288845727,8.456326483787077e-05
3.17863,0.002660418978912321,8.355146395514617e-05
3.18127,0.004159918285238626,0.0001269542430821663
3.18391,0.003314735086015539,0.000102797299605081
3.18656,0.003577977386237513,0.0001101060894187313
3.1892,0.003744128815205328,0.0001161041177766114
3.19185,0.003386281631520536,0.0001048476440303177
3.19449,0.002245570338512764,7.115441214477831e-05
3.19713,0.001907146365149834,6.096594314169323e-05
3.19978,0.002205174181465042,6.957154028431252e-05
3.20242,0.003821771295782463,0.0001170652388356764
3.20506,0.002086419048279686,6.591646801830891e-05
3.20771,0.002366754231409546,7.431510252018426e-05
3.21035,0.001581456784128746,5.050619295129264e-05
3.213,0.003021031423418424,9.369813408338034e-05
3.21564,0.002441594825194229,7.568157382541529e-05
3.21828,0.004810906007214208,0.0001439465858681282
3.22093,0.00150706714761376,4.809091224691961e-05
3.22357,0.00226397259988901,7.132935063389077e-05
3.22621,0.002351135543840178,7.349642910832922e-05
3.22886,0.002717111403995561,8.424311968024828e-05
3.2315,0.003260274556048837,0.0001031589251201053
3.23414,0.002393525527192009,7.84063946226175e-05
3.23679,0.00282949819644839,9.253087203999581e-05
3.23943,0.001597169325749167,5.401635371535417e-05
3.24208,0.003886596975582685,0.0001276874002477475
3.24472,0.003667470657602666,0.0001223227129472295
3.24736,0.00322438568257492,0.0001079772469789525
3.25001,0.001856984808546063,6.491932785134782e-05
3.25265,0.001613925707547168,5.750346337482353e-05
3.25529,0.002264721143174251,8.046553126475315e-05
3.25794,0.001401930008324081,5.027721197375374e-05
3.26058,0.003552183546059933,0.0001228963115707476
3.26323,0.002825041273584906,9.94317385868362e-05
3.26587,0.003617824153718093,0.0001266789329581991
3.26851,0.003523054453385126,0.0001250197343696233
3.27116,0.003031950541065484,0.0001081187853217595
3.2738,0.002721442425083241,9.805394433412376e-05
3.27644,0.003106360779689234,0.0001121762412117242
3.27909,0.003312114039955604,0.0001200102803324157
3.28173,0.002163546476137629,7.958863932423962e-05
3.28438,0.003789355022197562,0.0001379275296917106
3.28702,0.001889277469478357,6.887555072756572e-05
3.28966,0.0022254375,7.979118593568742e-05
3.29231,0.003190900388457271,0.0001105074970227592
3.29495,0.001808984184239735,6.384365190584211e-05
3.29759,0.002903345310765816,9.9770881165304e-05
3.30024,0.002058418493340734,7.147072150055343e-05
3.30288,0.00250597641509434,8.616296086196211e-05
3.30553,0.003793997364039956,0.0001265886131738696
3.30817,0.002265046198668147,7.765336622459826e-05
3.31081,0.003377326581576025,0.0001135507654965188
3.31346,0.002634938748612656,8.995224001291267e-05
3.3161,0.002321859947280798,7.906664259752302e-05
3.31874,0.00251311161209767,8.56810502104187e-05
3.32139,0.002988232866259713,0.0001001770208907134
3.32403,0.004932625554938955,0.0001601559201587966
3.32667,0.002830361195893448,9.453819072368345e-05
3.32932,0.002293071933962265,7.754816616516755e-05
3.33196,0.004080085113762484,0.0001341682230890618
3.33461,0.002461249236958937,8.330503598733554e-05
3.33725,0.003953425638179802,0.0001294718321020729
3.33989,0.002650351415094339,8.889025964406505e-05
3.34254,0.003375561667591566,0.0001102894560460043
3.34518,0.002006794187014427,6.796101639921285e-05
3.34782,0.00196130473085461,6.616542911925153e-05
3.35047,0.004233225166481688,0.0001359824751803866
3.35311,0.00398061126526082,0.0001285174081715002
3.35576,0.003267984322974472,0.0001073925974689108
3.3584,0.001285724958379581,4.374749472131525e-05
3.36104,0.003752037735849057,0.0001212949334578527
3.36369,0.002766915857380688,9.199276413337953e-05
3.36633,0.001718980438401774,5.785958579205418e-05
3.36897,0.002579729675360713,8.56899532709121e-05
3.37162,0.002435313471143177,7.995030768166968e-05
3.37426,0.002455304384017757,8.174606456950995e-05
3.37691,0.001825674181465038,6.157343722022243e-05
3.37955,0.001615431950610434,5.421071514186995e-05
3.38219,0.00291964844617092,9.535955382353095e-05
3.38484,0.002544099472807988,8.379161473119604e-05
3.38748,0.003178713096559379,0.0001036683090961944
3.39012,0.002522190274694785,8.38996882798025e-05
3.39277,0.001946654342397332,6.497372750679197e-05
3.39541,0.00319566176470588,0.0001036409796219889
3.39806,0.002360376734184241,7.852623610537417e-05
3.4007,0.003389555077691454,0.0001102893757099016
3.40334,0.002111292660932299,7.045992552809557e-05
3.40599,0.002976070754716978,9.745867251564452e-05
3.40863,0.0017196076581576,5.727639667277151e-05
3.41127,0.002098450679800222,6.977114157829098e-05
3.41392,0.003790842952275253,0.0001218241416431301
3.41656,0.001633413013318535,5.483216690342505e-05
3.41921,0.003435092605438402,0.0001112501461895707
3.42185,0.002957006936736961,9.623753318614611e-05
3.42449,0.0009329550499445091,3.189343007897047e-05
3.42714,0.00371571163984462,0.000118615541088365
3.42978,0.00340805577136515,0.000110296275536179
3.43242,0.004194106340177582,0.0001340453176886562
3.43507,0.002885169672586015,9.447810827516912e-05
3.43771,0.00231440885127636,7.655672160733155e-05
3.44035,0.003778213859600443,0.000120778644174187
3.443,0.002387006104328524,7.875036977410697e-05
3.44564,0.002700107796892343,8.856290755978165e-05
3.44829,0.002928701928412873,9.452266556233447e-05
3.45093,0.002057891995005552,6.797847507410067e-05
3.45357,0.002800593437846836,9.100692284452888e-05
3.45622,0.003467275388457272,0.0001113542050780715
3.45886,0.00252807103218646,8.312169539191792e-05
3.4615,0.003048910654827969,9.777311017856254e-05
3.46415,0.003015919811320755,9.726856998354455e-05
3.46679,0.002458245907325193,8.025122222988708e-05
3.46944,0.001066305632630411,3.590897032149291e-05
3.47208,0.002267719894561598,7.434797465313909e-05
3.47472,0.003951887347391787,0.0001252920900719769
3.47737,0.002519186945061041,8.169563157393696e-05
3.48001,0.00169139879300777,5.552980294380278e-05
3.48265,0.00354539400665927,0.0001121383328590644
3.4853,0.003054482380688124,9.777207726827401e-05
3.48794,0.00192776678690344,6.355466816362025e-05
3.49059,0.002307275943396227,7.542316891421875e-05
3.49323,0.002481068465593786,7.970435550994565e-05
3.49587,0.002666897197558266,8.512127868200002e-05
3.49852,0.003480735432852386,0.0001108952500714244
3.50116,0.004025450610432854,0.0001269741921046207
3.5038,0.002528920296892345,8.185492716492815e-05
3.50645,0.002815019492230853,9.043675084867464e-05
3.50909,0.0035844304245283,0.0001135192571081376
3.51174,0.002239975721420645,7.264045551711284e-05
3.51438,0.003174050152608212,0.0001019479850605544
3.51702,0.002342745907325193,7.570097317164177e-05
3.51967,0.004220630410654828,0.0001326203253711677
3.52231,0.002940541273584905,9.419566980081407e-05
3.52495,0.001445421059933408,4.812224136951958e-05
3.5276,0.002373237028301888,7.656852462794454e-05
3.53024,0.003005710321864593,9.581895336370901e-05
3.53288,0.002851615704772475,9.144224408677848e-05
3.53553,0.00286354890399556,9.229080282615618e-05
3.53817,0.002188660446725859,7.149032221232054e-05
3.54082,0.002113087333518314,6.859534862884585e-05
3.54346,0.00191433421198668,6.259545993461792e-05
3.5461,0.002694169811320758,8.755845302150057e-05
3.54875,0.002756816245837957,8.871644871064708e-05
3.55139,0.002343357103218644,7.583211233120836e-05
3.55403,0.002647091703662599,8.55081075149328e-05
3.55668,0.002390476415094339,7.700255957054218e-05
3.55932,0.002439296545504997,7.910275770074715e-05
3.56197,0.002588517619311873,8.332377432383925e-05
3.56461,0.001815757699778027,5.926520512223498e-05
3.56725,0.002031473224195338,6.644106088594014e-05
3.5699,0.00164932928690344,5.44529785746878e-05
3.57254,0.001793930910099888,5.830860586239615e-05
3.57518,0.002670225582685902,8.564531870355763e-05
3.57783,0.00211299119034406,6.894552014952752e-05
3.58047,0.0009751710599334083,3.257118229921297e-05
3.58312,0.00318350652053274,0.0001015128908811232
3.58576,0.003229758254716983,0.0001024747477389872
3.5884,0.002935914955604882,9.40666264429528e-05
3.59105,0.002758393451720311,8.858743352387591e-05
3.59369,0.003427765122086568,0.0001087013196658569
3.59633,0.003832175360710322,0.000120019908622379
3.59898,0.002989322488901219,9.522870656546521e-05
3.60162,0.00290454023307436,9.350116359102774e-05
3.60427,0.003707521157047725,0.0001174657640953585
3.60691,0.003394023446170923,0.0001073261833457273
3.60955,0.002788495421753606,8.945129147500066e-05
3.6122,0.002553104883462819,8.253504913585884e-05
3.61484,0.002658743340732521,8.61977732102857e-05
3.61748,0.002345344062153166,7.559469483156782e-05
3.62013,0.001286823737513876,4.248123572136248e-05
3.62277,0.002112263249167591,6.87682287355486e-05
3.62541,0.002783795851831299,8.906048618492502e-05
3.62806,0.003229849819644839,0.0001033530906399971
3.6307,0.003806463928967814,0.0001198457255773975
3.63335,0.003509924042730297,0.0001116850485700971
3.63599,0.001797865912874585,5.89407628455715e-05
3.63863,0.002267589414539402,7.354151236144612e-05
3.64128,0.002615678066037738,8.430420453196782e-05
3.64392,0.002033508254716983,6.629167138963331e-05
3.64656,0.0001322724056603803,4.481061267864703e-06
3.64921,0.004002955396781353,0.0001262470999918618
3.65185,0.00332252726137625,0.0001056619529091215
3.6545,0.00337965233074362,0.0001069635278957464
3.65714,0.002439964969478358,7.87610417650067e-05
3.65978,0.001758618895671476,5.771727466631759e-05
3.66243,0.002718045366259711,8.737170557627957e-05
3.66507,0.002749465871254163,8.828223324055683e-05
3.66771,0.00393174535238624,0.0001233665170814728
3.67036,0.002803196170921199,8.959173896763845e-05
3.673,0.002575112513873472,8.280914503018094e-05
3.67565,0.002438060418978909,7.826691323083514e-05
3.67829,0.002825796684239733,9.008559727807032e-05
3.68093,0.002212149139844616,7.200425471910574e-05
3.68358,0.001651849611542731,5.360363228075422e-05
3.68622,0.002628696309655935,8.463662976360161e-05
3.68886,0.003739925985016651,0.000116405113517756
3.69151,0.003170181534406218,0.0001003883513303031
3.69415,0.002455254023307438,7.840466970477032e-05
3.6968,0.001704687153163153,5.499857841069795e-05
3.69944,0.00249860314927858,8.034749403761448e-05
3.70208,0.003939910654827969,0.000121804999257637
3.70473,0.0036946471281909,0.0001152944184943884
3.70737,0.003006422239178688,9.416314700756656e-05
3.71001,0.003282089900110988,0.0001022791603014938
3.71266,0.001516301470588236,4.915622598467108e-05
3.7153,0.003539824569922309,0.0001112263295880717
3.71794,0.003630588304661487,0.0001132018869880055
3.72059,0.002642600443951164,8.408689367840665e-05
3.72323,0.001548912319644838,5.017570707661858e-05
3.72588,0.004241889497780245,0.000130993451584556
3.72852,0.002518948876248611,8.003585597511256e-05
3.73116,0.003518377774694787,0.0001091776551171597
3.73381,0.003009958934517205,9.516426763459565e-05
3.73645,0.002317732658157602,7.360040903245092e-05
3.73909,0.003184172655382908,0.0001005664359270451
3.74174,0.002717926331853497,8.552042666552031e-05
3.74438,0.002640151082130965,8.373153357473752e-05
3.74703,0.004003990080466146,0.0001245919060141349
3.74967,0.003060390607658157,9.684191934448645e-05
3.75231,0.002970892758046615,9.263987140878765e-05
3.75496,0.003454099195338512,0.0001078047774572678
3.7576,0.002282576304106547,7.259439208434405e-05
3.76024,0.00180168874861265,5.830707098616323e-05
3.76289,0.001899709003884573,6.100526613196093e-05
3.76553,0.003098170296892339,9.750460686375469e-05
3.76818,0.002365953038290789,7.55196107607285e-05
3.77082,0.001193068118756938,3.876058649113412e-05
3.77346,0.004514318049389568,0.00013826366287212
3.77611,0.002845746392896781,8.987851542904649e-05
3.77875,0.003506858906770256,0.0001092221564935067
3.78139,0.003574307921753604,0.0001115409519469709
3.78404,0.002401471073806881,7.655893558985682e-05
3.78668,0.001794189581021089,5.775101637922898e-05
3.78933,0.001603569714206437,5.182218059906348e-05
3.79197,0.003815428135405104,0.0001222406027588133
3.79461,0.003136256728634853,0.0001034194896734494
3.79726,0.002258224611542731,7.616404144139278e-05
3.7999,0.002870425430077689,9.758806173317143e-05
3.80254,0.002642930077691453,9.088704322015925e-05
3.80519,0.003505151220865704,0.0001198888657044517
3.80783,0.001296021434517201,4.658805552586761e-05
3.81047,0.003337901012763599,0.0001165204313067107
3.81312,0.003347339067702554,0.0001192672214085898
3.81576,0.001879502913429521,6.857758649457065e-05
3.81841,0.001777465246947836,6.494678577924562e-05
3.82105,0.005442324014983356,0.0001890956844539362
3.82369,0.002528947766370703,9.260758553519065e-05
3.82634,0.003321941245837957,0.0001204233921077762
3.82898,0.001401659891786904,5.316794824898536e-05
3.83162,0.003554280382907882,0.000129998317060704
3.83427,0.0020621131381798,7.828880104845236e-05
3.83691,0.002151382075471701,8.251605498659647e-05
3.83956,0.002787975790788011,0.0001056703028294829
3.8422,0.001860793909544951,7.22081820111414e-05
3.84484,0.002507963374028858,9.654045714610771e-05
3.84749,0.001215318396226415,4.686862753159336e-05
3.85013,0.002317716634295227,8.524901820636052e-05
3.85277,0.002395702483351834,8.637747491086492e-05
3.85542,0.001839324223085464,6.73809972234487e-05
3.85806,0.0027999089900111,9.952380698592972e-05
3.86071,0.003001228218645945,0.0001055112509959273
3.86335,0.002499115912874585,8.806745786958392e-05
3.86599,0.002010140885127637,7.108904606357153e-05
3.86864,0.003565396365149835,0.0001218399099519745
3.87128,0.002283901706437294,8.04945675511508e-05
3.87392,0.002273795227524973,7.955153417795306e-05
3.87657,0.002517355646503884,8.769676972884034e-05
3.87921,0.00280468410099889,9.71158733943281e-05
3.88186,0.00152664372918979,5.412557658713457e-05
3.8845,0.003447531700887904,0.0001176647672165986
3.88714,0.002441091218091011,8.409624988439897e-05
3.88979,0.002665214692008879,9.22787703259242e-05
3.89243,0.002163951650943395,7.531352965724771e-05
3.89507,0.002598889636514983,8.842342783850776e-05
3.89772,0.004289956506659271,0.0001410999956782287
3.90036,0.003327549597669257,0.0001109946222540986
3.903,0.0008872366814650383,3.104546022214505e-05
3.90565,0.001146889636514983,3.988888716738567e-05
3.90829,0.004637225652053273,0.0001500878712312676
3.91094,0.001840864802996671,6.317737347932574e-05
3.91358,0.002705210252497225,9.062046945237224e-05
3.91622,0.00230515850443951,7.736381687028186e-05
3.91887,0.003613106270810213,0.0001194114325699945
3.92151,0.002356668354605992,7.892290294434518e-05
3.92415,0.001785559586570474,6.047205585909751e-05
3.9268,0.004252037180910099,0.0001377831699676259
3.92944,0.002640256381798002,8.739140258018359e-05
3.93209,0.002255145740843506,7.542804252536855e-05
3.93473,0.001248847183684796,4.224964811950074e-05
3.93737,0.001700404203662596,5.715552928442037e-05
3.94002,0.001976600652053275,6.622906574610598e-05
3.94266,0.002779089414539403,9.1722638419789e-05
3.9453,0.001866956229189792,6.267722574337957e-05
3.94795,0.003366808060488346,0.0001094694310845176
3.95059,0.001973553829078802,6.627516147443149e-05
3.95324,0.00280567071309656,9.285813487608344e-05
3.95588,0.002227575541065481,7.433150536697707e-05
3.95852,0.003172182228079913,0.000104039074561187
3.96117,0.002300504716981132,7.689132172743169e-05
3.96381,0.003230188609877912,0.0001053269758223694
3.96645,0.003594314858490567,0.0001162223123607788
3.9691,0.003143229397891232,0.0001026847621152512
3.97174,0.00242231125138735,8.078390751424148e-05
3.97439,0.002979245768590454,9.835518689084934e-05
3.97703,0.002491879994450612,8.171867920379152e-05
3.97967,0.00213957706714761,7.118734761959799e-05
3.98232,0.002260493132630408,7.485434078749135e-05
3.98496,0.001916714900110988,6.412401133772893e-05
3.9876,0.003515156978357382,0.0001137173650720028
3.99025,0.003239972322419535,0.0001054471354123024
3.99289,0.002469954772475026,8.22981859442857e-05
