0.0431807,66.60828664678137,0.4701853762420667
0.0458244,58.00902939789123,0.4234470671964364
0.0484682,50.81928167314096,0.391001871331086
0.0511119,44.71197881520533,0.381334130281803
0.0537556,38.95572055355161,0.3321570162906917
0.0563993,34.72084309794673,0.3247061075013991
0.059043,30.91287278856826,0.2857639098661981
0.0616867,27.59924579841843,0.27904657370439
0.0643304,25.00286618548835,0.2602710022497314
0.0669742,22.62517550776915,0.2364230395551167
0.0696179,20.48766892966149,0.2295743918447357
0.0722616,18.6736257831576,0.2061585015356417
0.07490529999999999,16.98313041551054,0.1958331563468985
0.07754900000000001,15.46794269492231,0.1846037390714837
0.08019270000000001,14.18539336847947,0.1699251324299542
0.08283649999999999,12.87963281354051,0.1631326746908384
0.08548020000000001,11.89944019561598,0.1499073196482552
0.08812390000000001,10.96743641370699,0.1502125479988792
0.0907676,10.14715127497226,0.1428226615996946
0.0934113,9.403999584489457,0.1353487441812313
0.096055,8.692222067147615,0.1317455805814058
0.0986987,8.02212973501665,0.1212679249659523
0.101342,7.459186132075473,0.1169946239050141
0.103986,6.920869145394008,0.1065473611483626
0.10663,6.452228650804662,0.1035858019925179
0.109274,6.053612274556049,0.09998079169706696
0.111917,5.596600846281909,0.09195925080058945
0.114561,5.205143382352942,0.08634403141735354
0.117205,4.872194510960044,0.08203886809035209
0.119848,4.585879359739179,0.07796805159366135
0.122492,4.317196385960044,0.07275746626108603
0.125136,4.014481727247503,0.06953651222929151
0.12778,3.787086157741399,0.06587490135226398
0.130423,3.561176206298557,0.06295385953093244
0.133067,3.328164112791343,0.05975539638809813
0.135711,3.066818488485016,0.05385746791204495
0.138354,2.925839517203108,0.05258058433930103
0.140998,2.796798529411765,0.05025203745700006
0.143642,2.643948531492786,0.04779970262659864
0.146286,2.463376908296337,0.04415698119473702
0.148929,2.346330765815761,0.04208860410465078
0.151573,2.190091904134295,0.04058053990011531
0.154217,2.07729103218646,0.03788366457251011
0.15686,1.991416841703662,0.03676252849907167
0.159504,1.855581896503884,0.03416942246560473
0.162148,1.787560509156493,0.03305348953483826
0.164792,1.639648012624861,0.03113830995733953
0.167435,1.589045868479467,0.02955899485036665
0.170079,1.529405098501665,0.02871773385272937
0.172723,1.442418050776914,0.02704750640522173
0.175366,1.363291600305216,0.02592349492397304
0.17801,1.281759876526082,0.02434107318555064
0.180654,1.227979261931188,0.02327533319421041
0.183298,1.178019903579356,0.02262204418448133
0.185941,1.116193661903441,0.02135140050337753
0.188585,1.075617923140955,0.02064906444992765
0.191229,1.017163445477248,0.01971876379335259
0.193872,0.9445641779966704,0.01834299125105661
0.196516,0.9468020477247502,0.01843872738762196
0.19916,0.9013326900665928,0.01757945951901607
0.201804,0.8422465517480577,0.01689838994585972
0.204447,0.8151997828801332,0.0161094838132748
0.207091,0.7585116384572698,0.01500855158605115
0.209735,0.7423999653163152,0.01472062095869411
0.212378,0.7203537402885682,0.01434884449942273
0.215022,0.6773485321864595,0.0135588550840197
0.217666,0.6409692827413984,0.01303599827296317
0.22031,0.6348386445615983,0.01302569782858078
0.222953,0.603428120144284,0.01227036114394724
0.225597,0.5784986528856826,0.01171161679051141
0.228241,0.5515006194506105,0.01138264433889363
0.230885,0.5332018493340732,0.01102127626963497
0.233528,0.501337758046615,0.01054348398817064
0.236172,0.4884552823251943,0.01025388307541646
0.238816,0.4762166682852387,0.009997558290296544
0.241459,0.4570998113207548,0.009602041013512183
0.244103,0.4537136945061044,0.009399598294767282
0.246747,0.4378542827413985,0.009228968919174928
0.249391,0.4133574597669256,0.008840088733153596
0.252034,0.3967545865704772,0.008581925115945081
0.254678,0.3710838554384018,0.008024949300033134
0.257322,0.3756812846836848,0.008085549998067185
0.259965,0.3637562347391787,0.007852922519411767
0.262609,0.3441526644006659,0.007516091140513256
0.265253,0.3411969714206438,0.007533823746619944
0.267897,0.3268121441453941,0.00716906249806093
0.27054,0.3160607505549389,0.006972109871676957
0.273184,0.3039500756104329,0.006685900791205118
0.275828,0.2993118312985572,0.006596726819508543
0.278471,0.2916739657325195,0.006542836750638033
0.281115,0.2836410203940067,0.00638357773999557
0.283759,0.27839240427303,0.006292490739632553
0.286403,0.2610026678690345,0.005860136074969539
0.289046,0.2569891710599334,0.005851634054110584
0.29169,0.2466358331021087,0.005634642922634984
0.294334,0.2406380098501665,0.005569221123264477
0.296977,0.234519160654828,0.005448667579762317
0.299621,0.2303181388734739,0.005304260178556504
0.302265,0.2269873272752498,0.005250945700581254
0.304909,0.2146448328246393,0.005011812403358194
0.307552,0.222216359600444,0.005170534694338599
0.310196,0.2040881520532742,0.0048212619285037
0.31284,0.19682309309101,0.004667834331469701
0.315483,0.1954547010266371,0.004646579406231135
0.318127,0.1887663797863485,0.004496329623041904
0.320771,0.1958971107103219,0.004595905152771357
0.323415,0.186602776082131,0.004447481296391483
0.326058,0.1752498466981132,0.004219442048009866
0.328702,0.1726962610987791,0.004231203102582555
0.331346,0.1721556411625972,0.004155639164552946
0.333989,0.1658579359045505,0.004024265831258946
0.336633,0.1636489594894562,0.003944410706547398
0.339277,0.1610656152885682,0.003892344491973398
0.341921,0.1570722169811321,0.003871665257351559
0.344564,0.1506404286209767,0.003719084692880124
0.347208,0.1501284135682575,0.003714920012344452
0.349852,0.1393872981409545,0.003493804709775046
0.352495,0.1353396270116537,0.003427870254072473
0.355139,0.1402739671198668,0.003498052555265493
0.357783,0.1425280232380688,0.003540310322464487
0.360427,0.1365892868340733,0.003423629185325467
0.36307,0.1364258823529412,0.003382511915426998
0.365714,0.132316482727525,0.003324121458953452
0.368358,0.1261129451304107,0.0031703894096963
0.371001,0.1304980650665927,0.003267067282804431
0.373645,0.1179155514705883,0.003049511926064728
0.376289,0.117740772336293,0.00301283644703867
0.378933,0.1159829294533851,0.002997608273483278
0.381576,0.1129511528856826,0.002884332132152124
0.38422,0.1224513620976693,0.00307835487497517
0.386864,0.115251240982242,0.002928257815500101
0.389507,0.11401940427303,0.002921747408405834
0.392151,0.1114770216426193,0.002891480767803366
0.394795,0.1063610190066593,0.002745971208811432
0.397439,0.1057923161071032,0.002744097696505246
0.400082,0.1038868659822419,0.002686198243280175
0.402726,0.09886652122641511,0.002608646229995879
0.40537,0.1015674073251942,0.002650748148724888
0.408013,0.0970961820199778,0.002533090050699784
0.410657,0.09803952968923418,0.002581056324325635
0.413301,0.09659561258324084,0.002524840332927075
0.415945,0.08949565892064375,0.002411820487041942
0.418588,0.08828544069089901,0.002390358733854827
0.421232,0.09306940600721421,0.002464139669168012
0.423876,0.09117984697558271,0.00246800132575095
0.426519,0.08948003565482798,0.002444164593516714
0.429163,0.08746917827413986,0.002477610586519136
0.431807,0.08415342681742509,0.002455211463840063
0.434451,0.08268988505826859,0.002466054181078837
0.437094,0.08143165018035516,0.002498658742222374
0.439738,0.07926076935349612,0.00245532013481724
0.442382,0.07849163540510544,0.002488092401246282
0.445025,0.07548057082408437,0.002417659815375533
0.447669,0.0778743985155383,0.002489188789093364
0.450313,0.07399213485016649,0.002439630634203131
0.452957,0.07966613644561599,0.002529769236864398
0.4556,0.07644425048557157,0.002447064137026585
0.458244,0.07705701442841288,0.002421458040678391
0.460888,0.07377895567425083,0.002364679237701949
0.463531,0.07170581354051055,0.002344652904160937
0.466175,0.06926593784683684,0.002258689415782928
0.468819,0.07302100867092121,0.002394669342596553
0.471463,0.07169369721143175,0.002298680443573233
0.474106,0.06954043805493895,0.00230362559803556
0.47675,0.06938738956714761,0.002294074597645411
0.479394,0.06639383220033296,0.002234667187044788
0.482037,0.06670429911209767,0.002268972281692215
0.484681,0.0668557497918979,0.002156780541285809
0.487325,0.06824102185072142,0.002190966083613909
0.489969,0.06831154973640401,0.002136648938167356
0.492612,0.06291457554106548,0.002020356052546757
0.495256,0.06215140018035516,0.001964450497485116
0.4979,0.06144897586015538,0.001927094300065378
0.500543,0.06163031333240843,0.001917725000021358
0.5031870000000001,0.06686789816870145,0.002011951885344585
0.505831,0.06342746732796892,0.001941917354463981
0.508475,0.06471536695338513,0.001958942319110133
0.511118,0.06404090198390676,0.001916444379356975
0.5137620000000001,0.05834275242785794,0.001798671437809814
0.516406,0.05856283559933407,0.001784175164595539
0.519049,0.05804817660932298,0.00178305006645145
0.521693,0.05975868042452831,0.001792636190131688
0.5243370000000001,0.05943076123751387,0.001785735867087568
0.526981,0.06073929044117647,0.001814444500688788
0.529624,0.06007311209766925,0.001774901710420161
0.532268,0.05573716710599334,0.001691296041582398
0.5349120000000001,0.05848516793840178,0.001729803776995338
0.537555,0.05402709364594893,0.00163578482130616
0.540199,0.05537300652053274,0.001670455087320534
0.542843,0.05600083747225305,0.001673314060969085
0.5454870000000001,0.0539861297863485,0.001625366607489979
0.54813,0.0497313868618202,0.001501714120641566
0.550774,0.05341807470865705,0.001600073494852428
0.553418,0.05090762763596005,0.001530793687468186
0.556061,0.05384984683684796,0.001593436827212121
0.558705,0.05330563984461709,0.001590838289595236
0.561349,0.0497922912735849,0.001478837423942135
0.563993,0.05432650638179801,0.001587087400627884
0.566636,0.05055486917314096,0.001496711886901797
0.56928,0.04805361064095449,0.001454446312764367
0.571924,0.05044959697558269,0.001496486169857875
0.574567,0.05004211702275251,0.001482187005103825
0.577211,0.04803794617092119,0.001435833208538533
0.579855,0.04900925319089901,0.001439281619960184
0.582499,0.04817856014150944,0.001435792889194234
0.5851420000000001,0.04551875693673695,0.001367143945480441
0.587786,0.04761924264705883,0.001425267789167239
0.59043,0.04414289775249722,0.001338548141410914
0.593073,0.04640039900110988,0.001364458851811948
0.5957170000000001,0.04842178405937847,0.001412104233488065
0.598361,0.04447978343507214,0.001332559322215948
0.601005,0.04378787305771365,0.001306972420266991
0.603648,0.04430209482519423,0.001311532678130754
0.6062920000000001,0.04424966245837958,0.001308230051083042
0.608936,0.04656708837402886,0.001354920790085853
0.611579,0.04255910148446171,0.001258556013152771
0.614223,0.04448953281076582,0.001299022125102336
0.6168670000000001,0.04451737083795782,0.001297659664247786
0.619511,0.04316608768035516,0.001260622974233352
0.622154,0.04375501956159822,0.001276446318825228
0.624798,0.0420483179800222,0.001230463837755108
0.6274420000000001,0.04689505105438402,0.001322987309982798
0.630085,0.04484832769145394,0.001290534464751526
0.632729,0.04154802323806882,0.001212617876631948
0.635373,0.04564371101553829,0.001295170175918533
0.6380169999999999,0.04198389518590456,0.001210106538984946
0.64066,0.03960769145394007,0.001168826436997768
0.643304,0.04425538755549389,0.001265272328912146
0.645948,0.04265714692008879,0.001225617433294025
0.6485919999999999,0.03919728142341843,0.001149919916805798
0.651235,0.04045434655937846,0.001185624328298298
0.653879,0.03991817667869034,0.001170027250624165
0.656523,0.04075715177580466,0.001180464360471568
0.659166,0.04333838769422864,0.001235106817479222
0.66181,0.04007665954495006,0.001151252328460021
0.664454,0.03982110183129856,0.001159048517195026
0.667098,0.04069127996670367,0.001180345101299324
0.669741,0.04166350721420644,0.001197687197713808
0.672385,0.03846896483074361,0.001122876983775948
0.675029,0.03620737062985572,0.001067477982152071
0.6776720000000001,0.04138094929245284,0.001171557259440935
0.680316,0.03871791155660376,0.001120409104814813
0.68296,0.036910639636515,0.0010717463213432
0.685604,0.03759295629855716,0.001095880931032723
0.6882470000000001,0.03669585578523862,0.001068008482542293
0.690891,0.03701451089067703,0.001077087348519755
0.693535,0.03415356014150943,0.001009320877754351
0.696178,0.03625530486958935,0.001054588121126711
0.6988220000000001,0.03730710432852386,0.001080287752829978
0.701466,0.03997554897336293,0.001124997548720845
0.70411,0.03907837749722531,0.001113691753615066
0.706753,0.03853089019145394,0.00108763751875548
0.7093970000000001,0.03480606326304107,0.001015287221806989
0.712041,0.03896624479744728,0.001102307529423281
0.714684,0.03478292251664817,0.001008349808982235
0.717328,0.03660502795504995,0.001045756046853815
0.7199719999999999,0.03804434163429523,0.001075118283761802
0.722616,0.03676434406215316,0.001042614899616018
0.725259,0.03790991974195339,0.001068510625088521
0.727903,0.03607336993618202,0.001016220369594185
0.7305469999999999,0.03571389976415094,0.001023661168206362
0.73319,0.03760773716703663,0.001057939051681933
0.735834,0.03661222953662598,0.001028912533403507
0.738478,0.0357660734600444,0.001007433589362605
0.7411219999999999,0.03463628815205327,0.0009868837082378519
0.743765,0.03685176109877913,0.001037811970296853
0.746409,0.03393005473085461,0.0009597172909914257
0.749053,0.03329608435072143,0.0009574303907414163
0.751696,0.03676570380133185,0.001017587567114966
0.75434,0.03594484711431743,0.001010312609550554
0.756984,0.03358883344894562,0.0009460053910198878
0.759628,0.03602343958102108,0.001003022512258992
0.762271,0.0325993645255272,0.000929541955778796
0.764915,0.0354244057991121,0.0009816476615599336
0.767559,0.0339999325055494,0.0009647625735660872
0.7702020000000001,0.03283092307158712,0.000925660220206478
0.772846,0.0337827839900111,0.0009434725854737049
0.77549,0.03626936924250833,0.001001646548820512
0.778134,0.03323835724195339,0.0009275051887337261
0.7807770000000001,0.03238947481964484,0.000917702319297734
0.783421,0.03214649125971143,0.0009061568605813745
0.786065,0.03367975742230855,0.0009389588757026736
0.788708,0.03295142022752497,0.0009241883765051374
0.7913520000000001,0.03594630070754717,0.0009747240689660052
0.793996,0.03101972301609323,0.0008798381469760553
0.79664,0.03841905278856825,0.00102197310065287
0.799283,0.0312418503745838,0.0008780681327097301
0.8019269999999999,0.03378142653995561,0.0009295944872430016
0.804571,0.03040000242785794,0.0008549228097914885
0.807214,0.03379688956714761,0.0009290313729677158
0.809858,0.03132841585738069,0.0008679075974848809
0.8125019999999999,0.03366719700332963,0.0009295439059510806
0.815146,0.03277971538568258,0.000897695270361584
0.817789,0.03175935245560488,0.0008789463234196261
0.820433,0.0351624705882353,0.0009512574210409901
0.8230769999999999,0.03048288471143175,0.0008476810474241567
0.82572,0.03152203447558269,0.0008750718426421525
0.828364,0.03344438977524972,0.0009060262620163706
0.831008,0.03378549889012209,0.0009174013927286586
0.8336519999999999,0.0318714256381798,0.0008676890556503498
0.836295,0.0321001662735849,0.0008765498507062292
0.838939,0.03197709385405106,0.0008765169123381644
0.841583,0.03329013263041065,0.0008891776575778905
0.844226,0.03225851865982242,0.0008850212226715524
0.84687,0.03220166599611543,0.0008718850779609553
0.849514,0.03260959919533851,0.0008800613776650249
0.852158,0.03047221052996671,0.0008399674311635109
0.854801,0.03327116953385128,0.0008772156043500071
0.857445,0.0309246740427303,0.000843408411053273
0.860089,0.03136981007214207,0.000843449607751135
0.8627320000000001,0.03322127580466149,0.0008814031069935215
0.865376,0.03333616689789123,0.0009144430632930775
0.86802,0.03109857873196448,0.0008629098104754686
0.870664,0.02935492383462819,0.000839590252900212
0.8733070000000001,0.03436398779134296,0.0009287191504240896
0.875951,0.031855056118202,0.0008954063602325318
0.878595,0.03245096982519423,0.0009067731970236602
0.881238,0.0330329977108768,0.0009144928562465958
0.8838819999999999,0.03042100971143175,0.000874906622961931
0.886526,0.03046329439511654,0.0008549959582428473
0.88917,0.03103308004994451,0.0008771986223252104
0.891813,0.03206598966426193,0.0008995559221713375
0.8944569999999999,0.03369902955049944,0.0009125132630617255
0.897101,0.03251042522197559,0.0008807269813325961
0.899744,0.03070694180077692,0.0008406275764746283
0.902388,0.03415936077968923,0.0009056585079220892
0.9050319999999999,0.03267122010266371,0.0008649200969491254
0.907676,0.02935319096836848,0.0008004122099133445
0.910319,0.03280829051054385,0.0008717513818464636
0.912963,0.02928307970310766,0.0007993468053800423
0.9156069999999999,0.03393912423695894,0.0008913480006924844
0.91825,0.02973605140122087,0.0007953295805902042
0.920894,0.03076853523862376,0.000825348572320281
0.923538,0.03085829862652608,0.0008232772383306932
0.9261819999999999,0.03052774923695894,0.0008097414710725825
0.928825,0.03411909968091011,0.0008893890647780042
0.931469,0.03121307380688125,0.0008230230738545297
0.934113,0.0320315292036626,0.000847401427077369
0.936756,0.0322426138318535,0.0008354150943293619
0.9394,0.03240772599889013,0.0008417864822405482
0.942044,0.03145380486958935,0.0008180900450911148
0.944688,0.0327268503745838,0.0008457502218054244
0.947331,0.0312037547863485,0.0008180200202840069
0.949975,0.03160411556603773,0.0008185460761229063
0.952619,0.03032264608768036,0.0007960787749038796
0.9552619999999999,0.03099491120976693,0.0008083837077570679
0.957906,0.03047016405382908,0.0007971068387905826
0.96055,0.03100879932019978,0.000811309308988727
0.963194,0.03027898106270811,0.0007782463816738615
0.9658369999999999,0.03072640163706992,0.0008010767979931772
0.968481,0.0299314532463929,0.000778936934807091
0.971125,0.03140681832685905,0.0008027382510355147
0.973768,0.03025708788845727,0.0007796240691283722
0.9764119999999999,0.03100781041897891,0.0007881189257475556
0.979056,0.02994112937014428,0.0007748030811688449
0.9817,0.0299436382491676,0.0007702178764350214
0.984343,0.03057588034128746,0.0007774201843289123
0.9869869999999999,0.02801924791897891,0.0007255889163485469
0.989631,0.02949088859600444,0.0007644404836309693
0.992274,0.032385759572697,0.0008407780314404509
0.994918,0.03008576075194229,0.0007940483062393062
0.9975619999999999,0.0303001897891232,0.000806678158505146
1.00021,0.03136734697558269,0.0008342882381517655
1.00285,0.03173660543840178,0.0008380533522615707
1.00549,0.03064151408157603,0.0008336009060710082
1.00814,0.02979899084350721,0.0008099799521741515
1.01078,0.03203105535516093,0.0008598028300153937
1.01342,0.02905094429800222,0.0008038528280084343
1.01607,0.03037846406770255,0.0008398230872783765
1.01871,0.02819982082408435,0.0007887126237726727
1.02136,0.02945210627081022,0.000819292803360969
1.024,0.02870257866259711,0.0008109262872501742
1.02664,0.0304209112791343,0.0008479089866473153
1.02929,0.02939833247780245,0.0008298619523005045
1.03193,0.0293124399972253,0.0008255998105367583
1.03457,0.03116895553551609,0.0008624321314194501
1.03722,0.02919873466981132,0.0008312095857149126
1.03986,0.03120884350721421,0.0008650937057111416
1.04251,0.02972513228357381,0.0008414531576595584
1.04515,0.02947914081576027,0.0008215080898895965
1.04779,0.03041642001942286,0.0008333116288896848
1.05044,0.02828916759156493,0.0007817489848893544
1.05308,0.02865458490566038,0.000775776603285322
1.05572,0.03043048210321865,0.0008168100794605594
1.05837,0.02828580029134295,0.0007597661707339681
1.06101,0.02864081811875694,0.0007750685078598071
1.06365,0.02870033990011099,0.0007644038171023907
1.0663,0.02921949701720311,0.0007751104219219201
1.06894,0.02677040989178691,0.0007248079928080785
1.07159,0.02955002122641509,0.0007690290250915412
1.07423,0.02959684981964485,0.0007778429833992364
1.07687,0.02787109357658158,0.0007342064972420939
1.07952,0.02975380355160932,0.0007756588187360894
1.08216,0.02857410849056603,0.0007476609591029678
1.0848,0.02753122974472808,0.0007138275203243243
1.08745,0.0287128339345172,0.0007440141301986935
1.09009,0.03021160301054385,0.0007675982109181728
1.09274,0.03009887284961155,0.0007695006814561765
1.09538,0.02793235509156493,0.0007248581548086453
1.09802,0.02943081284683684,0.0007467684292588
1.10067,0.02829248453107659,0.0007297388020990786
1.10331,0.0290787983490566,0.0007352570786425933
1.10595,0.02886687132352941,0.0007352362173319588
1.1086,0.0259356788290788,0.0006757557417188418
1.11124,0.02984458331021088,0.0007509059975292294
1.11389,0.02778095019422863,0.0007138494317506198
1.11653,0.02829435016648169,0.0007095225246091371
1.11917,0.02830096573251942,0.0007206212808715138
1.12182,0.02766795907325195,0.0007018589181779747
1.12446,0.0270352477108768,0.000694398767012336
1.1271,0.02859749646226415,0.0007183903954630081
1.12975,0.028416612236404,0.000711136630064598
1.13239,0.02700538152053274,0.0006878715281871582
1.13504,0.02843916238901222,0.0007118882738455843
1.13768,0.02679128211709212,0.000680915029966424
1.14032,0.02936888061875694,0.0007308556901250612
1.14297,0.02924608518312986,0.000727473783016509
1.14561,0.02499322162874584,0.0006511744160892878
1.14825,0.02713710911487236,0.000679470546766593
1.1509,0.02780065267758047,0.0006960647866933953
1.15354,0.02759881381798003,0.0006914837511666408
1.15618,0.02585655528579357,0.0006548079008246621
1.15883,0.02639451526082131,0.0006740116215155642
1.16147,0.0261460515399556,0.0006562772415006983
1.16412,0.02903212541620422,0.0007195728527704651
1.16676,0.0255510901082131,0.0006420194671916185
1.1694,0.02497777462541621,0.0006370719104784276
1.17205,0.02801873515538291,0.000690600596731251
1.17469,0.02420340316315206,0.0006172867535566902
1.17733,0.02516706908990012,0.0006377718228556402
1.17998,0.02746778440621532,0.0006735799033310781
1.18262,0.02739614400665927,0.0006769478943757085
1.18527,0.02539014185627081,0.0006360038288220154
1.18791,0.02355985280244174,0.0006026830261114523
1.19055,0.02532798529411765,0.0006371526583011226
1.1932,0.02501355362097669,0.0006233812135446485
1.19584,0.02273987513873474,0.0005844007875697526
1.19848,0.02426524153718091,0.000608686237108978
1.20113,0.0254929486681465,0.0006363129353691979
1.20377,0.02619001644006659,0.0006463785332980218
1.20642,0.02574879252219756,0.000638283258932181
1.20906,0.02519139102386238,0.000629143529920456
1.2117,0.02362824722530522,0.0005910583414206506
1.21435,0.02266745872641509,0.000576078310343168
1.21699,0.02720899673973363,0.0006586062551119257
1.21963,0.02557066668978913,0.0006297925200297694
1.22228,0.02400549930632631,0.0006022275410685064
1.22492,0.0218511528163152,0.0005543648416125316
1.22757,0.02356275312153164,0.0005897180447447333
1.23021,0.02225340212264151,0.000560357936478524
1.23285,0.02359913186736959,0.0005873694489525034
1.2355,0.02240896406770256,0.0005661604443606321
1.23814,0.02559969963928968,0.0006239237084001608
1.24078,0.02280018895671477,0.0005746173201101302
1.24343,0.02316650360710322,0.0005786420745529318
1.24607,0.0232119564372919,0.0005764161539983611
1.24871,0.02305382380688124,0.0005731798877149828
1.25136,0.02322392626248613,0.0005742860759885417
1.254,0.02077881076581576,0.0005288225989670487
1.25665,0.02368358906770256,0.0005837698079180209
1.25929,0.02329880348224195,0.0005775039224546028
1.26193,0.02044051956159822,0.0005156898917551531
1.26458,0.02141840323251942,0.0005359238679504141
1.26722,0.02138694381243063,0.0005373913941445042
1.26986,0.02148437118479467,0.0005381370378682659
1.27251,0.02175905910099889,0.0005442704137785214
1.27515,0.02220131770255272,0.0005484858987349568
1.2778,0.02254424209211987,0.0005574964928810427
1.28044,0.02274136764705883,0.0005554181751261629
1.28308,0.02247756222253052,0.00055217368352386
1.28573,0.01786506825749168,0.0004645060606225424
1.28837,0.01952532581853496,0.0004907122684319435
1.29101,0.02168946517758047,0.0005422197727234275
1.29366,0.01841639900110988,0.0004691987764069767
1.2963,0.01905111563540511,0.0004836095795020402
1.29895,0.01949601588512764,0.0004930007255382532
1.30159,0.02070554051054384,0.0005112070603135757
1.30423,0.02003539969478357,0.0005047478102444512
1.30688,0.02027362416759157,0.0005009117260630157
1.30952,0.01967498640399556,0.0004939949512233531
1.31216,0.01922438165926748,0.0004811103108076478
1.31481,0.02081745116537181,0.0005139776177670623
1.31745,0.01967983934517203,0.0004910372394464634
1.3201,0.01963717466703663,0.0004862324376056924
1.32274,0.0189105451581576,0.0004740063565335592
1.32538,0.01835343208934518,0.0004595768971603876
1.32803,0.01930793236681465,0.0004782309687530249
1.33067,0.0202410545227525,0.0005017667160933296
1.33331,0.01971733747225306,0.0004832112488813244
1.33596,0.01948163561320755,0.000483212828321634
1.3386,0.01848556714761377,0.0004624084562349284
1.34124,0.01912784246670367,0.0004734108954162316
1.34389,0.01858649916759157,0.0004626506241338662
1.34653,0.0182495150527192,0.0004530873630812746
1.34918,0.01676502094894562,0.0004272878175327505
1.35182,0.01684156922863485,0.0004247972189064315
1.35446,0.01674903142341843,0.0004261087794823789
1.35711,0.01911128294950055,0.0004717250854028362
1.35975,0.01894747558268591,0.0004687766820337463
1.36239,0.01693000492508324,0.0004295613451827034
1.36504,0.01673811917314096,0.0004201749588498071
1.36768,0.01813332144839068,0.0004520867253489304
1.37033,0.01736733504439512,0.0004359663505645605
1.37297,0.01694662395948946,0.0004275633126131339
1.37561,0.01722494929245283,0.000437164090433089
1.37826,0.01620740656215316,0.0004088276426582297
1.3809,0.01831098716703663,0.0004556517955355306
1.38354,0.01773961286071032,0.0004431698526823162
1.38619,0.01971781589900111,0.0004824853677271197
1.38883,0.0163494970172031,0.0004126419418437403
1.39148,0.01521649091287459,0.0003906792765169158
1.39412,0.01450354578246393,0.0003762487186937125
1.39676,0.01637112694228635,0.0004108982718503449
1.39941,0.01695556298557159,0.0004243651309897373
1.40205,0.01661454543562708,0.0004162209723108922
1.40469,0.01526670283018868,0.0003937089489911258
1.40734,0.01472124826581576,0.0003773069417411444
1.40998,0.0163505935072142,0.0004098931444476108
1.41263,0.01602029821032186,0.0004018632501291106
1.41527,0.01521956749445061,0.0003864116102904397
1.41791,0.01596339976415095,0.0004031329566600429
1.42056,0.01477680528579356,0.0003780461776169178
1.4232,0.01517389719755827,0.0003847813874417617
1.42584,0.01524883164539401,0.0003858474364132143
1.42849,0.0161409990982242,0.0004054356949938045
1.43113,0.01550482658157603,0.0003924340641683765
1.43377,0.0162481163290788,0.0004060492401076404
1.43642,0.01635807894006659,0.0004060127286662159
1.43906,0.01354866779966704,0.0003506680905698417
1.44171,0.01602238817980022,0.0004005112600876103
1.44435,0.01442012097669256,0.0003669137879575783
1.44699,0.01582360072142064,0.0003951101240884006
1.44964,0.01523636279134295,0.0003849499584803505
1.45228,0.01558671538568257,0.0003897284662995448
1.45492,0.01279131139012209,0.0003308702314864235
1.45757,0.01429314102386238,0.000361782852215582
1.46021,0.01486922634572697,0.0003744793843169316
1.46286,0.01413110314927858,0.0003587770882408854
1.4655,0.01445816391509434,0.0003663869896739239
1.46814,0.01235864192563818,0.0003197266734967034
1.47079,0.01302864997225305,0.0003366239431003355
1.47343,0.01371376852108768,0.0003481260441847454
1.47607,0.01480632810765816,0.0003735968946221106
1.47872,0.01344695289955605,0.0003412170814084696
1.48136,0.01286414442286348,0.0003319958086070877
1.48401,0.01355433337957825,0.0003479104071279124
1.48665,0.01353111938124306,0.0003437679917325916
1.48929,0.01394420997502775,0.0003516569121116375
1.49194,0.01328081520532741,0.0003353935464062416
1.49458,0.01448941502497225,0.0003663457934909573
1.49722,0.01232887874583796,0.0003168053566169547
1.49987,0.01395654377081021,0.0003515318761729698
1.50251,0.01250679855715871,0.0003237792016266587
1.50516,0.01298617300221976,0.0003298792442666643
1.5078,0.01243720005549389,0.000318818847026834
1.51044,0.01158362950887902,0.000300864449897421
1.51309,0.01144758004994451,0.0002967992067566948
1.51573,0.01245164442286349,0.0003201938057247644
1.51837,0.01204898994173141,0.0003079341407894874
1.52102,0.01194122259988901,0.0003068989412828822
1.52366,0.01049442806603774,0.0002735909247136554
1.5263,0.01141111889567148,0.0002931308683515069
1.52895,0.01258288443396227,0.0003214710175137589
1.53159,0.01268969034406215,0.0003232294576369244
1.53424,0.0126168962264151,0.0003231862026598229
1.53688,0.01187237950887902,0.000304604968409222
1.53952,0.01207138901220866,0.0003072407941900311
1.54217,0.01133077524972253,0.0002903499788186206
1.54481,0.01237433386514983,0.0003144112805108998
1.54745,0.01268055674250832,0.0003231502601538894
1.5501,0.01187792376526082,0.0003077482628883198
1.55274,0.01166531229189789,0.0003069332962291361
1.55539,0.01153368999722531,0.0003058027359471047
1.55803,0.0129414114872364,0.000338957640639511
1.56067,0.01176078246392896,0.0003159952608467504
1.56332,0.01121286938124307,0.0003012703621769397
1.56596,0.01051912541620422,0.0002908463264390382
1.5686,0.01160243465593785,0.0003131738586623035
1.57125,0.01102766100166482,0.0003058001634101503
1.57389,0.01159743063263041,0.0003171042582846647
1.57654,0.01157018548834628,0.0003158063882694339
1.57918,0.01054458962264151,0.0002973190764912367
1.58182,0.01159399465871254,0.0003199973359248189
1.58447,0.01011980389844617,0.0002873950478408096
1.58711,0.01126406562153163,0.0003127066633641882
1.58975,0.01049309350721421,0.0002958881274247879
1.5924,0.01129236605160932,0.000320754727884162
1.59504,0.01090120525804661,0.0003057948592148534
1.59769,0.009387463027192009,0.0002729505658650399
1.60033,0.01138908837402885,0.0003200695843263249
1.60297,0.009746207547169811,0.0002807272541267025
1.60562,0.01014775638179801,0.0002903746168078931
1.60826,0.009581351761931188,0.0002702093172607457
1.6109,0.01029993958102108,0.000287219053710109
1.61355,0.01232345123473918,0.000329071698407355
1.61619,0.01206334045504995,0.000323135605014753
1.61883,0.0121287887763596,0.0003244489017824748
1.62148,0.01046494187014428,0.000283347826986476
1.62412,0.009801798903995559,0.00027047079181483
1.62677,0.01006875187291898,0.0002724043232822793
1.62941,0.009682050291342953,0.0002663492865589512
1.63205,0.009636315899001111,0.0002624409534818009
1.6347,0.009691902677580466,0.0002631960940274013
1.63734,0.009049819644839068,0.0002485964474907255
1.63998,0.008645567355715872,0.0002385796050450759
1.64263,0.01029717432019978,0.0002759147166051522
1.64527,0.0105441432436182,0.0002797202298997013
1.64792,0.0111724984045505,0.0002956582290521014
1.65056,0.009628686251387348,0.0002600777256134226
1.6532,0.008862379370144283,0.0002410937586835158
1.65585,0.01002249784961154,0.0002692627714941656
1.65849,0.009479865774139845,0.0002535220912439363
1.66113,0.009349520810210879,0.0002520907567216941
1.66378,0.009697895602108769,0.0002607352697795935
1.66642,0.008892586639844617,0.0002418829594327532
1.66907,0.008561274972253051,0.0002352995927326975
1.67171,0.008873479328523863,0.0002395841041538089
1.67435,0.008205101137624862,0.0002248269247181247
1.677,0.009867599750277468,0.0002627458023139264
1.67964,0.009319311251387349,0.0002496449959003933
1.68228,0.008695016995005547,0.0002349727508415792
1.68493,0.00839717917591565,0.0002278967492371857
1.68757,0.008911499375693676,0.0002398376947402623
1.69022,0.009133031562153164,0.0002437557966596988
1.69286,0.008331678204772477,0.0002256638820180431
1.6955,0.008075980854605994,0.0002209435951871147
1.69815,0.009236085599334073,0.0002470299656554363
1.70079,0.007482239525527191,0.000206978447473068
1.70343,0.0090759019145394,0.0002406350350974327
1.70608,0.008588030244173145,0.0002306430884337012
1.70872,0.00870190038845727,0.0002321256371703713
1.71137,0.00857388575194229,0.0002304449569700051
1.71401,0.00905595907325194,0.0002418017352139992
1.71665,0.009613264428412878,0.0002542132552315905
1.7193,0.00759402198945616,0.0002074626682595899
1.72194,0.009350461639844619,0.0002471220397279845
1.72458,0.008112732727524972,0.0002190706969915543
1.72723,0.007160585668701444,0.0001952045412149992
1.72987,0.01054107810765816,0.0002734939736599729
1.73251,0.008258785654827969,0.0002230071218618112
1.73516,0.008816798349056607,0.0002324037699128257
1.7378,0.008049525457824636,0.0002165936530111379
1.74045,0.008428567633185353,0.0002244005448645642
1.74309,0.006721032810765817,0.0001844665675084012
1.74573,0.0085103259572697,0.0002269646370782053
1.74838,0.007951587610987795,0.0002117944642256598
1.75102,0.009277413429522754,0.0002461052020734826
1.75366,0.007209653024417318,0.0001939591179063019
1.75631,0.007798822974472809,0.0002087917107944392
1.75895,0.008217762278024418,0.0002199009797317476
1.7616,0.006953069783573807,0.0001888370443178663
1.76424,0.00943531485849057,0.0002476452337908816
1.76688,0.007307851831298559,0.0001955305858561993
1.76953,0.007258209905660376,0.0001962183114270688
1.77217,0.008495934239733634,0.0002255373757036409
1.77481,0.009718179522752501,0.0002529512546295603
1.77746,0.007643776082130967,0.0002059899656884465
1.7801,0.00579700534128746,0.0001590520605171213
1.78275,0.007154368410099889,0.0001935318289353196
1.78539,0.007106269353496114,0.0001897188609139202
1.78803,0.007772884919533853,0.000206204818261437
1.79068,0.007131026220865705,0.0001928053288179117
1.79332,0.008948592327968925,0.0002318081466006969
1.79596,0.007869630133185349,0.0002110311562415278
1.79861,0.006984357519422863,0.0001865139288284493
1.80125,0.006935647266925637,0.0001869664810499025
1.8039,0.008263908712541618,0.0002183910409253312
1.80654,0.006947930701997779,0.0001865210770482844
1.80918,0.008422913498890124,0.0002231283985481578
1.81183,0.009159516717536072,0.0002382368609774492
1.81447,0.007351725166481688,0.0001967015752827106
1.81711,0.006737402330743619,0.0001815283977759218
1.81976,0.007233414123196451,0.0001929793237079918
1.8224,0.008485587402885681,0.0002243607635173283
1.82504,0.007262273099334072,0.0001942522211498126
1.82769,0.005981284336847949,0.0001648531138844474
1.83033,0.006837936043285239,0.0001843459915302629
1.83298,0.006735628260266372,0.0001816076649472871
1.83562,0.007768583657047729,0.0002074206315776605
1.83826,0.007045806742508326,0.00019123774476484
1.84091,0.00700851234739179,0.0001904487359090802
1.84355,0.007912848779134292,0.0002109093956200857
1.84619,0.00705674646226415,0.0001909581628963464
1.84884,0.007692864039955605,0.000203773910715827
1.85148,0.006579972461154276,0.0001799109022439056
1.85413,0.007856295990566035,0.0002108218286722759
1.85677,0.00607804099611543,0.0001659549964388245
1.85941,0.006434214830743619,0.0001763749656605228
1.86206,0.006968647266925639,0.0001870655969070548
1.8647,0.006227365080466151,0.0001711247048757198
1.86734,0.006728206922863486,0.0001827243992206347
1.86999,0.007275582061598223,0.000194948223497826
1.87263,0.008189585460599336,0.0002193907255970892
1.87528,0.008137226345726967,0.000215825105913525
1.87792,0.00543984947280799,0.000151533208513106
1.88056,0.006147882144839071,0.0001688869887648519
1.88321,0.007381250277469477,0.0001976937837340297
1.88585,0.007260073251942286,0.0001974837869625718
1.88849,0.006652647544395119,0.0001796881120517447
1.89114,0.007258086293007768,0.0001963431187533644
1.89378,0.006282603912319641,0.0001708422805546525
1.89643,0.006701593576581576,0.0001825268161021746
1.89907,0.006562188263041067,0.0001797243942163718
1.90171,0.005349136098779136,0.0001476065411226314
1.90436,0.007024826928412879,0.0001902455772338419
1.907,0.006942997641509431,0.0001871078671709185
1.90964,0.007017130896226417,0.0001905568548830229
1.91229,0.006445884780799113,0.0001764603921431336
1.91493,0.005877355854605992,0.0001615921959806439
1.91757,0.005874109877913428,0.0001615094582939391
1.92022,0.006659501179245285,0.0001818888173949419
1.92286,0.005828082477802441,0.0001616718398359431
1.92551,0.006517671684239732,0.0001763367793520365
1.92815,0.006499427372364039,0.0001765335126425022
1.93079,0.007507326026637071,0.0002028875143296556
1.93344,0.005125758879023308,0.0001424740063028655
1.93608,0.005129627497225307,0.0001430217089838677
1.93872,0.007044266162597115,0.000190042079989738
1.94137,0.007808885960044394,0.0002104150754661892
1.94401,0.005692662527746949,0.0001577157442894958
1.94666,0.005715496531631521,0.0001575323615083089
1.9493,0.005535434100998892,0.0001538794279301131
1.95194,0.007023428274139843,0.0001890968022276945
1.95459,0.00706841870144284,0.0001908929154034663
1.95723,0.005482312708102106,0.0001527041737553938
1.95987,0.006487507907880136,0.0001764219877371335
1.96252,0.006159920643729188,0.0001700167560870315
1.96516,0.005137282325194228,0.0001428164960377324
1.96781,0.005211720033296338,0.0001450880426922866
1.97045,0.005883252635960045,0.000161852582397542
1.97309,0.007023686945061039,0.0001901393947045966
1.97574,0.00467158081298557,0.0001318958374027007
1.97838,0.005569798418423972,0.0001541155790509986
1.98102,0.006055673973362931,0.0001672994611048899
1.98367,0.005402406284683688,0.0001494662986746827
1.98631,0.006431612097669255,0.0001753719296423346
1.98896,0.006769021989456161,0.0001838624740412461
1.9916,0.006804805563263041,0.0001844129511887274
1.99424,0.00600680577136515,0.000163704105774557
1.99689,0.006310659406215315,0.0001713403913626343
1.99953,0.006230540094339622,0.0001694966121937139
2.00217,0.005350820893451719,0.0001478800360876027
2.00482,0.006191107658157601,0.000168755149487261
2.00746,0.004816802788568257,0.0001342135597588715
2.0101,0.00620338880410655,0.000167625774622007
2.01275,0.005835984531076584,0.0001599876386069675
2.01539,0.005436939997225307,0.0001485239870986728
2.01804,0.006048742508324084,0.000166042972843829
2.02068,0.00596960294117647,0.0001630886384859448
2.02332,0.005531918007769142,0.0001515809522680279
2.02597,0.004968306118201996,0.0001380172113357892
2.02861,0.005511519630965595,0.0001503557775386465
2.03125,0.007115517411209768,0.0001904996711420227
2.0339,0.004292117438956713,0.0001202360066065147
2.03654,0.005276751734184239,0.0001462540423970496
2.03919,0.006002824986126528,0.000163237675399966
2.04183,0.004920033088235292,0.0001357340641928066
2.04447,0.004692498820754717,0.0001307655627412345
2.04712,0.004651722669256382,0.0001292188636788158
2.04976,0.006296993340732517,0.000170473235661043
2.0524,0.00575976817425083,0.0001576514453662022
2.05505,0.005787182713651497,0.0001577717544087838
2.05769,0.003243685280244173,9.290571524232064e-05
2.06034,0.005669034198113208,0.0001536461737909623
2.06298,0.003781091287458382,0.0001071552171357634
2.06562,0.003437365704772476,9.731033002479468e-05
2.06827,0.005007406631520531,0.0001379328348246956
2.07091,0.00465612465316315,0.0001298898869844721
2.07355,0.00454809177302997,0.0001260681588246041
2.0762,0.00537804543562708,0.0001477986163691765
2.07884,0.006272101415094337,0.0001688141583499585
2.08149,0.004455888179800223,0.000124057805353299
2.08413,0.005233253815205325,0.000144845974958795
2.08677,0.005613786209766926,0.0001521534239993698
2.08942,0.004428139428412874,0.0001247556642728089
2.09206,0.004534048002219754,0.0001264274775723147
2.0947,0.005185422586015536,0.000143107783548494
2.09735,0.005077657533296336,0.00014027625222117
2.09999,0.004393672100443949,0.0001228831810901285
2.10263,0.005498858490566037,0.0001523752721189541
2.10528,0.00360316918701443,0.0001010631093481967
2.10792,0.004598637902330747,0.0001288802204395697
2.11057,0.005538279481132074,0.0001530934721677835
2.11321,0.005147411695338511,0.0001464718384183007
2.11585,0.00636956312430633,0.000180344638822858
2.1185,0.003468126942286349,0.0001020755086559174
2.12114,0.005834743826304105,0.0001686909699526647
2.12378,0.004713526706437291,0.0001365820974282261
2.12643,0.005420515538290787,0.0001573303398187624
2.12907,0.0061966519145394,0.0001802522860490055
2.13172,0.005254989039955605,0.0001550222069775053
2.13436,0.004842129647613763,0.0001454063811582993
2.137,0.004129099819644841,0.0001250036469270305
2.13965,0.003949520394006661,0.0001211713163255999
2.14229,0.0037202990427303,0.0001143863768119051
2.14493,0.005952645116537178,0.0001775076369001226
2.14758,0.005427536279134297,0.0001645477274434067
2.15022,0.005705440413429523,0.0001700867239259787
2.15287,0.004125819506104329,0.0001284292609630826
2.15551,0.005380671059933409,0.0001629634949330963
2.15815,0.00579651546892342,0.0001754360586228552
2.1608,0.003920331784128747,0.0001227561138028763
2.16344,0.006071725305216429,0.0001818906959210468
2.16608,0.003899990635405106,0.0001215996053802576
2.16873,0.005133617438956718,0.0001543147479259465
2.17137,0.004119794533851273,0.0001245544896023824
2.17402,0.004260534406215314,0.0001274692495977372
2.17666,0.003909105923973363,0.0001181241581817121
2.1793,0.003858122572142067,0.0001157780010224351
2.18195,0.004191629508879024,0.0001244855447241833
2.18459,0.003195199361820198,9.652231432500066e-05
2.18723,0.004296585807436179,0.0001272198464637908
2.18988,0.003874153301886792,0.0001150865180783444
2.19252,0.00436529384017758,0.000128073181813264
2.19516,0.003224559655937848,9.634833713720012e-05
2.19781,0.005753429592119868,0.000165321717528817
2.20045,0.005031753745837961,0.0001451817713121777
2.2031,0.004345078593229744,0.0001274089151263487
2.20574,0.005109439719755826,0.0001471721840101977
2.20838,0.005927217536071033,0.0001686700390714033
2.21103,0.00276782921753607,8.351873956186857e-05
2.21367,0.004648545366259713,0.0001357612569491015
2.21631,0.004576598224195336,0.0001336734401813672
2.21896,0.004938469686459488,0.0001420666130165321
2.2216,0.004313181950610434,0.0001250599488084331
2.22425,0.004170471143174255,0.0001220472384021561
2.22689,0.003972880896226416,0.0001166216326148983
2.22953,0.00449269956992231,0.0001297048161058461
2.23218,0.004584633046614875,0.0001341212019319936
2.23482,0.003701148238068813,0.0001088876039415778
2.23746,0.003973224264705882,0.0001178385422591183
2.24011,0.005615720518867927,0.0001599305249982408
2.24275,0.004607158018867923,0.0001348935175229596
2.2454,0.004198984461709212,0.000122950750586071
2.24804,0.003967950124861266,0.0001172991407723736
2.25068,0.004656268867924526,0.0001358432097793646
2.25333,0.003868224472807994,0.0001137659037776578
2.25597,0.004306809031631523,0.0001264620479755821
2.25861,0.003600756451165373,0.0001069393882149912
2.26126,0.004896558129855716,0.000142380755704945
2.2639,0.00454580036071032,0.0001323886233162719
2.26655,0.005713747641509433,0.0001636724702137898
2.26919,0.005138104120421754,0.0001503415924015539
2.27183,0.003302900319089901,9.826393963627775e-05
2.27448,0.002847559378468371,8.571240935374302e-05
2.27712,0.003184156631520534,9.500366183376197e-05
2.27976,0.004585791342952276,0.0001357622562565322
2.28241,0.002691908157602664,8.191362674155881e-05
2.28505,0.002950611126526081,8.862852281195331e-05
2.28769,0.003851431465038846,0.0001138155475929075
2.29034,0.003641722599889015,0.0001070382789669253
2.29298,0.002865316107103217,8.666335685621205e-05
2.29563,0.004276436945061045,0.0001249156502245111
2.29827,0.003643963651498333,0.0001080834910450403
2.30091,0.004192602386237516,0.0001252100482964694
2.30356,0.004914207269700332,0.0001411738683860478
2.3062,0.005018568396226414,0.0001462130678266275
2.30884,0.003584093923418425,0.0001062755367292614
2.31149,0.004097356548279687,0.0001218521108028379
2.31413,0.003984008324084354,0.0001178995652082819
2.31678,0.004200110710321865,0.0001241009790420285
2.31942,0.003622528301886795,0.0001083394080120925
2.32206,0.004146579564372918,0.0001209945005853224
2.32471,0.005945551123751389,0.000170539254332315
2.32735,0.003550276706437294,0.000106386059057473
2.32999,0.0052608583518313,0.0001520217116953922
2.33264,0.004541863068812431,0.0001352195414386244
2.33528,0.003361907047724751,9.928683676100842e-05
2.33793,0.002408265191453941,7.388910222474285e-05
2.34057,0.0051139698945616,0.00014780921955883
2.34321,0.004477376179245283,0.0001313030888176427
2.34586,0.002670559794672585,8.204852797529446e-05
2.3485,0.004282081922863484,0.0001259317953728596
2.35114,0.003978729605993338,0.0001177342187898849
2.35379,0.004613302025527189,0.0001342608203842509
2.35643,0.003983234600443955,0.000117302760202529
2.35908,0.001302511098779134,4.099216726063866e-05
2.36172,0.004370490149833519,0.0001284787701928947
2.36436,0.003519215593784683,0.0001050218749693297
2.36701,0.004098171476137623,0.0001202441919216403
2.36965,0.003235103357380688,9.680476709003643e-05
2.37229,0.005021498473917869,0.0001459744597832081
2.37494,0.001660951165371807,5.140880918081051e-05
2.37758,0.00419773460044395,0.0001253745121896396
2.38022,0.003490583240843507,0.0001032135930413642
2.38287,0.00360984198113208,0.0001088592135603145
2.38551,0.004336315829633736,0.0001260542405301534
2.38816,0.003810030382907882,0.0001135983565651145
2.3908,0.004257700471698112,0.0001259858944729508
2.39344,0.003246871739733629,9.766607455506733e-05
2.39609,0.003227494311875693,9.731135409040124e-05
2.39873,0.003266977108768038,9.7550965387529e-05
2.40137,0.003266507838512762,9.822094093793879e-05
2.40402,0.003086237097669254,9.167298083190959e-05
2.40666,0.002672182783018868,8.107083266861481e-05
2.40931,0.003085188679245284,9.313706932905801e-05
2.41195,0.003302309725305217,9.841908526582189e-05
2.41459,0.004777867092119866,0.0001400198559510919
2.41724,0.00361262326581576,0.0001070026742945247
2.41988,0.003725346559378469,0.0001109653565352067
2.42252,0.004201857311320756,0.000124382764486307
2.42517,0.003822915857380692,0.0001126613779593948
2.42781,0.003707628745837959,0.0001109305152535847
2.43046,0.003654598917869033,0.0001084760334553546
2.4331,0.002495842466703663,7.611429265038877e-05
2.43574,0.003572735294117649,0.0001065490818600929
2.43839,0.002891457894006661,8.784299780469135e-05
2.44103,0.003308346143174249,9.92682353512166e-05
2.44367,0.004328010890677025,0.0001270834890088068
2.44632,0.003252022266925638,9.78113033328517e-05
2.44896,0.004081987375138733,0.0001203675415647027
2.45161,0.003661173279689236,0.0001088416207334432
2.45425,0.004497167938401776,0.0001326837769150236
2.45689,0.004158070962819091,0.0001218564540920007
2.45954,0.003169593229744732,9.589915648858073e-05
2.46218,0.003790959697558266,0.0001129790745895217
2.46482,0.003797692008879023,0.0001120969099922206
2.46747,0.002425348917869035,7.376139830563594e-05
2.47011,0.003120635751942285,9.469149666865713e-05
2.47275,0.002917205951720312,8.906581924177427e-05
2.4754,0.002888296614872363,8.683739176956478e-05
2.47804,0.003535580535516095,0.0001057654377130004
2.48069,0.002775156700887903,8.43466796089714e-05
2.48333,0.004246522683129855,0.0001263867497649439
2.48597,0.003124106062708104,9.474125485042506e-05
2.48862,0.003881357172586013,0.0001150277710256415
2.49126,0.004130988346281909,0.0001233438793272208
2.4939,0.003913299597669253,0.0001157919060656811
2.49655,0.003605492647058824,0.0001083212864182674
2.49919,0.001792303343507215,5.54299537665273e-05
2.50184,0.00338270144284129,0.0001014744057813745
2.50448,0.003031465246947834,9.198721403321292e-05
2.50712,0.003169430701997779,9.624652843405406e-05
2.50977,0.003845694922308548,0.0001143758790065823
2.51241,0.003630119034406215,0.0001082532607522007
2.51505,0.003903218299112097,0.0001166650346937286
2.5177,0.002525271434517203,7.774382501781949e-05
2.52034,0.003218667452830188,9.673868455052929e-05
2.52299,0.003826759295227525,0.0001146916769360501
2.52563,0.003415284822419533,0.0001028382642257613
2.52827,0.004690395116537181,0.0001381870187778799
2.53092,0.002462423557158713,7.539809121895871e-05
2.53356,0.003872615011098782,0.0001148590496740456
2.5362,0.002488320407880134,7.662000879566759e-05
2.53885,0.002662978218645948,8.130866540031569e-05
2.54149,0.002681762763596003,8.197767395801206e-05
2.54414,0.003984740843507212,0.0001191163315731835
2.54678,0.003338198598779135,0.0001009257269339337
2.54942,0.002656570962819091,8.126082459768479e-05
2.55207,0.003066017272475029,9.300315444355612e-05
2.55471,0.003933279064927856,0.0001172857102078059
2.55735,0.003808398238068815,0.0001143068840368475
2.56,0.002711269561598225,8.341844590114554e-05
2.56264,0.003455770255271923,0.0001052345048666813
2.56529,0.002757638041065483,8.363182546904356e-05
2.56793,0.002272932228079911,7.029253335862775e-05
2.57057,0.003685953038290792,0.0001102739169497286
2.57322,0.00213144381243063,6.614769371545699e-05
2.57586,0.005468383393451719,0.0001585480669918463
2.5785,0.003042498820754719,9.232257848924669e-05
2.58115,0.003530709281354052,0.0001074109798930404
2.58379,0.003466449014983353,0.0001047548997799492
2.58643,0.001638075957269697,5.127145896354114e-05
2.58908,0.003321009572697004,0.0001004480800624545
2.59172,0.00339009302164262,0.0001024815753806248
2.59437,0.002028275319089902,6.328524130752872e-05
2.59701,0.003476159475582686,0.0001045602783017402
2.59965,0.003596413984461713,0.000108129346711101
2.6023,0.00275558927580466,8.44240754775193e-05
2.60494,0.003963513804106549,0.0001192273637037734
2.60758,0.002057230438401777,6.476051192920631e-05
2.61023,0.00263289685072142,8.107441032524007e-05
2.61287,0.003414057852386237,0.0001036957498203072
2.61552,0.004196747988346284,0.000125864468378308
2.61816,0.003037412389012211,9.263411660181759e-05
2.6208,0.002686416551054386,8.229827552257289e-05
2.62345,0.004279307505549389,0.000127886928607962
2.62609,0.003291782047724751,0.0001003949154747211
2.62873,0.004291233837402888,0.0001283059626801753
2.63138,0.002931286348501665,8.975527559647465e-05
2.63402,0.003535630896226415,0.0001070947337567105
2.63667,0.003926938193673694,0.0001182115012416801
2.63931,0.004000194714206436,0.0001211215891069714
2.64195,0.003078502150388457,9.414812820095943e-05
2.6446,0.004013329703107659,0.0001196385633407619
2.64724,0.002835056187569367,8.670641091970648e-05
2.64988,0.003659689927857935,0.0001113219872687431
2.65253,0.003618073668146507,0.0001101588213325512
2.65517,0.002895395185904551,8.888220770089669e-05
2.65782,0.00302421101553829,9.255476368432763e-05
2.66046,0.003065138249167592,9.391114040662268e-05
2.6631,0.002824288152053274,8.671124979894646e-05
2.66575,0.003294270324639289,9.968729071833715e-05
2.66839,0.003257069783573806,0.0001000561164723386
2.67103,0.003733511861820203,0.0001154016868231463
2.67368,0.003980753190898999,0.0001243425654196857
2.67632,0.003653065205327413,0.0001165957054942918
2.67896,0.003787086501109877,0.0001198055213902594
2.68161,0.002606359045504992,8.635474477125031e-05
2.68425,0.003255027885682574,0.0001074713313767707
2.6869,0.003206876179245283,0.0001056614586703844
2.68954,0.003625002844062152,0.0001190284732446691
2.69218,0.004185279481132073,0.0001362838439571541
2.69483,0.004343604397891235,0.0001434815002540475
2.69747,0.00244933663984462,8.389930954632403e-05
2.70011,0.001579707894006661,5.433547430195957e-05
2.70276,0.003418711639844619,0.0001167657698805753
2.7054,0.002261678898446172,7.825102135075061e-05
2.70805,0.002155285030521641,7.568546770287845e-05
2.71069,0.002933724264705884,0.000100518401847556
2.71333,0.003623643104883463,0.0001243380584048687
2.71598,0.003169513110432852,0.000110900383312425
2.71862,0.004326161279134296,0.0001487721307075145
2.72126,0.002833778856825751,0.0001004142988248096
2.72391,0.004017102178135405,0.0001386191528643024
2.72655,0.002523071587125414,8.821853711764553e-05
2.7292,0.003568706437291899,0.0001206675930748617
2.73184,0.003177850097114317,0.0001067794835898722
2.73448,0.003699163568257492,0.0001224938483101783
2.73713,0.003072854883462818,0.0001012091402088689
2.73977,0.002330467050499445,7.885650594646902e-05
2.74241,0.002593578870699224,8.637166694207306e-05
2.74506,0.003886260474472809,0.0001248524763476239
2.7477,0.002264212957824641,7.554439295476196e-05
2.75035,0.002977199292452832,9.668910057107986e-05
2.75299,0.003645671337402885,0.0001180791250366877
2.75563,0.002439832200332962,7.948556452020287e-05
2.75828,0.002627762347391789,8.539450139196359e-05
2.76092,0.003402072003329631,0.000110337545861696
2.76356,0.003048494034406215,9.818358997569119e-05
2.76621,0.002511101761931187,8.171651346343418e-05
2.76885,0.003853237583240846,0.0001227866217857371
2.77149,0.003280274625416205,0.0001051608378256669
2.77414,0.002779158088235294,9.0075493409278e-05
2.77678,0.002446907880133185,7.916736228649235e-05
2.77943,0.00267713873473918,8.622563233781661e-05
2.78207,0.00292821434517203,9.440564216822103e-05
2.78471,0.004577564234184238,0.0001437016383751759
2.78736,0.002672095796337406,8.64782361067347e-05
2.79,0.002724365635405106,8.724960917702195e-05
2.79264,0.003479000277469475,0.0001106489440555119
2.79529,0.003451494173140956,0.0001096003523438252
2.79793,0.001771783643174251,5.795739643117076e-05
2.80058,0.004151427927302997,0.000128708771862225
2.80322,0.003555404342397334,0.0001130255280578007
2.80586,0.002714199639289677,8.767215875216859e-05
2.80851,0.003680237097669257,0.0001156306329756091
2.81115,0.003931157047724754,0.0001224537945505468
2.81379,0.003628189303551607,0.0001139553268579662
2.81644,0.004413388318534961,0.0001375111166454893
2.81908,0.003261311528856827,0.0001032131069904773
2.82173,0.003005882006104328,9.555542851304272e-05
2.82437,0.003319672724750281,0.0001043709189531408
2.82701,0.002850219339622645,9.045293344137746e-05
2.82966,0.003733063193673699,0.0001174125966846101
2.8323,0.003490427580466146,0.0001089427600495568
2.83494,0.002651452483351835,8.454747360886757e-05
2.83759,0.003495376664816868,0.0001087741734370813
2.84023,0.003124312083795784,9.871541956290919e-05
2.84288,0.003325693118756938,0.0001054677941343923
2.84552,0.002739061806326301,8.605837633801232e-05
2.84816,0.002983105230299669,9.532208943358966e-05
2.85081,0.003274506034961154,0.0001032245133331781
2.85345,0.003501902955049944,0.0001096861189415792
2.85609,0.003410457061598227,0.0001069024365973866
2.85874,0.0025562753190899,8.150899876918891e-05
2.86138,0.002626258393451721,8.426806770122691e-05
2.86402,0.002667670921198665,8.518958803018341e-05
2.86667,0.001907427927302996,6.180785182499132e-05
2.86931,0.001499103288013317,4.887581134038237e-05
2.87196,0.002441333865149835,7.76121958614544e-05
2.8746,0.003694221351276361,0.0001164501938556561
2.87724,0.003595672308546062,0.0001128128060832199
2.87989,0.003610473779134295,0.0001132905878633735
2.88253,0.003866683892896783,0.000120577876794364
2.88517,0.002817617647058822,9.023911463130883e-05
2.88782,0.002895454703107658,9.247979704600997e-05
2.89046,0.003662290371809101,0.0001134238387590182
2.89311,0.003053756728634852,9.724488059836457e-05
2.89575,0.004926174805771366,0.000151040377788477
2.89839,0.002646423279689233,8.372585032655739e-05
2.90104,0.003524260821309659,0.0001109257452219279
2.90368,0.002831192147613762,8.916507230118218e-05
2.90632,0.003208918077136514,0.0001011865064160331
2.90897,0.002904798903995561,9.270972472111524e-05
2.91161,0.002741778995560489,8.727722220727086e-05
2.91426,0.001849833587680355,5.958708586231224e-05
2.9169,0.004126380341287456,0.000128666223083454
2.91954,0.002509117092119869,8.047392470826974e-05
2.92219,0.003146425013873475,9.800711993388712e-05
2.92483,0.003066154619866814,9.684602587499693e-05
2.92747,0.003562180147058823,0.0001111121346447015
2.93012,0.002209342674805769,7.162898406499716e-05
2.93276,0.001666742647058823,5.408471668396445e-05
2.93541,0.002947339969478356,9.247169212805447e-05
2.93805,0.002533983837402887,8.052725154705037e-05
2.94069,0.003895481062708104,0.0001204483832946188
2.94334,0.003970692494450611,0.0001241369265920972
2.94598,0.002698505410654832,8.474314278150355e-05
2.94862,0.004054609461709212,0.0001261534778500945
2.95127,0.003922318743063265,0.0001222803294091529
2.95391,0.002430627635960046,7.752088593601521e-05
2.95655,0.00158328579356271,5.128927574397957e-05
2.9592,0.002669573182574914,8.373251698430422e-05
2.96184,0.003844630480022195,0.0001199457830169078
2.96449,0.002719478357380688,8.731121987882257e-05
2.96713,0.0020577294672586,6.620100169734807e-05
2.96977,0.003787759503329633,0.0001182964812866522
2.97242,0.003364837125416207,0.0001054107277349423
2.97506,0.002493111542730302,8.039856494518281e-05
2.9777,0.003370923903995562,0.0001056928394199022
2.98035,0.001783600097114314,5.758448439967031e-05
2.98299,0.00210288242230855,6.803866481602726e-05
2.98564,0.002825185488346282,8.925958766508498e-05
2.98828,0.003078234322974473,9.728809786060332e-05
2.99092,0.003162423695893452,9.904932889470572e-05
2.99357,0.002409107588790231,7.710254964633169e-05
2.99621,0.003199445685349613,0.0001012391296323165
2.99885,0.002596511237513876,8.272639261578885e-05
3.0015,0.001828430285793565,5.914063818047776e-05
3.00414,0.003396005826859047,0.0001067122675691068
3.00679,0.003490315413429522,0.0001090407985353025
3.00943,0.003443322003329636,0.0001082657135660544
3.01207,0.001768409475582686,5.679613047965677e-05
3.01472,0.004856940274694782,0.0001488547539423601
3.01736,0.004569749167591562,0.000140584214107982
3.02,0.003950939650388456,0.0001224391673221683
3.02265,0.002658976831298556,8.441626464305401e-05
3.02529,0.002298037042175361,7.32600388829097e-05
3.02794,0.002821026151498333,8.956797304493063e-05
3.03058,0.004203020185904552,0.0001291549824597147
3.03322,0.003262016578801331,0.0001027270636390737
3.03587,0.002708801886792451,8.593660296811886e-05
3.03851,0.002969654342397338,9.277466741677596e-05
3.04115,0.002188149972253051,7.002826486230327e-05
3.0438,0.004945623196448394,0.000149824161769454
3.04644,0.001734225998890124,5.563445541418868e-05
3.04908,0.00365144908435072,0.000113932605444488
3.05173,0.003090311736958938,9.683947159040626e-05
3.05437,0.003261632006104328,0.0001021198569073983
3.05702,0.002656348917869036,8.365515895994555e-05
3.05966,0.003531535654827968,0.000108295546320464
3.0623,0.002416421337402887,7.678534564643064e-05
3.06495,0.002453747780244171,7.742048864268652e-05
3.06759,0.0032042848917869,9.976827432602762e-05
3.07023,0.003201595172031075,0.0001000004011752474
3.07288,0.003325992993895672,0.0001036667364709413
3.07552,0.003214455466148723,0.0001008180378591498
3.07817,0.002699991051609321,8.553518351193458e-05
3.08081,0.002529034753052165,7.960855400700646e-05
3.08345,0.002039237930077695,6.508592794507308e-05
3.0861,0.003071401290233077,9.574540292157825e-05
3.08874,0.003005355507769142,9.388179583316223e-05
3.09138,0.002946845518867927,9.236811768521698e-05
3.09403,0.003376614664261931,0.0001049247868741024
3.09667,0.002116557644284128,6.79435277445186e-05
3.09932,0.004180923279689235,0.0001269428518747539
3.10196,0.004542547516648171,0.0001379284051100619
3.1046,0.002327420227524971,7.358291041201899e-05
3.10725,0.002066455604883465,6.578961108609484e-05
3.10989,0.003464322419533851,0.0001078112392156678
3.11253,0.001910756312430635,6.093413232434724e-05
3.11518,0.003238106687014429,0.0001009048213230666
3.11782,0.002674259017758045,8.387580401185123e-05
3.12047,0.003766575957269702,0.0001157651040999377
3.12311,0.001961918215871254,6.282348494083101e-05
3.12575,0.002539825679800223,7.976228987092483e-05
3.1284,0.002500823598779138,7.920498418556308e-05
3.13104,0.002291462680355163,7.272522356784418e-05
3.13368,0.003164875346836848,9.960438951326716e-05
3.13633,0.002336274556048835,7.380375794133766e-05
3.13897,0.002332705812985573,7.363888815747213e-05
3.14161,0.002408475790788012,7.672262180100691e-05
3.14426,0.003440774209211986,0.000107709946413248
3.1469,0.002244393729189791,7.13680794284739e-05
3.14955,0.003796648168701442,0.0001170769935658054
3.15219,0.004060934309100997,0.0001241872466019807
3.15483,0.002705072905105435,8.490568977603451e-05
3.15748,0.002493468645948946,7.879423863973513e-05
3.16012,0.003272491606548277,0.0001019134512712247
3.16276,0.003366396018312985,0.0001050234022904975
3.16541,0.003458702622086571,0.0001078089976263859
3.16805,0.002999133670921202,9.375538920738512e-05
3.1707,0.003148221975582686,9.836884235107567e-05
3.17334,0.003109622780244176,9.658855937216398e-05
3.17598,0.003861299875138735,0.0001191604780618944
3.17863,0.00146783157602664,4.725764959188761e-05
3.18127,0.002813753607103221,8.819681804801527e-05
3.18391,0.003248144492230855,0.0001009485420579737
3.18656,0.001787379439511654,5.70151483621572e-05
3.1892,0.002179307089345172,6.973688693708764e-05
3.19185,0.003276312153163153,0.0001017458356429126
3.19449,0.004250018174250831,0.0001296635481209026
3.19713,0.003113972114317427,9.726307534582372e-05
3.19978,0.002559347322419535,8.02478804198183e-05
3.20242,0.003117476761931188,9.687387866146313e-05
3.20506,0.002506244242508325,7.858604890478167e-05
3.20771,0.002210430008324083,6.968354441075242e-05
3.21035,0.001265887416759157,4.072756517775282e-05
3.213,0.003753482172586015,0.0001149031268529215
3.21564,0.001858692494450612,5.834285492352757e-05
3.21828,0.003006046822974472,9.311070009069876e-05
3.22093,0.003047619589345172,9.437399374750208e-05
3.22357,0.002485353704217536,7.802764496713935e-05
3.22621,0.002829928551609323,8.770375194998897e-05
3.22886,0.004693242785793564,0.0001403324260436426
3.2315,0.003189265954495007,0.000101138896374322
3.23414,0.003013557436182022,9.759787191927343e-05
3.23679,0.004811398168701445,0.0001516860283387785
3.23943,0.001539467397336291,5.21723271479496e-05
3.24208,0.003598854189789125,0.0001189800670780953
3.24472,0.00282431791065483,9.583030146094296e-05
3.24736,0.002035506659267482,6.982742488597504e-05
3.25001,0.002352213720865708,8.14774617830048e-05
3.25265,0.002965103565482796,0.0001028746204813883
3.25529,0.002028552302996671,7.248571255022288e-05
3.25794,0.002109243895671476,7.461926885811874e-05
3.26058,0.002060316176470585,7.347219858262802e-05
3.26323,0.003707841634295227,0.0001283978829842216
3.26587,0.002193829286903439,7.90592072955897e-05
3.26851,0.002664564581021089,9.624447580675341e-05
3.27116,0.001317509433962268,4.867305279255788e-05
3.2738,0.00243862125416204,8.843015945920885e-05
3.27644,0.00251714046892342,9.203090594383956e-05
3.27909,0.003418420921198665,0.0001237176290553827
3.28173,0.003294510682574919,0.0001186456729794301
3.28438,0.003275217952275253,0.000120501123447418
3.28702,0.002748385405105436,9.858096162780475e-05
3.28966,0.003489262416759154,0.0001221406887046282
3.29231,0.002653231132075475,9.293295583883564e-05
3.29495,0.003873864872364043,0.0001314337423080228
3.29759,0.001497539816870145,5.299133540108935e-05
3.30024,0.003254966079356274,0.0001104899892859826
3.30288,0.003342650943396227,0.0001131590193114665
3.30553,0.003419885960044395,0.0001150189249031738
3.30817,0.002989805493895669,0.0001011310699296957
3.31081,0.003711698806881241,0.0001241088277089404
3.31346,0.0027302349472808,9.31088470551092e-05
3.3161,0.002595959558823532,8.799212640928759e-05
3.31874,0.004479880480022199,0.0001472057536605867
3.32139,0.002023733698668148,6.921037025148869e-05
3.32403,0.002739508185349611,9.280186068159751e-05
3.32667,0.002187598293562707,7.407044428959777e-05
3.32932,0.002208900874028857,7.489327861301328e-05
3.33196,0.004049181950610431,0.0001333439851754781
3.33461,0.003116762555493896,0.0001042228260669412
3.33725,0.003570752913429524,0.0001178958440265404
3.33989,0.003022837541620424,0.0001007283669885502
3.34254,0.002370018521087681,7.902881613586915e-05
3.34518,0.001058822488901221,3.660035347306409e-05
3.34782,0.002028284475582686,6.839025783031634e-05
3.35047,0.003933327136514984,0.0001271654403795823
3.35311,0.001014289886237515,3.478067179507496e-05
3.35576,0.002286133601553828,7.665798362625809e-05
3.3584,0.002245362028301891,7.497582278473438e-05
3.36104,0.002727380410654827,9.002620277107864e-05
3.36369,0.002363251872918979,7.928069522667954e-05
3.36633,0.002498312430632631,8.284293178536342e-05
3.36897,0.00227616904827969,7.613419950242897e-05
3.37162,0.002115179592119869,6.994642962856212e-05
3.37426,0.001784760682574917,6.029563051974596e-05
3.37691,0.003073740774139845,0.0001011787857541411
3.37955,0.002639310973917872,8.683851244396626e-05
3.38219,0.002987704078801334,9.753609516886638e-05
3.38484,0.003960311320754714,0.0001270420029722124
3.38748,0.004417060072142067,0.0001408372336532904
3.39012,0.00359993236681465,0.0001173441516199386
3.39277,0.003723961639844615,0.000120086937215267
3.39541,0.003023336570477247,9.846793190908945e-05
3.39806,0.002869180147058821,9.456849585230044e-05
3.4007,0.002481185210876804,8.225938037129498e-05
3.40334,0.003878541551054387,0.0001251610809886899
3.40599,0.003601711015538291,0.0001166220101155434
3.40863,0.003198564372918976,0.0001035520841639499
3.41127,0.002067661972807994,6.884970878427759e-05
3.41392,0.003053081437291899,9.958866468420729e-05
3.41656,0.003874640885127635,0.0001245081704479832
3.41921,0.003698616467813542,0.0001192853684589127
3.42185,0.00319663235294118,0.0001036457492352261
3.42449,0.002742014775249725,9.039039727917514e-05
3.42714,0.002395276706437291,7.851563607580932e-05
3.42978,0.001998253468368478,6.656512901311693e-05
3.43242,0.002316750624306325,7.685576598915357e-05
3.43507,0.002029403856825748,6.76643693243587e-05
3.43771,0.002696921337402883,8.860588448595855e-05
3.44035,0.002133112583240843,7.047104485863174e-05
3.443,0.002720714483906772,8.924104436136637e-05
3.44564,0.002451852386237518,8.088776294546122e-05
3.44829,0.002686192216981134,8.718199326580231e-05
3.45093,0.002267484114872365,7.464743091325669e-05
3.45357,0.001768977178135404,5.874483501802776e-05
3.45622,0.002381200887902332,7.818275200136398e-05
3.45886,0.002860657741398448,9.351734587644214e-05
3.4615,0.002364371254162041,7.691944094848324e-05
3.46415,0.002607746254162044,8.485625179785092e-05
3.46679,0.003453922932852383,0.0001106737911087389
3.46944,0.002539706645394004,8.303359927264494e-05
3.47208,0.004004088512763597,0.0001269822207806975
3.47472,0.003669295088790232,0.0001170652633852605
3.47737,0.00336474327136515,0.0001074174080049474
3.48001,0.003433650457824641,0.0001090159659948499
3.48265,0.0007343736126526112,2.460829582392114e-05
3.4853,0.002769509433962264,8.922272941904888e-05
3.48794,0.002777260405105439,9.008430856055017e-05
3.49059,0.002730122780244173,8.857234452887704e-05
3.49323,0.002385703593229746,7.685295482200925e-05
3.49587,0.001480398862375137,4.843586602385788e-05
3.49852,0.001303239039955603,4.341602805860787e-05
3.50116,0.002097688401775807,6.87735447508363e-05
3.5038,0.0008016326304106569,2.691239753583599e-05
3.50645,0.002462631867369586,7.974145357234633e-05
3.50909,0.003815677649833518,0.0001204148154763044
3.51174,0.003250646503884575,0.000103442445673843
3.51438,0.003874544741953385,0.0001228818070369247
3.51702,0.002709761029411763,8.699540008549197e-05
3.51967,0.002258645810210876,7.378572145654251e-05
3.52231,0.003570027261376248,0.0001130784710899307
3.52495,0.002622305077691457,8.529531568135256e-05
3.5276,0.003107335946170924,9.888963812727268e-05
3.53024,0.003655821309655936,0.0001151964133138657
3.53288,0.004273046753607101,0.0001334724138987148
3.53553,0.002529016440066594,8.212084076775856e-05
3.53817,0.001857161071032188,6.113024040153161e-05
3.54082,0.003127306256936736,9.957405047408801e-05
3.54346,0.003499620699223086,0.0001109881663562202
3.5461,0.002902800499445063,9.40290809381927e-05
3.54875,0.002002939303551609,6.549357477100717e-05
3.55139,0.00284987139289678,9.137441080630551e-05
3.55403,0.002972078523862375,9.547397940751016e-05
3.55668,0.002433923973362929,7.840215059230685e-05
3.55932,0.003256650874028858,0.0001040109646337793
3.56197,0.003641102247502776,0.0001149037388001197
3.56461,0.002301280729744727,7.444017437732252e-05
3.56725,0.003225136514983354,0.0001030957862036067
3.5699,0.00291443382352941,9.387213743199326e-05
3.57254,0.0005859583102108776,1.955227786659094e-05
3.57518,0.003410917175360711,0.0001079286296606539
3.57783,0.003158548210321862,0.000101018075489123
3.58047,0.0009452384850166512,3.161906467674023e-05
3.58312,0.002644669811320754,8.530173941143482e-05
3.58576,0.002698406978357381,8.659057587196795e-05
3.5884,0.00187811112652608,6.151746063524517e-05
3.59105,0.002241829911209767,7.280638119281399e-05
3.59369,0.002263539955604881,7.35143155826078e-05
3.59633,0.002757615149833518,8.823438055779466e-05
3.59898,0.003010496878468367,9.594665975063061e-05
3.60162,0.002126055216426192,6.957703541556393e-05
3.60427,0.003240288221420647,0.0001036836723779131
3.60691,0.002342812291897891,7.571784114806522e-05
3.60955,0.002505857380688125,8.090749949023324e-05
3.6122,0.002083949084350719,6.807122234378599e-05
3.61484,0.003545915926748058,0.0001130703781345106
3.61748,0.00190157463928968,6.189736885532921e-05
3.62013,0.003524354675360711,0.0001113597959594769
3.62277,0.002201012555493896,7.158985392149072e-05
3.62541,0.002573150735294116,8.273778724663351e-05
3.62806,0.002364629925083238,7.705176966666186e-05
3.6307,0.002500702275249722,8.082925941649144e-05
3.63335,0.00276339518590455,8.930916630481219e-05
3.63599,0.00347295470310766,0.0001102162214933856
3.63863,0.004167699014983353,0.000130375234609011
3.64128,0.002705571933962267,8.712078829219102e-05
3.64392,0.002238224542175364,7.272393962216576e-05
3.64656,0.001288034683684798,4.259177867275637e-05
3.64921,0.001607024001109877,5.322056726188663e-05
3.65185,0.002546812083795783,8.230239890073596e-05
3.6545,0.003562255688124305,0.0001124435809655355
3.65714,0.002599425291342953,8.371368239816105e-05
3.65978,0.002729607727524971,8.790839473338058e-05
3.66243,0.003386995837957823,0.0001075479877588891
3.66507,0.003211594062153162,0.0001022783653469646
3.66771,0.002820444714206438,9.049857272780286e-05
3.67036,0.001530791620421754,5.025021772870125e-05
3.673,0.003261483213096558,0.0001035547190861045
3.67565,0.00323783428135405,0.0001024011826072562
3.67829,0.002478399347946725,7.962699223510179e-05
3.68093,0.002856789123196449,9.186372292456599e-05
3.68358,0.003424576373473919,0.0001073678242783549
3.68622,0.003519943534961152,0.000111444213705434
3.68886,0.003514996739733631,0.0001099720357272542
3.69151,0.002135909891786907,6.910825414285557e-05
3.69415,0.001424457269700331,4.649569368663469e-05
3.6968,0.002620267758046615,8.304743158609956e-05
3.69944,0.002656827344617091,8.523846681608501e-05
3.70208,0.001852321864594893,5.970162158273477e-05
3.70473,0.00294587493063263,9.335398295677808e-05
3.70737,0.002692537666481687,8.492732074212532e-05
3.71001,0.002410895394006659,7.649965619624104e-05
3.71266,0.00352861015538291,0.0001099848418725558
3.7153,0.003019735779689237,9.594278931486267e-05
3.71794,0.002215772821864596,7.111752018832392e-05
3.72059,0.003535793423973362,0.0001106304090425649
3.72323,0.001680431603773583,5.433394517307346e-05
3.72588,0.001974352733074363,6.379653636192912e-05
3.72852,0.002943993271365149,9.283402376299029e-05
3.73116,0.002152572419533855,6.867769079525469e-05
3.73381,0.002278629855715874,7.316224769778495e-05
3.73645,0.003303909822419532,0.0001029936160690446
3.73909,0.003205553066037737,0.0001012867489713841
3.74174,0.002605805077691455,8.224641403465443e-05
3.74438,0.00335790566037736,0.0001050903780352624
3.74703,0.003159028926193119,9.999352898434601e-05
3.74967,0.00174592570754717,5.679051156487025e-05
3.75231,0.002128724334073253,6.755918628196755e-05
3.75496,0.00295845824084351,9.331292033251762e-05
3.7576,0.001651829009433963,5.326231734061018e-05
3.76024,0.002460361057158709,7.863340877099083e-05
3.76289,0.001695333795782463,5.472026536140194e-05
3.76553,0.002356128121531629,7.53250103048531e-05
3.76818,0.003745401567702554,0.0001164710901068553
3.77082,0.002652658851276362,8.372552908944336e-05
3.77346,0.00180247620699223,5.827738722504999e-05
3.77611,0.002597880133185348,8.252857563754015e-05
3.77875,0.002216457269700332,7.086543475548428e-05
3.78139,0.002661153787458377,8.460083740414019e-05
3.78404,0.00269180056881243,8.539032442452748e-05
3.78668,0.003385420921198671,0.0001056520663077997
3.78933,0.003022414053829078,9.500619125451717e-05
3.79197,0.001491235571587124,5.011739722348017e-05
3.79461,0.002982152955049944,9.872236159860479e-05
3.79726,0.002149720172031074,7.272716191766399e-05
3.7999,0.00296753003607103,0.0001007851507211469
3.80254,0.002713045921198665,9.324904058277477e-05
3.80519,0.002386090455049946,8.350923653042403e-05
3.80783,0.00210866703662597,7.45982041894665e-05
3.81047,0.003298001595449502,0.0001153156708129458
3.81312,0.003391679384017758,0.0001208471095049216
3.81576,0.001776510682574918,6.50137109423266e-05
3.81841,0.001332008740288569,4.91724903363063e-05
3.82105,0.002222283088235297,8.223001469091532e-05
3.82369,0.002781712749722531,0.0001014394345611639
3.82634,0.001747848571032187,6.543252854439814e-05
3.82898,0.00153653731964484,5.817139533468922e-05
3.83162,0.002726556326304108,0.0001014300047791664
3.83427,0.0009662869728079892,3.75714198822596e-05
3.83691,0.003617130549389569,0.000134889231655593
3.83956,0.001888190135960043,7.293773274525993e-05
3.8422,0.001902348362930079,7.382071525886895e-05
3.84484,0.001178864109322976,4.667057833519046e-05
3.84749,0.002730891925638182,0.0001021908540038785
3.85013,0.001131715038845729,4.269522806975778e-05
3.85277,0.002495851623196451,8.988454452111993e-05
3.85542,0.003737824569922311,0.0001319647314181042
3.85806,0.001729560765815761,6.287564586805585e-05
3.86071,0.001523546545504993,5.523199447005568e-05
3.86335,0.002181477178135406,7.743354824097678e-05
3.86599,0.003200278926193119,0.0001106200093418838
3.86864,0.002838920227524972,9.845893364744602e-05
3.87128,0.002737148099334075,9.567710367511432e-05
3.87392,0.001603036348501664,5.690092481026045e-05
3.87657,0.003505432783018866,0.0001198761680649515
3.87921,0.0005095359322974477,1.852065609767514e-05
3.88186,0.002207884503329635,7.724417138156726e-05
3.8845,0.00403242556881243,0.0001362240033530461
3.88714,0.003062611057158715,0.0001043040407072751
3.88979,0.002628474264705884,9.115310351698172e-05
3.89243,0.002020423626526079,7.05864823941803e-05
3.89507,0.002117578593229744,7.28035841660316e-05
3.89772,0.00267298855438402,9.074979148723057e-05
3.90036,0.003014031284683683,0.0001012397073284808
3.903,0.001158690066592676,4.034450998111066e-05
3.90565,0.003842664123196449,0.000126779106837241
3.90829,0.00221112132352941,7.502956330430864e-05
3.91094,0.003471040996115427,0.0001154217528104248
3.91358,0.003333734808546059,0.0001104142870533029
3.91622,0.002673684447835736,8.915207059969401e-05
3.91887,0.002114279966703664,7.205031780861551e-05
3.92151,0.002749848154827969,9.145235441669951e-05
3.92415,0.001626992022752497,5.532985256205887e-05
3.9268,0.002589263873473918,8.669983794953946e-05
3.92944,0.001790602524972253,6.034014998081962e-05
3.93209,0.002568480923973364,8.544038890650103e-05
3.93473,0.001659582269700335,5.571767516311308e-05
3.93737,0.002062474819644838,6.887435580811032e-05
3.94002,0.001496985849056604,5.069782437781872e-05
3.94266,0.002871798903995563,9.469072779822074e-05
3.9453,0.001984044880688126,6.650742824223981e-05
3.94795,0.001672783643174252,5.630539950241661e-05
3.95059,0.003520795088790233,0.0001147635882197144
3.95324,0.002578017411209766,8.578574687352763e-05
3.95588,0.002959614248057714,9.741304736363875e-05
3.95852,0.003092726761931187,0.0001016771056667133
3.96117,0.002789804800221975,9.241984802538785e-05
3.96381,0.003323607727524974,0.0001082709146019584
3.96645,0.00293234621254162,9.612248972865727e-05
3.9691,0.003505780729744726,0.0001138283755174319
3.97174,0.003033095102663709,0.0001000179519355617
3.97439,0.001263705882352939,4.324311543639602e-05
3.97703,0.003071371531631521,9.96784742581687e-05
3.97967,0.001496978981687013,5.051354334761309e-05
3.98232,0.002789623959489456,9.148551723083261e-05
3.98496,0.00266866897891232,8.801246846143309e-05
3.9876,0.002829770602108769,9.285040220387381e-05
3.99025,0.002481494242508325,8.205004245089259e-05
3.99289,0.002733020810210875,9.065993180663194e-05
