0.0431807,121.7721039331299,0.8315696490673605
0.0458244,105.641974736404,0.7473882209546689
0.0484682,91.79477001942288,0.6832005407849876
0.0511119,80.72631913152054,0.6715955410697027
0.0537556,71.28544239039955,0.5895452670961321
0.0563993,62.89061002358491,0.5751666764438679
0.059043,55.5016498418424,0.4994144648835184
0.0616867,49.77052562638735,0.4914148356465973
0.0643304,44.74566099680911,0.455794338435428
0.0669742,40.41338187569368,0.4118739030827232
0.0696179,36.42690928759711,0.3999025504183858
0.0722616,32.90648045851832,0.3550505703232533
0.07490529999999999,30.02992168909545,0.3386039634439766
0.07754900000000001,27.22128321933962,0.3181156714109026
0.08019270000000001,24.986618881798,0.2924226755383174
0.08283649999999999,22.84146660932298,0.2831401753087627
0.08548020000000001,20.96885244589345,0.2574678868950953
0.08812390000000001,19.11743148862375,0.2560775497132893
0.0907676,17.53022369450611,0.241289740075887
0.0934113,16.24398439303551,0.2280964332897823
0.096055,15.04455953940067,0.2231346786821227
0.0986987,13.92176791481687,0.2052153160105057
0.101342,12.85676007769146,0.1971949657386495
0.103986,11.96549692008879,0.1793689669822879
0.10663,10.98053095380133,0.1718503625289783
0.109274,10.24710284059378,0.1652370003464656
0.111917,9.504138720865706,0.1520332600547318
0.114561,8.861768174250832,0.143071639389647
0.117205,8.285270329495006,0.13546184232689
0.119848,7.709916748751388,0.1275885115047578
0.122492,7.181434316037736,0.1174595295780362
0.125136,6.688887248890122,0.1124523653944463
0.12778,6.335789057297448,0.1067009270997379
0.130423,5.920289344478358,0.1012826769770999
0.133067,5.501727792036626,0.0957893298429509
0.135711,5.168528879716981,0.087447139753381
0.138354,4.867553931742509,0.08440426163228375
0.140998,4.589898487791342,0.07952083264736719
0.143642,4.285565762347392,0.07472824360732327
0.146286,4.029411869450611,0.06960796377759605
0.148929,3.754807666481688,0.06466062891948358
0.151573,3.55830656145949,0.06337347261175424
0.154217,3.379597483351831,0.05902297429818824
0.15686,3.212954327830189,0.05681529884943863
0.159504,3.031523482241953,0.05337280985213513
0.162148,2.83655625,0.05005718056295774
0.164792,2.687432349472808,0.04874343929417063
0.167435,2.564335047169811,0.04533122562449156
0.170079,2.40655109600444,0.04313349185866173
0.172723,2.250937966148724,0.04016399297129661
0.175366,2.160445790094339,0.03898575865306832
0.17801,2.057466355438402,0.03699641682331322
0.180654,1.947549343784684,0.03488607720499678
0.183298,1.815866456021088,0.03305205888725541
0.185941,1.759387148307436,0.03174673010448913
0.188585,1.645169171753607,0.02982969053440789
0.191229,1.588014000416204,0.02906596936487298
0.193872,1.496574562291898,0.02717208759784616
0.196516,1.431415609045505,0.0263140768161096
0.19916,1.375237046337403,0.0251866123867557
0.201804,1.326208628607103,0.02490975327548771
0.204447,1.244317214900111,0.02305947276355955
0.207091,1.188655971143174,0.02187624531217143
0.209735,1.115488589067703,0.02073586469852197
0.212378,1.081133290788013,0.02011873190964515
0.215022,1.031726778579356,0.01922924934818179
0.217666,0.986174096836848,0.01859154209073958
0.22031,0.9452922794117647,0.01807614829940474
0.222953,0.8989427081021087,0.0170634768022283
0.225597,0.8685429231409546,0.0162621181927471
0.228241,0.8430893611265261,0.01608798385250066
0.230885,0.798366097391787,0.01526627893346562
0.233528,0.7806551970033296,0.01503751609959602
0.236172,0.7444305320477247,0.01441906845938892
0.238816,0.7078722731687015,0.01368575202860729
0.241459,0.6833677358490566,0.01325234110554302
0.244103,0.6481209156492787,0.01242712162204104
0.246747,0.6410844714206436,0.01248577504168141
0.249391,0.6133293104883464,0.01204361861220344
0.252034,0.5879446739733629,0.01166537211612247
0.254678,0.5707981798002221,0.01124144047387464
0.257322,0.5392004508879024,0.01068254563219119
0.259965,0.535504341009989,0.01060294900695375
0.262609,0.499829523446171,0.009984207816462523
0.265253,0.4969688290788014,0.01006327610016115
0.267897,0.460724477663707,0.009319717829141181
0.27054,0.4625712735849057,0.009315649778185968
0.273184,0.4549669665649279,0.009079697222194719
0.275828,0.4228514608768035,0.008550542787198419
0.278471,0.4262810481409545,0.008713305922981422
0.281115,0.4043471732796893,0.008336216664472257
0.283759,0.3924729189789123,0.008138461269837619
0.286403,0.3798717993895672,0.007763114568887015
0.289046,0.3649602448668147,0.007578105085982631
0.29169,0.3465917709489457,0.00725459495037263
0.294334,0.3418582304384018,0.007217549678936464
0.296977,0.3333378620976693,0.007057086373961613
0.299621,0.3265512756659268,0.006866509625800231
0.302265,0.3224165240011098,0.006786409504817716
0.304909,0.3098712132352941,0.00656291712531222
0.307552,0.2949571406770255,0.006355823337569131
0.310196,0.2890977407047725,0.006212427259236401
0.31284,0.2786511896503885,0.006006953453716581
0.315483,0.2797015767203108,0.006014877227526763
0.318127,0.2774064262624862,0.005950727151476629
0.320771,0.2647444365982242,0.005714983119318383
0.323415,0.2521233650110988,0.005524550409137786
0.326058,0.2478642223917869,0.005413461096067061
0.328702,0.2495789816870145,0.00549731919995804
0.331346,0.2355912280105439,0.005216702339772247
0.333989,0.2282003290788014,0.005055627476289437
0.336633,0.2225356693951165,0.004913404021579867
0.339277,0.2146776359600444,0.004776268032678539
0.341921,0.206587760127636,0.004703986633164697
0.344564,0.2095525020116537,0.004707327258146866
0.347208,0.1974661535793563,0.004511738070703917
0.349852,0.1986128440621532,0.004493294942741317
0.352495,0.1912565887208657,0.004370791341225191
0.355139,0.1912079883462819,0.004357385408743438
0.357783,0.1770409963235294,0.004132437324528633
0.360427,0.1904442521503885,0.004329536615196143
0.36307,0.1828705209489457,0.004162604500705049
0.365714,0.1755384707963374,0.004058659096433632
0.368358,0.1735920384988901,0.003972985400832907
0.371001,0.1714212240566038,0.00395849857309134
0.373645,0.1645477150388457,0.003851527824629983
0.376289,0.1581970646503885,0.003711941235002452
0.378933,0.1547136349195338,0.00366743156650497
0.381576,0.1561779023307436,0.003623759882557173
0.38422,0.151521166481687,0.003577938518687701
0.386864,0.1556632616537181,0.003618651917236224
0.389507,0.1519340373196448,0.003572972170618656
0.392151,0.1459558867924528,0.003494026031030425
0.394795,0.1388926644006659,0.003314501831215312
0.397439,0.1396971607241954,0.003334530684639308
0.400082,0.1399780521642619,0.003311687956225976
0.402726,0.135556542036626,0.003251740492013159
0.40537,0.1313805129023307,0.003175947667406127
0.408013,0.1277956589900111,0.003072614931588319
0.410657,0.1294606527469478,0.003134277377795554
0.413301,0.1205190330882353,0.002953221358506707
0.415945,0.121670475790788,0.002987903768218637
0.418588,0.1258031626664817,0.003058839454960999
0.421232,0.1216127578385128,0.002973607372828275
0.423876,0.1145427069922309,0.002895945764535764
0.426519,0.1147240055493896,0.002911854899074878
0.429163,0.1128346777192009,0.002958260309683007
0.431807,0.107494540163707,0.002915977242896817
0.434451,0.110711889081576,0.00302303164041525
0.437094,0.1060737638041066,0.003005452019302249
0.439738,0.1040459989594894,0.002972776551122765
0.442382,0.101350224472808,0.002975641522495962
0.445025,0.10185500131798,0.002983287341020146
0.447669,0.1129026990149834,0.003222693156132861
0.450313,0.1034424601831299,0.003081760643286841
0.452957,0.09791717834350722,0.002928910894434605
0.4556,0.1007433389983352,0.002970460957198758
0.458244,0.09948414955604884,0.002899236066932023
0.460888,0.09845517723362932,0.002894697793853926
0.463531,0.09689399750277469,0.00289463924337034
0.466175,0.08718182921753607,0.00265954907412899
0.468819,0.09143553974750278,0.002805750736632428
0.471463,0.09044862090732519,0.002711944875705673
0.474106,0.0840084520671476,0.002634804626125613
0.47675,0.08878674722530522,0.002731304929570314
0.479394,0.08752383566870145,0.002714569521114676
0.482037,0.07984629273029968,0.002580662183986937
0.484681,0.08132536619034406,0.002484108687983468
0.487325,0.08485527198945615,0.002556923984757882
0.489969,0.08427607803829078,0.002482967197151956
0.492612,0.09084785314927858,0.002612155770475012
0.495256,0.07872353045227526,0.002325603770818454
0.4979,0.08264410488346283,0.002376591662220773
0.500543,0.08136292154550499,0.002334755262636029
0.5031870000000001,0.08018620005549391,0.002292244624410486
0.505831,0.07830720303829079,0.00225697339661013
0.508475,0.07921284198113208,0.002263579437469128
0.511118,0.07653225811598224,0.002178528246516329
0.5137620000000001,0.07534608483629303,0.002157399645339376
0.516406,0.07862198723640401,0.002198733955545147
0.519049,0.07483493507214206,0.002135842514003832
0.521693,0.06948097579078802,0.002000808526178426
0.5243370000000001,0.0709182223917869,0.002028537323115358
0.526981,0.07585897204495007,0.002126322731682782
0.529624,0.07168194256381798,0.002016500262363885
0.532268,0.07396023591842397,0.002067087647163944
0.5349120000000001,0.07022212062985572,0.001974159197075337
0.537555,0.06837142633185349,0.001936594611425807
0.540199,0.07154470047169811,0.002004965493331265
0.542843,0.06438365240011099,0.001853869257694892
0.5454870000000001,0.06729749562985572,0.001904600076465382
0.54813,0.06910403045227526,0.001899351635507642
0.550774,0.06922914019145394,0.001925027191622746
0.553418,0.06446109114872364,0.001815092090109713
0.556061,0.06425681895116538,0.001811654251145772
0.558705,0.06613306215316314,0.001857902658927894
0.561349,0.06235005486958935,0.001741031077722684
0.563993,0.06238442605438402,0.001756988383323824
0.566636,0.06737454522752497,0.001838523559067562
0.56928,0.06627223855438404,0.001829372421459037
0.571924,0.05910951026637071,0.001681303197279791
0.574567,0.05912689157880134,0.001674990711621899
0.577211,0.0629872025527192,0.001744703288586189
0.579855,0.06297665885127636,0.001724578714052599
0.582499,0.06505741003052164,0.001779545037608022
0.5851420000000001,0.05734876248612651,0.001617337619172763
0.587786,0.06119461306881244,0.001707239469317532
0.59043,0.05749887860710323,0.001621409068920342
0.593073,0.05305774153718092,0.001508450425314379
0.5957170000000001,0.05390478350443952,0.001531190962826333
0.598361,0.058079487236404,0.001616315740062893
0.601005,0.06084376373473919,0.00165628320869385
0.603648,0.05864136854883463,0.001606845346250726
0.6062920000000001,0.05842888068812432,0.001599474080714263
0.608936,0.05539037638734739,0.001539185011574291
0.611579,0.0548601170227525,0.001514720873850593
0.614223,0.05468194540788014,0.001510692741059887
0.6168670000000001,0.05510099458934518,0.001516171612380982
0.619511,0.0572836827136515,0.001547184465674447
0.622154,0.05354150194228637,0.001480103983201992
0.624798,0.05456183282463929,0.001487909056111954
0.6274420000000001,0.05399833768035517,0.001469246963868135
0.630085,0.05454216925638181,0.001489234870559529
0.632729,0.05651689740566037,0.001515412140328103
0.635373,0.05460908490566038,0.001477715553004275
0.6380169999999999,0.05255520345449501,0.001427292524740879
0.64066,0.05162007144839068,0.001418656848284107
0.643304,0.05313141696725861,0.001447480205423241
0.645948,0.05213830604883463,0.001420644897657986
0.6485919999999999,0.04696594748890121,0.001315888875468687
0.651235,0.05143545366259712,0.001413597352438454
0.653879,0.05311208761098779,0.001440896385519355
0.656523,0.05033365288568258,0.001379445078256588
0.659166,0.04984109995837958,0.0013714263699263
0.66181,0.04985238304661488,0.001352694079445858
0.664454,0.04980371628745838,0.00136626348357077
0.667098,0.05400855174805771,0.001450239805940426
0.669741,0.05329044464483907,0.001433439252659005
0.672385,0.04870986105715871,0.001336378105330332
0.675029,0.04909641613485017,0.001334973927415134
0.6776720000000001,0.04560758636237514,0.001262994168738662
0.680316,0.04860534427025529,0.001325208454332685
0.68296,0.05137602115704774,0.001364973251852948
0.685604,0.04777557144839068,0.00130809027307572
0.6882470000000001,0.04525145373196449,0.00124889239253145
0.690891,0.04828986188956715,0.001310003967971056
0.693535,0.04868219013596006,0.001309280106007563
0.696178,0.04714892168423974,0.001280315692671428
0.6988220000000001,0.04657590149833519,0.001273424639962308
0.701466,0.04821579730854606,0.001292903356936793
0.70411,0.04597291897891233,0.001257788696328754
0.706753,0.04425548369866814,0.001208299816705489
0.7093970000000001,0.04373735210876804,0.001203471740545006
0.712041,0.04626101657880134,0.001253133490751538
0.714684,0.04735192570754717,0.00126566217451783
0.717328,0.04409613783296337,0.001202420778676519
0.7199719999999999,0.04748413630688124,0.001266846669427019
0.722616,0.04685914844617092,0.001247543640569216
0.725259,0.04715278114594895,0.001255664860666148
0.727903,0.04391350242785794,0.00117767718530582
0.7305469999999999,0.04279344818257492,0.001172789366985366
0.73319,0.0432089240427303,0.00117572641707377
0.735834,0.04549320345449501,0.001209425385470033
0.738478,0.04338047551331854,0.001164472477751053
0.7411219999999999,0.04364446864594894,0.001172567429264966
0.743765,0.04593161403995562,0.001222384797456013
0.746409,0.04406349951442841,0.001165903220673362
0.749053,0.04407551970033297,0.001178806672604654
0.751696,0.04357708143729189,0.001156666620069301
0.75434,0.04229148695893453,0.001142413073608719
0.756984,0.04497834302164262,0.001175350711126903
0.759628,0.04347055251109878,0.001154872463479912
0.762271,0.04207450326026638,0.001124955723401006
0.764915,0.0434142698390677,0.001143188544548061
0.767559,0.04518719804384019,0.001190669679394119
0.7702020000000001,0.04507555750554938,0.001171005356335852
0.772846,0.04510332228079911,0.001168943696368004
0.77549,0.04330906402608213,0.0011446634259206
0.778134,0.04364310890677025,0.001136165703208276
0.7807770000000001,0.0424744817563818,0.001123370283166012
0.783421,0.04206313318534962,0.001107756125616592
0.786065,0.04299593944228636,0.001126439808070354
0.788708,0.04233865663152054,0.001114583205825731
0.7913520000000001,0.04377411771642619,0.001129746708566776
0.793996,0.04339280015260821,0.001128993399550668
0.79664,0.04259493999722531,0.001107018221941293
0.799283,0.04214178516925638,0.001098030254678172
0.8019269999999999,0.04279766474750278,0.001109428602576869
0.804571,0.04271738519700333,0.001101582591100128
0.807214,0.04392339830743618,0.001128822665827321
0.809858,0.04334558011931188,0.001105189568471419
0.8125019999999999,0.04169206173695894,0.001091033531778924
0.815146,0.04038422842674805,0.001050907335657331
0.817789,0.04334920609045504,0.001107774414748726
0.820433,0.04409449195338513,0.001125793876361983
0.8230769999999999,0.04232792980022197,0.001082620761987579
0.82572,0.04209373189511654,0.001085574744966623
0.828364,0.04171187867647059,0.00106939091002673
0.831008,0.04241041148723641,0.001087409499178815
0.8336519999999999,0.04130101082130966,0.001054168993557562
0.836295,0.04268335509156493,0.001083653983455812
0.838939,0.04153903614039955,0.00106586898446841
0.841583,0.04120175443951165,0.001043904069593011
0.844226,0.0406534201581576,0.001052448320661971
0.84687,0.04050690253884574,0.001036360278247826
0.849514,0.03893634655937847,0.001006999646821378
0.852158,0.0439890022891232,0.001102417963300616
0.854801,0.0408045595172031,0.001023556498120354
0.857445,0.03990703322697003,0.001021565077123179
0.860089,0.03980039900110988,0.001009440818106308
0.8627320000000001,0.04190721642619312,0.001048937031069022
0.865376,0.04040825277469479,0.001057162877488692
0.86802,0.03943423772197559,0.001032303095662975
0.870664,0.04077222336293008,0.001073145059504096
0.8733070000000001,0.03666620477247503,0.0009794430103012698
0.875951,0.04068633317147614,0.00107538904651499
0.878595,0.04084630625693674,0.001077913366619789
0.881238,0.03990316003052165,0.001055142941729736
0.8838819999999999,0.04053156326304107,0.001083956085083968
0.886526,0.03901216231964484,0.001030994716400953
0.88917,0.03874740233074361,0.001037517707302558
0.891813,0.04011509621254162,0.0010647370144617
0.8944569999999999,0.03796316245837958,0.00100109160247309
0.897101,0.03924365219200888,0.001015799076708755
0.899744,0.03995911993618202,0.001024528724679852
0.902388,0.03998836119589346,0.0010210536417541
0.9050319999999999,0.0398644463790233,0.001005564374593591
0.907676,0.03844325339900111,0.0009813448392661525
0.910319,0.04111064275804661,0.001032647491824007
0.912963,0.04061691779966703,0.001021034251718981
0.9156069999999999,0.04013319402053274,0.001012354737830933
0.91825,0.03961837937014429,0.0009871846307669828
0.920894,0.04122866079356271,0.001026878423393691
0.923538,0.03670561202830189,0.0009402968202143644
0.9261819999999999,0.03971750298279689,0.0009870792055992404
0.928825,0.03799499729467259,0.0009672321444629308
0.931469,0.0391772538845727,0.0009772197661818761
0.934113,0.03987301227802442,0.0009990377296607909
0.936756,0.03762654002497225,0.0009405752896270947
0.9394,0.0390069019145394,0.000969051802426089
0.942044,0.03832973577968923,0.0009509051138727984
0.944688,0.03897645428690345,0.0009660675426834438
0.947331,0.03530959482519423,0.0009010044149109897
0.949975,0.04041137971698114,0.0009844220333561397
0.952619,0.03962310183129857,0.0009733458785385488
0.9552619999999999,0.03869698668146504,0.0009560778626792452
0.957906,0.04084696552441731,0.0009923140826420148
0.96055,0.03933781985294118,0.0009706006041283879
0.963194,0.03679732803829079,0.0009034650845225624
0.9658369999999999,0.03868240954495007,0.0009529557705589144
0.968481,0.03869332408435073,0.0009455857626763192
0.971125,0.03811543722253052,0.0009301690475672357
0.973768,0.04017224188401775,0.0009643101244447575
0.9764119999999999,0.03792897440344062,0.0009183911607308482
0.979056,0.03778073536348502,0.0009238591351270494
0.9817,0.04052824632352942,0.0009660013399646434
0.984343,0.03973376949223086,0.0009466610459137563
0.9869869999999999,0.03822191578801332,0.0009171130526798187
0.989631,0.03877653371254162,0.000939437349347621
0.992274,0.03959672655382907,0.0009783268292309414
0.994918,0.03900697745560489,0.0009656950278629039
0.9975619999999999,0.03989493521087681,0.0009916052959597292
1.00021,0.03795777844062154,0.000964275192655157
1.00285,0.03776752941176471,0.000957273395489475
1.00549,0.0381973145810211,0.000984828018452858
1.00814,0.03728206589900111,0.0009604225054572127
1.01078,0.03865401526082132,0.0009918088575607516
1.01342,0.03639223106270811,0.0009545503763571053
1.01607,0.03781216273584907,0.0009915592040991817
1.01871,0.03999697745560488,0.001025319962505853
1.02136,0.0382486115427303,0.0009979249719756138
1.024,0.03786577857935627,0.0009995494085417926
1.02664,0.03951255320477248,0.001031957770963112
1.02929,0.03705364116259711,0.0009892932916357193
1.03193,0.03826247676193119,0.001009419199161385
1.03457,0.03706326463651499,0.0009847875495291902
1.03722,0.03490989102386238,0.0009538775932803395
1.03986,0.03737789317425083,0.0009930462105240856
1.04251,0.0352831234045505,0.0009601123121554643
1.04515,0.03900667758046615,0.001014459010610064
1.04779,0.03793435842119867,0.0009852596700006058
1.05044,0.03731648515538291,0.000964102201403708
1.05308,0.03882357977247503,0.000975200536563656
1.05572,0.0369562000554939,0.0009470801994822324
1.05837,0.03589924091287459,0.000911379543305015
1.06101,0.03666321059933407,0.000934798437005414
1.06365,0.03585645948945616,0.0009060639618552954
1.0663,0.03636803960876804,0.0009157093355547758
1.06894,0.03638463575194229,0.0009147032548693913
1.07159,0.03533868729189789,0.0008825241137751177
1.07423,0.03670759898723641,0.0009160793992612726
1.07687,0.03725304210599334,0.0009144061213382243
1.07952,0.03580191884017758,0.0008937809928183137
1.08216,0.03554631992230856,0.0008833510470950681
1.0848,0.03618402386237514,0.0008788886037319199
1.08745,0.03893885086015539,0.0009354833594622929
1.09009,0.03618923619589346,0.0008815333651177377
1.09274,0.03882070692286348,0.0009321035182390301
1.09538,0.03428327559655938,0.0008483089801788569
1.09802,0.03578141287458379,0.0008673245772163328
1.10067,0.03503928600166482,0.0008596182301235873
1.10331,0.03659140309378468,0.0008758856417192863
1.10595,0.03489736036348502,0.0008506337408666053
1.1086,0.03501640163706992,0.0008494350147445662
1.11124,0.03549670317702552,0.0008580282579084442
1.11389,0.03523609794672586,0.0008559418506289021
1.11653,0.03633400263596005,0.0008581947362286301
1.11917,0.03313907339067702,0.0008146110228634267
1.12182,0.03572656548279689,0.0008529869695902167
1.12446,0.03435364324361821,0.0008339801457260232
1.1271,0.03663110564650389,0.0008670546333727982
1.12975,0.03490382713651499,0.0008327660708444331
1.13239,0.03421380757491677,0.0008246491418916166
1.13504,0.03516259191176471,0.000837471071936065
1.13768,0.03608731985294118,0.0008537318875108709
1.14032,0.03595658802719201,0.0008531233928586777
1.14297,0.0336790180355161,0.0008120857648133946
1.14561,0.03486620997502775,0.0008391561976639821
1.14825,0.03410039296614872,0.0008097937134118842
1.1509,0.0317456818118757,0.0007726344925795687
1.15354,0.03157774486681465,0.0007688744054216208
1.15618,0.03462760550776914,0.000818507799638953
1.15883,0.03400470532741398,0.0008181114429504537
1.16147,0.03377281485849057,0.0007986709565473533
1.16412,0.03575713443396226,0.0008432973658333166
1.16676,0.0312645355854606,0.0007513011099877639
1.1694,0.03349997426470588,0.0007974951528316075
1.17205,0.03064799916759156,0.0007427734957862056
1.17469,0.03317461431742508,0.000786003712506985
1.17733,0.03069781964483907,0.0007445516229154779
1.17998,0.03228091773029967,0.000764131085892327
1.18262,0.03163154841842397,0.0007578265066576399
1.18527,0.03380076963096559,0.0007918437986186704
1.18791,0.03296521906215316,0.0007797528698853461
1.19055,0.03168732977247503,0.0007578934633482604
1.1932,0.03043939365982242,0.0007267705801126469
1.19584,0.03413703038290788,0.0007968561447527045
1.19848,0.03265119256381797,0.0007643443676399494
1.20113,0.03307177774694784,0.0007769920967640884
1.20377,0.03180621996392896,0.0007516120192365084
1.20642,0.03137921150110988,0.0007442972250675673
1.20906,0.03133239893174251,0.0007451439763747404
1.2117,0.03113183282463929,0.0007318551637224786
1.21435,0.02923486161209767,0.0007026238358557285
1.21699,0.0301610957963374,0.0007154384727477553
1.21963,0.03131783095172031,0.0007371117771144713
1.22228,0.03300736182019978,0.0007688962761613217
1.22492,0.02868972523584906,0.0006861773546720351
1.22757,0.02950227240566038,0.0007027180572904951
1.23021,0.02950621427580466,0.000698150042323104
1.23285,0.02959933580743618,0.0007009642570877156
1.2355,0.02798078149278579,0.0006743194817471959
1.23814,0.03087406839622641,0.0007220001828619736
1.24078,0.02932167203107659,0.000698896309476222
1.24343,0.02802285557713652,0.0006722134528021502
1.24607,0.02829449667036626,0.0006736032968572685
1.24871,0.0324593045227525,0.000745616926846058
1.25136,0.02771058483629301,0.0006606916951794322
1.254,0.02972044644839068,0.0006983899493505532
1.25665,0.02888184447835738,0.0006821117873747011
1.25929,0.02990711299944506,0.0007012009265284263
1.26193,0.02775607658157603,0.0006556328593322716
1.26458,0.02834858636237514,0.0006672985621332404
1.26722,0.02805275610432852,0.000664677100606597
1.26986,0.0283148401082131,0.0006679405171433903
1.27251,0.02735466051609323,0.0006517935406775102
1.27515,0.02623862139289678,0.0006268795960625554
1.2778,0.02692821059933407,0.0006418876298566217
1.28044,0.02827209531076582,0.0006593656019905822
1.28308,0.02756101810488346,0.0006486766313829295
1.28573,0.02562482963374029,0.0006181887233826101
1.28837,0.02530877268312985,0.0006031026594797888
1.29101,0.02704360987791343,0.0006451674013863545
1.29366,0.02799260252497225,0.0006516097405720419
1.2963,0.02725112118479467,0.0006406224943415286
1.29895,0.02691362201720311,0.0006353054851023734
1.30159,0.02544830618756937,0.0006026778019341897
1.30423,0.02576731839622642,0.0006161418407957174
1.30688,0.02473393493340733,0.0005875323724650483
1.30952,0.02581185099889013,0.0006124776365159746
1.31216,0.02520423529411765,0.0005968608211644608
1.31481,0.02831835849056604,0.0006537210032519687
1.31745,0.026081990427303,0.0006138172612199225
1.3201,0.02320053829078801,0.0005568396020645725
1.32274,0.02608225367647059,0.0006109785936210946
1.32538,0.02525690115149834,0.0005922328123282827
1.32803,0.02501627309933407,0.0005877005862415244
1.33067,0.02467222475027747,0.000587901316883683
1.33331,0.02451781194506104,0.0005753760082934284
1.33596,0.02331191100166482,0.0005586997440765404
1.3386,0.02342592993895672,0.0005593897593785638
1.34124,0.02378334676748058,0.000563941374028024
1.34389,0.02325340330188679,0.0005541529447306761
1.34653,0.02314066169533851,0.0005486614066822998
1.34918,0.02313237735849057,0.0005533934334861922
1.35182,0.02384250915649279,0.0005609299096142066
1.35446,0.02394626366537181,0.0005668479448230833
1.35711,0.02184385509156492,0.0005267464916844538
1.35975,0.02204667369589345,0.0005307689750242482
1.36239,0.02280199507491676,0.0005458669551352743
1.36504,0.02343520088790233,0.0005505412283371949
1.36768,0.02319947155937847,0.0005511388334667452
1.37033,0.02377667397336293,0.0005604899908696366
1.37297,0.02295932651220866,0.000545761120292791
1.37561,0.02171339338235294,0.0005274722948217808
1.37826,0.02235088672308546,0.0005298584990664992
1.3809,0.02214767210044395,0.0005318917261628683
1.38354,0.02287560412042176,0.0005437242142428875
1.38619,0.02251931354051055,0.0005381590842783552
1.38883,0.0221644651082131,0.0005274759560187658
1.39148,0.02221374535238623,0.0005300634337662948
1.39412,0.02135450235849056,0.0005150209176164911
1.39676,0.02304371503884573,0.0005406832797152001
1.39941,0.02083393285238624,0.0005022544947308752
1.40205,0.02141948369866815,0.0005117131740088468
1.40469,0.02199221545504994,0.0005284413703527256
1.40734,0.01996077656770255,0.000484121399904552
1.40998,0.020263025527192,0.000488776181175778
1.41263,0.02143068666759156,0.0005090257625546446
1.41527,0.02080605819922309,0.0004985262225277946
1.41791,0.02108696108490567,0.0005053812637162378
1.42056,0.02079751976970034,0.0004992772871318385
1.4232,0.01958325208102109,0.0004744509845001131
1.42584,0.01991250811598224,0.0004802271470052458
1.42849,0.02108250645116537,0.0005037649533796994
1.43113,0.0195696455327414,0.0004751659848618421
1.43377,0.02031700991953385,0.0004875172122913624
1.43642,0.01874114775249723,0.0004552826613893952
1.43906,0.01833785689511654,0.0004503736723549423
1.44171,0.01917295421753607,0.0004649099511259815
1.44435,0.0186520230299667,0.0004538787763588124
1.44699,0.01912112846836848,0.0004622615691672716
1.44964,0.01723199750277469,0.0004276210917968809
1.45228,0.01858065961431743,0.0004512319033170503
1.45492,0.01998531596836848,0.0004768468017616685
1.45757,0.01873756527469479,0.0004524996737359539
1.46021,0.01977355833795783,0.0004730350522814051
1.46286,0.01708771177857935,0.0004209822758726167
1.4655,0.01781857387624862,0.0004361560420856633
1.46814,0.01827533865149833,0.0004422204284325122
1.47079,0.01958501928412875,0.0004701843743871944
1.47343,0.01761274049667037,0.0004287914120912059
1.47607,0.01738614705882353,0.0004277015516271064
1.47872,0.01776032484739179,0.0004300756543651712
1.48136,0.01879638429522752,0.0004536806325977568
1.48401,0.01827624514428413,0.0004453104173269332
1.48665,0.01580891141786904,0.0003926380091518797
1.48929,0.01749782193396227,0.0004250652064692022
1.49194,0.01897274292452831,0.0004501283834230701
1.49458,0.01918294166204217,0.0004613166672953306
1.49722,0.01587527996670366,0.0003921530329213936
1.49987,0.01839764879300777,0.0004417561117720421
1.50251,0.01839332463928968,0.0004453825584042135
1.50516,0.01636235502219756,0.0004006112658810135
1.5078,0.01684172488901221,0.0004108903748097446
1.51044,0.01658987326581576,0.0004064153090499701
1.51309,0.0162543725027747,0.0003983425041574454
1.51573,0.01643723682019978,0.0004042427048430654
1.51837,0.0150781637763596,0.0003726832616827268
1.52102,0.01451126699500555,0.000362753903264125
1.52366,0.01597280348224196,0.0003897438992114194
1.5263,0.01687301262486126,0.0004067833999362947
1.52895,0.01501720671476138,0.0003740208275266697
1.53159,0.01546614497780244,0.000382367904562964
1.53424,0.01702611376248613,0.0004148882472332921
1.53688,0.01639589296614872,0.0003992248324350824
1.53952,0.01513522017203107,0.0003724109790209505
1.54217,0.01472023418423974,0.0003629376740209234
1.54481,0.01603791530244173,0.0003911334299633134
1.54745,0.01544089594894561,0.0003820522121255685
1.5501,0.01523412173973363,0.0003800798154400222
1.55274,0.01605154703107659,0.0004013419504837587
1.55539,0.01397053031354051,0.0003606791904621325
1.55803,0.01661144825194228,0.0004179183437588784
1.56067,0.01478192147613762,0.0003840036742704674
1.56332,0.01553242196170921,0.0003967144519443015
1.56596,0.01539511806326304,0.0004012504365633343
1.5686,0.0155923763873474,0.0004018685672464299
1.57125,0.01390618763873474,0.0003731121444672019
1.57389,0.01283257283573807,0.0003471333309128451
1.57654,0.01250808504439512,0.0003391396937509445
1.57918,0.01449495241398446,0.0003896428248396995
1.58182,0.01469440600721421,0.0003916056101642372
1.58447,0.01621747870421754,0.0004274608274690219
1.58711,0.01564157880133185,0.0004123520707954967
1.58975,0.0151368774972253,0.0004034764555581722
1.5924,0.01424164948668146,0.0003910970258341499
1.59504,0.0135392823945616,0.0003687096860661182
1.59769,0.01438072745560488,0.0003927689235859127
1.60033,0.01525885113762486,0.0004100114434304547
1.60297,0.01385465718645949,0.0003793275616632917
1.60562,0.01293693854051054,0.000358101196663187
1.60826,0.01206972024139845,0.0003304315122689499
1.6109,0.01425080597946726,0.0003788816820741287
1.61355,0.01194732540233074,0.0003226646197843768
1.61619,0.01447536667591565,0.000377916458346133
1.61883,0.0137263907463929,0.0003616132684443321
1.62148,0.01238160183129856,0.0003284021183914615
1.62412,0.01378295040233074,0.0003619828315208792
1.62677,0.0124204368063263,0.0003271246092094716
1.62941,0.01313860342674806,0.0003463246631230371
1.63205,0.01299162111542731,0.0003396400383902199
1.6347,0.01294186244450611,0.0003379072993264654
1.63734,0.01332191870144284,0.0003466869422264553
1.63998,0.01165608483629301,0.0003096093555874273
1.64263,0.01316082165649279,0.0003409841739782962
1.64527,0.01343251311043285,0.0003446125341298156
1.64792,0.01314151061320755,0.0003405841542228037
1.65056,0.01351158858213097,0.0003478476611960316
1.6532,0.01271430986403996,0.0003294048391582416
1.65585,0.01261188533573807,0.000328689751514825
1.65849,0.01256812187846837,0.0003237341160861077
1.66113,0.01167449167591565,0.0003063240936338636
1.66378,0.01153933497502775,0.000303974546172961
1.66642,0.01257406902053274,0.000326379268259995
1.66907,0.01291445477247503,0.0003353306144832123
1.67171,0.01268610557713651,0.00032629094089361
1.67435,0.01321493881798002,0.0003390317574742648
1.677,0.01085629495005549,0.0002867185671348517
1.67964,0.01125096496947836,0.0002948823616590833
1.68228,0.01152611299944506,0.0003008293288582292
1.68493,0.01397680251109878,0.0003526240782386828
1.68757,0.01012239976415094,0.0002692318091943949
1.69022,0.01055569873751387,0.0002775794233226678
1.69286,0.00963526519145394,0.0002574624981733633
1.6955,0.01179317355715871,0.0003072291840227918
1.69815,0.01087081714761377,0.0002855997557290092
1.70079,0.01231718819367369,0.0003191297107913929
1.70343,0.01149504730854606,0.0002960617840243428
1.70608,0.01041948903995561,0.0002740421845926761
1.70872,0.01158688235294118,0.0002982220891747237
1.71137,0.009889627982796894,0.0002622147154581405
1.71401,0.009750707963374027,0.0002592358635224748
1.71665,0.008968281076581579,0.0002409846918132493
1.7193,0.01123608566870144,0.0002924479118426583
1.72194,0.01160984912597115,0.0002987818451366785
1.72458,0.01065780278856826,0.0002786904469315239
1.72723,0.009834144214761375,0.0002588789109745712
1.72987,0.01158993146503885,0.0002981268139574699
1.73251,0.01061475124861266,0.0002783176830990237
1.73516,0.01024569193951166,0.0002660285888167244
1.7378,0.01119885536903441,0.0002893109094161396
1.74045,0.01028449715593785,0.0002679583518777243
1.74309,0.01025427157325194,0.0002680659489178277
1.74573,0.0129824714900111,0.0003266995052189857
1.74838,0.01115024812708102,0.000285003916939932
1.75102,0.01103731423418424,0.0002870760424176263
1.75366,0.009649354744728082,0.0002515227575258875
1.75631,0.00977142910654828,0.0002553861345426594
1.75895,0.009970200541065484,0.0002614022151970292
1.7616,0.01023546642619312,0.0002659063691290508
1.76424,0.01037335176193119,0.0002701808342407839
1.76688,0.01002293507214207,0.0002588607253473133
1.76953,0.008807992092119868,0.0002338247210142634
1.77217,0.009256266509433965,0.0002443807447720534
1.77481,0.009799466287458383,0.0002563465517691679
1.77746,0.008752421337402887,0.0002332251512604836
1.7801,0.01042874854328524,0.0002676784102077799
1.78275,0.01139609080188679,0.0002908600446104789
1.78539,0.01004651075194229,0.0002579707684101483
1.78803,0.01003266155660378,0.000258677528107961
1.79068,0.00892492050499445,0.0002360141757767867
1.79332,0.009031504370144283,0.0002351187222166011
1.79596,0.009508779689234182,0.0002501620865973251
1.79861,0.01060398779134296,0.000269566627639782
1.80125,0.009635439164816873,0.0002504752091992357
1.8039,0.008095475027746947,0.0002158527451070578
1.80654,0.009896802094894562,0.0002553976147619165
1.80918,0.008568158365704775,0.0002278847243931394
1.81183,0.009064678343507214,0.0002375827891687395
1.81447,0.008641646087680355,0.0002279628509362845
1.81711,0.009559502081021088,0.0002479528234979785
1.81976,0.009821405244173142,0.0002533772871634863
1.8224,0.01004230563263041,0.0002609657256354825
1.82504,0.009774127982796893,0.0002530207143213011
1.82769,0.008606839969478359,0.0002287598254711548
1.83033,0.009885308407325195,0.0002557499698998182
1.83298,0.008517046822974472,0.0002246270153769063
1.83562,0.008576873057713652,0.0002275226896852768
1.83826,0.009511718923418426,0.0002498859695379155
1.84091,0.01041401803551609,0.0002701868500986411
1.84355,0.007419062014428412,0.0002005628507998346
1.84619,0.007877122433407328,0.000211672750424517
1.84884,0.0091072903718091,0.0002375037329949515
1.85148,0.008692283781908993,0.000231176512010311
1.85413,0.00957389379855716,0.0002517632925456726
1.85677,0.008408643104883463,0.0002224700459041779
1.85941,0.009530368410099887,0.000250303218899742
1.86206,0.007551961639844618,0.0002020894553588111
1.8647,0.007516805285793563,0.0002034787463141745
1.86734,0.008000776290233075,0.0002142010245625422
1.86999,0.007918230507769144,0.0002113095636482401
1.87263,0.006533404827968925,0.0001809294007339533
1.87528,0.006079831090455046,0.0001677765668805505
1.87792,0.01008232866259712,0.0002623263675404008
1.88056,0.008421462194783576,0.0002243463163801871
1.88321,0.00915104009433962,0.0002399083220632801
1.88585,0.006841529966703662,0.0001885637593281401
1.88849,0.008418156700887905,0.0002224167906128158
1.89114,0.008369295366259711,0.0002238354718189045
1.89378,0.007073198390677024,0.0001910471950589931
1.89643,0.008555714692008878,0.000227625285952262
1.89907,0.008789390677025527,0.0002337125337218518
1.90171,0.009217937430632633,0.0002404593798131135
1.90436,0.008545834836293009,0.0002273181715408921
1.907,0.008428501248612651,0.0002232188767053185
1.90964,0.007241991467813541,0.000197174021712487
1.91229,0.006800630202552719,0.0001862328083395105
1.91493,0.009042824084350721,0.0002377282561325891
1.91757,0.008085219755826859,0.0002158135403628411
1.92022,0.008184492161487237,0.0002194353844379673
1.92286,0.008548865635405105,0.0002282450930941486
1.92551,0.00782286105715871,0.0002085377673852608
1.92815,0.006937748682019976,0.0001882562243871988
1.93079,0.00769661362375139,0.0002086709401882229
1.93344,0.007340828940066593,0.0001977845199561284
1.93608,0.007932475721420647,0.0002124178122203088
1.93872,0.006661387416759161,0.0001819872463228075
1.94137,0.008000050638179801,0.0002162529678544944
1.94401,0.008067032672031077,0.0002162762925938462
1.94666,0.008208145671476139,0.0002185289292726337
1.9493,0.008364080743618205,0.0002233182684924287
1.95194,0.007133489317425082,0.0001929174531227175
1.95459,0.006879199778024416,0.0001875301874088638
1.95723,0.007833951859045505,0.0002111388962331938
1.95987,0.007710128607103218,0.0002068157465686711
1.96252,0.007602091148723639,0.0002061356326903761
1.96516,0.007876698945615985,0.0002104566733680068
1.96781,0.007268382769145392,0.000196713781579346
1.97045,0.006882225998890122,0.000187356111100601
1.97309,0.007444931395671473,0.0002014139477045464
1.97574,0.007559836223640401,0.000204518814328308
1.97838,0.008174912180910101,0.000217973379984113
1.98102,0.007700271642619314,0.0002083124859093468
1.98367,0.007352853704217538,0.0001981170860905251
1.98631,0.007542042869034405,0.0002032133203176524
1.98896,0.006242454980577136,0.000172140069005295
1.9916,0.008209411556603773,0.0002188569335640108
1.99424,0.004868012763596006,0.0001361468077191672
1.99689,0.005907086986681465,0.0001625003399209138
1.99953,0.007136529273029968,0.0001924618955657208
2.00217,0.006356226692563819,0.0001737509260592869
2.00482,0.007001571725860157,0.0001894903170420142
2.00746,0.00588593777746948,0.0001620176036248082
2.0101,0.006096715663152054,0.0001660765674172056
2.01275,0.005871649070477249,0.0001618804410589698
2.01539,0.006109804869589348,0.0001660361469375868
2.01804,0.005867718645948945,0.0001625934701263405
2.02068,0.006766240704772472,0.0001835359264401132
2.02332,0.005587246115427301,0.0001539141583354339
2.02597,0.006004431950610433,0.0001648489849463926
2.02861,0.005263355785238626,0.0001451152571131343
2.03125,0.006252884225860155,0.0001708862521363455
2.0339,0.007953020602108767,0.0002106591546957039
2.03654,0.005460476761931187,0.0001518108687233746
2.03919,0.005656617993895673,0.0001557084048619662
2.04183,0.006273843437846835,0.0001701454328414602
2.04447,0.004988482450055496,0.0001391574570389605
2.04712,0.006624283018867923,0.0001789807975838107
2.04976,0.007000372225305215,0.0001884875491285615
2.0524,0.006539374861265262,0.0001777634607199289
2.05505,0.006076939927857935,0.0001658878762644572
2.05769,0.004982114109322971,0.0001390936093398709
2.06034,0.007141718715316316,0.0001900473809094195
2.06298,0.006780804106548283,0.000183446420328857
2.06562,0.005913716287458379,0.0001612407753304825
2.06827,0.006138485294117647,0.0001668731812845333
2.07091,0.006011216911764706,0.0001648249109644864
2.07355,0.005775862999445065,0.000157667545525
2.0762,0.006959715108213098,0.0001873800929857305
2.07884,0.006359957963374028,0.0001720008852401862
2.08149,0.005956957824639291,0.0001625935120057594
2.08413,0.006992261861820198,0.0001890035768546639
2.08677,0.00679469908435072,0.0001816638919889075
2.08942,0.006452685765815759,0.0001765921931994293
2.09206,0.006792245144284127,0.0001832475126314904
2.0947,0.006229148307436181,0.0001698738858534712
2.09735,0.007402399486681463,0.000197838691820037
2.09999,0.006547782810765814,0.0001774699514871288
2.10263,0.007036737236403995,0.0001911513472800263
2.10528,0.00502460023584906,0.0001382219149902421
2.10792,0.006150709211986686,0.0001687819057138924
2.11057,0.005767168909544948,0.0001597989209762689
2.11321,0.005809700818534959,0.0001644369644200052
2.11585,0.006700249861265262,0.0001898416622955151
2.1185,0.005865228079911211,0.0001663862492855211
2.12114,0.005680983421198668,0.0001657241957407554
2.12378,0.004095165857380689,0.0001207436345809528
2.12643,0.005721191870144284,0.0001662434446767016
2.12907,0.007245985987791341,0.0002083925989131641
2.13172,0.006523666897891234,0.0001894929827082222
2.13436,0.004720531423418422,0.0001429607472376534
2.137,0.006038159891786905,0.0001778383413241269
2.13965,0.004811855993340732,0.0001462294697816829
2.14229,0.00605026019700333,0.0001796036005457041
2.14493,0.006204311320754716,0.0001853752398608362
2.14758,0.006075541273584907,0.0001833022932991793
2.15022,0.006185446656492784,0.0001840384049238037
2.15287,0.006033986820199779,0.0001827168252957813
2.15551,0.005531432713651497,0.0001681418539271852
2.15815,0.005166022266925639,0.0001590793107134227
2.1608,0.004241175291342953,0.0001328605473127083
2.16344,0.004510863762486128,0.0001397358450030841
2.16608,0.002725922239178692,8.748507524564498e-05
2.16873,0.00476280237236404,0.0001450275076329465
2.17137,0.007015192008879022,0.0002029906222768839
2.17402,0.005620845865704769,0.0001651940267972141
2.17666,0.004423380341287462,0.0001332336836164762
2.1793,0.006012324847391788,0.0001747457568284016
2.18195,0.004819284198113208,0.0001424055475142405
2.18459,0.004942899139844615,0.0001454845771526854
2.18723,0.005178607866259711,0.0001518709229041027
2.18988,0.005351759433962267,0.0001557888674629398
2.19252,0.00503376359600444,0.0001468494723318518
2.19516,0.005156442286348504,0.0001496411557840225
2.19781,0.004303292938401778,0.0001276818389467875
2.20045,0.004801239039955606,0.0001399768087075763
2.2031,0.004353639913984465,0.0001284464744242531
2.20574,0.00487988644561598,0.0001420232316639205
2.20838,0.003984827830188678,0.000118141377757446
2.21103,0.005095867508324083,0.0001482286486629771
2.21367,0.005911683546059934,0.0001699244187049258
2.21631,0.005030187985571588,0.0001466458591927276
2.21896,0.00420663700055494,0.0001233862253347012
2.2216,0.004747520185904551,0.0001374490794403948
2.22425,0.004809846143174253,0.0001400164564123061
2.22689,0.004211773793007768,0.0001238712596200456
2.22953,0.00438753725027747,0.0001277092195173737
2.23218,0.005655896920088791,0.0001633700731407918
2.23482,0.004104331506659267,0.0001206105024284127
2.23746,0.006438220796337404,0.000183925613667684
2.24011,0.005729512832963374,0.0001638730107353433
2.24275,0.005188686875693674,0.0001512895665729752
2.2454,0.006006750832408437,0.0001714613068349496
2.24804,0.004118940690899004,0.0001221898168710431
2.25068,0.005236561598224193,0.0001521451618755315
2.25333,0.003727031354051057,0.000110595450348594
2.25597,0.005098181811875694,0.0001485136788983523
2.25861,0.004887495491120979,0.000142666759000303
2.26126,0.005123799389567149,0.0001493236783174552
2.2639,0.004517483906770255,0.0001324615664774042
2.26655,0.004503213512763595,0.0001326069005417107
2.26919,0.004977041412319644,0.0001469697514183812
2.27183,0.00380744596281909,0.0001129202744122
2.27448,0.004289981687014429,0.000126458247591804
2.27712,0.005983571170921201,0.0001707698433090359
2.27976,0.004004445615982241,0.0001205900473206358
2.28241,0.003785788568257494,0.0001135289342506636
2.28505,0.003447808684794673,0.0001032321905732488
2.28769,0.004532537180910103,0.0001331203664982552
2.29034,0.004337959420088792,0.0001266803789523112
2.29298,0.004931936528856826,0.0001444776057192107
2.29563,0.004183475652053275,0.0001231800168326751
2.29827,0.004047261376248611,0.0001199049313290184
2.30091,0.004814763179800222,0.0001430566835211488
2.30356,0.004750809655937847,0.0001377368077034519
2.3062,0.005566538706992232,0.0001616323089636062
2.30884,0.004632283435072142,0.0001355747983891522
2.31149,0.003923497641509435,0.0001178000761695801
2.31413,0.005138756520532742,0.0001498822447720598
2.31678,0.0051621147336293,0.0001508455255803888
2.31942,0.003916199916759157,0.0001172154384323493
2.32206,0.004388860363485016,0.0001283059107290968
2.32471,0.004096694991675916,0.0001222280300912045
2.32735,0.005042098293562708,0.0001479416443202833
2.32999,0.005134063817980024,0.000149628191546568
2.33264,0.003188510543840179,9.799645310176355e-05
2.33528,0.004466431881243064,0.0001300664765877324
2.33793,0.003092072072697003,9.419665035069472e-05
2.34057,0.003712042175360711,0.0001107406752714705
2.34321,0.004316359253607102,0.0001277546647456297
2.34586,0.004713739594894559,0.0001402363448048263
2.3485,0.006395675152608211,0.0001823607121528032
2.35114,0.00463943923418424,0.0001364923024983233
2.35379,0.004142955882352939,0.0001223748708866484
2.35643,0.003988659822419536,0.0001181931027645305
2.35908,0.005787100305216424,0.0001681766270783603
2.36172,0.00448403066037736,0.0001323748162815819
2.36436,0.004096715593784685,0.0001217263673800368
2.36701,0.004634902192008879,0.000135528787963261
2.36965,0.004467475721420645,0.0001315001118593604
2.37229,0.004549046337402887,0.0001342090590749999
2.37494,0.004432667314095447,0.0001309133606428032
2.37758,0.003824927996670364,0.0001157644292418414
2.38022,0.004658036071032186,0.0001356555675799072
2.38287,0.005546989594894565,0.0001624846564713192
2.38551,0.006004331229189786,0.0001705947102303658
2.38816,0.00464553745837958,0.0001372667877270367
2.3908,0.005371450471698114,0.0001567738622842199
2.39344,0.003704810835183128,0.000111172909516166
2.39609,0.004293332963374029,0.0001277023981274815
2.39873,0.00284479411764706,8.618234474047358e-05
2.40137,0.004219080674250833,0.0001254077383100489
2.40402,0.004579088790233071,0.0001331359054926375
2.40666,0.004478026290233077,0.0001321628151273133
2.40931,0.004247101831298557,0.0001262356936172834
2.41195,0.003822284059378469,0.0001135141211869388
2.41459,0.004359438263041067,0.0001295472120068851
2.41724,0.002800053204772472,8.477172399725675e-05
2.41988,0.004465351415094342,0.0001320221580829994
2.42252,0.004545386029411766,0.000134551831822239
2.42517,0.004038665718645953,0.0001192954370218021
2.42781,0.003422197974472808,0.000103596250704914
2.43046,0.004473876109877911,0.000131619118283895
2.4331,0.00334895289955605,0.0001010867874234677
2.43574,0.003039598501664819,9.215724910274632e-05
2.43839,0.004650786417869036,0.0001375594936964756
2.44103,0.003666433684794672,0.0001099687686083689
2.44367,0.004649449569922308,0.0001365738010235569
2.44632,0.003542237305771366,0.0001066262737373644
2.44896,0.002769564372918977,8.424703516647059e-05
2.45161,0.002997029966703666,9.079376538211551e-05
2.45425,0.002913644076026637,8.912370111869078e-05
2.45689,0.004800078454495004,0.0001399294106336612
2.45954,0.003956799805771368,0.0001187032824370194
2.46218,0.003596452899556048,0.0001082540480482491
2.46482,0.004497202275249722,0.0001318820407333629
2.46747,0.004265643729189791,0.0001260903600108152
2.47011,0.004579745768590453,0.0001360495001391957
2.47275,0.006059004647613764,0.0001758403086916238
2.4754,0.004417270671476137,0.0001298766644291056
2.47804,0.002563916412319644,7.863992862107377e-05
2.48069,0.003834883393451718,0.0001149583373087148
2.48333,0.00529418569644839,0.0001555713473529569
2.48597,0.003690000208102108,0.0001114018792065055
2.48862,0.003882845102663708,0.0001157951551704605
2.49126,0.004321168701442842,0.0001293816481577373
2.4939,0.003208776151498335,9.680895951018113e-05
2.49655,0.004264851692563816,0.0001273670125838963
2.49919,0.004094497433407324,0.0001218899949871419
2.50184,0.004920374167591566,0.0001444075572687731
2.50448,0.003232404481132076,9.832716775323853e-05
2.50712,0.004935191662042177,0.000145925694533623
2.50977,0.004723756798002222,0.000139133391606759
2.51241,0.002426452275249723,7.45170113796749e-05
2.51505,0.003618382699778024,0.0001094189028476283
2.5177,0.003760413637624865,0.0001137671669183104
2.52034,0.003655935765815761,0.0001096614521545652
2.52299,0.004471742647058824,0.0001332791298295971
2.52563,0.00331902719200888,0.0001007556465703105
2.52827,0.003700189095449502,0.0001117132474584
2.53092,0.004311554384017761,0.0001282747469464771
2.53356,0.003702144006659272,0.0001108470071390719
2.5362,0.003528864248057713,0.0001071728660189141
2.53885,0.004348482519422865,0.0001294366137564787
2.54149,0.003588209766925636,0.000108474054454897
2.54414,0.003915037042175361,0.0001179251573577108
2.54678,0.003109263387902331,9.501508439248409e-05
2.54942,0.003200123265815763,9.748114213354977e-05
2.55207,0.003094059031631521,9.439687557018508e-05
2.55471,0.00313208594617092,9.541641557911947e-05
2.55735,0.003779097461154273,0.0001142072807690888
2.56,0.004647547308546059,0.0001387351291954529
2.56264,0.003481774694783574,0.0001066448088614205
2.56529,0.003820294811320753,0.00011424141048274
2.56793,0.003354520047169814,0.000102220965732388
2.57057,0.005106102178135407,0.0001498219892095134
2.57322,0.004747293562708102,0.0001411065857424996
2.57586,0.002388162111542729,7.375122813508428e-05
2.5785,0.004191226623196449,0.0001252477044468827
2.58115,0.003579170019422864,0.0001094736566549596
2.58379,0.003084852178135404,9.449834420628252e-05
2.58643,0.003925894353496113,0.0001182642997298199
2.58908,0.004435286071032184,0.0001322312849967743
2.59172,0.005446160585460602,0.0001596077972852811
2.59437,0.004221484253607102,0.000127106274621646
2.59701,0.003295478981687015,0.0001000946755767966
2.59965,0.004518999306326305,0.0001344184281175702
2.6023,0.003709169325749166,0.0001122861684341291
2.60494,0.00323424493618202,9.926792228698667e-05
2.60758,0.003632238762486125,0.0001115601434123223
2.61023,0.002975006312430634,9.157027957818437e-05
2.61287,0.003463274001109877,0.0001057568641603528
2.61552,0.00346981402608213,0.0001061620675113009
2.61816,0.003105742716426192,9.51929106974468e-05
2.6208,0.005022329425638178,0.0001482777874201153
2.62345,0.00462329404827969,0.000138167028034955
2.62609,0.002590440482796895,8.059376854732201e-05
2.62873,0.004046045851831299,0.000122289984588489
2.63138,0.002299076304106548,7.173059742517493e-05
2.63402,0.00266940378745838,8.273885326843045e-05
2.63667,0.002286186251387349,7.149593777506052e-05
2.63931,0.00400832110155383,0.0001221167689931923
2.64195,0.003537791828523861,0.000107925527704989
2.6446,0.003075247017203107,9.388906591519887e-05
2.64724,0.003838928274139846,0.0001159212553549013
2.64988,0.004061659961154273,0.0001233971620671278
2.65253,0.003600699223085463,0.0001103593098659132
2.65517,0.003156698598779134,9.702599396141765e-05
2.65782,0.003639229744728079,0.0001107781766600315
2.66046,0.00341507651220866,0.0001045889953142105
2.6631,0.002932517896781352,9.041541726468589e-05
2.66575,0.004663486473362929,0.0001384516533237069
2.66839,0.004204194506104328,0.0001276579132417382
2.67103,0.003865296684239736,0.00011993625653357
2.67368,0.002672404827968923,8.614126929040481e-05
2.67632,0.004253593784683684,0.0001350906425157809
2.67896,0.003164925707547172,0.0001019536793626611
2.68161,0.002776326442841285,9.225906698254183e-05
2.68425,0.004290947697003326,0.000139789893883038
2.6869,0.004047213304661488,0.0001320795512057231
2.68954,0.003833999791897892,0.0001261941852356505
2.69218,0.003106209697558267,0.0001038742618098035
2.69483,0.002707545158157604,9.284740913816652e-05
2.69747,0.003435811390122087,0.000116180714915002
2.70011,0.003873317771920089,0.0001282480519994067
2.70276,0.002319222877358494,8.14576486917722e-05
2.7054,0.004950620352386238,0.0001638729833303112
2.70805,0.00326111466426193,0.0001127868195290938
2.71069,0.001465739317425084,5.205086432158336e-05
2.71333,0.00234741114039956,8.30825363464562e-05
2.71598,0.004390256728634851,0.0001510836871119748
2.71862,0.004867584697558271,0.0001667817375112387
2.72126,0.003388135821309657,0.0001195234858063174
2.72391,0.003983932783018868,0.000138428369268795
2.72655,0.004971151498335182,0.0001670761891587946
2.7292,0.004520729883462819,0.0001511132640766126
2.73184,0.003638124098224194,0.0001219401066186282
2.73448,0.003407208795782463,0.0001141692176980041
2.73713,0.003661136653718093,0.0001200085457555463
2.73977,0.003587172794117646,0.0001192046585769494
2.74241,0.004709781700887906,0.0001516459366607262
2.74506,0.004174918909544948,0.0001342487544644915
2.7477,0.003314577136514985,0.0001090262142319205
2.75035,0.00372265226137625,0.0001199483253467721
2.75299,0.003077579633740288,0.0001014030317518509
2.75563,0.003293995629855718,0.0001062168118915021
2.75828,0.003244246115427305,0.0001048371512520649
2.76092,0.003610267758046614,0.0001173652552132765
2.76356,0.002530259433962265,8.284177441593141e-05
2.76621,0.003368973571032186,0.0001085111539742504
2.76885,0.004912506451165374,0.0001544728946929331
2.77149,0.003418766578801333,0.0001100043791054193
2.77414,0.002788612167036624,9.093774511094576e-05
2.77678,0.002004992647058825,6.586180606228201e-05
2.77943,0.003698843091009991,0.0001175662818623894
2.78207,0.003975854467258601,0.0001264391618271393
2.78471,0.003067315205327412,9.970968120427477e-05
2.78736,0.00407416086293008,0.0001291736107476171
2.79,0.003973563054938956,0.0001250520752839372
2.79264,0.00498352649833518,0.0001551250143848738
2.79529,0.002878961570477248,9.30207157687569e-05
2.79793,0.003163272960599337,0.0001013161607683955
2.80058,0.003955478981687014,0.0001238524751568227
2.80322,0.003482152400110985,0.0001115536333312666
2.80586,0.004462677719200891,0.0001403001761239711
2.80851,0.003520730993340732,0.0001116526967515907
2.81115,0.004623456576026638,0.0001430998231626343
2.81379,0.00219107776082131,7.12392008700358e-05
2.81644,0.003621992647058821,0.0001152652743563857
2.81908,0.002817610779689235,9.051291095473854e-05
2.82173,0.004182972044950058,0.0001308729774464763
2.82437,0.003231953523862375,0.0001024270411489823
2.82701,0.002245341426193123,7.257379767544619e-05
2.82966,0.00340878600166482,0.0001085607235384699
2.8323,0.001607394839067703,5.240170183777712e-05
2.83494,0.002129372155937846,6.904137471000366e-05
2.83759,0.003044121809100998,9.614948759150838e-05
2.84023,0.002330283920643729,7.525629649455399e-05
2.84288,0.003584501387347392,0.0001138283756143881
2.84552,0.003732335252497222,0.000115802687813176
2.84816,0.003520522683129859,0.0001120358314253891
2.85081,0.003116556534406215,9.916934596456627e-05
2.85345,0.003138367300221975,9.961360281651552e-05
2.85609,0.003791573182574919,0.0001187449306196669
2.85874,0.003447934586570478,0.0001087178058702045
2.86138,0.00299302171198668,9.594798529308152e-05
2.86402,0.002780066870144282,8.914485802477975e-05
2.86667,0.002241731478912321,7.260648383888882e-05
2.86931,0.002507668077136514,8.061470592069142e-05
2.87196,0.002858343437846838,9.07057382662713e-05
2.8746,0.002349567494450612,7.651299087112091e-05
2.87724,0.002140201997780243,6.953469125046399e-05
2.87989,0.00164922169811321,5.413729282966716e-05
2.88253,0.004671333587680358,0.0001444309679116053
2.88517,0.003799010543840179,0.000120142228743304
2.88782,0.003859885197003329,0.0001217985434282402
2.89046,0.003973702691453938,0.0001231206653734536
2.89311,0.003214567633185351,0.0001026922263579273
2.89575,0.003237465732519425,0.0001030729736461654
2.89839,0.003206182574916759,0.0001009857226628546
2.90104,0.002587345588235295,8.345315690982366e-05
2.90368,0.002513278718091011,8.01503741750727e-05
2.90632,0.00215855389844617,6.992490900173931e-05
2.90897,0.003718902677580466,0.0001175786623708179
2.91161,0.004490417314095448,0.0001391680175600563
2.91426,0.00213897273862375,6.893284185941415e-05
2.9169,0.003415676262486126,0.0001086398536358278
2.91954,0.003421836293007771,0.00010850818178737
2.92219,0.004833371462264154,0.0001468794475819922
2.92483,0.002951446656492784,9.402248820709612e-05
2.92747,0.003735306534406214,0.0001168662401276959
2.93012,0.003114210183129856,9.979900053335473e-05
2.93276,0.0006124961154273055,2.04444680216967e-05
2.93541,0.001673328454495006,5.419069710274944e-05
2.93805,0.003019850235849058,9.566570927891106e-05
2.94069,0.002415585807436184,7.733462591258656e-05
2.94334,0.002707966356825752,8.728802474505654e-05
2.94598,0.004311925221975586,0.0001322105458544809
2.94862,0.00355352039400666,0.0001123183717715973
2.95127,0.003017725929522754,9.631353385951776e-05
2.95391,0.001870730993340734,6.072189670645471e-05
2.95655,0.001777884156492784,5.772921516198005e-05
2.9592,0.002470625485571585,7.828633216157794e-05
2.96184,0.002447578593229744,7.894265540833443e-05
2.96449,0.003252592258601557,0.0001039979440899698
2.96713,0.003399109877913431,0.0001071578710572623
2.96977,0.003424590108213097,0.0001083763136349377
2.97242,0.00351189039955605,0.0001104033888753711
2.97506,0.002177372780244175,7.11161217116734e-05
2.9777,0.002727886306881244,8.714842811615689e-05
2.98035,0.004030351623196449,0.0001253244141590052
2.98299,0.00260509316037736,8.397317627641216e-05
2.98564,0.002712354605993342,8.642792788296509e-05
2.98828,0.002519230438401774,8.100660375714654e-05
2.99092,0.003725410654827966,0.0001161771867479288
2.99357,0.003303468021642619,0.0001045390155359341
2.99621,0.00231328031354051,7.496299102894801e-05
2.99885,0.003034672308546062,9.64683500891405e-05
3.0015,0.002371845241398448,7.636072292781794e-05
3.00414,0.003750270532741397,0.0001177926158318766
3.00679,0.001928675568812432,6.252776015512491e-05
3.00943,0.003144682991120977,0.0001000738621923195
3.01207,0.002657894076026636,8.439713529333543e-05
3.01472,0.002805542522197558,8.994014497756622e-05
3.01736,0.003136368895671473,9.972802704042382e-05
3.02,0.004219980299667038,0.0001309437012969108
3.02265,0.003351139012208654,0.0001056336714722777
3.02529,0.003007665233074362,9.515160773991212e-05
3.02794,0.003470496184794669,0.0001095017449740708
3.03058,0.004155223293562708,0.0001286050014733378
3.03322,0.002593546822974471,8.327449846209663e-05
3.03587,0.003241229051054383,0.0001024151213435643
3.03851,0.002887680840732518,9.092813867694201e-05
3.04115,0.00359131381798002,0.000112541185820066
3.0438,0.003783343784683688,0.0001178165040291157
3.04644,0.003886551193118759,0.0001202924459514186
3.04908,0.003569818951165371,0.0001122649958605468
3.05173,0.004783324361820203,0.0001461258229708287
3.05437,0.004738139359045506,0.0001452209635227166
3.05702,0.003432750832408436,0.0001071638464322422
3.05966,0.001695178135405106,5.421460958148373e-05
3.0623,0.003080930910099893,9.7244944881771e-05
3.06495,0.002731395532741398,8.625754177190374e-05
3.06759,0.003352414053829078,0.0001047422263329519
3.07023,0.003098790649278578,9.759785902750318e-05
3.07288,0.003087443465593782,9.729035945981837e-05
3.07552,0.002785840038845727,8.866880465597993e-05
3.07817,0.003662521573251943,0.0001146026852610604
3.08081,0.002804233143729189,8.834928754877099e-05
3.08345,0.002216850998890122,7.09493959879846e-05
3.0861,0.002244982033851278,7.158344897938706e-05
3.08874,0.003518119103773581,0.0001095190351705722
3.09138,0.002976947488901222,9.38467967081713e-05
3.09403,0.004682673903995562,0.0001428997646137219
3.09667,0.002593015746392895,8.297061966171567e-05
3.09932,0.001997511792452832,6.361579335045707e-05
3.10196,0.002290874375693677,7.308801971522841e-05
3.1046,0.003168375416204218,9.915745219898523e-05
3.10725,0.003924239317425085,0.0001212651315254997
3.10989,0.002183947142064373,7.01236599729251e-05
3.11253,0.003611025457824639,0.0001120990645159288
3.11518,0.003950733629300776,0.0001222184332143805
3.11782,0.002386012624861263,7.573961054064945e-05
3.12047,0.002303276845172029,7.327216054111637e-05
3.12311,0.003596718437846836,0.0001122766451766157
3.12575,0.002187460946170921,6.962025884949536e-05
3.1284,0.002204359253607107,7.06781883063987e-05
3.13104,0.00350041731409545,0.0001091973385945181
3.13368,0.00413134316037736,0.0001284470800669389
3.13633,0.003148913290788013,9.851647651026234e-05
3.13897,0.002539070269145395,8.033264624182401e-05
3.14161,0.002772125901775804,8.822674017487662e-05
3.14426,0.002941859808546058,9.357463774651892e-05
3.1469,0.002695579911209766,8.548410982713457e-05
3.14955,0.003860835183129857,0.0001196645262445058
3.15219,0.002886637000554937,9.084274438443382e-05
3.15483,0.002094174597669256,6.695259353303432e-05
3.15748,0.003609622225305217,0.0001123295618350189
3.16012,0.003170396711986682,9.955443908730772e-05
3.16276,0.003835872294672586,0.0001193602331388419
3.16541,0.002785654619866814,8.853113691853908e-05
3.16805,0.001751492855160934,5.648265129912479e-05
3.1707,0.003634477524972254,0.0001132187984402707
3.17334,0.002302020116537181,7.309587066159813e-05
3.17598,0.002889773099334074,9.141733198970741e-05
3.17863,0.002118079911209768,6.772280867621879e-05
3.18127,0.001768521642619314,5.697923748241641e-05
3.18391,0.00251553350443951,7.981409650049662e-05
3.18656,0.003212427302996673,0.0001002617429979713
3.1892,0.003321991606548281,0.0001045931856665182
3.19185,0.002954324084350723,9.290785032263161e-05
3.19449,0.003440263734739178,0.0001072458187717803
3.19713,0.004008767480577137,0.0001238746521252785
3.19978,0.000900035169256382,2.938228515021282e-05
3.20242,0.003152866606548281,9.852565373668781e-05
3.20506,0.002310547100443948,7.319384250329189e-05
3.20771,0.001650876734184242,5.297175080300334e-05
3.21035,0.003227290579911209,0.0001004878481399951
3.213,0.003619660030521644,0.0001117875671597967
3.21564,0.003484450679800221,0.0001066045608857655
3.21828,0.002908804869589346,9.084178842626941e-05
3.22093,0.001856474334073251,5.924059809678294e-05
3.22357,0.003596494103773584,0.0001112128894758428
3.22621,0.002844556048834631,8.868942113633834e-05
3.22886,0.002396863068812432,7.532421367618395e-05
3.2315,0.004898943396226415,0.0001513998616473814
3.23414,0.002121737930077693,7.039084214932885e-05
3.23679,0.003809929661487239,0.0001231354432207503
3.23943,0.002124995352386236,7.161029552162144e-05
3.24208,0.002554647752497227,8.673434271607424e-05
3.24472,0.003253597183684794,0.000110169540060629
3.24736,0.00192711667591565,6.667413804755966e-05
3.25001,0.003424759503329635,0.0001168877494494285
3.25265,0.003841013665371807,0.0001318561029153964
3.25529,0.002593164539400665,9.218725346104422e-05
3.25794,0.001862522197558267,6.664181605775829e-05
3.26058,0.002741124306326304,9.703528368017028e-05
3.26323,0.002595350652053274,9.242681226821303e-05
3.26587,0.004845183337957827,0.0001670346023687333
3.26851,0.002628281978357381,9.560535073462277e-05
3.27116,0.002721911695338513,9.835517150049114e-05
3.2738,0.002880948529411766,0.0001042251055050737
3.27644,0.003175148931742507,0.0001153333949312093
3.27909,0.002666146365149832,9.852902116749981e-05
3.28173,0.003229133324084355,0.0001171729141624735
3.28438,0.004705118756936739,0.000169570744852986
3.28702,0.002185924944506104,7.978451490165855e-05
3.28966,0.001431947280799112,5.256317700090431e-05
3.29231,0.00179513041065483,6.437441369502601e-05
3.29495,0.003465553967813542,0.0001192361545543702
3.29759,0.003788915510543842,0.0001289244283646631
3.30024,0.002554013665371811,8.844036209571301e-05
3.30288,0.002090958379578248,7.301969817363284e-05
3.30553,0.002820479051054383,9.657648397908579e-05
3.30817,0.002918041481687011,9.946763711287228e-05
3.31081,0.002928154827968924,0.0001000230892875598
3.31346,0.002759261029411767,9.463987005277954e-05
3.3161,0.001534678551609324,5.349571450090357e-05
3.31874,0.001873622155937846,6.518116260178806e-05
3.32139,0.00346611022475028,0.0001159655083851806
3.32403,0.003424894561598224,0.0001151983697550078
3.32667,0.002581029897336294,8.725786071883911e-05
3.32932,0.002034194991675916,6.965407600493103e-05
3.33196,0.003633889220310764,0.0001213760762235251
3.33461,0.003778593854051056,0.0001255453753369467
3.33725,0.003492533573806883,0.0001162166484900131
3.33989,0.003527337402885683,0.0001171347350642589
3.34254,0.003020358421198669,0.0001000715701982539
3.34518,0.002982304037180908,9.977555790112624e-05
3.34782,0.003622109392341843,0.0001190973801969775
3.35047,0.00304290399556049,0.0001006975188237455
3.35311,0.002688675915649278,8.963589133251571e-05
3.35576,0.001841631659267479,6.270876116797915e-05
3.3584,0.001832953593229745,6.210992470797917e-05
3.36104,0.003440076026637069,0.0001126813707508554
3.36369,0.003029592744173141,0.0001009256862074177
3.36633,0.004610692425083242,0.0001477809309099175
3.36897,0.002917924736403997,9.697146092845258e-05
3.37162,0.001890525041620425,6.320040332781443e-05
3.37426,0.002564747364039953,8.581646723154792e-05
3.37691,0.002948731756381797,9.791877613366903e-05
3.37955,0.003857994381243064,0.0001247891189228848
3.38219,0.003286961154273031,0.0001073565052245291
3.38484,0.003927851553829075,0.0001268744242614733
3.38748,0.00357477719200888,0.0001165302605533982
3.39012,0.003456495907325195,0.0001136950597980411
3.39277,0.003493698737513871,0.0001138754208210347
3.39541,0.003517764289678135,0.0001141942750151332
3.39806,0.002146709975027747,7.224680447852251e-05
3.4007,0.002426452275249719,8.104387804695436e-05
3.40334,0.002568590801886795,8.555085061748268e-05
3.40599,0.003096890677025526,0.0001019024667307794
3.40863,0.002444115149833515,8.080818764832691e-05
3.41127,0.001859969825194228,6.259079076072716e-05
3.41392,0.001594291897891232,5.38822779959703e-05
3.41656,0.002347521018312982,7.821522646729125e-05
3.41921,0.004229189442286352,0.0001358959212562409
3.42185,0.00488671490011099,0.0001545275569256305
3.42449,0.002914706229189789,9.636403067285544e-05
3.42714,0.003782073321309659,0.000121448715387482
3.42978,0.001768375138734741,5.956343494676659e-05
3.43242,0.002853824708657048,9.425641593855305e-05
3.43507,0.003548076859045505,0.0001155259396354906
3.43771,0.002574705049944505,8.533386727394974e-05
3.44035,0.002154401428967812,7.159508846686635e-05
3.443,0.002526001664816873,8.3703313766288e-05
3.44564,0.00247428579356271,8.210870127544324e-05
3.44829,0.003300867577691452,0.0001065341386051515
3.45093,0.002339225235849058,7.738518042650818e-05
3.45357,0.00304591877081021,9.92127145397486e-05
3.45622,0.001942833795782464,6.476637703466855e-05
3.45886,0.002937961431742512,9.650560028524471e-05
3.4615,0.002681163013318536,8.722556793915239e-05
3.46415,0.002952099056603772,9.601607890044455e-05
3.46679,0.001878525457824638,6.24990873682174e-05
3.46944,0.003172557644284128,0.0001030870237055897
3.47208,0.002741225027746948,8.965739452707354e-05
3.47472,0.003025158712541621,9.835705756553232e-05
3.47737,0.001686424528301886,5.602519507474458e-05
3.48001,0.003935494936182021,0.0001245591514871065
3.48265,0.003521747364039958,0.0001122416148881757
3.4853,0.002114911764705884,6.946876645683586e-05
3.48794,0.002810017758046614,9.166520503180508e-05
3.49059,0.001824362513873472,6.066130996086901e-05
3.49323,0.003265871462264153,0.0001040601603594117
3.49587,0.002188584905660377,7.102908442374015e-05
3.49852,0.003306945199778024,0.0001064723111180558
3.50116,0.002694623057713656,8.783967367337026e-05
3.5038,0.003300263249167592,0.0001059825648824438
3.50645,0.001716824084350718,5.680254773643806e-05
3.50909,0.003017139913984461,9.730611783676505e-05
3.51174,0.0005938443396226417,2.00715862019578e-05
3.51438,0.00339994082963374,0.0001095052399087095
3.51702,0.001199848501664817,3.998509981372666e-05
3.51967,0.003411608490566037,0.0001096351040695099
3.52231,0.003286542244728079,0.0001053273425598149
3.52495,0.001358132214206439,4.562718401950665e-05
3.5276,0.003082109808546062,9.875545615313001e-05
3.53024,0.0008266870837957798,2.775551415038629e-05
3.53288,0.003597824084350721,0.0001145346612575322
3.53553,0.003567843437846837,0.0001142513444378485
3.53817,0.003229639220310765,0.0001040676869047025
3.54082,0.003007539331298557,9.659236935853219e-05
3.54346,0.003001988207547168,9.673617537713693e-05
3.5461,0.002912414816870148,9.49202473963744e-05
3.54875,0.0007697130965593776,2.599232424721299e-05
3.55139,0.0032656448390677,0.0001045140955649484
3.55403,0.001750536001664815,5.8001993160409e-05
3.55668,0.002115827413984462,6.902549041455814e-05
3.55932,0.003442115635405108,0.0001102351776473502
3.56197,0.002435741537180909,7.921461967272965e-05
3.56461,0.003517011168146504,0.0001117970195294752
3.56725,0.003100676886792453,9.998637837569948e-05
3.5699,0.002450909267480576,8.017728868744681e-05
3.57254,0.001350417869034406,4.46166774098564e-05
3.57518,0.002541210599334073,8.230542371308725e-05
3.57783,0.002585374653163151,8.415900862455905e-05
3.58047,0.001838431465038846,6.073832082994107e-05
3.58312,0.002184075332963371,7.155121936007853e-05
3.58576,0.001827194159267481,6.005924396563222e-05
3.5884,0.001974803690344063,6.49667899520224e-05
3.59105,0.002462409822419535,8.012117259268861e-05
3.59369,0.001493522405660376,4.959568365611428e-05
3.59633,0.00166286487236404,5.473224392633278e-05
3.59898,0.002201955674250833,7.1757869112549e-05
3.60162,0.003604966148723642,0.0001153061212272059
3.60427,0.003612156284683686,0.0001154778012605106
3.60691,0.001914164816870146,6.280876654994393e-05
3.60955,0.002327878052164263,7.590913897201255e-05
3.6122,0.003881093923418422,0.0001231387188811599
3.61484,0.004160202136514985,0.0001319451836382822
3.61748,0.002706521920088791,8.723611105743522e-05
3.62013,0.000614384642064373,2.072441218486543e-05
3.62277,0.002937103010543839,9.473010807139092e-05
3.62541,0.002352891301331853,7.647207608715654e-05
3.62806,0.001991965246947835,6.582236124766112e-05
3.6307,0.003597604328523863,0.000114537706486415
3.63335,0.002727272821864592,8.876429727247467e-05
3.63599,0.002976054730854609,9.596557547443699e-05
3.63863,0.003965912805216428,0.0001253194115659423
3.64128,0.002766004786348504,8.952371071107542e-05
3.64392,0.002574931673140957,8.362464010335336e-05
3.64656,0.002533441315205331,8.217880354328882e-05
3.64921,0.002803821101553828,9.117143248929282e-05
3.65185,0.00338925520255272,0.0001084207493635379
3.6545,0.002539841703662597,8.231377563167245e-05
3.65714,0.002400134225860157,7.809670877391934e-05
3.65978,0.003143114941731407,0.0001010389141774209
3.66243,0.00225923640399556,7.382537845374898e-05
3.66507,0.001724254578246391,5.693505336552733e-05
3.66771,0.002249834975027746,7.348451090039948e-05
3.67036,0.00286502538845727,9.21149017588804e-05
3.673,0.002864938401775804,9.225703040704808e-05
3.67565,0.002170599264705882,7.056401914186002e-05
3.67829,0.002259513387902328,7.337777496024735e-05
3.68093,0.002213408157602666,7.256323748677427e-05
3.68358,0.003917264359045505,0.000122441548083068
3.68622,0.002847193118756936,9.192717070385326e-05
3.68886,0.00336473869311876,0.0001062446279292623
3.69151,0.002145249514428416,6.983795261350178e-05
3.69415,0.00344323959489456,0.0001086297220948363
3.6968,0.003687983490566038,0.0001152031383262668
3.69944,0.00225142362652608,7.328769407740958e-05
3.70208,0.002025333795782462,6.546064178619979e-05
3.70473,0.001543853357380689,5.066050826235505e-05
3.70737,0.002763866745283018,8.760546074782559e-05
3.71001,0.00202515524417314,6.517610106909881e-05
3.71266,0.001978759295227524,6.399763543729191e-05
3.7153,0.002423625208102112,7.842859975912579e-05
3.71794,0.002412408504439512,7.760755400229107e-05
3.72059,0.00379430410654828,0.0001188740023540108
3.72323,0.002808767896781353,8.932446067615674e-05
3.72588,0.001823568188124305,5.948380986739356e-05
3.72852,0.002742641995005547,8.73797379687076e-05
3.73116,0.000945108004994452,3.112073549317405e-05
3.73381,0.001322028163152057,4.357166258710911e-05
3.73645,0.002291293285238625,7.332407792872019e-05
3.73909,0.003115407394561597,9.9237021133081e-05
3.74174,0.001707539400665926,5.523719058225182e-05
3.74438,0.003753763734739177,0.0001173259076140082
3.74703,0.002997897544395113,9.579707954890883e-05
3.74967,0.003656272266925636,0.0001151863840898377
3.75231,0.003430251109877914,0.0001067795557904415
3.75496,0.002527919950055497,8.09297985727519e-05
3.7576,0.002027201720310766,6.527484041897004e-05
3.76024,0.001551817216981131,5.084649027342972e-05
3.76289,0.001819736195893453,5.895582837097062e-05
3.76553,0.003738552511098776,0.0001170412533536234
3.76818,0.002633574431187569,8.421551333410783e-05
3.77082,0.001879553274139845,6.063419848075816e-05
3.77346,0.002903095796337402,9.236460392553019e-05
3.77611,0.001914998057713652,6.208021813043422e-05
3.77875,0.001567955535516095,5.112546714565294e-05
3.78139,0.002427686112652607,7.80295188417702e-05
3.78404,0.002965098987236407,9.414449368993187e-05
3.78668,0.002189834766925639,7.042069164896886e-05
3.78933,0.002089779481132075,6.734594511017456e-05
3.79197,0.002397819922308547,7.957966064054767e-05
3.79461,0.002149347044950056,7.281724992408966e-05
3.79726,0.001645332477802443,5.660150590735355e-05
3.7999,0.001845424736403996,6.450675669689077e-05
3.80254,0.003492561043285237,0.0001189809071131102
3.80519,0.002398772197558268,8.44641982723567e-05
3.80783,0.002226236403995561,7.906861667055523e-05
3.81047,0.002825595241398446,0.000100344733331834
3.81312,0.002420267064372917,8.847434182646041e-05
3.81576,0.003554797724750276,0.0001263707803290503
3.81841,0.003662601692563819,0.0001297978929717392
3.82105,0.002590809031631523,9.574885651882e-05
3.82369,0.001918942216981133,7.165985127483724e-05
3.82634,0.002862422655382908,0.0001054495771730176
3.82898,0.0009938709073251948,3.829986108300468e-05
3.83162,0.002447283296337404,9.212944709728931e-05
3.83427,0.001871680979467258,7.185298443062549e-05
3.83691,0.003850575332963375,0.000143862351220548
3.83956,0.001340927164261929,5.272414778024986e-05
3.8422,0.002504243548834629,9.659366997497464e-05
3.84484,0.002329984045504995,9.065857527641171e-05
3.84749,0.004037294533851276,0.0001482616045385489
3.85013,0.002798455396781355,0.0001026846977632605
3.85277,0.002637296545504995,9.530866366874861e-05
3.85542,0.002247170435627083,8.222302793064275e-05
3.85806,0.003050499306326304,0.0001086758426001945
3.86071,0.00248546587125416,8.891001396546666e-05
3.86335,0.001369950957269703,4.976308423464682e-05
3.86599,0.003083785446725862,0.0001075110820516737
3.86864,0.001824014567147612,6.49612373638061e-05
3.87128,0.001891362860710325,6.768263700650864e-05
3.87392,0.002497373890122087,8.761384696228435e-05
3.87657,0.002330425846281908,8.20780935637433e-05
3.87921,0.003530153024417314,0.0001213956613110895
3.88186,0.002951094131520534,0.0001023564721893984
3.8845,0.003959974819644839,0.0001348056211946593
3.88714,0.003093331090455052,0.0001059525466879151
3.88979,0.002861690135960045,9.940109046677257e-05
3.89243,0.003406258809655938,0.0001164907988616168
3.89507,0.002194424458934516,7.580690996658982e-05
3.89772,0.002230569714206438,7.688527173122313e-05
3.90036,0.002793314026082129,9.483131281704655e-05
3.903,0.003488999167591566,0.0001166492282410468
3.90565,0.002639798557158715,8.969745878959998e-05
3.90829,0.003095089137069921,0.0001038583968665204
3.91094,0.001517134711431742,5.279758908259548e-05
3.91358,0.001423161625971139,4.928315749968522e-05
3.91622,0.001802123682019976,6.154390817158067e-05
3.91887,0.0033475679800222,0.0001120054113000023
3.92151,0.003756490080466148,0.0001233038960660855
3.92415,0.00190999632352941,6.498782931604121e-05
3.9268,0.003010554106548278,0.0001006053241857436
3.92944,0.002001018729189789,6.756827043084228e-05
3.93209,0.002536318743063261,8.495985347032043e-05
3.93473,0.002718553551609322,8.992039300321202e-05
3.93737,0.002800762832963375,9.274619492500125e-05
3.94002,0.001124380688124305,3.862064964729759e-05
3.94266,0.003392963582130969,0.0001114445306630151
3.9453,0.002827540996115428,9.379676310029127e-05
3.94795,0.003072518382352942,0.0001011930340048605
3.95059,0.002151922308546061,7.252201675767827e-05
3.95324,0.002895289886237514,9.634322241090695e-05
3.95588,0.003458322627635958,0.0001134452862770991
3.95852,0.002112180840732523,7.125352661403592e-05
3.96117,0.002558992508324084,8.570224266444891e-05
3.96381,0.002116987999445061,7.10789491194668e-05
3.96645,0.002885281839622643,9.526677693848553e-05
3.9691,0.001530461986681465,5.202389681235999e-05
3.97174,0.004457822488901221,0.0001439683407966369
3.97439,0.002292623265815758,7.728386089980947e-05
3.97703,0.002093526775804662,6.970015341769249e-05
3.97967,0.001876785724195337,6.323274519246795e-05
3.98232,0.003038062499999997,9.977664120241471e-05
3.98496,0.003336451997780247,0.0001092960470197787
3.9876,0.002782111057158714,9.195115599844055e-05
3.99025,0.003094452760821311,0.0001017237192030102
3.99289,0.003571412180910098,0.0001172696228227483
