0.0431807,68.75024211293008,0.4842581718478349
0.0458244,59.36176385960045,0.4326800414835472
0.0484682,52.04622881520533,0.3997843842389092
0.0511119,45.95041735571587,0.3913374531356192
0.0537556,40.12225773446171,0.3414691208667482
0.0563993,35.68964581714761,0.3333360247013901
0.059043,31.79773336015539,0.2934704827631571
0.0616867,28.26645653648724,0.2854526212132678
0.0643304,25.66989379370145,0.2668894082066497
0.0669742,23.13171497780245,0.2414329852115032
0.0696179,21.02536336639845,0.2353305188225026
0.0722616,18.9989880195616,0.2095732846579162
0.07490529999999999,17.19847052372364,0.1982001135661098
0.07754900000000001,15.76694109947281,0.1880091129653289
0.08019270000000001,14.45370836570477,0.1729773757952928
0.08283649999999999,13.25941208657048,0.1677153851236392
0.08548020000000001,12.10891785932298,0.1524008953235546
0.08812390000000001,11.1626619963929,0.1527563047423503
0.0907676,10.31107996531632,0.1450165717897438
0.0934113,9.470365844200888,0.1362570870880905
0.096055,8.832343876248613,0.1337682734117706
0.0986987,8.134363156215317,0.1228724167597055
0.101342,7.546658107658159,0.1183007757792081
0.103986,6.959303523862376,0.1071094158880257
0.10663,6.442994327830189,0.1034536145385568
0.109274,6.022672485432852,0.09950586343386203
0.111917,5.655921184794672,0.09287755965677258
0.114561,5.28132769145394,0.08753185382591892
0.117205,4.988037879439512,0.08385813771206858
0.119848,4.614651349195339,0.07843062495854843
0.122492,4.3401059309101,0.07312089015945232
0.125136,4.034312401498336,0.06986034169156127
0.12778,3.822562989039956,0.0664489006561763
0.130423,3.550746961015538,0.06279005289141278
0.133067,3.338073727108768,0.05992473063108036
0.135711,3.183440158851277,0.05572685751606601
0.138354,3.023333274139845,0.05418355149710638
0.140998,2.79667949500555,0.05025517741050767
0.143642,2.620095867785794,0.04741328963958117
0.146286,2.489159302857936,0.04458060793427969
0.148929,2.318552255826859,0.04164822601198657
0.151573,2.183012103912319,0.04046708566582469
0.154217,2.075700091564928,0.03786242372371659
0.15686,1.988222370283019,0.03671455789256336
0.159504,1.849302373751387,0.03407105454153615
0.162148,1.790634343784684,0.0331078617289606
0.164792,1.704861469894562,0.03223874194696824
0.167435,1.600265090177581,0.02974493069730707
0.170079,1.526103038290788,0.02866738942056859
0.172723,1.436531112652609,0.02695593724925454
0.175366,1.364109504023308,0.02594088174971728
0.17801,1.303114877913429,0.02469387274382673
0.180654,1.250250141509434,0.02363918630923476
0.183298,1.159228033435072,0.02231793179507855
0.185941,1.121650931603774,0.02144347627499684
0.188585,1.074174859877914,0.02062943104555225
0.191229,1.019913140260821,0.01976728765091456
0.193872,0.9614068597391788,0.01861694652421584
0.196516,0.9163434322974473,0.01794575641975456
0.19916,0.8544839525527191,0.01682757422321221
0.201804,0.8618712049112098,0.01722763585664695
0.204447,0.8026167015815759,0.01590812961744351
0.207091,0.7693412513873474,0.01518553580479915
0.209735,0.7314918354605993,0.0145471363079308
0.212378,0.7145135002774695,0.01425818361218693
0.215022,0.6860652844062154,0.01370202924949292
0.217666,0.6428655923973363,0.01306972604867636
0.22031,0.6168612444506105,0.01273455833282849
0.222953,0.5971105979467259,0.01217016116163074
0.225597,0.5712057352941177,0.01159927607990285
0.228241,0.5558433150665927,0.01145598086307758
0.230885,0.5277679286903441,0.01093640768799479
0.233528,0.5200034975027747,0.01084916168434876
0.236172,0.4928554349334073,0.01032861459179213
0.238816,0.4635536965871255,0.009796652434614311
0.241459,0.4583354800221976,0.009624634851987033
0.244103,0.4364745366259711,0.009131379010605171
0.246747,0.4211951886792453,0.008961878514750351
0.249391,0.4095044076026638,0.008780204662084961
0.252034,0.3919552108768035,0.00850610787120583
0.254678,0.3719024458934518,0.00804060243793929
0.257322,0.3745078801331854,0.008069142891922031
0.259965,0.3576122280799112,0.007755653234946575
0.262609,0.3470571039123198,0.00756500184552846
0.265253,0.3387620310765815,0.007496088425784681
0.267897,0.3253919721143175,0.007148247567210719
0.27054,0.3102010529966703,0.006879185962079602
0.273184,0.301829431881243,0.006653834886343401
0.275828,0.287528569644839,0.006409819034758961
0.278471,0.2847766086293008,0.006431903739941324
0.281115,0.2765387867647059,0.006269119863652852
0.283759,0.274844263318535,0.006236422965148738
0.286403,0.2671171448390677,0.005961312309130081
0.289046,0.2469756305493896,0.005690601558074479
0.29169,0.2432657859322975,0.005581158540074639
0.294334,0.2423411175083241,0.005599250341761172
0.296977,0.2312637985571587,0.005396671382060492
0.299621,0.2279781971420644,0.005267490825318574
0.302265,0.2201591016925638,0.005140777845499886
0.304909,0.2180652407047725,0.005070236091561462
0.307552,0.2062021115427303,0.004907748474462033
0.310196,0.2036669076026637,0.004815981437980404
0.31284,0.1982989594894562,0.004694106325277995
0.315483,0.1963662527746948,0.004663413415365644
0.318127,0.1924924085044395,0.004560407109261952
0.320771,0.1836478064650389,0.004394880320428076
0.323415,0.1893418035516093,0.004494615680127128
0.326058,0.1738068292175361,0.004196785157642333
0.328702,0.1740720241398446,0.00425605552546772
0.331346,0.1677008242924528,0.004081380193546799
0.333989,0.1704657577691454,0.004103044064670563
0.336633,0.1617965323251942,0.003914934726340582
0.339277,0.1588186119589345,0.003856300883542571
0.341921,0.155154778718091,0.003840593919400101
0.344564,0.155019795990566,0.00379520327232867
0.347208,0.1519246198668147,0.003746873684104066
0.349852,0.1446139386792453,0.003585252060701109
0.352495,0.1454325314234184,0.003602274760633949
0.355139,0.1375857352941177,0.003453143150924468
0.357783,0.1335939874445061,0.003387699546216789
0.360427,0.1350802510405106,0.003398982915222684
0.36307,0.1323031256936737,0.003313269061928711
0.365714,0.1258685262902331,0.003213650956002716
0.368358,0.1283618026498335,0.003210420933961045
0.371001,0.1240051273584906,0.003156606001255798
0.373645,0.1199318340732519,0.003086302960497857
0.376289,0.1207668787458379,0.003067072926789299
0.378933,0.1130231160516093,0.002946592273967905
0.381576,0.1173230577136515,0.002961748978698249
0.38422,0.115531869173141,0.002960112175425939
0.386864,0.1126482103218646,0.002883975133046366
0.389507,0.1105433020255272,0.002861968020142045
0.392151,0.1041904449223086,0.002762400654789115
0.394795,0.1048529217536071,0.002720375676647826
0.397439,0.1028732948806881,0.002693405819674523
0.400082,0.1053890344062153,0.00271383707516091
0.402726,0.101233268590455,0.002652153487216155
0.40537,0.09591975124861266,0.002550394532005808
0.408013,0.09990882769145396,0.002584162431829673
0.410657,0.09382536834073253,0.002506159522841965
0.413301,0.09433155528579358,0.002485194990978178
0.415945,0.09817374784961154,0.002569766391892179
0.418588,0.09280648189511655,0.002474271796595725
0.421232,0.09173553392064374,0.002440989563789656
0.423876,0.0924464646226415,0.002492319964879105
0.426519,0.0882297623473918,0.002421783110113406
0.429163,0.08953160960044397,0.002518123524077583
0.431807,0.08310409274417314,0.002435337793792025
0.434451,0.08423559260543839,0.002498473225726563
0.437094,0.07946561383185349,0.002458513782092338
0.439738,0.08550888533573807,0.002587432329976148
0.442382,0.08557086334628192,0.002639916326180363
0.445025,0.07952137687291899,0.002506852711427983
0.447669,0.08291562007491678,0.002599349293258026
0.450313,0.0767340237236404,0.002502239992092995
0.452957,0.07681995511931188,0.002468431097710003
0.4556,0.07647025492508323,0.002448715631577429
0.458244,0.07165960529966703,0.002304524603264834
0.460888,0.0754184714900111,0.002401640069388351
0.463531,0.07139655299667039,0.002338763224707812
0.466175,0.07064607311320754,0.002290664739167093
0.468819,0.0743038790926748,0.002424418315077781
0.471463,0.06383165781076583,0.002121725216213643
0.474106,0.07106524590732519,0.002339142320292979
0.47675,0.07104441717536071,0.002332715799507967
0.479394,0.06975888908157601,0.002313039836157626
0.482037,0.06423644117647059,0.002211777824206326
0.484681,0.06891172579078801,0.002203736609720837
0.487325,0.06236598716703663,0.002060092177058709
0.489969,0.06080249313263042,0.001971479011472806
0.492612,0.06411018458657049,0.002047717526264117
0.495256,0.0637260422447281,0.001999815805305821
0.4979,0.06560133088235294,0.002017380074178194
0.500543,0.06514974868201998,0.001993875681275598
0.5031870000000001,0.06443831437291898,0.0019619641981461
0.505831,0.06237502004716981,0.001920444571092595
0.508475,0.05828899694783574,0.001822678124764333
0.511118,0.05729094152330743,0.001774620880314013
0.5137620000000001,0.05784862229467259,0.001788890385968113
0.516406,0.06085218770810211,0.001833263649040041
0.519049,0.0613156710599334,0.00185288876815136
0.521693,0.05733580375971144,0.001742488703920506
0.5243370000000001,0.06020418729189789,0.001802653869154942
0.526981,0.05824661841009989,0.001763225884344462
0.529624,0.05795613096559378,0.00173193776957557
0.532268,0.05872074160654829,0.001754506471237884
0.5349120000000001,0.05619650256659268,0.001683084628016452
0.537555,0.04980251678690345,0.001545706267870833
0.540199,0.05243189525527193,0.001608751444764283
0.542843,0.05490018125693674,0.001651034265780341
0.5454870000000001,0.05685735412042175,0.001686023797831375
0.54813,0.05109268264428413,0.001531289216250474
0.550774,0.05234097357103219,0.001578196378216152
0.553418,0.05104419672586016,0.001534398442089557
0.556061,0.05116342341842397,0.001538018715314805
0.558705,0.05121466315205327,0.001547583651520004
0.561349,0.05496944096836848,0.001586277570725421
0.563993,0.05245208074361821,0.001549312136892962
0.566636,0.05350412971698114,0.001558272983393894
0.56928,0.04790875492508324,0.001452035863288259
0.571924,0.05063826650943396,0.001501123293928588
0.574567,0.0509874562291898,0.001502531663260746
0.577211,0.05320912125416205,0.001543561860179328
0.579855,0.04573012999445061,0.001371044578221886
0.582499,0.04782685925360711,0.001429070306503252
0.5851420000000001,0.05030593160377359,0.001467976105537338
0.587786,0.04662754869589345,0.001404931593725417
0.59043,0.04600432117092119,0.001379082918884832
0.593073,0.0474958360155383,0.001387885375660522
0.5957170000000001,0.04695427296059934,0.001382400931032666
0.598361,0.04718637402885682,0.001390198269556874
0.601005,0.04431780507769146,0.00131885137795166
0.603648,0.04671485356548279,0.001362592699386491
0.6062920000000001,0.04949365455049945,0.001416820661769028
0.608936,0.04379061084905661,0.001297692840497595
0.611579,0.04617900645116537,0.001334611654581199
0.614223,0.04549045192841288,0.001320331798043221
0.6168670000000001,0.04352556243063263,0.00127765116112041
0.619511,0.04285256936736959,0.001254678698717857
0.622154,0.04474991828523863,0.001297630735095083
0.624798,0.04612920657602665,0.001315086756609129
0.6274420000000001,0.04119627885682575,0.001206967173119784
0.630085,0.04334560987791343,0.00126026893612748
0.632729,0.04368295109600444,0.00125741207760746
0.635373,0.03799751304106549,0.001136394002340125
0.6380169999999999,0.0403249676054384,0.001176092672248374
0.64066,0.04379442910654828,0.001256539726011991
0.643304,0.0425070926054384,0.001230046118013215
0.645948,0.0426815718645949,0.001226698925762692
0.6485919999999999,0.04175038630688125,0.001203795306870686
0.651235,0.03921183337957825,0.001159910823369343
0.653879,0.04165715489733629,0.001206960556044512
0.656523,0.03902808546059934,0.001144724978890486
0.659166,0.0389561131381798,0.001144811377934255
0.66181,0.03974157769145394,0.001144851290295933
0.664454,0.04048213193673695,0.001173372569068891
0.667098,0.03892071184794672,0.001143748633265649
0.669741,0.04064141370699223,0.001177129601546105
0.672385,0.0415493234600444,0.001187378361493325
0.675029,0.04093855334350722,0.001167033494506087
0.6776720000000001,0.03687794637902331,0.001078644701503888
0.680316,0.041012940690899,0.001168333204274667
0.68296,0.0406460079772475,0.001149614923981539
0.685604,0.04105932977247503,0.001168297272100138
0.6882470000000001,0.04022160911487236,0.001141850056556004
0.690891,0.03826352518035516,0.001103785325127921
0.693535,0.04000265905937847,0.001132482333724638
0.696178,0.03835960425915649,0.001099095895537484
0.6988220000000001,0.03610790135960044,0.001055503968285675
0.701466,0.03830776248612652,0.00109152304186627
0.70411,0.03801482796892342,0.001092295212967666
0.706753,0.03670000367647058,0.001050417734137602
0.7093970000000001,0.03617798057713652,0.001044710735391768
0.712041,0.03557875450887903,0.001032584078591192
0.714684,0.04252157817702553,0.001166325857556904
0.717328,0.0367957119173141,0.001050211173478618
0.7199719999999999,0.03663994166204218,0.00104672705647729
0.722616,0.03814759253607104,0.001071368419717598
0.725259,0.03702100742230854,0.00105085353930462
0.727903,0.03702862104605994,0.001036211538784254
0.7305469999999999,0.03556689227247503,0.001021088296466901
0.73319,0.03742552296059933,0.00105472801783077
0.735834,0.03647339421476138,0.001026569123120997
0.738478,0.03413127323806882,0.0009740679696558149
0.7411219999999999,0.03725145116537181,0.001041009599883081
0.743765,0.03451939636514983,0.0009900296840954102
0.746409,0.03356079626803551,0.0009525010525474831
0.749053,0.03563163096559379,0.00100646409255369
0.751696,0.03667242203107658,0.001016196874951169
0.75434,0.03653383851276361,0.001022793471303845
0.756984,0.03408129252219756,0.0009566397904525991
0.759628,0.03358799562985572,0.0009535323143142435
0.762271,0.03415040572974473,0.0009622525311242084
0.764915,0.03529339927857936,0.0009794708693555238
0.767559,0.03681761424805772,0.001022779528687469
0.7702020000000001,0.03420087173973363,0.0009543430780359636
0.772846,0.03500380230299667,0.0009687722098041841
0.77549,0.03326484926470589,0.0009407946592920027
0.778134,0.03435915774139845,0.0009508018530160305
0.7807770000000001,0.03311169318812431,0.000933151470504911
0.783421,0.03402126026637069,0.0009451221656425294
0.786065,0.03236770067980023,0.0009124318403043414
0.788708,0.03599931908990012,0.0009863798354516986
0.7913520000000001,0.03396121885405106,0.0009355841701189086
0.793996,0.03416646621809102,0.0009451010804960223
0.79664,0.03598438713928968,0.0009750557108986401
0.799283,0.03020826546892342,0.0008568393634921313
0.8019269999999999,0.03268665337125417,0.0009078189562906333
0.804571,0.03389798869311876,0.0009269124317060968
0.807214,0.03430418215871254,0.0009396599921506288
0.809858,0.03109600117924529,0.0008635529434625279
0.8125019999999999,0.03264176137624861,0.000909168793208276
0.815146,0.03421806305493896,0.0009269001124134155
0.817789,0.03259009815482797,0.0008962708115193168
0.820433,0.03354497613762486,0.0009195727775070521
0.8230769999999999,0.03593452316870144,0.0009569955556137098
0.82572,0.03201948383740289,0.0008856554852742246
0.828364,0.03407650825471698,0.0009189794683649498
0.831008,0.0322832160099889,0.0008877290258355423
0.8336519999999999,0.03103935224750278,0.0008512597307369525
0.836295,0.0326210791481687,0.0008874132974696141
0.838939,0.0336884881381798,0.0009111562912443413
0.841583,0.03400683421198668,0.0009036042154668371
0.844226,0.03195662909267481,0.0008793616963813962
0.84687,0.0325771279827969,0.0008797901363220088
0.849514,0.03273893465593785,0.0008830494366677204
0.852158,0.03084753516925639,0.0008480220776503712
0.854801,0.03180063679245283,0.0008488446805968523
0.857445,0.03027847745560488,0.0008307244951959197
0.860089,0.03324659350721421,0.000880825922851988
0.8627320000000001,0.03338490233074362,0.0008850134360854704
0.865376,0.03172272419533852,0.0008821873789476916
0.86802,0.03191668847114317,0.0008800603074420502
0.870664,0.03290551415094339,0.00091390487228832
0.8733070000000001,0.03032675277469479,0.000847303131936856
0.875951,0.03349347315482797,0.0009293796265920656
0.878595,0.02964832762208657,0.0008485679287673284
0.881238,0.03253563991398446,0.0009047907760179429
0.8838819999999999,0.03223777233629301,0.000913514747670397
0.886526,0.03004163790233074,0.0008465786326039974
0.88917,0.03245142078246394,0.0009070259895317978
0.891813,0.03283714948668146,0.0009158516732796371
0.8944569999999999,0.03408206853496116,0.0009205474526104
0.897101,0.03200810002774695,0.000871115733566813
0.899744,0.0291183131936737,0.0008084944729658082
0.902388,0.03079606652330743,0.0008396150698745404
0.9050319999999999,0.03052601408157603,0.0008229633313238903
0.907676,0.03290524632352941,0.0008714866876847161
0.910319,0.03054707172586016,0.0008274214212888985
0.912963,0.03235819624028857,0.0008610776711427375
0.9156069999999999,0.02838561979744728,0.0007813974482417967
0.91825,0.03342160842119867,0.0008675887054760633
0.920894,0.03220708892896781,0.0008540378180511073
0.923538,0.03028523952552719,0.0008123216210922874
0.9261819999999999,0.02940223314372919,0.0007878204492168809
0.928825,0.03183157887069923,0.0008457004167987458
0.931469,0.02976694311875694,0.0007949465736887036
0.934113,0.03205677823251942,0.0008483027557987638
0.936756,0.029681565690899,0.0007861511862371379
0.9394,0.03079806034961155,0.0008111081506311062
0.942044,0.02961460883740289,0.000782669477984809
0.944688,0.03016108663984462,0.0007966372040078832
0.947331,0.03194462950887902,0.0008327207471837148
0.949975,0.02952213512763596,0.0007786492186540473
0.952619,0.0311518122918979,0.0008125293712394269
0.9552619999999999,0.0304159461709212,0.0007975664205918712
0.957906,0.02967251907602664,0.0007819654567552577
0.96055,0.03171249868201998,0.0008252620481736731
0.963194,0.03100831860432853,0.0007925090237197647
0.9658369999999999,0.03183413124306327,0.0008226610257455152
0.968481,0.02764539747502775,0.0007343927260708796
0.971125,0.0312174162735849,0.0007995432273115446
0.973768,0.03172851338790234,0.0008078835725887165
0.9764119999999999,0.03031310731132076,0.0007753903993082835
0.979056,0.02956443125693673,0.0007679308341268127
0.9817,0.0320872189927858,0.0008109854321279127
0.984343,0.03087435911487237,0.0007834123662987761
0.9869869999999999,0.02978274264705882,0.000759793118656215
0.989631,0.03035260613207548,0.0007813454076518077
0.992274,0.030697737236404,0.0008087120813887625
0.994918,0.03101276408157603,0.0008125029973697473
0.9975619999999999,0.03095165135960044,0.000819877865505858
1.00021,0.02976587638734739,0.0008029808689251846
1.00285,0.03166198002219756,0.0008370039077712676
1.00549,0.02872116863207547,0.0007948811643818084
1.00814,0.02931117869034406,0.0008004703171205819
1.01078,0.03198623432297447,0.0008593332974132147
1.01342,0.02998536438679246,0.0008234457096096226
1.01607,0.02811314775249723,0.0007930821899256576
1.01871,0.02906197329356271,0.0008070785648376065
1.02136,0.03312212014428413,0.0008939560627051341
1.024,0.03016647294672586,0.0008419013077922531
1.02664,0.03015480070754717,0.0008428184314758928
1.02929,0.03011313408712542,0.0008452237407355393
1.03193,0.03131013491953386,0.00086736729683399
1.03457,0.02999385703385128,0.0008386138571327447
1.03722,0.03089534121809101,0.0008672547587180252
1.03986,0.02822980147058824,0.000803206931420487
1.04251,0.02752739088512763,0.0007949494867701591
1.04515,0.02949985738068812,0.0008223360543313834
1.04779,0.029915536972808,0.0008235040277907867
1.05044,0.03154903926193119,0.0008481727791475997
1.05308,0.02956494630965594,0.000794476371689996
1.05572,0.02935013041065483,0.0007955918324524795
1.05837,0.03002150506381799,0.0007947030905915679
1.06101,0.028033628190899,0.0007631313417854545
1.06365,0.02967861958934518,0.000784133476052327
1.0663,0.02873005958657047,0.0007657851277251002
1.06894,0.02896432845449501,0.0007692665114473777
1.07159,0.0309654089900111,0.0007966004172099107
1.07423,0.02996842029689235,0.0007854542013093033
1.07687,0.02718994207824639,0.000721049564938093
1.07952,0.02981018465593785,0.0007771287150946498
1.08216,0.02911924028856826,0.0007586432726666408
1.0848,0.02707942549944506,0.0007053331700660392
1.08745,0.02867691759156493,0.0007436831183397249
1.09009,0.0268124381936737,0.0007024118232269607
1.09274,0.03103288089622642,0.000787486346661379
1.09538,0.02664932443118757,0.0007000664578943863
1.09802,0.02763300416204218,0.0007127435664121412
1.10067,0.02837745678412875,0.0007317354480359384
1.10331,0.0295686478218646,0.000744833273362774
1.10595,0.02945352781631521,0.0007467046984064591
1.1086,0.02799190663152053,0.0007160485569411058
1.11124,0.02794834232796893,0.0007153782016538972
1.11389,0.02807052427857935,0.0007197692576397463
1.11653,0.02631336584350721,0.0006721648214141824
1.11917,0.02806404148168701,0.0007164620351739691
1.12182,0.02714990760266371,0.0006922845394417589
1.12446,0.02915808899833519,0.0007351199448960657
1.1271,0.02802826019700333,0.0007080107669982961
1.12975,0.02643704716981132,0.0006738783343145769
1.13239,0.02794243410099889,0.000706065062750249
1.13504,0.02838184274417314,0.0007111616928392401
1.13768,0.02712718805493896,0.0006876688654577943
1.14032,0.02897231291620422,0.0007238433291591483
1.14297,0.02537504051054384,0.0006542259636265442
1.14561,0.02778011466426194,0.0007056076044198205
1.14825,0.02735450714483906,0.0006838956715489364
1.1509,0.02566629710044395,0.0006558173791690891
1.15354,0.02609902608213097,0.0006633326804939962
1.15618,0.02861236202830189,0.000707015472920761
1.15883,0.02718000499445061,0.0006893767575688093
1.16147,0.02579425908712541,0.0006499010420808053
1.16412,0.02825755480022198,0.0007055876115773489
1.16676,0.02748910758879024,0.0006788172376372072
1.1694,0.02702615073529411,0.0006764683644591674
1.17205,0.02600586334628191,0.0006531966562037051
1.17469,0.02508682158712542,0.0006346696766962502
1.17733,0.02622423196448391,0.0006582695223017425
1.17998,0.02621844963928968,0.0006506562611016179
1.18262,0.02486343521087681,0.0006294356427126248
1.18527,0.02648177892619312,0.0006569146736981486
1.18791,0.02403846268035516,0.0006123225538270864
1.19055,0.02492200929522752,0.0006296882980038805
1.1932,0.02734120276082131,0.0006671139093979443
1.19584,0.02598063263041066,0.000647149215833041
1.19848,0.02534563901220866,0.0006294624118559106
1.20113,0.02668761917314096,0.0006590178236487525
1.20377,0.0256676156354051,0.0006369188761560735
1.20642,0.02559088880410655,0.0006356312320432474
1.20906,0.02402785259433962,0.0006071954764977922
1.2117,0.02583553426748058,0.0006330056218653854
1.21435,0.02545494693396226,0.0006297500634574437
1.21699,0.0230566875,0.0005811233851893364
1.21963,0.02580262354328524,0.0006344186317915477
1.22228,0.02510070740843507,0.000623354401002136
1.22492,0.02466457678967813,0.0006087767042720526
1.22757,0.02463001102941177,0.0006102682067895017
1.23021,0.022784181118202,0.0005709178765250948
1.23285,0.02491638491953385,0.0006125093914549478
1.2355,0.02490124694783574,0.0006141035415391551
1.23814,0.02620228842952276,0.0006352977276983452
1.24078,0.02379023473917869,0.0005939003968980823
1.24343,0.02213884753052164,0.0005591029959802926
1.24607,0.02338599847391787,0.0005800106171832572
1.24871,0.02167080424528301,0.0005467437881648417
1.25136,0.02257255625693674,0.0005621229216051634
1.254,0.02140152094894562,0.0005413628955081127
1.25665,0.0222467064372919,0.0005566674425355491
1.25929,0.02205205542452831,0.0005538794713963244
1.26193,0.02202468437846837,0.0005467497796064112
1.26458,0.02371963589067703,0.0005800025523379515
1.26722,0.02066731215316315,0.0005235495064399782
1.26986,0.02199889740566038,0.0005483532851736731
1.27251,0.02222519325749168,0.0005535238258805076
1.27515,0.02181198362930078,0.0005413033574517442
1.2778,0.02217885224750277,0.0005508047906545258
1.28044,0.02096638152053274,0.00052174684489108
1.28308,0.02206593208934517,0.0005446220789152851
1.28573,0.02022178926193119,0.0005124001558357671
1.28837,0.02143372204495005,0.0005280084247677836
1.29101,0.02178581437291897,0.0005443477605659907
1.29366,0.02180730008324084,0.0005358251787035047
1.2963,0.01998345262208657,0.0005023321090725465
1.29895,0.02052328281076581,0.0005134488312857673
1.30159,0.02134052039400666,0.0005236212388346019
1.30423,0.02124272905105438,0.0005285361068701987
1.30688,0.0215084001109878,0.0005247813869713288
1.30952,0.01936249819644839,0.0004880723388608938
1.31216,0.01992757741398447,0.0004951330195303956
1.31481,0.02027589039955605,0.0005037809234116422
1.31745,0.0192745729744728,0.0004833060392571382
1.3201,0.01789785307991121,0.0004520894929176475
1.32274,0.02037075395394006,0.0005026986183888845
1.32538,0.01885781749445061,0.0004697666216929017
1.32803,0.01852692931465039,0.0004631503333296465
1.33067,0.02005245366259712,0.0004983620220490334
1.33331,0.01863041599611542,0.0004623338067416119
1.33596,0.01744628461431743,0.00044309062764283
1.3386,0.01726523557158713,0.0004382125994314403
1.34124,0.0180560292036626,0.0004525571405243654
1.34389,0.01867648460044395,0.0004646508296658822
1.34653,0.02159543486403996,0.0005172839511240831
1.34918,0.01826263401775805,0.0004576658748944726
1.35182,0.01932416911764706,0.0004739884613829619
1.35446,0.0178413323390677,0.0004483336784705155
1.35711,0.01870212506936737,0.0004639767514263906
1.35975,0.01772032241953385,0.0004448083696608473
1.36239,0.01772739809933408,0.0004458447600071924
1.36504,0.01657941426193119,0.0004171809590012062
1.36768,0.01756387916204217,0.0004409967717743295
1.37033,0.01873906922863485,0.0004632876675597164
1.37297,0.01703418292175361,0.0004295435867971953
1.37561,0.01804633247780244,0.0004538720368165813
1.37826,0.0180594445754717,0.0004459736860751823
1.3809,0.01692041349889012,0.0004281192390166991
1.38354,0.01655515184517203,0.0004196225990183213
1.38619,0.01713966800776915,0.0004321007076240864
1.38883,0.01833654751664817,0.0004523607391269021
1.39148,0.01796414837680356,0.0004465036268663727
1.39412,0.01564698571032187,0.0004003683596915439
1.39676,0.01606241578801332,0.0004048587759584098
1.39941,0.01581834947280799,0.0004015551637382685
1.40205,0.0160138337264151,0.0004042735321255369
1.40469,0.01802509628190899,0.0004498924775529575
1.40734,0.01595032429245283,0.0004028450773160452
1.40998,0.01617275152608213,0.0004065087759557239
1.41263,0.01573200603496116,0.0003962101611518014
1.41527,0.01629591322142065,0.0004085564064407817
1.41791,0.01655280320477248,0.0004152497829152882
1.42056,0.01358355403718091,0.0003530506824792605
1.4232,0.01430178704217536,0.0003668691932037944
1.42584,0.01596766211154273,0.0004006947727668111
1.42849,0.01574450006936737,0.0003975919873885828
1.43113,0.01571927164261931,0.0003970072707456682
1.43377,0.01497282290510544,0.0003803183896835759
1.43642,0.01479467647058823,0.0003744833385098745
1.43906,0.01661043874861266,0.0004139454053840591
1.44171,0.01584646906215317,0.0003971593556487454
1.44435,0.01405086251387347,0.0003593931740743974
1.44699,0.01491694769700333,0.0003768579993221241
1.44964,0.01440685321864595,0.0003679922126536572
1.45228,0.01430052573529412,0.0003635556439689912
1.45492,0.0138730823390677,0.0003539530339434813
1.45757,0.01454631804938957,0.0003671955628400883
1.46021,0.01480245262208657,0.000373298251773869
1.46286,0.01359224354883463,0.0003476764243725287
1.4655,0.0142841676609323,0.0003629655177601386
1.46814,0.01412106076581576,0.0003571698305617388
1.47079,0.01413324347946726,0.0003600917605340053
1.47343,0.01343742556881243,0.0003425175246828955
1.47607,0.01350450374583796,0.0003467044187480252
1.47872,0.01300373286625971,0.0003320656156650447
1.48136,0.01504160418978912,0.0003775516051148341
1.48401,0.01221363970588235,0.0003193777306863311
1.48665,0.01271021691176471,0.0003266069421298205
1.48929,0.01352266793840178,0.0003430707457899675
1.49194,0.0123843487791343,0.0003166515582928983
1.49458,0.01344687964761376,0.0003448020636790443
1.49722,0.01439994006659267,0.0003602731135020618
1.49987,0.01272556777192009,0.0003259390176379106
1.50251,0.01271439913984462,0.0003284004423628765
1.50516,0.01337076859045505,0.000338085190230922
1.5078,0.01297722710876803,0.0003304365515674971
1.51044,0.01325949660099889,0.0003368208928194696
1.51309,0.01237014248057713,0.0003168259305900578
1.51573,0.01288760793562708,0.0003296371141747536
1.51837,0.01261497565205327,0.0003200953196662732
1.52102,0.01276436841009989,0.0003245820594033776
1.52366,0.01229910412042176,0.0003128189442436793
1.5263,0.01157101415094339,0.0002967334886630385
1.52895,0.01230949445061043,0.0003158117093228485
1.53159,0.01389193784683685,0.0003484282371415379
1.53424,0.01306712097669257,0.0003328602652577358
1.53688,0.0122544112791343,0.0003129164566001233
1.53952,0.01326486917314095,0.0003324209024121005
1.54217,0.01146878648723641,0.0002934731502174096
1.54481,0.01277692196170922,0.0003230424257532718
1.54745,0.01112892036625971,0.0002898976441168428
1.5501,0.01247996316592675,0.0003208636085699164
1.55274,0.01110317230854606,0.0002946104506604075
1.55539,0.01122417764983352,0.0002990452297681105
1.55803,0.01196825943396226,0.0003177924104239016
1.56067,0.01098872988346282,0.0002986117389552071
1.56332,0.009422248543285243,0.0002599438888134233
1.56596,0.01294355868479467,0.0003462080458917758
1.5686,0.01012221892341842,0.0002792052018802321
1.57125,0.009566444991675914,0.0002711351931211255
1.57389,0.01186294603218646,0.0003233334517811063
1.57654,0.009765028718091009,0.000273653868949331
1.57918,0.01126552608213097,0.0003145332007363588
1.58182,0.01151325728357381,0.0003182882955141067
1.58447,0.009602141578801335,0.0002749149742062168
1.58711,0.01220816870144284,0.000334657103427342
1.58975,0.01045692536071032,0.0002951725599307087
1.5924,0.01164713436459489,0.0003293474019719264
1.59504,0.009911182366814651,0.0002821526479937376
1.59769,0.01035953919256382,0.000297098809555927
1.60033,0.00990282935627081,0.0002844414387697564
1.60297,0.01172220158157603,0.0003283879010539901
1.60562,0.01108860890677026,0.0003131436204893342
1.60826,0.01029770997502775,0.0002874870163348214
1.6109,0.00857332262763596,0.0002454498279306898
1.61355,0.01167359205049944,0.0003146862981771761
1.61619,0.009515134295227526,0.00026446142230589
1.61883,0.01047853697280799,0.0002870687769601708
1.62148,0.008968633601553829,0.0002483957666970038
1.62412,0.01034477892619312,0.0002833180460898027
1.62677,0.0102115015954495,0.0002758324536424678
1.62941,0.01067992487513874,0.0002896629123260027
1.63205,0.009540859461709213,0.0002603419503195884
1.6347,0.01080826227802442,0.0002889514000367971
1.63734,0.007806024556048834,0.0002187059011905408
1.63998,0.009912665718645951,0.0002684731044050682
1.64263,0.009800045435627078,0.0002646522339476018
1.64527,0.01070591557991121,0.0002834974219931529
1.64792,0.01022999771087681,0.0002745540104531241
1.65056,0.009875316384572697,0.0002659022155167383
1.6532,0.009845649347946727,0.0002640646636036527
1.65585,0.009697053204772476,0.0002619116469010301
1.65849,0.008227257561043283,0.0002243717612668835
1.66113,0.009341325749167592,0.0002520290609461241
1.66378,0.009606239109322975,0.0002587559450235875
1.66642,0.01018511716148724,0.0002718685578190617
1.66907,0.01015489386792453,0.0002725788471167613
1.67171,0.008617944506104327,0.0002337192441896334
1.67435,0.009831843645948947,0.0002629580655550985
1.677,0.007914519839067703,0.0002172411968055531
1.67964,0.009249447211431743,0.0002481596165313654
1.68228,0.00807921996392897,0.0002205172931487524
1.68493,0.009046031145948949,0.0002431908475344802
1.68757,0.007721338443396228,0.000211787277333113
1.69022,0.007599616606548279,0.0002078343220749164
1.69286,0.008880564164816869,0.0002386326960145883
1.6955,0.01021209905660377,0.0002705787987154415
1.69815,0.01002631381798002,0.0002651523430617429
1.70079,0.008762317216981133,0.0002376742204324938
1.70343,0.009189511098779132,0.0002433523609021103
1.70608,0.00804395144284129,0.0002179630942125318
1.70872,0.01039191426193119,0.0002704811862009689
1.71137,0.008300953593229745,0.0002241692554996473
1.71401,0.008282510127635959,0.0002239349567126806
1.71665,0.01021216773029967,0.0002677966188944289
1.7193,0.008096072488901221,0.000219538835268627
1.72194,0.00810275215038846,0.0002184143879745637
1.72458,0.008750871600998892,0.0002340847046907245
1.72723,0.006708827205882353,0.0001843338015823533
1.72987,0.007362172724750278,0.000200561193062509
1.73251,0.009519840732519427,0.0002522421359351679
1.73516,0.00796240600721421,0.0002127875794104362
1.7378,0.009812196101553827,0.0002571500540933745
1.74045,0.008222661001664818,0.0002197318807466439
1.74309,0.008468732588790233,0.0002261274744801858
1.74573,0.00810354876526082,0.0002176025998505679
1.74838,0.007767038498890123,0.0002075853515412255
1.75102,0.007618005133185351,0.000207501524946707
1.75366,0.007942698945615985,0.0002113014564894136
1.75631,0.007278940205327413,0.0001966058531698778
1.75895,0.009107201096004441,0.0002405023882430167
1.7616,0.008780614178690346,0.0002317939419279318
1.76424,0.007347016440066596,0.00019933197417538
1.76688,0.007300755549389569,0.000195462658663783
1.76953,0.008397140260821306,0.0002230549143857164
1.77217,0.008076750000000002,0.000215935643362796
1.77481,0.00920276054384018,0.0002415254369273903
1.77746,0.007517874306326305,0.0002031127957460708
1.7801,0.006136047377913432,0.0001674720103626966
1.78275,0.007696203870699221,0.0002064771169310787
1.78539,0.00715708788845727,0.0001910161640635408
1.78803,0.007920075541065483,0.0002097241213852687
1.79068,0.008397163152053272,0.000222601348195151
1.79332,0.009020196101553831,0.0002335276574255423
1.79596,0.00679248321309656,0.0001854540627220029
1.79861,0.007129716842397336,0.0001900422832403907
1.80125,0.007563370629855717,0.000201907652159648
1.8039,0.007465622780244173,0.0001999291192640206
1.80654,0.008158350374583795,0.0002149292913815986
1.80918,0.006699043493340734,0.0001825215802035891
1.81183,0.00611445636792453,0.0001670919077798074
1.81447,0.005931942286348503,0.0001625884511934133
1.81711,0.006498440760266368,0.0001758747976071168
1.81976,0.006800243340732519,0.0001827953480086719
1.8224,0.006163615288568259,0.0001693013168122296
1.82504,0.007004975652053273,0.0001882533132875349
1.82769,0.006326735918423976,0.0001734480771589845
1.83033,0.007101299667036624,0.0001907210736971456
1.83298,0.006241910169256383,0.0001697648973648182
1.83562,0.007430113901220867,0.0001995668536850115
1.83826,0.007782515260821312,0.000208827768527036
1.84091,0.006565452552719202,0.0001798116484767526
1.84355,0.00812095296892342,0.000215856906772141
1.84619,0.007185875901775803,0.0001941417885880956
1.84884,0.00650737291897891,0.0001757992568736678
1.85148,0.006354676956159825,0.000174497858552176
1.85413,0.006503447072697001,0.0001784985984881286
1.85677,0.00597294735016648,0.0001634597100042018
1.85941,0.00662286147336293,0.0001810681443737907
1.86206,0.007019488693118761,0.00018837109146079
1.8647,0.007044490496670367,0.0001910617833911292
1.86734,0.005506936806326304,0.0001527562795933927
1.86999,0.006494327205882354,0.0001763548008146321
1.87263,0.006231675499445058,0.0001724571964660649
1.87528,0.005192315135960043,0.0001446479191143304
1.87792,0.007603208240843509,0.000204354621356046
1.88056,0.007136874930632631,0.0001929538807949264
1.88321,0.005953180771365148,0.0001633403934773931
1.88585,0.007152392896781351,0.0001949978165328216
1.88849,0.007184639775249723,0.000192472078889031
1.89114,0.006060783296337404,0.0001673270153910022
1.89378,0.007129350582685904,0.000191288300400032
1.89643,0.006752183199223083,0.0001838448568148597
1.89907,0.006455171753607105,0.0001772017678348032
1.90171,0.006210350027746948,0.0001689591966531868
1.90436,0.005816215663152055,0.0001608150005241027
1.907,0.006372250554938954,0.0001734436817609141
1.90964,0.00667270942008879,0.000182328420232161
1.91229,0.006613059447835736,0.0001806225668041699
1.91493,0.005693356132075472,0.0001571088068202334
1.91757,0.006930311320754719,0.0001873393308699832
1.92022,0.005614585113762486,0.0001561859740367573
1.92286,0.006350506173695892,0.0001746924356343394
1.92551,0.005111646434517202,0.0001417089720328179
1.92815,0.005614360779689235,0.0001548731394128855
1.93079,0.006430316453940068,0.0001769836454686126
1.93344,0.007046951304106546,0.0001896865130964185
1.93608,0.006590637486126528,0.0001793266326800877
1.93872,0.007017185835183131,0.0001894924082632296
1.94137,0.006716836847946726,0.0001843591264568339
1.94401,0.005761725374583797,0.0001595215194605844
1.94666,0.00665907311320755,0.0001807310667948374
1.9493,0.006978726276359602,0.0001894244043407233
1.95194,0.007617226831298555,0.0002032287866964697
1.95459,0.005885239594894559,0.0001621928683820675
1.95723,0.006611995005549387,0.000180750906845351
1.95987,0.006226891231964486,0.0001701637972486508
1.96252,0.008466280937846838,0.0002251348441099267
1.96516,0.006092006936736958,0.0001666638451847876
1.96781,0.005890719755826857,0.0001621691512543282
1.97045,0.00628281908990011,0.0001717647821462152
1.97309,0.00606204918146504,0.0001668632466627488
1.97574,0.006040980091564929,0.0001666181274943362
1.97838,0.007006131659267481,0.0001892855735195499
1.98102,0.006046334350721422,0.0001671538465661781
1.98367,0.006090219131520535,0.0001666024805158154
1.98631,0.006638388596004439,0.0001804806678181626
1.98896,0.005788842327968923,0.000159952414806974
1.9916,0.00580473342119867,0.0001600689581199352
1.99424,0.004444914123196446,0.000124529438236398
1.99689,0.006129795782463928,0.000167024576766963
1.99953,0.005795560904550499,0.0001589104458523378
2.00217,0.00532236709211987,0.0001472423652716732
2.00482,0.005168785238623749,0.0001434492915613707
2.00746,0.004631612721975584,0.0001295435995997926
2.0101,0.006480326928412876,0.0001743866702402447
2.01275,0.005014486889567151,0.0001395200866496919
2.01539,0.005846624375693674,0.0001586785275022201
2.01804,0.005826560210876805,0.0001606387963491432
2.02068,0.006767453940066591,0.0001825138009476787
2.02332,0.005312116398446172,0.0001461884198827557
2.02597,0.004728474680910096,0.0001319862763934979
2.02861,0.00499287298834628,0.0001375197534628955
2.03125,0.005219505341287462,0.0001443687699652537
2.0339,0.005405180701997778,0.0001485144393127914
2.03654,0.005228703038290788,0.0001451194226545398
2.03919,0.005841304453385127,0.0001593639539642428
2.04183,0.005631080535516094,0.000153509507334522
2.04447,0.004991137832963377,0.0001384229867045823
2.04712,0.005956362652608214,0.0001618176381823603
2.04976,0.004625750277469475,0.0001289926811215594
2.0524,0.004747174528301887,0.0001323209360608602
2.05505,0.006481611126526082,0.0001747227514883166
2.05769,0.00494672426470588,0.0001373961931097051
2.06034,0.004870862721975583,0.0001339309073612142
2.06298,0.005457759572697003,0.000150143351708004
2.06562,0.00567015357935627,0.0001543473958946083
2.06827,0.005398663568257489,0.0001477740412887473
2.07091,0.004317105507769146,0.0001212299513903508
2.07355,0.005536924320199779,0.0001508983789024345
2.0762,0.004413248682019979,0.0001234486179626172
2.07884,0.005468504716981131,0.0001492907615950211
2.08149,0.004638308407325197,0.0001287831156693605
2.08413,0.004955102455604881,0.0001378952069449943
2.08677,0.005793299250832408,0.0001566156618319624
2.08942,0.005741180493895672,0.0001581174733432338
2.09206,0.00644954051054384,0.0001740016764981728
2.0947,0.005459888457269701,0.0001500292481055593
2.09735,0.006040348293562705,0.0001641871454480163
2.09999,0.004326921268035514,0.0001212263043299843
2.10263,0.004656369589345174,0.0001310480188269154
2.10528,0.005242044048279692,0.0001428314257043472
2.10792,0.004090063401775808,0.0001157628495008407
2.11057,0.004525113554384019,0.0001273928373886997
2.11321,0.004631855369034405,0.0001330964371516994
2.11585,0.004166762763596006,0.0001227280065627938
2.1185,0.004594993618201999,0.0001325286566948513
2.12114,0.004325410446725859,0.0001285339519098764
2.12378,0.005852800430077692,0.0001663682430121761
2.12643,0.00512652344617092,0.0001496367005097044
2.12907,0.005900942980022196,0.0001726161313382668
2.13172,0.002547688817980022,7.907431016079335e-05
2.13436,0.00433257082408435,0.0001313720443978125
2.137,0.004289567355715871,0.0001295469183313357
2.13965,0.005996248335183132,0.0001774366934183655
2.14229,0.004538477455604885,0.0001375383440894503
2.14493,0.004344146920088787,0.0001333669027734443
2.14758,0.00447473453107658,0.000138043206153979
2.15022,0.004513860224750276,0.0001374949524410075
2.15287,0.005792209628190902,0.0001751119222147464
2.15551,0.005201730299667038,0.0001581197529389424
2.15815,0.005146129786348506,0.0001576099152633766
2.1608,0.003569088720865705,0.0001125455435211469
2.16344,0.004145473917869034,0.0001285260826974713
2.16608,0.005627408781908988,0.000170143623088894
2.16873,0.003681855507769147,0.0001137086238138533
2.17137,0.003838552857935627,0.0001167148134218907
2.17402,0.004810770948945615,0.0001425851782829412
2.17666,0.005756565690899004,0.0001683428061972697
2.1793,0.004468242577691454,0.0001326658470826463
2.18195,0.002466958310210881,7.574018813133968e-05
2.18459,0.005278507491675915,0.0001535539924036121
2.18723,0.005172656145948945,0.000150839786259226
2.18988,0.004642566176470588,0.0001360643529239326
2.19252,0.004477758462819092,0.0001311732058195565
2.19516,0.003833741120976695,0.0001133000714617563
2.19781,0.005149970935072141,0.0001496265444924083
2.20045,0.004108390122086572,0.0001205954378323787
2.2031,0.0035558804800222,0.0001058564040388918
2.20574,0.004206311945061041,0.0001232065531256143
2.20838,0.006102243895671476,0.000173219786813702
2.21103,0.00432853052164262,0.0001269116410969005
2.21367,0.004614231409544953,0.0001349118413623478
2.21631,0.003565950332963371,0.000106179463700997
2.21896,0.002586784753052163,7.777260201306612e-05
2.2216,0.003206551123751387,9.494265353332727e-05
2.22425,0.00341089428412875,0.0001012933646015213
2.22689,0.00373087479189789,0.0001100663865929125
2.22953,0.003390418077136516,9.993317846338778e-05
2.23218,0.005179026775804663,0.0001499833422788086
2.23482,0.003109661695338515,9.255930847477577e-05
2.23746,0.004840367022752497,0.0001413676090822078
2.24011,0.004906779064927858,0.0001415696026071899
2.24275,0.004426248612652606,0.0001300921519088687
2.2454,0.003997427164261933,0.0001175413341576864
2.24804,0.004538994797447283,0.0001328497124147064
2.25068,0.003957811598224195,0.0001170189157055549
2.25333,0.005061201026637072,0.0001457588362064056
2.25597,0.005757678204772475,0.0001648491383759521
2.25861,0.004461924597669259,0.000130490388505786
2.26126,0.004569030382907882,0.000133709748338768
2.2639,0.003263593784683685,9.73813157493957e-05
2.26655,0.004858805910099889,0.0001413504238448438
2.26919,0.004359825124861267,0.0001294453159249152
2.27183,0.005329964692008881,0.0001529321980831838
2.27448,0.004121662458379582,0.0001211702598985414
2.27712,0.003500353218645948,0.0001038639728941283
2.27976,0.005062043423973362,0.0001486535001613806
2.28241,0.002380564511653718,7.292301107387602e-05
2.28505,0.003726303412874584,0.0001103478184966009
2.28769,0.003502385960044397,0.0001042315837392554
2.29034,0.003648795990566041,0.0001072872998135333
2.29298,0.004184446240288566,0.0001235256234754633
2.29563,0.003952892272475029,0.000116212402602249
2.29827,0.005746752219755825,0.000164237257520916
2.30091,0.00170281922863485,5.342591550390399e-05
2.30356,0.002225654966703661,6.726324228258902e-05
2.3062,0.003970355993340732,0.0001179624166962859
2.30884,0.003321737513873473,9.903836160504613e-05
2.31149,0.003295774278579354,9.955539695659364e-05
2.31413,0.004665434517203107,0.0001364360859573328
2.31678,0.005069702830188682,0.0001475345828743681
2.31942,0.003460023446170924,0.0001038516110440466
2.32206,0.002584596351276358,7.771157966193298e-05
2.32471,0.00481811216703663,0.0001410476069956609
2.32735,0.004148516162597117,0.0001229956009587301
2.32999,0.00356832644284129,0.0001064208997364187
2.33264,0.004376290788013318,0.0001307543993340336
2.33528,0.004230217258601554,0.0001230039651680403
2.33793,0.005927792105993343,0.0001704781723363578
2.34057,0.004157986265260821,0.0001223185754587061
2.34321,0.003960377705327412,0.0001173096140804105
2.34586,0.003470837264150942,0.000105053399534085
2.3485,0.004206037250277469,0.0001239320717054038
2.35114,0.004258368895671474,0.0001254256363228562
2.35379,0.003538512902330743,0.0001050920327427569
2.35643,0.003697735155382909,0.0001095295942594255
2.35908,0.003540440344062154,0.0001065783456151804
2.36172,0.004293667175360708,0.0001264624855928788
2.36436,0.002780790233074361,8.419797347937222e-05
2.36701,0.004001112652608212,0.0001176656085046756
2.36965,0.003578769422863483,0.0001064535467015156
2.37229,0.004777867092119871,0.0001395703518421121
2.37494,0.003587156770255272,0.0001069837023813933
2.37758,0.00540348446170921,0.0001579931866921937
2.38022,0.003579492785793563,0.0001057199540348062
2.38287,0.002203954078801336,6.835344345359143e-05
2.38551,0.003703510613207547,0.0001089683972459385
2.38816,0.004050250971143178,0.000120285662823985
2.3908,0.003167047724750279,9.570451942676883e-05
2.39344,0.004049781700887902,0.0001200469640402347
2.39609,0.002445896087680357,7.491036924399158e-05
2.39873,0.003727800499445062,0.0001103992203897038
2.40137,0.003673674181465039,0.0001096715237124332
2.40402,0.003174620144284128,9.418776209112176e-05
2.40666,0.004434944991675919,0.0001302372498765097
2.40931,0.002395246947835739,7.332887830214191e-05
2.41195,0.002441256034961152,7.40252699627725e-05
2.41459,0.004215063263041068,0.0001248654922839656
2.41724,0.00413495539678135,0.0001213482869039033
2.41988,0.003857520532741398,0.000114676377160839
2.42252,0.004461649902885684,0.0001315126625650631
2.42517,0.004058764220310767,0.000119154287246536
2.42781,0.002821783851276362,8.5914256828429e-05
2.43046,0.004428597253052165,0.0001296445043469614
2.4331,0.005337811806326306,0.0001544563363174254
2.43574,0.004290879023307436,0.00012633267030193
2.43839,0.004291600097114319,0.0001270341143339239
2.44103,0.002272334766925637,6.959493308012327e-05
2.44367,0.004087858976137624,0.000120629996900183
2.44632,0.003575521157047723,0.00010693876792988
2.44896,0.004193948390677023,0.0001234790252014243
2.45161,0.003181968229744729,9.550139516444407e-05
2.45425,0.004419452205882355,0.0001306428294809329
2.45689,0.002478106340177578,7.500680648178318e-05
2.45954,0.003881075610432855,0.0001159216145784527
2.46218,0.003923911972807989,0.0001167119533491115
2.46482,0.003950330743618202,0.0001163331739584784
2.46747,0.003168856132075475,9.504769127590077e-05
2.47011,0.003358246739733629,0.0001014865218529317
2.47275,0.004904119103773585,0.0001443809462428821
2.4754,0.002665313124306326,8.052231929577053e-05
2.47804,0.003817394492230854,0.0001136538543407849
2.48069,0.002993195685349613,9.063819623804587e-05
2.48333,0.003153489248057713,9.587369016825921e-05
2.48597,0.00448984274417314,0.0001327846708179626
2.48862,0.003971548626526083,0.0001175636855542442
2.49126,0.00422273640399556,0.0001259337791561789
2.4939,0.002967983282463928,8.943556519516281e-05
2.49655,0.003611535932297446,0.0001085463812890711
2.49919,0.004436652677580463,0.0001304973105167235
2.50184,0.001862403163152057,5.758296249688833e-05
2.50448,0.004021488138179798,0.0001198391411620311
2.50712,0.004786078177025525,0.000141081677799112
2.50977,0.002559894422863485,7.806399475166583e-05
2.51241,0.004356412042175363,0.0001282534451599172
2.51505,0.003781871878468368,0.0001133532764303315
2.5177,0.003689450818534965,0.000111123680046979
2.52034,0.004670932991120976,0.0001367216067572207
2.52299,0.003768546892341846,0.0001131281205655822
2.52563,0.003634445477247501,0.000109042932195615
2.52827,0.002793971004439515,8.532932545407978e-05
2.53092,0.002488611126526084,7.619997057536275e-05
2.53356,0.002442302164261933,7.447651112564552e-05
2.5362,0.002922979120421752,8.928795236724472e-05
2.53885,0.003222462819089898,9.738605504118016e-05
2.54149,0.004454253745837956,0.0001317488924996916
2.54414,0.004525500416204219,0.0001340136744800017
2.54678,0.004176498404550498,0.0001243675299193455
2.54942,0.003627250763041068,0.0001089717257436157
2.55207,0.002389672932852385,7.348869356131721e-05
2.55471,0.004152828870699225,0.000123395436669389
2.55735,0.003622155174805773,0.000109154556326943
2.56,0.003964610294117646,0.0001191518829003508
2.56264,0.003722178412874585,0.0001128363207083161
2.56529,0.00257537805216426,7.842528981529654e-05
2.56793,0.003482092882907882,0.0001052392563456185
2.57057,0.002966870768590456,9.002325764569204e-05
2.57322,0.002157356687014429,6.695184360608754e-05
2.57586,0.002651434170366259,8.098998686375271e-05
2.5785,0.003026680979467261,9.191801525694224e-05
2.58115,0.003514479397891233,0.000107005458951639
2.58379,0.003536610640954494,0.0001067885898547557
2.58643,0.003594566662042174,0.0001083270064455196
2.58908,0.004504623612652608,0.0001333570881616067
2.59172,0.003503427511098781,0.000105735772915615
2.59437,0.003405274486681465,0.0001034953319861949
2.59701,0.003673184309100999,0.0001101341300664765
2.59965,0.002767728496115431,8.458812865559977e-05
2.6023,0.004623811390122089,0.0001368405444634626
2.60494,0.003236717189234184,9.876502696491106e-05
2.60758,0.003285207685904553,0.000100986365664553
2.61023,0.003938223571032185,0.0001183199598388619
2.61287,0.002731578662597114,8.41159777991138e-05
2.61552,0.004052121184794674,0.0001219164897972881
2.61816,0.002718949569922309,8.347749125808395e-05
2.6208,0.002411035030521642,7.429910686265588e-05
2.62345,0.00288829890399556,8.866914004004312e-05
2.62609,0.002166815344062157,6.758988361671767e-05
2.62873,0.00434093070199778,0.0001297404905554041
2.63138,0.00239782907880133,7.423247841643517e-05
2.63402,0.003778712888457271,0.0001139940348776526
2.63667,0.004663463582130963,0.0001385611568623167
2.63931,0.003020816245837956,9.323509673945312e-05
2.64195,0.003579087610987792,0.0001084707589058218
2.6446,0.003074537389012208,9.332621555516995e-05
2.64724,0.003270973917869035,9.925549916426745e-05
2.64988,0.003251104328523862,9.971835023549303e-05
2.65253,0.003298718091009991,0.0001011037722655262
2.65517,0.00240263852663707,7.451149578949094e-05
2.65782,0.001663487513873472,5.233183114753803e-05
2.66046,0.003005346351276363,9.223357888757101e-05
2.6631,0.003351244311875692,0.0001019097515420931
2.66575,0.00359865503607103,0.0001083275719980573
2.66839,0.002673228912319646,8.310724360801161e-05
2.67103,0.001256401290233074,4.080665309461144e-05
2.67368,0.003147764150943395,9.994346159192704e-05
2.67632,0.00356069908435072,0.0001139064039742768
2.67896,0.003079243826304108,9.878360950594905e-05
2.68161,0.004490330327413983,0.00014359024333441
2.68425,0.003531714206437289,0.0001160450343942388
2.6869,0.002226444714206439,7.482257703664942e-05
2.68954,0.003498780591009989,0.0001152162565081533
2.69218,0.002960529897336293,9.870783477936361e-05
2.69483,0.003604515191453941,0.0001207812680499141
2.69747,0.002317208448945616,7.962411033282909e-05
2.70011,0.002257242577691455,7.663269249452041e-05
2.70276,0.001950559586570478,6.862340445037724e-05
2.7054,0.00454725395394007,0.0001507400245653219
2.70805,0.004373170713096557,0.0001472949258849966
2.71069,0.004544809170366261,0.0001511573617879388
2.71333,0.003147528371254163,0.0001090385049029769
2.71598,0.004076143243618205,0.0001402738653681116
2.71862,0.00412801477524972,0.0001425561876698086
2.72126,0.003687278440621534,0.000128588933306725
2.72391,0.00322037284961154,0.0001128704447123909
2.72655,0.0035163679245283,0.0001206773703999992
2.7292,0.003595740982241953,0.0001215816506689019
2.73184,0.00484272939789123,0.0001578325879043235
2.73448,0.003441843229744729,0.0001145883610343284
2.73713,0.001937129300776915,6.526948256107775e-05
2.73977,0.002510758393451721,8.469701216411495e-05
2.74241,0.003144158781908992,0.0001036403074880795
2.74506,0.002912856617647057,9.538744366771612e-05
2.7477,0.001591783018867926,5.386788331481493e-05
2.75035,0.00334339033018868,0.0001078771471618805
2.75299,0.004194831992230853,0.0001345536415954495
2.75563,0.002202770602108768,7.213833701194935e-05
2.75828,0.003520314372918981,0.0001125093814612015
2.76092,0.00286433407325194,9.391677299121516e-05
2.76356,0.003146926331853495,0.0001012140993227466
2.76621,0.002921770463374027,9.436945893274039e-05
2.76885,0.003141480507769147,0.0001015349809570279
2.77149,0.002778750624306327,8.999458220521161e-05
2.77414,0.002973825124861263,9.607040554840877e-05
2.77678,0.001884882352941175,6.170835842734554e-05
2.77943,0.003106807158712541,9.928634149406479e-05
2.78207,0.003239924250832408,0.0001038796890023252
2.78471,0.004248548557158712,0.0001342542053457276
2.78736,0.003243460946170921,0.0001038612413550304
2.79,0.003218907810765814,0.0001021594159631012
2.79264,0.003931193673695892,0.0001240311920910754
2.79529,0.002913664678135405,9.353440313232012e-05
2.79793,0.002672484947280798,8.591202514902165e-05
2.80058,0.004249471073806881,0.0001315806072337627
2.80322,0.00346450326026637,0.0001103842916796229
2.80586,0.0035159192563818,0.0001118675676634962
2.80851,0.00377807422308546,0.0001185488978676596
2.81115,0.00335702205882353,0.0001057598579835082
2.81379,0.003333167105993341,0.0001053372809903332
2.81644,0.003063240566037733,9.797154877898428e-05
2.81908,0.00419083289400666,0.0001303907116415627
2.82173,0.003521690135960044,0.0001109095037878069
2.82437,0.002537731132075474,8.104490098225432e-05
2.82701,0.00292253274139845,9.266468130815612e-05
2.82966,0.00341118958102109,0.0001080044918078027
2.8323,0.003608866814650385,0.0001124453738660335
2.83494,0.003514635058268593,0.0001102847768143555
2.83759,0.00228484253607103,7.281819322988273e-05
2.84023,0.002087087472253052,6.733939189533753e-05
2.84288,0.002678397752497225,8.606618229182246e-05
2.84552,0.00176787839900111,5.665279013462139e-05
2.84816,0.003755890330188682,0.0001183037000264297
2.85081,0.003278328870699223,0.0001033906182642563
2.85345,0.003069876734184239,9.700503546925535e-05
2.85609,0.003875606895116537,0.0001204873174145717
2.85874,0.001470899001109881,4.798070540821759e-05
2.86138,0.004366335391231964,0.0001355755062989039
2.86402,0.003157886653718091,9.993963321653909e-05
2.86667,0.003311072488901221,0.0001043992536294115
2.86931,0.004384520185904549,0.0001352242404099093
2.87196,0.002053579286903439,6.582252376972077e-05
2.8746,0.002389215108213098,7.729186896132855e-05
2.87724,0.002934459073251944,9.329881581036379e-05
2.87989,0.002989594894561598,9.498175044829838e-05
2.88253,0.003364335807436182,0.0001059702814769012
2.88517,0.002704351831298557,8.685054521493746e-05
2.88782,0.003202242993895672,0.0001017250070880809
2.89046,0.003532611542730297,0.000109733731351114
2.89311,0.003080150319089898,9.808544787217519e-05
2.89575,0.003703164955604883,0.0001161835057620568
2.89839,0.003454598224195336,0.0001076756931755807
2.90104,0.0009231026637069952,3.063007376546324e-05
2.90368,0.003335623335183131,0.0001040926961684119
2.90632,0.002333717605438402,7.489798662990695e-05
2.90897,0.00246906430355161,7.952870701996387e-05
2.91161,0.003414025804661488,0.000107328875405816
2.91426,0.003060047239178691,9.62808387756516e-05
2.9169,0.004522169741953387,0.0001400452851514554
2.91954,0.002185435072142068,7.058167593519171e-05
2.92219,0.003604089414539403,0.0001113563627025464
2.92483,0.004270164747502773,0.000131921011766427
2.92747,0.003064250069367368,9.65453851170564e-05
2.93012,0.004355967952275248,0.0001355611140082808
2.93276,0.002298288845726972,7.368047122942285e-05
2.93541,0.002860948460044394,8.995807403224203e-05
2.93805,0.002697976623196448,8.550746275049566e-05
2.94069,0.004082365080466149,0.0001258543254912133
2.94334,0.002508629508879027,8.071264962099667e-05
2.94598,0.002997258879023307,9.363379374956402e-05
2.94862,0.003412830882352944,0.0001075368738109652
2.95127,0.002951913637624863,9.378782980746921e-05
2.95391,0.002250725443951167,7.207825203840054e-05
2.95655,0.002734989456159822,8.662691938263e-05
2.9592,0.003735800985016647,0.0001148880348164372
2.96184,0.003153635751942287,9.973862267780918e-05
2.96449,0.002978172169811322,9.518030629961193e-05
2.96713,0.004186316453940067,0.0001292731344136949
2.96977,0.003907343299112097,0.0001218200734598149
2.97242,0.002637857380688122,8.38539323388925e-05
2.97506,0.004344897752497229,0.0001352566961920562
2.9777,0.002250146295782464,7.214946905613309e-05
2.98035,0.003379943049389566,0.0001057832255192211
2.98299,0.002058908365704774,6.670982765865854e-05
2.98564,0.0026694564372919,8.464080140102135e-05
2.98828,0.003197314511653719,0.000100872021456782
2.99092,0.002276098085460599,7.256910071929007e-05
2.99357,0.003461577760821309,0.0001085791654097406
2.99621,0.003872012971698114,0.0001210207273268379
2.99885,0.003540957685904553,0.0001108316960091626
3.0015,0.002839513110432852,9.005200791345946e-05
3.00414,0.001841027330743618,5.969370090333912e-05
3.00679,0.003608777538845726,0.0001125466182075705
3.00943,0.003770895532741397,0.0001178932306279157
3.01207,0.001634610224750276,5.266932276544222e-05
3.01472,0.001959871739733628,6.353501365542088e-05
3.01736,0.002581576997780244,8.249783870541919e-05
3.02,0.003387998473917872,0.000106174684680678
3.02265,0.003803927580466148,0.0001181944794675119
3.02529,0.002210203385127635,7.062047845056313e-05
3.02794,0.002411181534406215,7.721889611623805e-05
3.03058,0.001684732866259712,5.437229643442725e-05
3.03322,0.00292196732796892,9.267539044104794e-05
3.03587,0.0032158884572697,0.0001010766007462783
3.03851,0.001909492716426192,6.094164994316138e-05
3.04115,0.003309820338512762,0.000103674667031662
3.0438,0.001978942425083244,6.346322114167752e-05
3.04644,0.002747872641509435,8.642228447329539e-05
3.04908,0.003883772197558266,0.000120712274854248
3.05173,0.00201460696448391,6.452975124991969e-05
3.05437,0.002608545158157604,8.27647004299489e-05
3.05702,0.003579918562708105,0.0001108027853619896
3.05966,0.001812747502774692,5.750198549881538e-05
3.0623,0.002828440621531632,8.919610185376199e-05
3.06495,0.005014773029966704,0.0001509316409937848
3.06759,0.002917411972807988,9.138961659283372e-05
3.07023,0.003361559100998891,0.000104724715439846
3.07288,0.003689002150388457,0.0001142432577361958
3.07552,0.002176704356270809,6.972478780989479e-05
3.07817,0.003472913498890124,0.0001084339411825622
3.08081,0.002978481201442843,9.298008906846528e-05
3.08345,0.00265164705882353,8.364651885491535e-05
3.0861,0.002315464137069921,7.329997974277965e-05
3.08874,0.001337072280799112,4.320756884157667e-05
3.09138,0.002772208310210876,8.723818807370247e-05
3.09403,0.002328058892896782,7.38851937824473e-05
3.09667,0.003215222322419531,0.0001010469248869486
3.09932,0.001639744728079911,5.22930977557905e-05
3.10196,0.003097904758601555,9.67081171836176e-05
3.1046,0.003810611820199778,0.0001171316172976672
3.10725,0.002652494034406218,8.350709046751152e-05
3.10989,0.002123514289678136,6.787025708362405e-05
3.11253,0.003328135613207547,0.0001032729975297924
3.11518,0.002460354189789122,7.789141983871264e-05
3.11782,0.002767815482796893,8.669603852406585e-05
3.12047,0.003523585529966702,0.0001088467544703082
3.12311,0.001187965663152052,3.866870488357926e-05
3.12575,0.002145203731964486,6.793854901504299e-05
3.1284,0.002143857727524975,6.842363626213592e-05
3.13104,0.002610543562708103,8.237168814386756e-05
3.13368,0.002919916273584905,9.238553048484142e-05
3.13633,0.00280689539400666,8.789267431185126e-05
3.13897,0.003165786417869037,9.837448053692883e-05
3.14161,0.002547677372364041,8.097345498669387e-05
3.14426,0.004174071933962264,0.0001289373630025127
3.1469,0.003031256936736961,9.494639424100335e-05
3.14955,0.002431231964483907,7.702156346466279e-05
3.15219,0.003038451650943394,9.478737718940369e-05
3.15483,0.004085780452275251,0.0001249952532949322
3.15748,0.00269919214761376,8.499284406330046e-05
3.16012,0.001387286487236403,4.488904185133365e-05
3.16276,0.00167102559655938,5.394549049567069e-05
3.16541,0.002629078593229745,8.333002131300779e-05
3.16805,0.001829620629855715,5.856679838311934e-05
3.1707,0.00277127205882353,8.727623363158237e-05
3.17334,0.001447284406215318,4.648388679353523e-05
3.17598,0.001751506589900111,5.635059072020893e-05
3.17863,0.001605453662597115,5.156882773081204e-05
3.18127,0.002286751664816874,7.247540048923422e-05
3.18391,0.00323026644006659,0.0001004793772718052
3.18656,0.00275444242508324,8.623047346762286e-05
3.1892,0.002409295296892341,7.678034334144636e-05
3.19185,0.001687910169256384,5.414244904608575e-05
3.19449,0.004032391231964484,0.0001235863929261168
3.19713,0.004575417036625974,0.0001391065116306867
3.19978,0.00294137909267481,9.158665113676384e-05
3.20242,0.004711645047169811,0.0001421563442780906
3.20506,0.002732112028301887,8.533186941617324e-05
3.20771,0.003147551262486128,9.746973719961887e-05
3.21035,0.002701364525527191,8.447846174754084e-05
3.213,0.003003588304661486,9.33170332445028e-05
3.21564,0.004003234669811322,0.0001205913235355566
3.21828,0.002370242855160932,7.438057978309976e-05
3.22093,0.004420246531631519,0.0001334575628390779
3.22357,0.001285784475582684,4.138542783884187e-05
3.22621,0.00265996115427303,8.275511136521996e-05
3.22886,0.002436029966703661,7.605265708270191e-05
3.2315,0.003910271087680355,0.0001223647609017611
3.23414,0.003352851276359601,0.0001079305125383803
3.23679,0.002462986681465041,8.124649313488812e-05
3.23943,0.003060788915094337,0.0001006665646862785
3.24208,0.002675055632630413,9.008099754027177e-05
3.24472,0.002824432366814651,9.588347579074509e-05
3.24736,0.001982444783573807,6.811489967288718e-05
3.25001,0.003712181811875694,0.0001252758162894645
3.25265,0.003810820130410651,0.0001301385696593208
3.25529,0.003923580049944507,0.0001351334437079069
3.25794,0.002357041481687015,8.301505402617534e-05
3.26058,0.002673228912319641,9.421085130568044e-05
3.26323,0.001746841356825748,6.292770093229622e-05
3.26587,0.002680954703107659,9.572668871642674e-05
3.26851,0.003273814719755827,0.0001168981321151002
3.27116,0.001987995907325197,7.247333278699621e-05
3.2738,0.001274109947280797,4.7332404630837e-05
3.27644,0.001999249236958936,7.389642400019891e-05
3.27909,0.002679583518312986,9.842633614511082e-05
3.28173,0.0038963211709212,0.0001388093443105756
3.28438,0.002897237930077692,0.0001074423494470719
3.28702,0.003504620144284127,0.0001239565168732138
3.28966,0.003999462194783573,0.0001387272254804023
3.29231,0.003123737513873475,0.000108470679594876
3.29495,0.003053259988901221,0.0001052725738456625
3.29759,0.002274912319644842,7.926674285221488e-05
3.30024,0.002583680701997784,8.889808785452308e-05
3.30288,0.001754457269700335,6.133546816718951e-05
3.30553,0.002658798279689235,9.080330184499556e-05
3.30817,0.00288514678135405,9.784057627746382e-05
3.31081,0.002422510405105435,8.309792212999924e-05
3.31346,0.00140089761376249,4.912048089258938e-05
3.3161,0.003136329980577138,0.0001052376902845927
3.31874,0.003258770602108768,0.0001096347179596622
3.32139,0.003292594686459494,0.0001098870020605448
3.32403,0.003358509988901221,0.0001124574063663375
3.32667,0.002366081229189786,7.986893209729696e-05
3.32932,0.002794367022752498,9.369175174439698e-05
3.33196,0.003281638942841287,0.0001097195966205387
3.33461,0.002223546684239736,7.572589863895218e-05
3.33725,0.00352192591564928,0.0001164527916923276
3.33989,0.002719894977802444,9.122266921720069e-05
3.34254,0.00252132956437292,8.386655767747688e-05
3.34518,0.002481993271365148,8.337168870261262e-05
3.34782,0.003246166689789124,0.0001068900428425987
3.35047,0.002350604467258602,7.840308748766233e-05
3.35311,0.003114796198668145,0.0001023811560081355
3.35576,0.002888470588235291,9.575474489486539e-05
3.3584,0.003041335946170924,0.0001000250634675065
3.36104,0.004408420921198668,0.0001409601695672215
3.36369,0.002164990912874582,7.296134227017277e-05
3.36633,0.002032040926748056,6.805301762122206e-05
3.36897,0.001110950402330746,3.80882744282746e-05
3.37162,0.003063105507769148,9.946954791428467e-05
3.37426,0.002622341703662595,8.713482922621174e-05
3.37691,0.002927557366814649,9.669406604013073e-05
3.37955,0.003132456784128749,0.0001021321540902584
3.38219,0.002602604883462818,8.565775981310735e-05
3.38484,0.003349985294117647,0.0001087658454657893
3.38748,0.001737222461154274,5.840111023197408e-05
3.39012,0.001925072488901221,6.491049681827401e-05
3.39277,0.002858077899556046,9.377937438061631e-05
3.39541,0.001724375901775803,5.768492961230583e-05
3.39806,0.002625205396781352,8.699285270563464e-05
3.4007,0.003436596559378466,0.0001118726275458623
3.40334,0.002376876734184242,7.900890749098945e-05
3.40599,0.003410134295227524,0.0001108838575257992
3.40863,0.00149476997780244,5.008756747387498e-05
3.41127,0.002486708865149835,8.215380376852132e-05
3.41392,0.002123537180910102,7.058705248058775e-05
3.41656,0.003006445130410652,9.829044692418715e-05
3.41921,0.003141970380133187,0.0001024770421104542
3.42185,0.003296735710321867,0.0001067417505983035
3.42449,0.002473088582130965,8.200426228509015e-05
3.42714,0.004292524902885684,0.0001357508157058208
3.42978,0.002824398029966702,9.258152939075068e-05
3.43242,0.005389349125971142,0.0001687769340100559
3.43507,0.002930975027746948,9.602393703829747e-05
3.43771,0.001921457963374026,6.415768622000628e-05
3.44035,0.002327985640954493,7.664782190021091e-05
3.443,0.002674039261931191,8.783662815587147e-05
3.44564,0.002453363207547173,8.097699723057235e-05
3.44829,0.002520963304661489,8.212833581437209e-05
3.45093,0.002125512694228635,7.021218125870764e-05
3.45357,0.002942358837402885,9.547897105596018e-05
3.45622,0.003346753052164261,0.0001078803559771567
3.45886,0.002186510960044397,7.248907310809131e-05
3.4615,0.002131201165371811,6.969640638149313e-05
3.46415,0.001656375208102107,5.497811002238772e-05
3.46679,0.002241237028301887,7.358842342888137e-05
3.46944,0.003067601345726968,9.930351348539394e-05
3.47208,0.001204813609877913,4.044452823448375e-05
3.47472,0.003508507075471698,0.0001123421870573832
3.47737,0.003367948043840176,0.0001075685677696371
3.48001,0.002208053898446173,7.183639436119787e-05
3.48265,0.002703820754716981,8.704368654801475e-05
3.4853,0.002159801470588234,7.04682363772061e-05
3.48794,0.003849302580466149,0.0001223609470142918
3.49059,0.002875092952275249,9.305750192799403e-05
3.49323,0.002666144076026639,8.545395522560513e-05
3.49587,0.002807083102108765,8.947372531943471e-05
3.49852,0.001943245837957826,6.39140761759698e-05
3.50116,0.003534227663706993,0.0001126790278185338
3.5038,0.002243993132630411,7.314814048306961e-05
3.50645,0.003234753121531631,0.0001032132562565605
3.50909,0.003213500901775805,0.0001026450504824378
3.51174,0.002120254578246396,6.901851767086121e-05
3.51438,0.002751546684239734,8.924215376087216e-05
3.51702,0.002944419048279688,9.414098942623816e-05
3.51967,0.00367980216426193,0.0001169687293576894
3.52231,0.00315180445338513,0.0001006877177104946
3.52495,0.002719249445061043,8.832349064245478e-05
3.5276,0.002141852455604885,6.952378635409309e-05
3.53024,0.003659712819089899,0.0001153699928734244
3.53288,0.002407617369589343,7.799607556126421e-05
3.53553,0.002318096628745836,7.56295235859905e-05
3.53817,0.002513624375693674,8.167845188155047e-05
3.54082,0.0039876503190899,0.0001249598509692151
3.54346,0.00252010488346282,8.151104602025515e-05
3.5461,0.002999836431742509,9.703618766062853e-05
3.54875,0.003038309725305214,9.737182576641563e-05
3.55139,0.001854720865704773,6.070498230414457e-05
3.55403,0.00264608448945616,8.559538128371223e-05
3.55668,0.002343183129855716,7.565460243886036e-05
3.55932,0.003142400735294119,0.000100636626583972
3.56197,0.002266529550499444,7.353831575321216e-05
3.56461,0.002630685557713655,8.458238905171888e-05
3.56725,0.001205477455604885,4.016533333113601e-05
3.5699,0.0013154881381798,4.379673604907138e-05
3.57254,0.001722556048834631,5.614804332868049e-05
3.57518,0.002856331298557158,9.140505187477119e-05
3.57783,0.003278406700887901,0.0001046610143304384
3.58047,0.002474784822419537,8.024661873663006e-05
3.58312,0.002647279411764704,8.542559151455183e-05
3.58576,0.002770445685349614,8.882077749288384e-05
3.5884,0.00241971767480577,7.843257137917781e-05
3.59105,0.00275827899556049,8.870622363076355e-05
3.59369,0.002824375138734736,9.07519210482846e-05
3.59633,0.002690543840177578,8.624602411386951e-05
3.59898,0.002686311251387349,8.62021982768134e-05
3.60162,0.003374497225305217,0.0001077874226837297
3.60427,0.003756142133740292,0.0001190592282759679
3.60691,0.003921757907880134,0.0001229301940500846
3.60955,0.003582042869034405,0.000113306255690103
3.6122,0.001666337472253052,5.493091674098173e-05
3.61484,0.002539914955604882,8.265620226634453e-05
3.61748,0.002159009433962264,6.994653718401438e-05
3.62013,0.003013513942841289,9.620758777662938e-05
3.62277,0.003132914608768037,0.000100076677951993
3.62541,0.003779564442286348,0.0001187749824266218
3.62806,0.004070553204772475,0.0001283422136853231
3.6307,0.000637230091564927,2.142597465214472e-05
3.63335,0.002369940690898997,7.724397218877135e-05
3.63599,0.001701335876803553,5.596516043797847e-05
3.63863,0.001684977802441731,5.53808548145398e-05
3.64128,0.003384205396781355,0.0001075905760817342
3.64392,0.00265882803829079,8.570611117137931e-05
3.64656,0.002943034128745838,9.414754965604428e-05
3.64921,0.003563397960599332,0.0001134912216351179
3.65185,0.003887185280244175,0.0001224680284412329
3.6545,0.002644614872364041,8.503537644808618e-05
3.65714,0.001647127150388458,5.411116422775886e-05
3.65978,0.002360143243618201,7.661485047917341e-05
3.66243,0.003228107796892341,0.0001028723008463444
3.66507,0.001725232033851278,5.663590319041841e-05
3.66771,0.002776997155937848,8.922735652722528e-05
3.67036,0.002665070477247503,8.552844696498062e-05
3.673,0.002275740982241954,7.372860864971323e-05
3.67565,0.003126674458934517,9.915071076601521e-05
3.67829,0.002757603704217533,8.815167633400795e-05
3.68093,0.001862153648723639,6.113627514151398e-05
3.68358,0.003360274902885684,0.0001055361449608297
3.68622,0.00210019270255272,6.844990633257165e-05
3.68886,0.002392937222530523,7.658535757403429e-05
3.69151,0.003930124653163154,0.0001228189996961977
3.69415,0.002272856687014429,7.294639279613565e-05
3.6968,0.002085253884572698,6.684315226447087e-05
3.69944,0.002175218715316315,7.050600705397826e-05
3.70208,0.001718522613762487,5.557022075048641e-05
3.70473,0.0024043599472808,7.706130793925215e-05
3.70737,0.002516961917314093,7.970802164664111e-05
3.71001,0.002078812291897892,6.644247807515084e-05
3.71266,0.002807284544950056,8.877963084318924e-05
3.7153,0.003271676678690346,0.0001034837888657592
3.71794,0.002735564026082131,8.692609126108198e-05
3.72059,0.001814782533296337,5.881993103879179e-05
3.72323,0.002945863485016646,9.289109566268443e-05
3.72588,0.003884236889567149,0.0001209243618035788
3.72852,0.002700247433407325,8.560399477167576e-05
3.73116,0.001393332061598227,4.518087631291536e-05
3.73381,0.002486848501664818,7.955461002460824e-05
3.73645,0.001622274139844617,5.232363738058874e-05
3.73909,0.002593990912874581,8.300503823729835e-05
3.74174,0.002720696170921201,8.57208490131355e-05
3.74438,0.002371568257491675,7.572588224216078e-05
3.74703,0.003482642272475025,0.000109602827938808
3.74967,0.003266365912874582,0.0001030847992691252
3.75231,0.002131997780244174,6.769354076964605e-05
3.75496,0.0007982653301886782,2.634414959905019e-05
3.7576,0.002058928967813542,6.586988509558771e-05
3.76024,0.002852007144839065,9.049187157377424e-05
3.76289,0.005217655729744726,0.0001574446527129812
3.76553,0.002089307921753606,6.71952175531202e-05
3.76818,0.003228311528856829,0.0001014439727516586
3.77082,0.002228049389567151,7.095742658425157e-05
3.77346,0.00360079765538291,0.0001123575659452836
3.77611,0.002937677580466148,9.274083186532211e-05
3.77875,0.003873713790233076,0.0001199773634156607
3.78139,0.002687295574361818,8.543187857099863e-05
3.78404,0.001050854051054385,3.450409263402167e-05
3.78668,0.004378785932297447,0.0001341835612674625
3.78933,0.003591306950610433,0.0001117157323208833
3.79197,0.002521867508324082,8.300079050385485e-05
3.79461,0.002884338720865705,9.571911769219038e-05
3.79726,0.003008049805771365,0.0001000888816341191
3.7999,0.003232518937291896,0.0001092781687096976
3.80254,0.002099675360710321,7.309938571976388e-05
3.80519,0.002655497364039954,9.248319281090848e-05
3.80783,0.002106515260821308,7.456393674506168e-05
3.81047,0.001769096212541623,6.380741162988059e-05
3.81312,0.001931820824084352,7.091725275934587e-05
3.81576,0.002062953246392898,7.509246227406873e-05
3.81841,0.002015733213096559,7.339051701534422e-05
3.82105,0.003288236195893455,0.0001191441473195716
3.82369,0.002567954425638182,9.409240072517686e-05
3.82634,0.001711863554384019,6.416616115511193e-05
3.82898,0.001748292660932297,6.59340110907868e-05
3.83162,0.002752652330743619,0.0001024007275910664
3.83427,0.002921037943951164,0.0001091534474495318
3.83691,0.00247826886792453,9.455667215283021e-05
3.83956,0.001555092952275246,6.051773801729557e-05
3.8422,0.002251707477802443,8.679517315720725e-05
3.84484,0.002108442702552719,8.19271488533207e-05
3.84749,0.001092081159822421,4.228466707252826e-05
3.85013,0.001846225929522754,6.865498790937465e-05
3.85277,0.002435350097114319,8.785772976715959e-05
3.85542,0.002806380341287462,0.0001009463511944291
3.85806,0.002555316176470589,9.139704620957782e-05
3.86071,0.003071847669256379,0.0001079938931855076
3.86335,0.002762822905105442,9.698552043873206e-05
3.86599,0.002843770879578247,9.903630257075058e-05
3.86864,0.002727417036625973,9.484681670375865e-05
3.87128,0.004297826512208657,0.0001458652081594923
3.87392,0.001078291481687013,3.871535876750167e-05
3.87657,0.003370054037180909,0.0001156070542675656
3.87921,0.001513440066592675,5.38699339983192e-05
3.88186,0.002473491467813543,8.611472621561486e-05
3.8845,0.0030057080327414,0.0001036119739757204
3.88714,0.002799293215871254,9.588120526364264e-05
3.88979,0.005889009780799112,0.0001921189454558666
3.89243,0.002072157810765814,7.235435603879256e-05
3.89507,0.003352537666481686,0.000112567649990309
3.89772,0.001918424875138738,6.616118780515776e-05
3.90036,0.001657647960599333,5.725705956213529e-05
3.903,0.002545399694783573,8.618222241801898e-05
3.90565,0.001470541897891233,5.086991759847528e-05
3.90829,0.003104680563263041,0.0001035593277743207
3.91094,0.003010675430077689,0.0001010629316752785
3.91358,0.003386064164816866,0.0001120928517316585
3.91622,0.00307583761098779,0.0001018087933130617
3.91887,0.001860800776914541,6.377828783756827e-05
3.92151,0.002050131867369589,6.917876953654295e-05
3.92415,0.003059067494450607,0.0001011441058761152
3.9268,0.003294634295227524,0.000108859873783007
3.92944,0.002933950887902333,9.668902760778477e-05
3.93209,0.002495686806326303,8.318319525715554e-05
3.93473,0.003212798140954498,0.0001046471594080186
3.93737,0.002482322905105437,8.224147450109037e-05
3.94002,0.0006504680910099867,2.243816672224987e-05
3.94266,0.002111649764150947,7.073231037191274e-05
3.9453,0.00273121469200888,9.024699517356861e-05
3.94795,0.002384293493340735,7.91408607121999e-05
3.95059,0.001917561875693672,6.455812512538622e-05
3.95324,0.002653169325749167,8.819936448666328e-05
3.95588,0.002838061806326304,9.368401930335573e-05
3.95852,0.002970258670921199,9.793434806105014e-05
3.96117,0.002195296614872361,7.363265718001797e-05
3.96381,0.002176024486681463,7.255128792838997e-05
3.96645,0.002275116051609322,7.560013429018379e-05
3.9691,0.001278626387347389,4.344088500426333e-05
3.97174,0.004221127150388458,0.0001361353771001823
3.97439,0.001040035654827968,3.577807855622897e-05
3.97703,0.002732558407325194,8.931249324094429e-05
3.97967,0.001938317355715868,6.484554508523317e-05
3.98232,0.002353339969478357,7.789078503537151e-05
3.98496,0.003160235294117647,0.0001032768306176822
3.9876,0.001734670088790234,5.822046300883094e-05
3.99025,0.002604694852941176,8.595602930615162e-05
3.99289,0.002807829356270809,9.30501591013423e-05
