0.0431807,68.159259177303,0.4805415180323115
0.0458244,59.25296183407326,0.4320731907889155
0.0484682,51.77022923140954,0.3979474364853248
0.0511119,45.52150434239734,0.3879778278582258
0.0537556,40.180721940899,0.3420358492541025
0.0563993,35.65214997918979,0.3330765681951495
0.059043,31.52477831021088,0.2911781948414011
0.0616867,28.24088703038291,0.2852754824407963
0.0643304,25.60749229536626,0.2663299992094321
0.0669742,23.15494957824639,0.2417232608863934
0.0696179,20.83393086084906,0.23333458187144
0.0722616,18.99222594963929,0.2095524615948139
0.07490529999999999,17.1959204404828,0.1982183001324732
0.07754900000000001,15.74565454286904,0.1878084772038233
0.08019270000000001,14.42809536625971,0.1727287276994285
0.08283649999999999,13.27500559378469,0.1679400254538838
0.08548020000000001,12.20765003190899,0.1536120679260691
0.08812390000000001,11.1465465690899,0.1525828366458857
0.0907676,10.32040814234184,0.1451755595625885
0.0934113,9.547504717674808,0.1373389312530315
0.096055,8.784764450610433,0.1331149088993311
0.0986987,8.129670453662598,0.1228385123370779
0.101342,7.486440432852388,0.1174347608425513
0.103986,6.992312680355163,0.1076164485228415
0.10663,6.475921075887903,0.1039790372089936
0.109274,6.040358251248612,0.09980769895420073
0.111917,5.654417230854606,0.09288177137669126
0.114561,5.315692008879023,0.08809066646858486
0.117205,4.93167508809656,0.08300278373089863
0.119848,4.59415454009434,0.07812883100479455
0.122492,4.356912673418424,0.07340798152213032
0.125136,4.058160486958934,0.07026659136413239
0.12778,3.81542550291343,0.06635862819674423
0.130423,3.60799335391232,0.06374360846745511
0.133067,3.343812558962264,0.06004102490735511
0.135711,3.151710622225305,0.05524211986366601
0.138354,2.975062533296338,0.05341386481222012
0.140998,2.770304217536071,0.04984577234970386
0.143642,2.624273517619311,0.0475022721029812
0.146286,2.494872954356271,0.0446925258547476
0.148929,2.340878074361821,0.04202685383675826
0.151573,2.175571308962264,0.04036197040842443
0.154217,2.076069556048835,0.03788761748607433
0.15686,1.950415669395117,0.03611217253512077
0.159504,1.874784664261931,0.03450536717242509
0.162148,1.796441849334073,0.03322089527955505
0.164792,1.707838703523862,0.03230540632023872
0.167435,1.569277000554939,0.02926078903937538
0.170079,1.494077060210877,0.02815696769080516
0.172723,1.433835212264151,0.02692899229550997
0.175366,1.356453760405106,0.02583175286058249
0.17801,1.287822390399556,0.02445977593050351
0.180654,1.207686871531632,0.02296683326446442
0.183298,1.150094202968923,0.02218373084565542
0.185941,1.119894716287458,0.02143031436433571
0.188585,1.051517805216426,0.02027858052318354
0.191229,1.005677312014428,0.01954773915505513
0.193872,0.9512388034128746,0.01846864709277864
0.196516,0.8929833879023308,0.01757858178307131
0.19916,0.869087871809101,0.01707755478782914
0.201804,0.8482749576859047,0.01701548727386046
0.204447,0.8040943306048833,0.01594559623741686
0.207091,0.7599361598224196,0.01504800002528534
0.209735,0.7275398931742509,0.01449587218233184
0.212378,0.7003355868479467,0.01404329706652009
0.215022,0.6745029231409545,0.01352871657392949
0.217666,0.6591689567147613,0.0133461625772877
0.22031,0.6219151706437293,0.01282981610442116
0.222953,0.6057950735294118,0.01232330455170192
0.225597,0.5839701151498335,0.01181323951004081
0.228241,0.5537760079078802,0.01143393340142977
0.230885,0.5372421517758046,0.01110076836770768
0.233528,0.5116731492785794,0.01072561489926447
0.236172,0.4869785689511654,0.0102429466602113
0.238816,0.4673138103496116,0.009868384534196646
0.241459,0.4606394825194229,0.00967253473833527
0.244103,0.4403857325194229,0.009203854713135244
0.246747,0.4178198765260822,0.008917378258483504
0.249391,0.4118949389567148,0.008829286933701535
0.252034,0.3913659905660377,0.008506689236534772
0.254678,0.3806942813540511,0.008193523698799856
0.257322,0.3764252497225306,0.008109897909948068
0.259965,0.3476121933962264,0.007602560039894757
0.262609,0.3412132013041065,0.007480949695803607
0.265253,0.3230401040510544,0.00724614676035693
0.267897,0.3246967653995561,0.007146136866516496
0.27054,0.3159916190344063,0.006982234230718549
0.273184,0.2948290642341843,0.006549461885958606
0.275828,0.3007674847391787,0.00663108005763616
0.278471,0.2926170844894562,0.006569092478679076
0.281115,0.2725557124028857,0.006212034266732124
0.283759,0.2750908018867925,0.006249016162897903
0.286403,0.2650514400665927,0.005935919086837
0.289046,0.2498599257769145,0.00574597597384965
0.29169,0.2393983122918979,0.005525270615077213
0.294334,0.242128457963374,0.005603713362603091
0.296977,0.2350900679800222,0.005467887170960568
0.299621,0.2206429307713652,0.005153490581198735
0.302265,0.214047600582686,0.00504747621736379
0.304909,0.2186636175083241,0.005087511095447949
0.307552,0.2099443701442842,0.004977476527439829
0.310196,0.2091649923695894,0.004914652391252159
0.31284,0.2052652192008879,0.004816780663674786
0.315483,0.1911246184794673,0.004583422558728854
0.318127,0.1910803857519423,0.004543581453155011
0.320771,0.1800562866259711,0.004341646575972317
0.323415,0.1833159843229745,0.004401190739390732
0.326058,0.1785963158990011,0.004283721181627237
0.328702,0.1713047031076582,0.004216074695971767
0.331346,0.1615737113623751,0.003982592124523942
0.333989,0.1679312863485017,0.004067042061681636
0.336633,0.1626400055493896,0.003935344181933551
0.339277,0.1575739698945616,0.003841679407604809
0.341921,0.1553379085738069,0.003849991430599409
0.344564,0.1495928342813541,0.003708552520514207
0.347208,0.1515685925360711,0.003746976576404405
0.349852,0.1371424694783574,0.003461901137407442
0.352495,0.1378955932991121,0.003479230618907776
0.355139,0.1417136882630411,0.003529933424439532
0.357783,0.1351909942425083,0.003421118670109919
0.360427,0.1403574125277469,0.003495390021302341
0.36307,0.1367523342119867,0.003395064696811523
0.365714,0.1214868240149834,0.003142101600958411
0.368358,0.1303778334489457,0.003250419881169919
0.371001,0.1246020849056604,0.003172384429473189
0.373645,0.1202963082685905,0.003098029039741716
0.376289,0.1214194619866815,0.003083646618543346
0.378933,0.1184716184100999,0.003047764898337992
0.381576,0.1172898196448391,0.002966228308169434
0.38422,0.1140009264705882,0.002938507267403241
0.386864,0.1115785717258602,0.002870144546405378
0.389507,0.1096380224750277,0.002850969937947342
0.392151,0.1050441963096559,0.00278269608581835
0.394795,0.1011935523029967,0.002659649959758164
0.397439,0.1057822668562708,0.002749900194761595
0.400082,0.1066242452830189,0.002740315649977163
0.402726,0.1012013582130966,0.002656274284262476
0.40537,0.1047783146503885,0.002713534430223655
0.408013,0.09655686459489457,0.002529028755648945
0.410657,0.09693582894006658,0.002566970381156471
0.413301,0.09562284968091012,0.002512892169111072
0.415945,0.09303443736126525,0.002481878704921838
0.418588,0.09541203059101,0.002525942071035811
0.421232,0.08983224243895671,0.002410574476882667
0.423876,0.0923651320754717,0.002495379755124295
0.426519,0.08413747391786905,0.00234854937948179
0.429163,0.08628613651498339,0.002460516656944459
0.431807,0.08336532748335185,0.002445034128514041
0.434451,0.08842807595726972,0.002587174447335937
0.437094,0.08627939504716982,0.002604828697118726
0.439738,0.08773963589067703,0.002638178662896043
0.442382,0.08456296240288567,0.002623558407536813
0.445025,0.08163350506381797,0.002556967856919472
0.447669,0.07525165850443952,0.002437115822683058
0.450313,0.07709781118201997,0.002514985837546268
0.452957,0.07793084371531632,0.002497458745900186
0.4556,0.0726684562291898,0.002368920525810702
0.458244,0.07160839761376249,0.002307687623578933
0.460888,0.06896749341009989,0.002262933849726113
0.463531,0.07347697683129854,0.002389711101243625
0.466175,0.07605254716981132,0.002414390706517144
0.468819,0.07186651227802442,0.00237424695293293
0.471463,0.07412914116259711,0.00235773913962236
0.474106,0.06904948980299667,0.002297865344194704
0.47675,0.07229219533851276,0.002365215116745901
0.479394,0.06874826408157603,0.002294276002781573
0.482037,0.067207471281909,0.002286086706382772
0.484681,0.06970669249445062,0.002225467155899055
0.487325,0.06579202629023308,0.002141583741334851
0.489969,0.06565000908712541,0.00208336981188735
0.492612,0.06819560564650388,0.002140740668322324
0.495256,0.06525439823806881,0.002036805639728798
0.4979,0.06503484156492785,0.002009088708627038
0.500543,0.05956041946448391,0.001877177044629216
0.5031870000000001,0.06169393035516093,0.001907234672787839
0.505831,0.06350742640122087,0.001948202570401068
0.508475,0.0617978565482797,0.001901789605454681
0.511118,0.06272916571864595,0.001893611416925549
0.5137620000000001,0.06146424660099889,0.001869326223261596
0.516406,0.06186301872918978,0.001857876916160354
0.519049,0.0567757903718091,0.001759980319728321
0.521693,0.06317570040233075,0.001867563284766068
0.5243370000000001,0.05920622114317426,0.001785288272828602
0.526981,0.06114473994173141,0.001827123634676433
0.529624,0.05993791648168702,0.001776295245678298
0.532268,0.05641852462541621,0.001709724764382304
0.5349120000000001,0.05464443125693674,0.001653629190862878
0.537555,0.05860655327413986,0.001735332106557952
0.540199,0.05551133823529412,0.001677354144152637
0.542843,0.05418029779411765,0.001639025266652277
0.5454870000000001,0.05482381152885683,0.001646871206609217
0.54813,0.05366755708934517,0.001588172832316699
0.550774,0.05262255861542731,0.001587215255055871
0.553418,0.0566505570199778,0.001653901103441901
0.556061,0.05439346781354052,0.001608509551098466
0.558705,0.05350261889567148,0.001598779423837775
0.561349,0.05254402337680356,0.001539718041798615
0.563993,0.05009565732519423,0.001503071259857526
0.566636,0.04966048584905661,0.001481552666242561
0.56928,0.05095509718368479,0.001519344159684062
0.571924,0.05025772266925638,0.001496073433908398
0.574567,0.05257212465316315,0.001538137836263741
0.577211,0.05080453468368479,0.001497198302373446
0.579855,0.04999153884572698,0.001463084034461647
0.582499,0.04905914005271921,0.001457741792376012
0.5851420000000001,0.04837331645394006,0.001430766849619734
0.587786,0.0477966954772475,0.001432476483887296
0.59043,0.04552195713096559,0.001371487434760945
0.593073,0.04709663582130965,0.001382297661496463
0.5957170000000001,0.05130310342674806,0.001474237073822192
0.598361,0.04350720366259712,0.001314967696555617
0.601005,0.04436573931742509,0.001322462785718963
0.603648,0.0431990579217536,0.00129129130138796
0.6062920000000001,0.04462324736403996,0.001319275284983291
0.608936,0.04765863387902331,0.001380637674185148
0.611579,0.04599654044117647,0.001333474205793045
0.614223,0.04496333552996671,0.001312024621960462
0.6168670000000001,0.04474536750832409,0.001305539842092159
0.619511,0.04087753676470588,0.001215443751482854
0.622154,0.04207789345172031,0.001244403893438403
0.624798,0.0421241108490566,0.001235069925318005
0.6274420000000001,0.04464328634850167,0.001280717340859775
0.630085,0.0443620492508324,0.001283723674750655
0.632729,0.04256753003607104,0.001236848956465279
0.635373,0.04295309850166482,0.001243420704937661
0.6380169999999999,0.04483847759433962,0.001271487521844093
0.64066,0.04188397266925637,0.001219598208704493
0.643304,0.04378522454217536,0.00125876382993658
0.645948,0.04283700332963374,0.001232311891707392
0.6485919999999999,0.04032993958102109,0.001176617759635498
0.651235,0.04019601900665927,0.001183101665649707
0.653879,0.0384500246254162,0.001141662011696895
0.656523,0.04055818118756937,0.001179215434658901
0.659166,0.03946436716148723,0.001157843992942163
0.66181,0.03912413249167592,0.001134235665799134
0.664454,0.04200471933962263,0.001207149361180233
0.667098,0.04058392008879023,0.00118101265180281
0.669741,0.04014929800221976,0.001169197183745054
0.672385,0.04188401616259711,0.001196575163573914
0.675029,0.04149355126248613,0.001180684064007747
0.6776720000000001,0.04071511202830189,0.001160851267503008
0.680316,0.03919615517480578,0.00113315994690304
0.68296,0.03922052518035517,0.001122658126530985
0.685604,0.03824611182019978,0.001112366419196067
0.6882470000000001,0.03931816086293008,0.001125535641923958
0.690891,0.03889079071864595,0.001119032251118305
0.693535,0.03559909565760266,0.00104291586522422
0.696178,0.03793719235571587,0.001092516756615969
0.6988220000000001,0.0378611179245283,0.001094567800835673
0.701466,0.03875091384572697,0.001102794367995701
0.70411,0.03868123751387348,0.001108274101057751
0.706753,0.03929760911487237,0.001105941547376686
0.7093970000000001,0.03720554508879024,0.001068232511971511
0.712041,0.0369546548973363,0.001063541554649783
0.714684,0.03813786147336293,0.001080765791174688
0.717328,0.03719136397058824,0.001060503903386754
0.7199719999999999,0.03876383594617093,0.00109245151521734
0.722616,0.03692984766925639,0.001048601164561261
0.725259,0.03945558150665927,0.00110241193020133
0.727903,0.03884540656215317,0.001074909126945172
0.7305469999999999,0.03566104390954496,0.001025113986689866
0.73319,0.03562551671753608,0.001019666964307056
0.735834,0.03637301616259711,0.001026562020144015
0.738478,0.03844929210599334,0.001064323564628228
0.7411219999999999,0.03650345726970034,0.001027870596565791
0.743765,0.03162308324084352,0.0009301588956080413
0.746409,0.0336560009017758,0.0009563906141770307
0.749053,0.03479243840177581,0.0009911543624367808
0.751696,0.03800812541620421,0.00104497420075623
0.75434,0.03594789164816871,0.00101289350889954
0.756984,0.0357172144145394,0.0009920342730755068
0.759628,0.03459868930355161,0.0009763960991718649
0.762271,0.03428791336015538,0.0009670221011679036
0.764915,0.03135049902885683,0.0008997096533236991
0.767559,0.03467774188401776,0.0009812115551271589
0.7702020000000001,0.03619909316037736,0.0009967476179053739
0.772846,0.03542005646503885,0.0009791266567637923
0.77549,0.0343477189927858,0.0009650794365308392
0.778134,0.03446381645394007,0.0009548267993944957
0.7807770000000001,0.03324627074084351,0.000937825569981325
0.783421,0.03503559364594894,0.0009675569479027844
0.786065,0.0351044619173141,0.0009701970944149917
0.788708,0.03364715344062154,0.0009408087282032223
0.7913520000000001,0.03279401782741399,0.0009137122057202944
0.793996,0.033427193881798,0.0009319631822857455
0.79664,0.03478644318812431,0.0009531831578784399
0.799283,0.035554924736404,0.000967983526795382
0.8019269999999999,0.03570740323251943,0.0009704163230898598
0.804571,0.03396778405937847,0.0009301773091229685
0.807214,0.0354572135127636,0.0009645147447185389
0.809858,0.03148462562430633,0.0008732879988840108
0.8125019999999999,0.03322832630410655,0.0009229721445244534
0.815146,0.03385500811598224,0.0009215255540781521
0.817789,0.03391048730577137,0.0009246497778866212
0.820433,0.0346031462264151,0.0009425511953094266
0.8230769999999999,0.0330912032463929,0.0009028678323408784
0.82572,0.03277972454217536,0.000902883217422602
0.828364,0.03311077296059934,0.0009016266809629365
0.831008,0.03285890760266371,0.0009011485826023956
0.8336519999999999,0.03303807727524972,0.0008932484881510082
0.836295,0.03236886355438402,0.0008841454074846924
0.838939,0.03163212298834629,0.0008717206372043481
0.841583,0.03308081520532741,0.0008872698372679459
0.844226,0.03259948355993341,0.0008941094640728215
0.84687,0.03395536327691454,0.0009088017118288974
0.849514,0.03158118770810212,0.0008617051655936884
0.852158,0.03499432762208658,0.0009321116757217236
0.854801,0.0318761320754717,0.0008520469304692033
0.857445,0.03242709427025527,0.0008756370552866009
0.860089,0.03125917674805772,0.0008433513672879017
0.8627320000000001,0.03239293368479467,0.0008673638049555531
0.865376,0.0314446872918979,0.0008782748726587485
0.86802,0.03183508122918979,0.0008801674358048272
0.870664,0.031985378190899,0.0008968761502794844
0.8733070000000001,0.03344451567702553,0.0009126868915045814
0.875951,0.02989032456992231,0.0008564699863573088
0.878595,0.0319265317008879,0.000898201600380597
0.881238,0.02987194748890122,0.0008511395998992385
0.8838819999999999,0.03232883365704773,0.0009172568568465868
0.886526,0.03150260210876804,0.0008787506894160721
0.88917,0.03414219006659268,0.000943330725387129
0.891813,0.03402747065760266,0.0009419421308841955
0.8944569999999999,0.03171117785793563,0.0008747412800993393
0.897101,0.03094816731409546,0.0008514530594667393
0.899744,0.03600028738901221,0.0009469711442492702
0.902388,0.03398888977524973,0.000904598553574765
0.9050319999999999,0.03229937493063263,0.0008597992168141287
0.907676,0.03102205334350722,0.0008360896533472428
0.910319,0.03082014123196448,0.0008345762399537053
0.912963,0.03117378100721421,0.0008394200143695662
0.9156069999999999,0.03076834524139845,0.0008313657903801396
0.91825,0.0321173804800222,0.0008442136288497274
0.920894,0.03248702580466149,0.0008612224246024082
0.923538,0.03095560925360711,0.0008272633160410733
0.9261819999999999,0.03184827573529411,0.0008376059947678186
0.928825,0.03146893597391787,0.0008402934937568535
0.931469,0.03161202219755827,0.0008328622796381775
0.934113,0.03300065240011099,0.0008682854343977443
0.936756,0.03113557096281909,0.0008161798250524586
0.9394,0.03084214886237514,0.0008136168471740438
0.942044,0.03272648869311876,0.0008445015839106553
0.944688,0.0302035727663707,0.0007990880999166401
0.947331,0.03091695054106548,0.0008144913971530032
0.949975,0.03288467397336293,0.0008449109299816137
0.952619,0.0313293795782464,0.0008176018361762419
0.9552619999999999,0.03279608490566038,0.000844842565592811
0.957906,0.03066927198945616,0.0008029656935914228
0.96055,0.03036766169533851,0.0008008715002322657
0.963194,0.03057466710599334,0.0007858463433261541
0.9658369999999999,0.02945632741398447,0.0007783850943734147
0.968481,0.03201354814095449,0.0008207583533613297
0.971125,0.0294685490427303,0.0007675986058118969
0.973768,0.03218887895394006,0.0008181505136882031
0.9764119999999999,0.03154708206159823,0.000800208302140406
0.979056,0.03262773591842397,0.0008275793829554479
0.9817,0.03035657318257492,0.0007800281960052024
0.984343,0.03138728294950055,0.0007946149398882446
0.9869869999999999,0.03068129217536071,0.0007783188306691393
0.989631,0.03180496323529412,0.0008104454072884105
0.992274,0.03373100860155383,0.0008683490465963483
0.994918,0.03073594041342952,0.0008087624690142078
0.9975619999999999,0.03059550957269701,0.0008145403609795108
1.00021,0.02933279716981132,0.0007959057409307035
1.00285,0.03029752524972254,0.0008117839973399135
1.00549,0.03247208011931188,0.0008721981034586613
1.00814,0.02804099001109878,0.0007759604176266416
1.01078,0.03070061695338513,0.0008353706657557507
1.01342,0.03103520206714761,0.0008464602513028036
1.01607,0.02949044450610433,0.0008235863824670828
1.01871,0.02827256915926748,0.0007922291309740319
1.02136,0.02988470477247503,0.0008303054837084673
1.024,0.0289523448945616,0.0008182440110556472
1.02664,0.02837184843229745,0.0008071013931495421
1.02929,0.02858622024139845,0.0008147625486836052
1.03193,0.03017873577968924,0.000845773597406469
1.03457,0.02983041363762486,0.0008369107309635459
1.03722,0.03020095858768036,0.0008544966027057648
1.03986,0.02882172294672586,0.0008174302977210762
1.04251,0.02905199271642619,0.0008293248193163782
1.04515,0.03104174209211987,0.0008557491890751397
1.04779,0.03015156846559379,0.0008300015395241671
1.05044,0.02559255757491677,0.0007267761420975569
1.05308,0.02903913471143175,0.0007855058146779142
1.05572,0.03012042036625971,0.0008126805068535676
1.05837,0.02772610966981132,0.0007503406833914281
1.06101,0.02905961320754718,0.0007854812629039701
1.06365,0.02940158990011099,0.0007802496360379446
1.0663,0.02992717945338513,0.0007910118341789202
1.06894,0.02987006582963374,0.0007886983433794267
1.07159,0.02887859850166482,0.0007578588404844346
1.07423,0.03001321843784684,0.0007879203655794948
1.07687,0.02962861369311876,0.0007704258434349195
1.07952,0.02677599764150943,0.0007186877250620354
1.08216,0.02888909184239734,0.0007556978332235875
1.0848,0.02721370546614872,0.0007094072393756938
1.08745,0.0292435442563818,0.0007561436277552002
1.09009,0.02829091419256382,0.0007327754589295332
1.09274,0.02932890337125416,0.0007567354766043819
1.09538,0.0287793535654828,0.0007430753811701337
1.09802,0.02806567133740288,0.0007225614945217745
1.10067,0.02713146413706992,0.0007089518095960606
1.10331,0.02701176588512763,0.0006974633590432621
1.10595,0.02574590364872364,0.000676374555986606
1.1086,0.02929835502219755,0.0007423662209582575
1.11124,0.02609646455327414,0.0006808136910466756
1.11389,0.02832798196448391,0.0007261800308085455
1.11653,0.02765243423973363,0.0006991740185727519
1.11917,0.02829137430632631,0.0007222658959320154
1.12182,0.02786324417314096,0.0007073576297463183
1.12446,0.02785901158435073,0.0007119930718811095
1.1271,0.02865465586847947,0.0007212747719812982
1.12975,0.02995140066592675,0.0007414634720349562
1.13239,0.02562174389567148,0.0006627658888774228
1.13504,0.02700440864317425,0.0006865107885621726
1.13768,0.02814582498612653,0.0007083970207370121
1.14032,0.02641945983629301,0.0006768404640630604
1.14297,0.02727995726970033,0.0006923432550771404
1.14561,0.02754422051886792,0.0007025422356279885
1.14825,0.02760592154550499,0.0006900107706826022
1.1509,0.02746765392619312,0.0006915600411758285
1.15354,0.02567622502774695,0.0006565319857791414
1.15618,0.02856609884850167,0.0007075960912052421
1.15883,0.02638334433962264,0.0006755074868386062
1.16147,0.02655218777746948,0.0006656366863516582
1.16412,0.02653904134295227,0.0006746103577430792
1.16676,0.02695697801054384,0.0006702600649417963
1.1694,0.02447219887624861,0.0006288463425256018
1.17205,0.02606098543285239,0.0006555820168661944
1.17469,0.02500308546059934,0.0006343555477598439
1.17733,0.02573328371254162,0.0006502638034974808
1.17998,0.02456783157602664,0.0006205610702983265
1.18262,0.02485970394006659,0.0006306554626209422
1.18527,0.02480055528579356,0.0006263343402358788
1.18791,0.02572893437846837,0.0006461037596300625
1.19055,0.02594696420643729,0.0006505642303976539
1.1932,0.02646183608490566,0.0006522014459912875
1.19584,0.02499562291897891,0.0006297765961704285
1.19848,0.02447156021087681,0.0006141725208906167
1.20113,0.02546685266370699,0.0006374391149275121
1.20377,0.02462382124028856,0.0006184240049920435
1.20642,0.0243049509572697,0.0006124757387009787
1.20906,0.02349402906492786,0.0005980792861648589
1.2117,0.02481495158157603,0.0006151697831544877
1.21435,0.02417731860432852,0.0006068078676962341
1.21699,0.02512900783851276,0.0006218166998460601
1.21963,0.02387087826026637,0.0005992416441900502
1.22228,0.02240215163706992,0.0005725690785855906
1.22492,0.02405470858768036,0.0005984648154799879
1.22757,0.02573510814372919,0.0006321953825936765
1.23021,0.02462072176748058,0.0006070858915002297
1.23285,0.02253130167869034,0.0005683068570408313
1.2355,0.02309966120976693,0.0005810309060487666
1.23814,0.02415487375138735,0.0005985094840116383
1.24078,0.02284613165926748,0.0005769757096024881
1.24343,0.02359440940621532,0.00058828968100672
1.24607,0.02248664775249722,0.0005639663961682252
1.24871,0.02441862194783573,0.0006004946294800933
1.25136,0.02189600589622642,0.0005501894349029451
1.254,0.02260505036071032,0.0005658993537695626
1.25665,0.02182431742508324,0.0005496245487653025
1.25929,0.02365293084073252,0.0005856955424289013
1.26193,0.02281317286348501,0.0005629397958815695
1.26458,0.02471439726692564,0.0005996842275579781
1.26722,0.02205351359600444,0.0005517115197592356
1.26986,0.02331001560765816,0.0005745140738089811
1.27251,0.02339017383462819,0.0005768664595979448
1.27515,0.02181560044395116,0.0005424884448166612
1.2778,0.02477226859045505,0.0006006229060084644
1.28044,0.02179888984461709,0.0005389016523948912
1.28308,0.02160941225027747,0.000536988315932679
1.28573,0.02058683573806881,0.0005206819563633439
1.28837,0.02224620054106548,0.0005445408948007071
1.29101,0.02074989456159823,0.0005252935664186212
1.29366,0.02140981673140954,0.0005293276561256335
1.2963,0.0216198323390677,0.0005351553014150661
1.29895,0.01951222287735849,0.0004945904187072328
1.30159,0.02115917605438402,0.0005212343740572015
1.30423,0.02275160460599334,0.0005584385560289414
1.30688,0.0213314737791343,0.0005224998950719441
1.30952,0.01895105119311876,0.0004808949229929912
1.31216,0.02148816426193119,0.0005262124048949602
1.31481,0.02023086334628191,0.0005039483810598117
1.31745,0.01767493368479467,0.0004521856291550629
1.3201,0.01870827136514983,0.0004692168813864376
1.32274,0.02056212465316316,0.0005074212622753938
1.32538,0.01934414171753607,0.0004802776927041038
1.32803,0.01873359135682576,0.0004681949778371831
1.33067,0.01901813623751387,0.0004790956026013326
1.33331,0.01799587104605994,0.0004507438629532848
1.33596,0.02034159052441732,0.0005011002110336694
1.3386,0.01875957519422863,0.0004690187098900286
1.34124,0.01780244013596005,0.0004484360990188914
1.34389,0.01913705618756937,0.0004746455960577531
1.34653,0.0170229112791343,0.0004297653232405606
1.34918,0.01784271725860155,0.0004502319243219389
1.35182,0.01971354897336293,0.0004824645182260689
1.35446,0.01870966544117647,0.0004664756432159836
1.35711,0.01635625450887902,0.000417872373618733
1.35975,0.01655431173695894,0.0004221616933522538
1.36239,0.01712636591287459,0.0004346610493224131
1.36504,0.01839400221975583,0.0004541764393433922
1.36768,0.01671681201442841,0.0004248187246330427
1.37033,0.01937610932297447,0.0004766282592126242
1.37297,0.01677988422586016,0.0004252912495920312
1.37561,0.01742158497502775,0.0004422739408903488
1.37826,0.01691005292730299,0.0004240835762854672
1.3809,0.01757748342119867,0.0004422501953660343
1.38354,0.01805104807158713,0.0004504833059766438
1.38619,0.01633991703662598,0.0004167529808992267
1.38883,0.01796330597946726,0.0004459766583942677
1.39148,0.01603205972530522,0.0004085608555348656
1.39412,0.01638351109877913,0.0004163532597188217
1.39676,0.0164761519145394,0.0004140792270949775
1.39941,0.017420644145394,0.0004347500000596526
1.40205,0.01589731735571587,0.0004027384329933924
1.40469,0.01664795976692563,0.000423208169600708
1.40734,0.01625498369866814,0.0004098827601179646
1.40998,0.01515493867924528,0.0003865188068478461
1.41263,0.01497632068534961,0.0003814954727670697
1.41527,0.01540771052996671,0.0003912948999381804
1.41791,0.01555859121809101,0.0003958939800293842
1.42056,0.01544815933684795,0.0003929458373651899
1.4232,0.01512017147613763,0.0003846711690696033
1.42584,0.01512929363207547,0.0003843868832562399
1.42849,0.01488150062430633,0.0003806432605179828
1.43113,0.01449051609322975,0.0003724395943577803
1.43377,0.01652654238346282,0.0004126834131830015
1.43642,0.01439584253607103,0.0003669893204817937
1.43906,0.01379142931465039,0.0003567481261798709
1.44171,0.01547256367924528,0.000390380602353214
1.44435,0.01369515566037736,0.0003526499988312654
1.44699,0.01547384558823529,0.0003890440850859515
1.44964,0.01439710155382908,0.0003685604951273383
1.45228,0.01399179168978912,0.0003578659542426398
1.45492,0.0145488772891232,0.0003687625108480421
1.45757,0.01535620983629301,0.000384542821423118
1.46021,0.01625661813263041,0.0004035304187677349
1.46286,0.0151310150527192,0.0003803407982619087
1.4655,0.0142121060627081,0.0003622260137570757
1.46814,0.0135585545227525,0.000346156115642987
1.47079,0.01313866523307437,0.0003398532853137518
1.47343,0.01452572051886792,0.0003658568910978795
1.47607,0.0141347680355161,0.0003606674001832012
1.47872,0.01280485384295228,0.0003285404472122967
1.48136,0.01259052552719201,0.0003269880649455573
1.48401,0.01260109669811321,0.0003284560851753144
1.48665,0.01240384066315205,0.0003207264630186341
1.48929,0.01309469346559379,0.0003347909720291
1.49194,0.01320914275804662,0.0003347669670233863
1.49458,0.01335050756104328,0.0003434888351105216
1.49722,0.01285496503884572,0.0003288487282134549
1.49987,0.01240122190621532,0.0003196989421950519
1.50251,0.01321333643174251,0.0003397399273831081
1.50516,0.01377527955049945,0.0003471910563732766
1.5078,0.0127157634572697,0.0003255928019701863
1.51044,0.01337690572974473,0.0003399898383495627
1.51309,0.01225605258046615,0.0003150533866027663
1.51573,0.01500523002219756,0.0003742303041434221
1.51837,0.01176964823806881,0.0003027400851533052
1.52102,0.01165430389844617,0.0003014994496661449
1.52366,0.01200490600721421,0.000307207814917565
1.5263,0.01129135197003329,0.0002912977492101529
1.52895,0.01202742869034406,0.0003104189519294803
1.53159,0.01234895435627081,0.0003168348057796546
1.53424,0.0119795814372919,0.0003103664718948523
1.53688,0.01126496066870144,0.0002922473855544344
1.53952,0.01177366564927858,0.0003016781981742651
1.54217,0.0118663385127636,0.0003026271734667418
1.54481,0.01317847995283019,0.0003321112421594027
1.54745,0.01117472572142064,0.0002915171558338293
1.5501,0.01257297024139845,0.0003235296574092599
1.55274,0.01337817161487237,0.000344816150630928
1.55539,0.01057065586847947,0.0002848753613546978
1.55803,0.01282823723640399,0.0003373815920643649
1.56067,0.01231159128745838,0.0003291656987498299
1.56332,0.011774940690899,0.0003147243911929024
1.56596,0.01051697364039956,0.0002915608865336049
1.5686,0.01078166953385128,0.0002951870566170827
1.57125,0.009732246184794673,0.0002757378614250354
1.57389,0.01222254439511654,0.0003321884939069345
1.57654,0.01141186972807991,0.000312990678991452
1.57918,0.01203238235294118,0.0003330523740913672
1.58182,0.01187578572419534,0.000327348499789523
1.58447,0.009504212888457269,0.0002730855182929979
1.58711,0.01086397266925638,0.0003041155887729407
1.58975,0.01246588276914539,0.0003428296803942011
1.5924,0.009481005757491674,0.0002772612361000797
1.59504,0.009888130896226414,0.0002821864239799708
1.59769,0.01033298536348502,0.0002970796103330646
1.60033,0.01031379564372919,0.0002950951579237311
1.60297,0.0100459224472808,0.0002888425755875271
1.60562,0.01090051165371809,0.0003093152492237901
1.60826,0.009481614664261933,0.0002684994405807682
1.6109,0.009805878121531629,0.0002761515022564412
1.61355,0.00971021108490566,0.0002698432231263357
1.61619,0.01040285627081021,0.0002859951854343038
1.61883,0.01151592182297447,0.0003115026766271845
1.62148,0.009965546753607103,0.0002725062451221269
1.62412,0.009867267827413984,0.0002727269722472142
1.62677,0.00955436299944506,0.0002611362214656335
1.62941,0.01128832803829079,0.0003041473437895795
1.63205,0.01040019630965594,0.000280830780843497
1.6347,0.009261616190344064,0.0002537908579559852
1.63734,0.01000701650943396,0.0002717136998054017
1.63998,0.0114020150527192,0.0003028607926818563
1.64263,0.008297098709766923,0.0002297296183126
1.64527,0.009731435835183128,0.0002619220633059262
1.64792,0.009114393521087682,0.0002492425165329904
1.65056,0.009421612167036629,0.0002559430438709066
1.6532,0.009883625901775807,0.0002654959831521982
1.65585,0.009371448321309657,0.0002548942273783141
1.65849,0.008092817355715869,0.0002216379895882214
1.66113,0.007975245699223086,0.0002201878533861426
1.66378,0.008842541828523865,0.0002414672904764329
1.66642,0.009085811528856826,0.0002470595988720241
1.66907,0.008730578523862376,0.0002399528936498462
1.67171,0.009853544533851274,0.0002628398075954393
1.67435,0.009490901637069921,0.0002556697725135192
1.677,0.008922352108768038,0.0002416078794347612
1.67964,0.009161270185904551,0.0002466423265662132
1.68228,0.009415999236958933,0.0002523826545042269
1.68493,0.009226642966148725,0.00024789160578912
1.68757,0.008272559309100999,0.0002254309464140738
1.69022,0.009388497710876806,0.0002502662638050038
1.69286,0.00943498980299667,0.0002519549058243389
1.6955,0.008719522058823526,0.0002367839332230056
1.69815,0.01025211293007769,0.0002707974613445737
1.70079,0.00862886133462819,0.000235034978327113
1.70343,0.008947596559378466,0.0002383197771737456
1.70608,0.008180909683684796,0.0002216742028609262
1.70872,0.008914949084350723,0.0002376623128453038
1.71137,0.008212204286903444,0.000222552086206645
1.71401,0.009005026082130963,0.0002412621316994579
1.71665,0.008734607380688125,0.0002347056858958428
1.7193,0.008088060557713651,0.000219815815248841
1.72194,0.009384088859600449,0.0002485359134472388
1.72458,0.008949750624306325,0.0002391816757508859
1.72723,0.008194513942841288,0.0002203391148567066
1.72987,0.009302387763596006,0.0002464283349600916
1.73251,0.008851187846836851,0.0002374301689168022
1.73516,0.008493894630965594,0.0002255964316371359
1.7378,0.008237828731964483,0.0002215904408557131
1.74045,0.007039390330188682,0.0001920996882767582
1.74309,0.008986669603218646,0.00023855725419304
1.74573,0.006733188054938957,0.0001852348354473343
1.74838,0.0073666708518313,0.0001985619554391222
1.75102,0.008114882214206438,0.0002197566572129313
1.75366,0.008547325055493897,0.0002257311626665338
1.75631,0.007727562569367369,0.000207665637915923
1.75895,0.00806599341009989,0.0002169261497655544
1.7616,0.008423602524972252,0.0002240703416123208
1.76424,0.008514446379023311,0.0002272435134361788
1.76688,0.006827502219755829,0.0001845918770610255
1.76953,0.008812135405105437,0.0002330778290595654
1.77217,0.007559865982241957,0.0002042256190240511
1.77481,0.006799387208657051,0.0001857838359296199
1.77746,0.009074798557158712,0.0002397537641871164
1.7801,0.007019213998335184,0.0001891874501771136
1.78275,0.008993015052719199,0.0002369223545065172
1.78539,0.007192317494450609,0.0001922555143846333
1.78803,0.006799732866259711,0.0001837527157243494
1.79068,0.007273226553829076,0.0001967130657630634
1.79332,0.007012383254716982,0.0001877697731393663
1.79596,0.007001274139844615,0.0001909043300566583
1.79861,0.007547252913429526,0.0002002461455283351
1.80125,0.007965912943951168,0.0002117330892253135
1.8039,0.008062809239733631,0.000214318559415759
1.80654,0.008779893104883463,0.0002295775566962471
1.80918,0.006550776983906771,0.0001793031652518443
1.81183,0.008694733143729193,0.0002283622456930227
1.81447,0.006212703246392898,0.0001698354243278081
1.81711,0.006549167730299665,0.000177475868706968
1.81976,0.007320080327413984,0.0001955351337894297
1.8224,0.008478216426193119,0.0002247827374817509
1.82504,0.00692236119589345,0.0001866817942389942
1.82769,0.008215857727524974,0.0002189088000828242
1.83033,0.007990418007769144,0.0002120179485769761
1.83298,0.006428359253607106,0.0001746656213203989
1.83562,0.006367182436182022,0.0001744121699691809
1.83826,0.007541310349611543,0.0002035750488890251
1.84091,0.008043676748057714,0.0002155387209216263
1.84355,0.007392416620421754,0.000199207968376099
1.84619,0.007257662805216426,0.0001962693328385689
1.84884,0.006908267064372919,0.0001858005053322952
1.85148,0.007411450679800223,0.000200422813928516
1.85413,0.006730688332408434,0.000184431143013937
1.85677,0.006798153371254164,0.0001838856660518021
1.85941,0.005918063332408433,0.0001640829913954046
1.86206,0.006177182921753608,0.0001684426275183458
1.8647,0.006305332616537183,0.0001734978789957043
1.86734,0.007635386445615981,0.0002048673954945886
1.86999,0.006175086084905659,0.0001689466201443035
1.87263,0.005578176609322973,0.0001564480620344304
1.87528,0.006535046129300775,0.0001783246993714867
1.87792,0.006594826581576028,0.0001805922454461098
1.88056,0.007581903371254162,0.0002039463236040386
1.88321,0.005785662735849054,0.000159538221656399
1.88585,0.008259916481687012,0.0002216891413163941
1.88849,0.006657592050499446,0.0001802817140593314
1.89114,0.00614724347946726,0.0001698282048541412
1.89378,0.007241586293007767,0.000194360817346357
1.89643,0.006387365635405104,0.0001753450637112017
1.89907,0.006621705466148726,0.0001816532635571253
1.90171,0.005968481270810211,0.0001633899691823266
1.90436,0.005921492438956715,0.0001637809593931257
1.907,0.007397319922308546,0.0001984099274508175
1.90964,0.006583067355715871,0.0001805316893787967
1.91229,0.00577924632352941,0.0001604412809165231
1.91493,0.005934812846836847,0.0001634436843962034
1.91757,0.005258358629300777,0.0001464985263454976
1.92022,0.006680400874028858,0.0001828780707856413
1.92286,0.005764605091564928,0.0001605105089879745
1.92551,0.005995179314650386,0.0001640539524444984
1.92815,0.006854584836293007,0.000185580618595427
1.93079,0.006259135821309656,0.0001731395220074347
1.93344,0.00455874306326304,0.0001283401270627376
1.93608,0.006010253190899,0.0001654870234696474
1.93872,0.00628876394284129,0.0001722588862850505
1.94137,0.005893553690344062,0.0001643973297958543
1.94401,0.007286739248057716,0.0001970958056643382
1.94666,0.006651015399556051,0.0001809212361262169
1.9493,0.00673381298557159,0.0001839089569482922
1.95194,0.006094112930077691,0.0001670726279184683
1.95459,0.006108978496115424,0.0001680781634390952
1.95723,0.005950575749167592,0.0001648485796854882
1.95987,0.005222080604883463,0.0001455023036435549
1.96252,0.005428133740288566,0.0001521338466295615
1.96516,0.005926915371809103,0.0001629516877406457
1.96781,0.004652624583795778,0.0001311543415887126
1.97045,0.006057844062153164,0.0001666003860676208
1.97309,0.006480317771920088,0.000177492992791037
1.97574,0.004800343992785792,0.0001355791920067187
1.97838,0.006108909822419534,0.0001679089472638549
1.98102,0.006725036487236404,0.0001841908487145262
1.98367,0.00740275658990011,0.0001985828481259781
1.98631,0.006216892341842398,0.0001705796959068564
1.98896,0.004682303066037737,0.0001322107326148964
1.9916,0.004561190135960047,0.0001288403030421602
1.99424,0.005598723779134295,0.0001540498665220679
1.99689,0.006332932574916758,0.0001723353491945999
1.99953,0.00553121295782464,0.0001526777911441898
2.00217,0.006044928829078803,0.0001655133184617293
2.00482,0.005683311459489455,0.0001566669732589498
2.00746,0.006494615635405107,0.0001763216035148842
2.0101,0.006169830258046617,0.0001672543991725206
2.01275,0.005718850097114319,0.0001575092631539882
2.01539,0.005762224403440624,0.0001569473191418954
2.01804,0.006320690344062157,0.0001731638486086862
2.02068,0.00514128371254162,0.0001428719259725764
2.02332,0.005570215038845728,0.0001529340921344949
2.02597,0.004288734114872364,0.0001209272605801108
2.02861,0.00648123799944506,0.0001743782886456747
2.03125,0.0048576407463929,0.0001355118702731372
2.0339,0.005030634364594894,0.0001394341565723743
2.03654,0.005563830674250832,0.0001538461379743388
2.03919,0.004521945407880134,0.0001265225990155412
2.04183,0.00480340226137625,0.0001331440141743941
2.04447,0.005519215663152057,0.0001519870171680176
2.04712,0.00472364692008879,0.0001313961138541374
2.04976,0.005033031076581574,0.0001396317555249638
2.0524,0.005274931881243062,0.0001459819631095707
2.05505,0.005674260266370698,0.0001554051081336335
2.05769,0.005416086084905661,0.000149517741419184
2.06034,0.004953980785238623,0.0001363071763387516
2.06298,0.004752457824639292,0.0001326643350853697
2.06562,0.004736488901220863,0.0001313160807405493
2.06827,0.004144040926748056,0.000116236512465692
2.07091,0.005953141856270808,0.0001628013551813078
2.07355,0.004619947350166483,0.0001282338834969925
2.0762,0.005511135058268588,0.0001515066838678875
2.07884,0.004658956298557158,0.0001292899355455067
2.08149,0.004450279827968924,0.0001242438494973626
2.08413,0.004033501456714762,0.0001143854349148232
2.08677,0.005673532325194229,0.000154021345482366
2.08942,0.005063966287458379,0.0001414279930161272
2.09206,0.00466125457824639,0.0001300190252354988
2.0947,0.006416581714761373,0.0001737972803764565
2.09735,0.003964456922863486,0.000112051731297522
2.09999,0.00515002129578246,0.0001424698056781913
2.10263,0.004988933407325193,0.0001398688904711693
2.10528,0.004367347183684796,0.0001211151680106506
2.10792,0.005496386237513878,0.0001519932601300674
2.11057,0.005238427233629299,0.000145943756405435
2.11321,0.004891922655382905,0.0001402107797917501
2.11585,0.005037819922308549,0.0001463677075032269
2.1185,0.004979795227524971,0.0001429473320424468
2.12114,0.005644883948390675,0.0001641765417665817
2.12378,0.005158303343507217,0.0001487016467627217
2.12643,0.005140853357380687,0.000150338993647668
2.12907,0.00543551845172031,0.0001606443588562733
2.13172,0.003493028024417316,0.0001066873112544364
2.13436,0.004270352455604883,0.0001299106785492827
2.137,0.002965240912874586,9.200375973971036e-05
2.13965,0.006098228773584908,0.0001805240343789524
2.14229,0.004158505896226417,0.0001271675177511163
2.14493,0.004529657463928967,0.0001388883164797221
2.14758,0.0038417919672586,0.0001201559917185443
2.15022,0.004904911140399555,0.0001486792095887571
2.15287,0.003823838374028857,0.0001200172979019039
2.15551,0.003951525665926746,0.0001231192955121887
2.15815,0.004136443326859045,0.0001292916883586415
2.1608,0.004303439442286346,0.0001341693673586388
2.16344,0.004847914261931188,0.0001487337366020822
2.16608,0.003995767549944506,0.0001246933532134582
2.16873,0.004066290857380691,0.0001249498876586769
2.17137,0.005108466842397332,0.0001521293870087194
2.17402,0.005127631381798001,0.0001514495445620297
2.17666,0.004421549042730301,0.0001326996289344733
2.1793,0.00521520636792453,0.0001531242010173762
2.18195,0.004058104952830189,0.0001211367597330101
2.18459,0.003696494450610431,0.0001109039165014648
2.18723,0.003994604675360707,0.0001192556301623342
2.18988,0.004591976553829082,0.0001349926444849728
2.19252,0.005420373612652607,0.0001564912855460951
2.19516,0.003343319367369588,9.993641955490124e-05
2.19781,0.003363012694228636,0.0001011801113466541
2.20045,0.005493515677025529,0.0001576411364633151
2.2031,0.003986052511098782,0.0001179670270241129
2.20574,0.005280597461154273,0.0001520467053496822
2.20838,0.00456065677025527,0.0001333046256160877
2.21103,0.004130223779134293,0.0001217965665733392
2.21367,0.004459509572697006,0.0001310338565794958
2.21631,0.005578936598224195,0.0001604932417916082
2.21896,0.003487623404550499,0.0001032880862482636
2.2216,0.004336256312430634,0.0001260108381390587
2.22425,0.003649443812430635,0.00010812344123665
2.22689,0.003220468992785794,9.613180570964069e-05
2.22953,0.003442953454495008,0.000101599411042174
2.23218,0.004436893035516093,0.0001304944632205701
2.23482,0.004113831367924531,0.0001204298691022447
2.23746,0.003357289886237515,0.0001010048677745219
2.24011,0.004614389359045507,0.0001341216601313453
2.24275,0.004648591148723639,0.0001363660999204276
2.2454,0.003295788013318536,9.839572078169473e-05
2.24804,0.004111478149278581,0.0001215420348860449
2.25068,0.004949047724750274,0.000144006390973505
2.25333,0.005412833240843511,0.0001552616929499586
2.25597,0.004095225374583796,0.0001210386028473452
2.25861,0.004056589553274139,0.0001197760830718996
2.26126,0.004413919395116537,0.0001298122777830368
2.2639,0.005362101692563817,0.0001543243864347036
2.26655,0.004662032880133183,0.000136394865631951
2.26919,0.004988647266925637,0.0001467475106445724
2.27183,0.003025573043840179,9.072979489290815e-05
2.27448,0.005449651498335185,0.0001567754558363172
2.27712,0.003779969617092119,0.000111811752114345
2.27976,0.003295893312985573,0.0001002307264408491
2.28241,0.004100565899001112,0.0001218080982571034
2.28505,0.004133813124306323,0.0001217549931474842
2.28769,0.004331712402885686,0.0001272221004953499
2.29034,0.003909504231409547,0.0001146457574377589
2.29298,0.002599388665371806,7.923894337829633e-05
2.29563,0.005440685002774693,0.0001560744844641399
2.29827,0.003976275665926746,0.0001175270097301665
2.30091,0.004078947419533855,0.0001223989738019438
2.30356,0.003327295504994449,9.865313909684702e-05
2.3062,0.004977112375138737,0.0001454983403392952
2.30884,0.004307342397336291,0.0001263518373141332
2.31149,0.003557833102108769,0.0001071664426247422
2.31413,0.002709767896781354,8.236777724385277e-05
2.31678,0.003626250416204216,0.0001085845037033999
2.31942,0.004484406076581579,0.0001323421798891182
2.32206,0.004479097599889012,0.0001302567940916056
2.32471,0.004768003260266372,0.0001400065010790564
2.32735,0.005475864248057713,0.0001588669686496251
2.32999,0.003389568812430635,0.0001016527730061617
2.33264,0.00393066717536071,0.0001186725389149825
2.33528,0.004100813124306325,0.0001197781461891955
2.33793,0.004499379231409546,0.0001330028930510885
2.34057,0.004064796059933409,0.0001200381863162808
2.34321,0.003443997294672584,0.0001032283113423615
2.34586,0.004642456298557157,0.0001377911661571759
2.3485,0.003841654619866814,0.0001142075266223607
2.35114,0.004017095310765814,0.0001191013276565512
2.35379,0.004301042730299664,0.000126217607304796
2.35643,0.003120235155382911,9.363813199087293e-05
2.35908,0.004012915371809101,0.0001199826419184852
2.36172,0.003524453107658158,0.0001055264264394922
2.36436,0.00447474139844617,0.0001315729622677374
2.36701,0.003887480577136515,0.0001148085043404767
2.36965,0.003482099750277469,0.0001039885304161302
2.37229,0.004602268451720313,0.0001351561956474813
2.37494,0.004211148862375139,0.0001244192600473769
2.37758,0.003481216148723639,0.000105663869471961
2.38022,0.002497057991120975,7.546289822260796e-05
2.38287,0.004201832130965594,0.0001256461561526165
2.38551,0.005002450679800218,0.0001440837357173456
2.38816,0.004060002635960049,0.0001208125654075453
2.3908,0.00363924805771365,0.0001092228421838934
2.39344,0.00359653530799112,0.0001077515603584477
2.39609,0.004222759295227525,0.0001253080877866078
2.39873,0.003966578940066592,0.0001171980837548324
2.40137,0.003766978842952276,0.0001125016263654701
2.40402,0.003349051331853493,9.924671861988902e-05
2.40666,0.003426425985016648,0.0001027344931561316
2.40931,0.003647282880133185,0.0001092242117979225
2.41195,0.002632741190344063,7.970105594821632e-05
2.41459,0.003525281770255274,0.0001060167445064519
2.41724,0.002655678204772473,8.033521946681501e-05
2.41988,0.003761674944506107,0.0001122692076918852
2.42252,0.003943941800776916,0.000117620095190598
2.42517,0.001897648793007771,5.819625890048032e-05
2.42781,0.004767309655937848,0.0001402576849973315
2.43046,0.003733504994450612,0.0001109480387423656
2.4331,0.002820897960599335,8.570727463541434e-05
2.43574,0.005080901220865707,0.0001477915138037073
2.43839,0.004323487583240845,0.0001281773830106021
2.44103,0.002744832685904548,8.34732160836403e-05
2.44367,0.002670388110432853,8.115302295739193e-05
2.44632,0.003158099542175358,9.541128223089924e-05
2.44896,0.003510141509433962,0.000104889922631102
2.45161,0.00471673376803552,0.0001379161285174468
2.45425,0.004174973848501665,0.0001242364692491464
2.45689,0.003173862444506103,9.498714373093918e-05
2.45954,0.002320969478357381,7.158503096822182e-05
2.46218,0.002959389913984458,8.984161920619651e-05
2.46482,0.002979147336293007,8.954459868391322e-05
2.46747,0.003960137347391786,0.0001172877449231934
2.47011,0.003618405591009988,0.000109039139187681
2.47275,0.003466549736403996,0.0001050111989294893
2.4754,0.003695166759156491,0.0001096984765338841
2.47804,0.004209887555493897,0.0001247021207008635
2.48069,0.003468417660932295,0.0001043068686722997
2.48333,0.004198794464483905,0.0001254096005607573
2.48597,0.002814135890677027,8.608578274242077e-05
2.48862,0.00226303863762486,6.93813746506696e-05
2.49126,0.00406018576581576,0.0001217130880773087
2.4939,0.004122159198113208,0.0001218301853985302
2.49655,0.00331928357380688,0.0001005334092387827
2.49919,0.004151908643174249,0.0001230204611213956
2.50184,0.001756256520532743,5.453531658936883e-05
2.50448,0.003407110363485016,0.000102922276228198
2.50712,0.004734137971698115,0.0001399808446769541
2.50977,0.003797875138734738,0.0001133549564134863
2.51241,0.003921799112097669,0.0001166294281786365
2.51505,0.004195791134850169,0.000125063264624708
2.5177,0.002833295851831302,8.693277359943912e-05
2.52034,0.003652685210876804,0.0001091726941692289
2.52299,0.003560168007769148,0.0001075222338878047
2.52563,0.003085101692563817,9.373135610186734e-05
2.52827,0.00455918257491676,0.000134997084540932
2.53092,0.004219600305216429,0.0001252935731056068
2.53356,0.003252560210876804,9.785524888863715e-05
2.5362,0.003790076096004441,0.0001141253778018875
2.53885,0.002864146365149834,8.734214847155732e-05
2.54149,0.002625633462819088,8.056480799555615e-05
2.54414,0.004106819783573805,0.0001228143505104445
2.54678,0.00330663158990011,0.0001002981552718581
2.54942,0.003160223848501667,9.598810394566898e-05
2.55207,0.004810146018312986,0.0001416393700526935
2.55471,0.003863048765260823,0.0001156488413087072
2.55735,0.00315624993063263,9.616945982980839e-05
2.56,0.002263448390677025,7.044973390881445e-05
2.56264,0.003924033296337404,0.0001187616373077032
2.56529,0.00368988346281909,0.0001102109703534891
2.56793,0.002234291828523864,6.93360001320103e-05
2.57057,0.003443214414539402,0.0001037568710813264
2.57322,0.001701042869034406,5.33935559039453e-05
2.57586,0.00448225201165372,0.0001325891241032138
2.5785,0.002667654897336295,8.175742008204052e-05
2.58115,0.003758156562153161,0.0001141423995302909
2.58379,0.00272362853773585,8.371346814796804e-05
2.58643,0.00418307734461709,0.0001249592620747156
2.58908,0.002880444922308544,8.809709359992953e-05
2.59172,0.004784603981687017,0.0001413512777193276
2.59437,0.002687359669811319,8.29862375141193e-05
2.59701,0.003958203038290788,0.0001183038991925767
2.59965,0.002985813263041065,9.106370524653542e-05
2.6023,0.002160646157047725,6.716110229143745e-05
2.60494,0.004409572350166479,0.0001319063674878066
2.60758,0.00282594089900111,8.783681072923416e-05
2.61023,0.004502561112652609,0.0001341561973839557
2.61287,0.003812868895671478,0.0001152429116191545
2.61552,0.003517862721975585,0.0001071422463837911
2.61816,0.003306453038290788,0.0001005895789222393
2.6208,0.003733942216981131,0.0001124330412993889
2.62345,0.00245858469755827,7.628321566909192e-05
2.62609,0.0041959628190899,0.0001261578948224172
2.62873,0.003915474264705881,0.0001181999466175095
2.63138,0.003328540788013317,0.0001014124809125281
2.63402,0.002440880618756937,7.572073178509735e-05
2.63667,0.003810284475582686,0.0001152571829973078
2.63931,0.003967437361265261,0.0001205233700142552
2.64195,0.002718880896226414,8.395764927659165e-05
2.6446,0.003705213720865705,0.0001113799313705999
2.64724,0.002345366953385127,7.261503677155114e-05
2.64988,0.004041675915649279,0.0001223890360764258
2.65253,0.003910463374028859,0.0001187199191093591
2.65517,0.00272856388734739,8.425810844271613e-05
2.65782,0.003293503468368477,0.0001005449501539972
2.66046,0.003029382144839071,9.312763710656141e-05
2.6631,0.002503536209766924,7.755225518410073e-05
2.66575,0.003776977733074363,0.0001135587689995812
2.66839,0.003483029134295225,0.0001068177802732733
2.67103,0.002709587056048835,8.56398437274676e-05
2.67368,0.003703082547169811,0.0001165839260086881
2.67632,0.00309715163706992,0.0001001817710311281
2.67896,0.003881695962819089,0.0001229076840444805
2.68161,0.004532839345172028,0.00014514767309426
2.68425,0.003618609322974472,0.0001189573639742072
2.6869,0.00235923675083241,7.924520188747999e-05
2.68954,0.002042715108213097,6.934929061547015e-05
2.69218,0.0039962207963374,0.0001309300499059625
2.69483,0.003452540302441734,0.000116272879339612
2.69747,0.001577835391231964,5.515857013503956e-05
2.70011,0.002078210252497228,7.095781243871058e-05
2.70276,0.003011934447835739,0.000103962705689435
2.7054,0.003639158781908991,0.0001229320224388393
2.70805,0.003655301678690344,0.0001250250374348126
2.71069,0.004042232172586017,0.0001359772213559
2.71333,0.003962570685349615,0.0001354704878665902
2.71598,0.001996841079356273,7.16977741532574e-05
2.71862,0.004186021157047724,0.0001447123125633736
2.72126,0.004087279827968925,0.0001417744159361893
2.72391,0.003046674181465038,0.0001073713015690745
2.72655,0.003657789955604883,0.0001254653475056331
2.7292,0.002826710044395119,9.72181948979684e-05
2.73184,0.0018010111681465,6.236272657071232e-05
2.73448,0.003112804661487238,0.0001045134618855696
2.73713,0.002222308268590455,7.461404489050894e-05
2.73977,0.002619720657602664,8.837277737077469e-05
2.74241,0.003004545158157605,9.951947565186588e-05
2.74506,0.002164656700887903,7.210173628794525e-05
2.7477,0.003049359322974473,0.0001004481091397151
2.75035,0.003139498127081023,0.0001019122403401128
2.75299,0.003463045088790231,0.000112852199737142
2.75563,0.002046217466703664,6.736642010364171e-05
2.75828,0.001241288498890124,4.159735837204032e-05
2.76092,0.002900525110987788,9.524075859062143e-05
2.76356,0.002730443257491678,8.872072523374798e-05
2.76621,0.001319304106548278,4.40992753126573e-05
2.76885,0.004521043493340733,0.0001426629607163869
2.77149,0.002647950124861267,8.616299111330783e-05
2.77414,0.003591888387902328,0.0001149216119851017
2.77678,0.003030405382907879,9.718929350634216e-05
2.77943,0.003814718507214206,0.0001205470151194239
2.78207,0.003471102802441731,0.0001110380747963652
2.78471,0.002905336847946728,9.439978919044535e-05
2.78736,0.001164538776359602,3.897021472697717e-05
2.79,0.003237243687569366,0.0001029259237501663
2.79264,0.003618934378468368,0.0001150995178393381
2.79529,0.002763910238623751,8.917882800071372e-05
2.79793,0.003638357588790233,0.0001150696549282808
2.80058,0.0038290964900111,0.0001197391615042607
2.80322,0.005235414747502772,0.0001617877101422598
2.80586,0.001408765330188678,4.685853950341924e-05
2.80851,0.001562294533851274,5.130404743619775e-05
2.81115,0.002446729328523863,7.862585369450639e-05
2.81379,0.002289120907325194,7.400829330608234e-05
2.81644,0.00336121573251942,0.0001071114770196607
2.81908,0.00291157928690344,9.301947820241972e-05
2.82173,0.004220193188124305,0.0001314676068302643
2.82437,0.002600704911209771,8.313175354357417e-05
2.82701,0.002663884711431746,8.507588696485837e-05
2.82966,0.003593541134850168,0.0001136259899066322
2.8323,0.003103840455049943,9.78550260169965e-05
2.83494,0.002227712888457271,7.182462421412442e-05
2.83759,0.001656821587125418,5.358762880700552e-05
2.84023,0.003751028232519422,0.000117426210540242
2.84288,0.003160647336293009,0.0001008223669890502
2.84552,0.0006897952275249708,2.265369965802672e-05
2.84816,0.003682043215871256,0.0001163899735646325
2.85081,0.003688699986126527,0.0001156711707298026
2.85345,0.00274278392064373,8.741190812474644e-05
2.85609,0.002717425013873476,8.655445558116814e-05
2.85874,0.003396063054938958,0.0001067995966351565
2.86138,0.004087062361265261,0.0001278380628002435
2.86402,0.003083375693673694,9.793180665865226e-05
2.86667,0.00374593722253052,0.0001173874789821923
2.86931,0.002671363276914539,8.52881230435848e-05
2.87196,0.004356895047169811,0.0001339510530062738
2.8746,0.004163926539955607,0.0001304521863829409
2.87724,0.0026524390954495,8.498469378458746e-05
2.87989,0.002821298557158712,9.012328394631705e-05
2.88253,0.002874967050499448,9.161414190725532e-05
2.88517,0.002206032602663706,7.171199574792761e-05
2.88782,0.003666019353496113,0.0001156811848306416
2.89046,0.002992515815760266,9.413062921320475e-05
2.89311,0.003213697766370698,0.0001022917953550085
2.89575,0.004236233074361821,0.0001318755525023939
2.89839,0.002160396642619311,6.918922222246853e-05
2.90104,0.002730324223085463,8.749671303154625e-05
2.90368,0.001460076026637071,4.738874085988457e-05
2.90632,0.002813723848501665,8.964485354490046e-05
2.90897,0.004154431256936737,0.0001298028160914043
2.91161,0.004036690205327416,0.0001256961496534574
2.91426,0.00220998134017758,7.086030695555639e-05
2.9169,0.003135350235849058,9.990413803036235e-05
2.91954,0.004683143174250834,0.0001445529391129007
2.92219,0.004242731895116539,0.0001298336202910458
2.92483,0.003552433060488346,0.0001114640727580336
2.92747,0.003427762832963375,0.0001074780208775875
2.93012,0.00278663665371809,8.954846404185335e-05
2.93276,0.002829136514983353,8.995858028389756e-05
2.93541,0.004901404203662594,0.000148689624455308
2.93805,0.003061901428967813,9.656595457695076e-05
2.94069,0.002506876040510544,7.982003509369327e-05
2.94334,0.002991130896226416,9.553157262770307e-05
2.94598,0.00240348321309656,7.611610699507884e-05
2.94862,0.002017884988901221,6.550051645373529e-05
2.95127,0.001430752358490568,4.696734044798821e-05
2.95391,0.002312440205327417,7.412250993180435e-05
2.95655,0.001714017619311875,5.55242313365143e-05
2.9592,0.001649265191453939,5.292956488355205e-05
2.96184,0.00345174826581576,0.0001087791509415813
2.96449,0.004046185488346282,0.0001269702755939541
2.96713,0.003597119034406217,0.0001125600295048315
2.96977,0.002516838304661485,8.077785713683649e-05
2.97242,0.0039864256381798,0.0001237566622833335
2.97506,0.004669426748057715,0.0001448008445781069
2.9777,0.001804408226970035,5.850650631471148e-05
2.98035,0.002463080535516094,7.864729664124296e-05
2.98299,0.002817226206992233,9.010192046531624e-05
2.98564,0.003991196170921201,0.0001236574384667512
2.98828,0.00261365677025527,8.358012039853386e-05
2.99092,0.002636795227524971,8.365284373065906e-05
2.99357,0.003848805840732518,0.0001200970662334232
2.99621,0.002503185973917871,8.051371787169349e-05
2.99885,0.002639638318534964,8.425315019182712e-05
3.0015,0.003225985779689234,0.0001017628142356417
3.00414,0.003696407463928969,0.0001157965717115873
3.00679,0.003080150319089903,9.724538363769641e-05
3.00943,0.002701028024417315,8.638623606735349e-05
3.01207,0.003226031562153164,0.000100952463961024
3.01472,0.003685298349056603,0.0001157284906831876
3.01736,0.00231853385127636,7.463918062641956e-05
3.02,0.002564646642619314,8.185080734899644e-05
3.02265,0.002748618895671475,8.734084036745224e-05
3.02529,0.001815100721420642,5.858795345161925e-05
3.02794,0.004364055424528299,0.000134917784305751
3.03058,0.002897029619866815,9.147491854546628e-05
3.03322,0.003193274209211984,0.0001009641527186319
3.03587,0.001488033088235294,4.851424454108271e-05
3.03851,0.002494432366814651,7.885999523452481e-05
3.04115,0.001770888596004437,5.730922199567295e-05
3.0438,0.003042766648168704,9.575074185760586e-05
3.04644,0.003534621392896784,0.0001097270231705007
3.04908,0.0009516159822419524,3.144025496848905e-05
3.05173,0.003295440066592675,0.0001031324991618461
3.05437,0.002694387278024419,8.552685005378613e-05
3.05702,0.002881964900110988,9.06003196089558e-05
3.05966,0.002729655799112098,8.521796066236161e-05
3.0623,0.002961438679245285,9.334881281423134e-05
3.06495,0.002544282602663708,8.03484734206354e-05
3.06759,0.004603213859600442,0.0001399961556343021
3.07023,0.002801776914539399,8.843892840176369e-05
3.07288,0.003464256034961154,0.0001079762336535792
3.07552,0.003397837125416205,0.0001064763187586811
3.07817,0.003312377289123196,0.0001039639083409796
3.08081,0.003380084975027745,0.0001049278958021357
3.08345,0.003191857241953386,9.984827081716795e-05
3.0861,0.003074537389012208,9.609277963418744e-05
3.08874,0.002281214275804662,7.24720804809134e-05
3.09138,0.00413734981964484,0.0001271054103067336
3.09403,0.002682918770810212,8.472892730021913e-05
3.09667,0.002180035030521641,7.007842353347586e-05
3.09932,0.003739122502774695,0.000114754135520674
3.10196,0.0035672894700333,0.0001105973392450282
3.1046,0.003565080466148723,0.0001103282860298921
3.10725,0.002896812153163154,9.09578960960642e-05
3.10989,0.003215952552719201,0.0001008246166766282
3.11253,0.002448677372364042,7.74578584526091e-05
3.11518,0.003151577830188677,9.863549413175608e-05
3.11782,0.003080624167591564,9.611637268431779e-05
3.12047,0.001326732311320755,4.289345773013183e-05
3.12311,0.003357276151498333,0.0001048932789520257
3.12575,0.004142143243618201,0.0001264841428658753
3.1284,0.004196354259156493,0.000128985307275282
3.13104,0.002742557297447281,8.649869831372196e-05
3.13368,0.004324041551054387,0.0001334692076190832
3.13633,0.003609141509433961,0.0001115174669446849
3.13897,0.00271492071309656,8.52877202611541e-05
3.14161,0.003134356756381797,9.868965908546218e-05
3.14426,0.002779034475582686,8.835552563189465e-05
3.1469,0.002219465177580465,7.079939880081073e-05
3.14955,0.002539209905660378,8.044232657712911e-05
3.15219,0.003171861750832408,9.890643618573084e-05
3.15483,0.002229919603218643,7.083958597013846e-05
3.15748,0.003440478912319647,0.0001070198830413294
3.16012,0.00332108969200888,0.0001036059510358373
3.16276,0.002959527261376248,9.330648739800393e-05
3.16541,0.002714783365704774,8.608504875518947e-05
3.16805,0.002910704841842398,9.139003878294047e-05
3.1707,0.003736297724750278,0.0001157439426146789
3.17334,0.003226802996670366,0.0001002714402632716
3.17598,0.003821766717536074,0.0001183417757585368
3.17863,0.001620126942286349,5.213662409743795e-05
3.18127,0.003659882214206438,0.0001131494727585979
3.18391,0.002377774070477245,7.537533259933447e-05
3.18656,0.002346864039955605,7.422218372466517e-05
3.1892,0.002288978981687014,7.327991725747477e-05
3.19185,0.002747272891231969,8.643455458176691e-05
3.19449,0.00217469908435072,6.925188572226797e-05
3.19713,0.002283180632630412,7.268803413947611e-05
3.19978,0.002024493687569369,6.433076705294334e-05
3.20242,0.002500397821864596,7.886063769554524e-05
3.20506,0.00284194415926748,8.876224455202613e-05
3.20771,0.002031535030521643,6.444639517399186e-05
3.21035,0.001372368271365149,4.417395021784385e-05
3.213,0.003427190552164263,0.0001058434135696211
3.21564,0.002142040163706991,6.703084835269795e-05
3.21828,0.001701979120421753,5.425525393750335e-05
3.22093,0.00367309961154273,0.0001126903090613781
3.22357,0.001881757699778024,5.995746027231323e-05
3.22621,0.00469661695338513,0.0001408973772812318
3.22886,0.003538334350721422,0.0001083666008459984
3.2315,0.002047886237513874,6.661802033581882e-05
3.23414,0.002908944506104329,9.465527274480483e-05
3.23679,0.002010129439511656,6.706351898298006e-05
3.23943,0.002971604675360709,9.811359807267199e-05
3.24208,0.002371174528301889,8.050512021663408e-05
3.24472,0.003065385474472809,0.0001037965904280297
3.24736,0.001587983074361821,5.511876767926003e-05
3.25001,0.003021278648723641,0.0001035482507618917
3.25265,0.001564132699778022,5.598553145643136e-05
3.25529,0.003953269977802441,0.0001363718875684336
3.25794,0.002939279966703659,0.0001025612337321723
3.26058,0.003456475305216426,0.000120226970983298
3.26323,0.003482248543285239,0.0001214299400111385
3.26587,0.001573012208657047,5.756683946195528e-05
3.26851,0.003794613138179801,0.0001344307435710834
3.27116,0.001799555285793562,6.599798402459332e-05
3.2738,0.003171964761376248,0.0001136948693551797
3.27644,0.003138065135960045,0.0001136521755855147
3.27909,0.002358236403995558,8.73639246223323e-05
3.28173,0.002796260127635963,0.000101944894606481
3.28438,0.001286913013318538,4.943193611709445e-05
3.28702,0.002796708795782463,0.0001004862058841822
3.28966,0.002771851206992229,9.865109552187925e-05
3.29231,0.003514147475027751,0.0001213796882572679
3.29495,0.002092629439511654,7.369027263703545e-05
3.29759,0.003191820615982244,0.0001094545151595567
3.30024,0.002045668077136517,7.129779365543197e-05
3.30288,0.004358884295227526,0.0001451496091847264
3.30553,0.002662003052164262,9.110252090612772e-05
3.30817,0.003944575887902329,0.0001313708502808867
3.31081,0.003879377081021085,0.0001296512592078026
3.31346,0.004409192355715874,0.000145986138241087
3.3161,0.002678345102663709,9.087777487973209e-05
3.31874,0.004232517827413983,0.0001400870719088007
3.32139,0.002182118132630413,7.458802040170551e-05
3.32403,0.00318483421198668,0.000107231798746839
3.32667,0.003497388804106548,0.0001157323121909108
3.32932,0.002239002844062152,7.607044220173954e-05
3.33196,0.002903040857380689,9.799353073490268e-05
3.33461,0.002894374236958935,9.746821358458506e-05
3.33725,0.002316198945615985,7.859981574558971e-05
3.33989,0.002854060488346285,9.56744475533396e-05
3.34254,0.001749895047169812,5.924067964036633e-05
3.34518,0.002871670713096557,9.593038561292986e-05
3.34782,0.001210600513318535,4.163179162813363e-05
3.35047,0.003528129439511654,0.0001152477640684855
3.35311,0.00394547322419534,0.0001279161667308301
3.35576,0.003048938124306324,0.0001009753207653675
3.3584,0.002728092327968925,9.046689083813016e-05
3.36104,0.004010502635960045,0.0001294709508102102
3.36369,0.003144666967258603,0.0001041415205279877
3.36633,0.002310901914539399,7.712203869897741e-05
3.36897,0.002558234808546059,8.531315582112887e-05
3.37162,0.003198850513318536,0.0001038289398354616
3.37426,0.002086709766925636,7.024534267321668e-05
3.37691,0.003309016856270808,0.000108713869709531
3.37955,0.002355528371254162,7.814628153691193e-05
3.38219,0.002880710460599333,9.449233594905159e-05
3.38484,0.002969464345172027,9.733079224041984e-05
3.38748,0.002698912874583795,8.916824057559492e-05
3.39012,0.001385391093229745,4.734569862674632e-05
3.39277,0.002942248959489454,9.658737668551317e-05
3.39541,0.00328045088790233,0.0001065905772436017
3.39806,0.002215040302441729,7.41706516692495e-05
3.4007,0.002663513873473917,8.821771767331398e-05
3.40334,0.003401213582130967,0.0001110507595825203
3.40599,0.003033642203107659,9.958172822016209e-05
3.40863,0.002040039123196445,6.774755278893851e-05
3.41127,0.003015336084905662,9.880278373790096e-05
3.41392,0.00360986487236404,0.0001168143054620763
3.41656,0.003310394908435071,0.0001078185733234731
3.41921,0.002959252566592677,9.707143152927982e-05
3.42185,0.003139541620421756,0.0001021782320306822
3.42449,0.002457476761931188,8.168753155972993e-05
3.42714,0.003011050846281908,9.776980108062808e-05
3.42978,0.001056098432297446,3.597823068182897e-05
3.43242,0.003942897960599335,0.0001270569148700244
3.43507,0.002869374722530522,9.432217571485615e-05
3.43771,0.004222324361820199,0.0001350773667617574
3.44035,0.002629966773029965,8.625706793247583e-05
3.443,0.001466918215871254,4.949336073633701e-05
3.44564,0.00366236362375139,0.0001183241681275831
3.44829,0.003832424875138735,0.0001220090546410344
3.45093,0.002014948043840179,6.685428869421227e-05
3.45357,0.003508733698668146,0.0001128571861012831
3.45622,0.002006494311875693,6.655779344131499e-05
3.45886,0.003165729189789126,0.0001031471851927339
3.4615,0.002828582547169812,9.142052835533054e-05
3.46415,0.001928151359600443,6.37785634491827e-05
3.46679,0.003760779897336292,0.0001201233321973431
3.46944,0.002889644908435071,9.407153769489245e-05
3.47208,0.003576938124306326,0.0001146689084416219
3.47472,0.00328950665926748,0.0001060081273522352
3.47737,0.002649392272475028,8.599901131926836e-05
3.48001,0.00193583136792453,6.346282428318359e-05
3.48265,0.003425237930077694,0.0001089691316138653
3.4853,0.001674942286348502,5.531217397012811e-05
3.48794,0.001097600235849058,3.695104897020074e-05
3.49059,0.002387715732519422,7.82022149767554e-05
3.49323,0.002472781839622645,7.973187305604661e-05
3.49587,0.002473878329633738,7.954180128196903e-05
3.49852,0.002072375277469479,6.812815464078608e-05
3.50116,0.004355061459489457,0.0001370094501373259
3.5038,0.002256262832963375,7.368836949129238e-05
3.50645,0.002900403787458376,9.335158193627138e-05
3.50909,0.00290247773307436,9.347815100796788e-05
3.51174,0.0008276920088790255,2.773351221591898e-05
3.51438,0.00245849313263041,8.03811349018523e-05
3.51702,0.003077325541065485,9.83456514611411e-05
3.51967,0.004410742092119869,0.0001385941151210082
3.52231,0.002438765468923416,7.917927744558858e-05
3.52495,0.003755604189789126,0.0001198084040466727
3.5276,0.002317084836293008,7.510602878551722e-05
3.53024,0.002062774694783572,6.724175009045279e-05
3.53288,0.002538555216426193,8.219930903803259e-05
3.53553,0.001782899625416204,5.893240566476984e-05
3.53817,0.003184520602108769,0.0001023306828869629
3.54082,0.002170635890677025,7.06299648797803e-05
3.54346,0.001711034891786903,5.638218043057348e-05
3.5461,0.004130754855715874,0.0001310213306105938
3.54875,0.001025295990566036,3.430768128086672e-05
3.55139,0.001865937569367369,6.118950001842094e-05
3.55403,0.003226285654827968,0.0001034023827188209
3.55668,0.0008792384850166463,2.932084045832715e-05
3.55932,0.003300235779689237,0.0001055949502285949
3.56197,0.002741179245283018,8.827859549271777e-05
3.56461,0.00381896940899001,0.0001202643515782957
3.56725,0.002701430910099889,8.747828497959966e-05
3.5699,0.002742772475027746,8.887925744552959e-05
3.57254,0.003457665649278581,0.0001091455141043968
3.57518,0.001120120629855713,3.721864593490171e-05
3.57783,0.00228641516370699,7.460423744716786e-05
3.58047,0.002677189095449505,8.664711704077802e-05
3.58312,0.001957864178690342,6.420212925364095e-05
3.58576,0.001489408851276361,4.912307062610384e-05
3.5884,0.003046136237513871,9.773251799518466e-05
3.59105,0.003078756243063265,9.860462871086857e-05
3.59369,0.003213869450610433,0.0001027019683645854
3.59633,0.003082075471698113,9.82577480898378e-05
3.59898,0.001503672377913431,4.952353843143282e-05
3.60162,0.00346233088235294,0.0001106431493656961
3.60427,0.003821679730854608,0.0001212445985511433
3.60691,0.003231175221975582,0.0001028634885133033
3.60955,0.003929234184239733,0.0001237386957422018
3.6122,0.003057444506104327,9.820061629558165e-05
3.61484,0.003731449361820199,0.0001188792144174176
3.61748,0.001939253607103218,6.32438484253651e-05
3.62013,0.002231503676470588,7.250722464254568e-05
3.62277,0.003172997155937848,0.0001014954006961664
3.62541,0.001916538637624864,6.261646653137748e-05
3.62806,0.002894653509988901,9.357127026896773e-05
3.6307,0.002470234045504996,8.010655169209074e-05
3.63335,0.00308410134572697,9.930488280402419e-05
3.63599,0.00257960148446171,8.35312639598185e-05
3.63863,0.002325687361265261,7.560354524544106e-05
3.64128,0.002886939164816872,9.287500076941667e-05
3.64392,0.002276498682019979,7.410747985562652e-05
3.64656,0.002093654966703664,6.826758864200508e-05
3.64921,0.002435203593229742,7.94859242608775e-05
3.65185,0.001785243687569366,5.874477426209782e-05
3.6545,0.002428315621531633,7.858896185037702e-05
3.65714,0.002499756867369592,8.087971760702127e-05
3.65978,0.002022703593229744,6.625674566036003e-05
3.66243,0.003688061320754717,0.0001167422193646542
3.66507,0.003536145948945617,0.0001122098971195231
3.66771,0.003118053620976693,9.972832519519341e-05
3.67036,0.001774951789678136,5.812489658615435e-05
3.673,0.003259651914539401,0.0001037760147606205
3.67565,0.002037807228079911,6.618452850349095e-05
3.67829,0.001778804384017757,5.812490019845875e-05
3.68093,0.001802711986681466,5.93859471236767e-05
3.68358,0.001845928343507213,5.98734241369895e-05
3.68622,0.004072354744728082,0.0001279131142709603
3.68886,0.001548779550499446,5.054936540217776e-05
3.69151,0.00205924715593785,6.691102750432808e-05
3.69415,0.002081234184239732,6.719988372423884e-05
3.6968,0.004354187014428415,0.0001338342691620294
3.69944,0.002026036556603774,6.601378248951071e-05
3.70208,0.003421195338512764,0.0001071860548492467
3.70473,0.002146032394561598,6.929275170313512e-05
3.70737,0.001116904411764705,3.648427573802799e-05
3.71001,0.00263358129855716,8.341584889905381e-05
3.71266,0.001618204078801331,5.253420894840661e-05
3.7153,0.002268445546614874,7.337263582807197e-05
3.71794,0.002007556465038845,6.488437094762079e-05
3.72059,0.002705299528301884,8.627694461398695e-05
3.72323,0.001741237583240842,5.637937864246165e-05
3.72588,0.0035641945754717,0.0001118801552148905
3.72852,0.002288640191453938,7.331510211225306e-05
3.73116,0.002892325471698117,9.116786402957138e-05
3.73381,0.002365044256381801,7.600709663826155e-05
3.73645,0.001952251248612652,6.267548667755884e-05
3.73909,0.002815761168146504,8.989611959975784e-05
3.74174,0.002024230438401778,6.481809850163143e-05
3.74438,0.003088567425083239,9.742948708027408e-05
3.74703,0.002744422932852384,8.78176242905783e-05
3.74967,0.002989404897336292,9.506274032661099e-05
3.75231,0.002126801470588236,6.768100053308069e-05
3.75496,0.002527965732519422,8.063586707884564e-05
3.7576,0.00257132630410655,8.159358959175387e-05
3.76024,0.003191278093784683,0.000100804616521643
3.76289,0.002184315690899002,6.998388573656483e-05
3.76553,0.002442496739733626,7.815760936706467e-05
3.76818,0.002018006312430633,6.509982366367628e-05
3.77082,0.002833408018867925,8.935111281489919e-05
3.77346,0.001863124236958935,6.032301630811073e-05
3.77611,0.002122429245283019,6.826071964964966e-05
3.77875,0.002553805355160933,8.131730456555703e-05
3.78139,0.002429151151498332,7.778946451028355e-05
3.78404,0.00176236847946726,5.712571880125623e-05
3.78668,0.00280119089900111,8.865825873843792e-05
3.78933,0.001865239386792451,6.016589983885332e-05
3.79197,0.003278102247502774,0.0001065022542467506
3.79461,0.002669115357935627,8.914996417075669e-05
3.79726,0.002534956714761376,8.532391044170924e-05
3.7999,0.002705494103773584,9.260673402167373e-05
3.80254,0.00167034114872364,5.879450121608795e-05
3.80519,0.004015328107658158,0.0001364893043186447
3.80783,0.002683671892341843,9.410032447531111e-05
3.81047,0.001987364109322978,7.151293181461218e-05
3.81312,0.00238723501664817,8.700648183424289e-05
3.81576,0.002898071170921199,0.0001039647896388536
3.81841,0.001659236612097667,6.099232189712894e-05
3.82105,0.002829907949500555,0.000103700457055939
3.82369,0.002374523515538293,8.753184055346379e-05
3.82634,0.001816590940621533,6.809170891970768e-05
3.82898,0.002728953038290786,0.0001011294007831815
3.83162,0.003049620283018868,0.0001130304703368209
3.83427,0.002617111057158711,9.859918498318523e-05
3.83691,0.001349291620421757,5.280938396521337e-05
3.83956,0.004276317910654826,0.0001580921582761839
3.8422,0.003400069020532743,0.000128368546527202
3.84484,0.003360066592674806,0.0001276597880174792
3.84749,0.002013663845726973,7.66483531317382e-05
3.85013,0.002373044741953385,8.74948224344647e-05
3.85277,0.003292237583240845,0.0001170271772629716
3.85542,0.004169324292452833,0.0001463907991177253
3.85806,0.001485421198668148,5.442051819028767e-05
3.86071,0.001283332824639288,4.688412430617568e-05
3.86335,0.0002195292036626009,8.145316948057247e-06
3.86599,0.002513038360155385,8.828483605890427e-05
3.86864,0.001645005133185351,5.858591804586141e-05
3.87128,0.001577512624861265,5.661414092595505e-05
3.87392,0.003390543978912316,0.0001164796053509653
3.87657,0.00361700464761376,0.0001237558943663925
3.87921,0.002793009572697002,9.707586237884225e-05
3.88186,0.003975041828523863,0.0001346733200984788
3.8845,0.003142712056048837,0.0001082772835144732
3.88714,0.004045171406770257,0.000135556437363092
3.88979,0.002893577622086571,0.0001000784213419497
3.89243,0.002924879092674804,0.0001006065193462004
3.89507,0.002778746046059933,9.454279432071749e-05
3.89772,0.003853832755271923,0.0001282384321315069
3.90036,0.004024633393451722,0.0001329419489462473
3.903,0.00229210821309656,7.816902176883079e-05
3.90565,0.002377854189789125,8.092230544067058e-05
3.90829,0.002446305840732522,8.28398988569883e-05
3.91094,0.001884060557713649,6.483112403328659e-05
3.91358,0.002552479952830186,8.606598201479547e-05
3.91622,0.002934667383462818,9.761301361159433e-05
3.91887,0.003797060210876807,0.0001254909623308793
3.92151,0.002407647128190899,8.083259193584737e-05
3.92415,0.00233719249445061,7.855165885058067e-05
3.9268,0.004442446448390676,0.0001439532217111271
3.92944,0.003144367092119869,0.0001034236822818015
3.93209,0.00280084981964484,9.29867890435521e-05
3.93473,0.001691080604883465,5.68903280263912e-05
3.93737,0.002541153371254162,8.427324620212883e-05
3.94002,0.002376945407880133,7.928533715867238e-05
3.94266,0.002908493548834632,9.608682313134515e-05
3.9453,0.002366236889567148,7.892267969097184e-05
3.94795,0.002885840385682578,9.504479384949553e-05
3.95059,0.003015036209766925,9.950973572460128e-05
3.95324,0.002413887278024419,8.080499310348096e-05
3.95588,0.003095862860710319,0.0001018975655237205
3.95852,0.003105591634295229,0.0001023468398964062
3.96117,0.002401500832408433,8.038739138048382e-05
3.96381,0.001938161695338511,6.507474789616932e-05
3.96645,0.003019355785238625,9.906962162961552e-05
3.9691,0.001085401498335181,3.710791660820553e-05
3.97174,0.003491972738623755,0.0001144314788781681
3.97439,0.002785723293562705,9.264419823563218e-05
3.97703,0.002793861126526084,9.140313571034255e-05
3.97967,0.003003675291342952,9.858189463420063e-05
3.98232,0.001702565135960042,5.722741408495861e-05
3.98496,0.002311176609322975,7.697445222693689e-05
3.9876,0.001814452899556048,6.092895126290174e-05
3.99025,0.002981827899556049,9.788010262648211e-05
3.99289,0.002964886098779135,9.815881193301208e-05
