0.0431807,69.0262188054939,0.4861651934059128
0.0458244,59.83426177857936,0.4359781743832464
0.0484682,52.63242748335183,0.4040484383992291
0.0511119,45.9529125,0.3914189824544486
0.0537556,40.5517201373474,0.3449524186561136
0.0563993,36.01094714900111,0.3362389847380123
0.059043,31.84933019700333,0.2939689175420311
0.0616867,28.49507127011654,0.2876849331004357
0.0643304,25.78016085807436,0.2680182352009944
0.0669742,23.33551561598225,0.2434815029142112
0.0696179,21.05808867161487,0.235711333580702
0.0722616,19.01387876595449,0.2097606843067011
0.07490529999999999,17.37972100929523,0.2002122634564995
0.07754900000000001,15.86706734808546,0.1891722358243133
0.08019270000000001,14.47323916481687,0.1732253157066285
0.08283649999999999,13.29595564927858,0.1681788674809381
0.08548020000000001,12.27909356687015,0.1544443454503453
0.08812390000000001,11.2567632727525,0.1540009708159502
0.0907676,10.39476115288568,0.1461542104730214
0.0934113,9.574390469617093,0.1376901786209591
0.096055,8.807861703662597,0.1334358039720628
0.0986987,8.251433494728081,0.124558616332579
0.101342,7.581503140954496,0.1188364368550108
0.103986,7.069366856270811,0.1087173109602621
0.10663,6.57050764636515,0.1053938773977556
0.109274,6.094173248473918,0.1006351252511361
0.111917,5.666249708657048,0.09305365148253575
0.114561,5.358649694783574,0.08874744864100768
0.117205,4.953263808962264,0.08333089506739295
0.119848,4.619364653856826,0.07852051600795752
0.122492,4.396422939789123,0.07401538365410192
0.125136,4.084073361542731,0.07067367286018865
0.12778,3.815906218784684,0.06635754584330282
0.130423,3.58421623127081,0.06334873765789661
0.133067,3.413207328662597,0.06118346711123794
0.135711,3.170982750416205,0.05554196492489853
0.138354,2.980991362375139,0.05350323097317613
0.140998,2.839163332408435,0.05096216671411888
0.143642,2.641615914955605,0.04777932441856836
0.146286,2.491134816176471,0.04462481075792093
0.148929,2.352012369589345,0.04219778494850338
0.151573,2.248988983768035,0.04157842050510275
0.154217,2.109627873196449,0.03842564018244425
0.15686,1.993291175776915,0.03680973814737627
0.159504,1.879844313263041,0.03458153215930761
0.162148,1.793101789678136,0.03315983512527419
0.164792,1.683861053690344,0.03189627040080338
0.167435,1.606312266925638,0.02985414087480174
0.170079,1.511635321864595,0.02843987796942203
0.172723,1.464740435627081,0.02742471563936394
0.175366,1.36404357727525,0.02595029683101821
0.17801,1.285369137069923,0.02441389624288432
0.180654,1.241157057436182,0.02350235886184351
0.183298,1.172477936320755,0.02254486395057923
0.185941,1.113772914123196,0.02132553451449746
0.188585,1.070720344062153,0.02058335379239573
0.191229,1.036338743756937,0.02004579069816697
0.193872,0.9630889074639289,0.01865342286236739
0.196516,0.9129507228079911,0.0178993567148552
0.19916,0.873841236126526,0.0171490079294339
0.201804,0.8591054862652608,0.01719040614180619
0.204447,0.8025965572974472,0.01591632578016458
0.207091,0.7629692480577137,0.01509180374251803
0.209735,0.7495086084905661,0.01484680269289728
0.212378,0.709383346281909,0.01418404940357168
0.215022,0.6720702719200888,0.01348495877123011
0.217666,0.6522949486681465,0.0132303592349085
0.22031,0.6412465871254163,0.01314140773048649
0.222953,0.5951289039955605,0.01214517760544864
0.225597,0.5681465510543841,0.01155862185615666
0.228241,0.5384725326026637,0.01118068777493401
0.230885,0.5364203565482797,0.01108328763854737
0.233528,0.512341802164262,0.01073225871653239
0.236172,0.4901892931465039,0.01029171608892283
0.238816,0.4842361535793563,0.01013610936311334
0.241459,0.4519135738068813,0.009526736155625775
0.244103,0.4374927386237514,0.009154326085752052
0.246747,0.4176976373473918,0.008911646141920502
0.249391,0.4046562735849057,0.00870817911557111
0.252034,0.3826096365149834,0.008359787015035558
0.254678,0.3933911320754717,0.008396327584923735
0.257322,0.3592066939511654,0.00782944698794192
0.259965,0.3479644894561598,0.0076048543102383
0.262609,0.3615779279966704,0.007803325507732299
0.265253,0.334029039955605,0.007424177898238278
0.267897,0.3279271760543841,0.007195160537244826
0.27054,0.2992366107103219,0.006706162846915576
0.273184,0.3033253738901221,0.006683539094819723
0.275828,0.289179943118757,0.006441987788038183
0.278471,0.2816643167314096,0.006386237271451775
0.281115,0.2709599646226415,0.006182620601386084
0.283759,0.2643172724750278,0.006068566306956077
0.286403,0.2617056576026637,0.005878610642912968
0.289046,0.254993971281909,0.005826553079510812
0.29169,0.2387866585738069,0.005512302327728053
0.294334,0.2460350756104329,0.00566521682943675
0.296977,0.2291626123751387,0.00536677417111483
0.299621,0.2276895387069922,0.005267517579290807
0.302265,0.2292885828246393,0.005295332985929388
0.304909,0.2135082831576027,0.004999341795108567
0.307552,0.2139008906770255,0.005040290400179261
0.310196,0.2070981430355161,0.004877679455607105
0.31284,0.2010046344339623,0.004743587951587657
0.315483,0.1951493548834628,0.004647793519984707
0.318127,0.1896902241259711,0.00451777466684543
0.320771,0.1890932185072142,0.004489739562422883
0.323415,0.1795636077968923,0.00433584276352351
0.326058,0.1815120865704773,0.004329945825604017
0.328702,0.1669883095172031,0.004140248118997551
0.331346,0.172472822072697,0.004166602067416006
0.333989,0.1597931100166482,0.003927323224205778
0.336633,0.1643181388734739,0.003961106139655485
0.339277,0.156506391509434,0.003821464264607692
0.341921,0.1555133469755827,0.003850684035945442
0.344564,0.1540338706298557,0.003782279594313849
0.347208,0.1463676359600444,0.003656073668984172
0.349852,0.1472994922308546,0.0036349301473194
0.352495,0.1420757382769146,0.003548861077368768
0.355139,0.1395242334905661,0.003490206190267516
0.357783,0.1366252443812431,0.003443887179444159
0.360427,0.135316511445616,0.003406666920150197
0.36307,0.1257136556603774,0.003202590589298788
0.365714,0.1296878596698113,0.003283575033172023
0.368358,0.1266370398862375,0.003184114003985646
0.371001,0.1199764765538291,0.003089768166000545
0.373645,0.1204176089067703,0.003098216331974737
0.376289,0.1211124447835738,0.00307639406237977
0.378933,0.1171030889983352,0.003021861496774812
0.381576,0.1093930084628191,0.002825938068009314
0.38422,0.10813715427303,0.002833121765734326
0.386864,0.1094023251942286,0.002829924203235181
0.389507,0.1070179607380688,0.002802627059867858
0.392151,0.108560106409545,0.002844011858140055
0.394795,0.1025758393451721,0.002682753118705186
0.397439,0.1041692590871254,0.002719519848121824
0.400082,0.09852786834073253,0.002594674095941794
0.402726,0.1028424077413985,0.002683799099089387
0.40537,0.1006125911487236,0.002637813798683573
0.408013,0.09066028926193119,0.002420742773109819
0.410657,0.09528479883462819,0.002535504624932368
0.413301,0.0922680709628191,0.002450579935231681
0.415945,0.0984568666065483,0.002577716200980374
0.418588,0.09145280889289678,0.002452407656544382
0.421232,0.08684511979744729,0.002353928723151282
0.423876,0.08813219991675916,0.002415538648656786
0.426519,0.08907259461709213,0.002440363322584743
0.429163,0.08711530271920088,0.00247482563315768
0.431807,0.08991286077968924,0.002572702095864047
0.434451,0.08477001130688123,0.002512177841271352
0.437094,0.07944013589067703,0.002460887388566391
0.439738,0.07911401366537181,0.002456144226254735
0.442382,0.08430239150943396,0.002616301147876703
0.445025,0.08080314851553828,0.002537429837787372
0.447669,0.0803705957963374,0.002547578073572134
0.450313,0.08282057339067704,0.002639193570561508
0.452957,0.08048387992508324,0.002551622123169921
0.4556,0.07536746982519421,0.002427289919446077
0.458244,0.07713456992230855,0.002427045956095649
0.460888,0.07643008081298558,0.002426507183224572
0.463531,0.07348382130965596,0.002388238650419196
0.466175,0.06979218437846837,0.002274225663423339
0.468819,0.07348451033573807,0.002408991273295402
0.471463,0.07222855084628191,0.0023142618650278
0.474106,0.06873008844339622,0.002288996996986464
0.47675,0.07575193035516094,0.002440772299922821
0.479394,0.06641214518590455,0.002238800377738166
0.482037,0.06697340843507216,0.002279035262134009
0.484681,0.06018719055216426,0.002007348256981316
0.487325,0.06284461993618201,0.002073515533373075
0.489969,0.06363326865982241,0.00203733291719279
0.492612,0.06391764643451721,0.002045940985174024
0.495256,0.06376392723362929,0.002003039777649803
0.4979,0.05998913332408434,0.001898305461692121
0.500543,0.06265465018035517,0.001943020335230421
0.5031870000000001,0.05968719339622641,0.001862611956436059
0.505831,0.0602535522336293,0.001877220531082124
0.508475,0.06107087680355161,0.001884950397542287
0.511118,0.05899613228357381,0.001813423092246464
0.5137620000000001,0.05652324285516093,0.001762414977665316
0.516406,0.06134505882352941,0.001845787264225358
0.519049,0.0579209242508324,0.001783323190520312
0.521693,0.05799546039123196,0.001758564382316754
0.5243370000000001,0.05782372807991121,0.001754999168893053
0.526981,0.05317410453662598,0.00165669299134237
0.529624,0.05447892993895672,0.001660748806151207
0.532268,0.05259429252219756,0.001626931484446919
0.5349120000000001,0.0512983054245283,0.001580815155760946
0.537555,0.05575064317425082,0.001674862760843084
0.540199,0.05889340330188679,0.001746499418166676
0.542843,0.05066202989733629,0.001562499929032227
0.5454870000000001,0.05038561369311876,0.001551172311527175
0.54813,0.0544367253745838,0.00160296998934783
0.550774,0.0515098387208657,0.001562550580126589
0.553418,0.05470864802996671,0.001612921717904128
0.556061,0.05199913651498335,0.001557522784882522
0.558705,0.05286095477247503,0.001584226235231479
0.561349,0.04801384857103219,0.001443674459565275
0.563993,0.0525566936736959,0.001553395903810021
0.566636,0.05160505022197558,0.001521093384720275
0.56928,0.04800029696170921,0.00145580309371939
0.571924,0.05084918632075472,0.001507375837080377
0.574567,0.04908132623473918,0.001464569068240554
0.577211,0.04665011945061043,0.001408782772898248
0.579855,0.05097659433962264,0.001482271040639876
0.582499,0.04700838325471698,0.001413533004138605
0.5851420000000001,0.04794151914539401,0.001420725190159723
0.587786,0.05009021379023308,0.001479384223049802
0.59043,0.04620139178690344,0.001384990357654985
0.593073,0.04278617105993341,0.001290020895713089
0.5957170000000001,0.04663759565760267,0.001377514702468071
0.598361,0.04417544450610433,0.001328355878770032
0.601005,0.04639763374028857,0.001364251304076815
0.603648,0.04446711771642619,0.001317285302764078
0.6062920000000001,0.0466078027192009,0.001359656971523109
0.608936,0.04628886834073252,0.001351503105113631
0.611579,0.04182964948668146,0.001245212809467018
0.614223,0.04303944193951165,0.001270916217906578
0.6168670000000001,0.04308328093784684,0.001269982135623788
0.619511,0.0468017418146504,0.00133743436072353
0.622154,0.04357919200887903,0.001274991907181462
0.624798,0.04240049958379578,0.001239971873940459
0.6274420000000001,0.04279111098779134,0.001241754421574062
0.630085,0.04449175097114317,0.001285461502394342
0.632729,0.039259174736404,0.001166266608985662
0.635373,0.0419010403718091,0.001220709414931394
0.6380169999999999,0.04078849216148724,0.001187307349853637
0.64066,0.04187204633740288,0.001218470616314749
0.643304,0.04465955514705883,0.001275662596908272
0.645948,0.04036495629855716,0.0011801271343269
0.6485919999999999,0.04211964476970033,0.001212922410766387
0.651235,0.04314454703107658,0.001243594760345899
0.653879,0.04114313228357381,0.001197774327784323
0.656523,0.04285826928412875,0.00122588101028823
0.659166,0.03876394124583796,0.001142179219400644
0.66181,0.03839314678135405,0.001118067029383075
0.664454,0.0401128505826859,0.001167162997224605
0.667098,0.03831301831298557,0.001132276502511927
0.669741,0.03908883879023308,0.00114608564807899
0.672385,0.0388002696309656,0.001131812475273134
0.675029,0.04076409926470588,0.001164925464000357
0.6776720000000001,0.0376722721281909,0.001096830187821183
0.680316,0.03797708261653718,0.00110681792946215
0.68296,0.03933779696170921,0.001124264440453005
0.685604,0.03863949764150944,0.001119794301425606
0.6882470000000001,0.03838117695615982,0.001105290946065974
0.690891,0.03905384496392898,0.001121595918645641
0.693535,0.04065842418146503,0.001147228719262348
0.696178,0.0405808549528302,0.001145979759824817
0.6988220000000001,0.04025354925083242,0.001143106353574713
0.701466,0.03911772294672586,0.001109501252050225
0.70411,0.03692396920088791,0.001070913650505763
0.706753,0.03818097481964484,0.001082361444495884
0.7093970000000001,0.03435281687014429,0.001007402175830501
0.712041,0.03548851727247503,0.001031991057752318
0.714684,0.03542989740566038,0.00102378667296621
0.717328,0.03569771108490566,0.001028649568188292
0.7199719999999999,0.03457714407602664,0.001004759102351069
0.722616,0.0342690853218646,0.0009923448760091166
0.725259,0.03702448688956714,0.001052257976561527
0.727903,0.03370421899278579,0.0009686894305573359
0.7305469999999999,0.03594478072974473,0.001030278714182351
0.73319,0.03404160370421754,0.0009856415814605681
0.735834,0.03607279765538291,0.001019653436315997
0.738478,0.03798391336015538,0.001054232255944641
0.7411219999999999,0.03847949708657047,0.001067045478130517
0.743765,0.03646599805771365,0.001031723053262784
0.746409,0.03642735079078801,0.001012551089788198
0.749053,0.03669474556048835,0.001029471098829621
0.751696,0.0377901551054384,0.001039879708839424
0.75434,0.03629780701997781,0.001019294099537928
0.756984,0.03349779501942286,0.000945778262894547
0.759628,0.03422631763318535,0.0009679978309666714
0.762271,0.03364359385405106,0.0009529887344090412
0.764915,0.03200047266925638,0.000912770907668225
0.767559,0.03354213075749168,0.0009569327716507783
0.7702020000000001,0.0342864849472808,0.0009573085607696415
0.772846,0.03416135918423974,0.0009528840637200185
0.77549,0.0330703195754717,0.0009379527164803139
0.778134,0.0348260244173141,0.0009614539513142402
0.7807770000000001,0.03405336979744727,0.0009537453338247393
0.783421,0.03289269963928968,0.0009232049512301203
0.786065,0.03290683497502774,0.0009247509100799116
0.788708,0.03509152150388457,0.0009694430136383697
0.7913520000000001,0.03389858844339623,0.000935509004558756
0.793996,0.03153772870421754,0.0008922552866471667
0.79664,0.0330826945754717,0.000918080401435253
0.799283,0.02952928863762486,0.0008435471160954188
0.8019269999999999,0.0323587593645949,0.0009022606794064397
0.804571,0.03320687950887902,0.0009141719592616714
0.807214,0.03428021503884572,0.0009403793018412707
0.809858,0.03336449937569367,0.0009107580763795666
0.8125019999999999,0.03358785599334073,0.0009295812410478002
0.815146,0.03096116724472808,0.0008621523250573836
0.817789,0.03481263075749168,0.0009418808132409074
0.820433,0.03282564206437292,0.0009062432088820476
0.8230769999999999,0.02928516967258602,0.0008242543787510296
0.82572,0.033863418354606,0.0009239710474231587
0.828364,0.03484737049112097,0.0009353100437860844
0.831008,0.03167437791342952,0.0008764952198471908
0.8336519999999999,0.03122969284128746,0.0008562263691190464
0.836295,0.03267132540233075,0.0008895529692768268
0.838939,0.03406539227247504,0.0009197742212749618
0.841583,0.03170773043840178,0.0008593772078447722
0.844226,0.03178595206714761,0.0008770364519184365
0.84687,0.03280551380410655,0.0008854548570842789
0.849514,0.03142271170921199,0.0008578830519639943
0.852158,0.03064522246115427,0.000844990858054942
0.854801,0.03424347461154273,0.0008975493800971119
0.857445,0.03230139851553829,0.0008724947888768088
0.860089,0.03096415455049945,0.0008368291791391539
0.8627320000000001,0.03295846157047725,0.0008778245858459694
0.865376,0.03195291842397336,0.000888039219752267
0.86802,0.02938636036348502,0.0008288190523564625
0.870664,0.03091617452830189,0.0008740257007089438
0.8733070000000001,0.03262482644284129,0.0008955184341695136
0.875951,0.03278528711154274,0.000916137825711481
0.878595,0.03172385273307436,0.0008933353205402397
0.881238,0.03321470831021087,0.0009197979039869248
0.8838819999999999,0.03285361514983352,0.0009274548939456316
0.886526,0.0305259019145394,0.0008578160524469627
0.88917,0.03078997516648168,0.0008736599076910766
0.891813,0.03077664102386238,0.0008742621673235801
0.8944569999999999,0.02979080951720311,0.0008345312179853168
0.897101,0.03427520185904551,0.0009171129552970196
0.899744,0.03190014726692565,0.0008661646921000736
0.902388,0.030011309309101,0.0008247680373610838
0.9050319999999999,0.03183495761653719,0.0008500362417745334
0.907676,0.02859658996947835,0.0007863494142187334
0.910319,0.03175975763041066,0.0008526651485018179
0.912963,0.03020136147336293,0.0008193530458963002
0.9156069999999999,0.03150006347114318,0.0008453086618171262
0.91825,0.03007541391509434,0.0008035002179906834
0.920894,0.03263355258046615,0.0008634354824278153
0.923538,0.03153393333795783,0.0008380319790415891
0.9261819999999999,0.02872710203940067,0.0007752783506685176
0.928825,0.0308760759572697,0.0008279757084577284
0.931469,0.03362214705882353,0.0008708706683244657
0.934113,0.03231135162319645,0.000854334793119748
0.936756,0.03079160731132076,0.0008089039073447619
0.9394,0.0322971384572697,0.0008411588902075115
0.942044,0.02973215531354051,0.000785993324415012
0.944688,0.03044207651220866,0.0008031702096022997
0.947331,0.03151386230577136,0.0008254786209949082
0.949975,0.02878602178135405,0.0007651286321066943
0.952619,0.03172489428412875,0.0008245940411900725
0.9552619999999999,0.03066262208657048,0.000803381955283003
0.957906,0.03236015572974473,0.0008347456184311514
0.96055,0.03102576172308547,0.0008130779077861181
0.963194,0.02825065767203108,0.0007402728986906945
0.9658369999999999,0.03093565038845727,0.0008065323844323818
0.968481,0.02985648446170922,0.0007788629744148851
0.971125,0.02913463464206437,0.0007605425197949731
0.973768,0.03024900728357382,0.0007808506805174208
0.9764119999999999,0.03043305736681465,0.0007786589853970886
0.979056,0.02899915517480577,0.0007579636116030098
0.9817,0.03008847107380688,0.0007743465528394736
0.984343,0.02930390614594895,0.0007546034798794487
0.9869869999999999,0.02993251997780244,0.0007636139751737149
0.989631,0.02997597669256382,0.0007751432433529964
0.992274,0.02955111542730299,0.000787275548535807
0.994918,0.03252331069644839,0.0008425859468426703
0.9975619999999999,0.0313695307991121,0.0008291034397174742
1.00021,0.03127871212541621,0.0008340228201216917
1.00285,0.02873746490011099,0.0007798591748014561
1.00549,0.03161647454217537,0.0008546100691713504
1.00814,0.02795805507769145,0.0007736653028138354
1.01078,0.03023075152608213,0.0008252629509954044
1.01342,0.02971364546337403,0.000818942423472991
1.01607,0.0287957871809101,0.0008084823901505522
1.01871,0.02952666530244173,0.0008177372624233645
1.02136,0.02894614137069922,0.0008102276010909076
1.024,0.03133122461154273,0.0008669408886544414
1.02664,0.02983658969200888,0.0008372899974208366
1.02929,0.02916294193951166,0.0008263783671353248
1.03193,0.02919113935904551,0.0008245145233176826
1.03457,0.03269103933129856,0.0008948766664290852
1.03722,0.03123584829356271,0.0008754429694874766
1.03986,0.03250874500554939,0.0008931232303661749
1.04251,0.02974578017480578,0.0008433858091591405
1.04515,0.03067186556603774,0.0008475655859001082
1.04779,0.03170931680077692,0.0008608856579114852
1.05044,0.03002780244173141,0.0008187429517839111
1.05308,0.02938369353496116,0.0007918604457450843
1.05572,0.02933005480022198,0.0007962135785940655
1.05837,0.02868092584628191,0.0007690619443421279
1.06101,0.02834407907880133,0.0007704375806770875
1.06365,0.02922095518867925,0.000776102321871116
1.0663,0.02900502906492786,0.0007722397859351791
1.06894,0.03010472384850167,0.0007927084917556595
1.07159,0.02805101179245282,0.0007410062048286805
1.07423,0.02885151130688124,0.0007645970743913294
1.07687,0.02988153891509434,0.0007747372750924311
1.07952,0.0299281660654828,0.0007804154628045037
1.08216,0.02911253315760267,0.0007594885650324066
1.0848,0.02859480216426193,0.0007357256890916148
1.08745,0.0292197602663707,0.0007551252731133695
1.09009,0.02808839546337403,0.0007283071443068407
1.09274,0.02809131180632631,0.0007322458763554953
1.09538,0.03003690628468368,0.0007665135453780126
1.09802,0.02774675069367369,0.0007158677277528825
1.10067,0.02798203364317425,0.0007250285093325428
1.10331,0.02794671247225305,0.0007150002580567921
1.10595,0.0289808925499445,0.0007387153435962872
1.1086,0.02912628163152054,0.0007385700135397458
1.11124,0.02829693000832408,0.0007229773265713111
1.11389,0.02685882269700333,0.0006972149556090635
1.11653,0.02813001401220866,0.0007076851277937023
1.11917,0.02659927733074361,0.0006891293081003293
1.12182,0.02674699902885682,0.0006854083720251089
1.12446,0.02619143111820199,0.000679236921328137
1.1271,0.0274324701026637,0.0006975925854910258
1.12975,0.02728596850721421,0.000691023960092021
1.13239,0.02562861126526083,0.0006624056890506829
1.13504,0.02650162562430633,0.000676359023327838
1.13768,0.0278643772891232,0.000702562327157616
1.14032,0.02645290392619313,0.0006769823788800079
1.14297,0.02748011820199778,0.0006956347550440929
1.14561,0.02639359274417314,0.0006798374931318109
1.14825,0.02651041585738069,0.0006687899311874541
1.1509,0.02741415711709212,0.0006900376828527023
1.15354,0.02573668077136515,0.0006572110228947945
1.15618,0.02654558136792453,0.0006691554690358321
1.15883,0.0249466448390677,0.0006470250927095589
1.16147,0.02522918902608213,0.0006399004945253631
1.16412,0.02784638249167591,0.0006988197696175752
1.16676,0.02587598536348502,0.0006493605620278444
1.1694,0.02631645387069922,0.0006639187105027155
1.17205,0.02576294159267481,0.0006494115471474484
1.17469,0.02619258254716981,0.0006565861224419805
1.17733,0.02576350013873474,0.0006503554886733009
1.17998,0.02617129370144284,0.0006506122617611993
1.18262,0.0246201929800222,0.0006255615187821431
1.18527,0.02397434205049944,0.0006098982840043027
1.18791,0.02669888165926748,0.0006639104739153185
1.19055,0.02465257949500555,0.0006253142844500705
1.1932,0.02646034815482796,0.0006516896881717377
1.19584,0.02526498404550499,0.0006344420357760022
1.19848,0.02367212971698113,0.0005983763984854101
1.20113,0.02250953440621532,0.0005796898743576685
1.20377,0.02452083358768036,0.0006159945010386331
1.20642,0.02491246136237514,0.0006236218153265892
1.20906,0.02360429612930078,0.0005997771813695136
1.2117,0.02458285738068813,0.0006103245984864145
1.21435,0.02198202656770255,0.0005636134709694709
1.21699,0.02392692057436182,0.0005986090987875508
1.21963,0.02420882151775805,0.0006052461960222173
1.22228,0.02321941440066593,0.0005881264060371306
1.22492,0.02241173619589346,0.0005663569536838276
1.22757,0.02496765670088791,0.0006174108829321664
1.23021,0.02421241086293008,0.0005989429963897038
1.23285,0.023093556118202,0.0005787414478120452
1.2355,0.02250888429522753,0.0005691326446912416
1.23814,0.0239033448945616,0.00059330734379767
1.24078,0.02335967355715871,0.0005864395184569275
1.24343,0.02362029938956715,0.0005883427977786923
1.24607,0.02304008906770256,0.000574171722865206
1.24871,0.02345991426193118,0.0005819563679851727
1.25136,0.02365570067980023,0.0005835108688617074
1.254,0.02200385793562708,0.000553842381011135
1.25665,0.02239831506659267,0.0005603178952603776
1.25929,0.02300307165649278,0.0005729083073449677
1.26193,0.02205364178690344,0.0005480204732183512
1.26458,0.02210651366537181,0.0005501810219119199
1.26722,0.02123663998335183,0.0005354271115505148
1.26986,0.02254476172308546,0.0005595484784980261
1.27251,0.02203114428412875,0.0005505117760421075
1.27515,0.02293765996115428,0.0005634603517467994
1.2778,0.02364670671476138,0.0005793022710966606
1.28044,0.02165261487236404,0.0005356896051022322
1.28308,0.02039578780521643,0.0005129956613328758
1.28573,0.02268825083240843,0.0005609653805852338
1.28837,0.02096699271642619,0.0005197358801645608
1.29101,0.01935002705327414,0.0004970640913714633
1.29366,0.0213620198390677,0.0005280142657503802
1.2963,0.02089825492508324,0.000520857217009482
1.29895,0.02064531596836848,0.0005165019183861795
1.30159,0.02016723029966704,0.0005017050862564459
1.30423,0.01906151512208657,0.0004862886175793215
1.30688,0.02088585016648169,0.0005136043087896568
1.30952,0.01957730951720311,0.0004929658957367076
1.31216,0.02000172211431743,0.000497228733248383
1.31481,0.01945370602108768,0.0004883654690189432
1.31745,0.02041803579356271,0.000506329618967504
1.3201,0.0205005403718091,0.0005038088549266692
1.32274,0.02025943389289678,0.0005012125937141004
1.32538,0.01809837798279689,0.0004553338883517248
1.32803,0.02055310092952276,0.0005031133831766904
1.33067,0.01932682450055493,0.0004848264961136832
1.33331,0.01863391835460599,0.0004630105714499303
1.33596,0.01959959413152054,0.0004863873712647711
1.3386,0.02028314692008879,0.0004982902074011556
1.34124,0.01805683039678135,0.0004531702356477461
1.34389,0.01840368978912319,0.0004598838019031481
1.34653,0.01750264282741399,0.0004390784944488172
1.34918,0.0186801929800222,0.000466540616549959
1.35182,0.01921827427857936,0.0004725644967996036
1.35446,0.01784124077413985,0.0004489249118117165
1.35711,0.01927440586847947,0.0004757514426095286
1.35975,0.01808497974472808,0.0004526550316747495
1.36239,0.01563919124583796,0.0004037592169227797
1.36504,0.01801325235849057,0.0004463608060673127
1.36768,0.01801936889567147,0.0004506531845637344
1.37033,0.0169134019145394,0.0004276225992288476
1.37297,0.01719190350998891,0.0004332898483461714
1.37561,0.01834485703385128,0.0004604086711682843
1.37826,0.0179531605854606,0.000444473324691658
1.3809,0.01712391655105439,0.0004328019601343951
1.38354,0.01758271635682575,0.0004408541148596993
1.38619,0.0163448615427303,0.0004165367902773227
1.38883,0.0166116931881243,0.0004187026748537678
1.39148,0.01644075978079912,0.0004165905971113442
1.39412,0.01611685113762486,0.0004105823646410567
1.39676,0.01582015788013318,0.0004004601915763931
1.39941,0.01583787569367369,0.0004024889725748016
1.40205,0.01636816710599335,0.0004120065683890743
1.40469,0.01692272322419534,0.0004284526357796784
1.40734,0.01672201061320755,0.0004189916595808566
1.40998,0.01595226317980022,0.0004025734334185548
1.41263,0.01515755056881243,0.0003849515071294303
1.41527,0.0156772547863485,0.0003965246641270163
1.41791,0.01692698328246393,0.0004233005778831027
1.42056,0.0140171368618202,0.0003627610013433179
1.4232,0.01427500430077691,0.0003667948543448533
1.42584,0.013883072072697,0.0003580588942945438
1.42849,0.01598451463651498,0.0004030047476329571
1.43113,0.016066875,0.0004045956329578129
1.43377,0.01464538672308546,0.000374043410465744
1.43642,0.0156844128745838,0.0003931890572094149
1.43906,0.01449613589067703,0.0003713058345676973
1.44171,0.0129473403163152,0.0003371177388095728
1.44435,0.01559982061598224,0.0003918294164239911
1.44699,0.0157792832963374,0.0003949380395086067
1.44964,0.01494786459489456,0.0003797171582652385
1.45228,0.0135676400527192,0.0003486649288343852
1.45492,0.01333486369311876,0.0003430785359992047
1.45757,0.01424468028579356,0.0003614413212659225
1.46021,0.01458681721698113,0.0003693539596240683
1.46286,0.01354460689511654,0.0003471350569989651
1.4655,0.01376726075194229,0.0003526415666921811
1.46814,0.01260261667591565,0.0003255731964978192
1.47079,0.01599107297447281,0.0003985656193460725
1.47343,0.01396023841564928,0.0003539001638628396
1.47607,0.01369125041620422,0.0003511049525126767
1.47872,0.01358775686736959,0.0003447900583827446
1.48136,0.01506245810210877,0.0003784785771568084
1.48401,0.01399146434517204,0.0003577331524204232
1.48665,0.01306205514705882,0.0003345215649373469
1.48929,0.01351980653440622,0.000343468261411846
1.49194,0.01200456034961155,0.0003089335632247121
1.49458,0.01342037160099889,0.0003447025888520377
1.49722,0.01487905355160932,0.0003705040609458807
1.49987,0.01244917903718091,0.0003204802201358601
1.50251,0.01343263443396226,0.0003441175315829144
1.50516,0.01236586639844617,0.0003173484491954309
1.5078,0.01297324403440621,0.0003307946608026478
1.51044,0.01207002240566038,0.000311970927113338
1.51309,0.01387434822419534,0.0003487939737322544
1.51573,0.01443938165926748,0.0003624213547768154
1.51837,0.01259178683407325,0.0003200325122217367
1.52102,0.01157803031354051,0.0002996123836634184
1.52366,0.01335631277746948,0.0003353973141835769
1.5263,0.01304848293562708,0.000328477362314798
1.52895,0.01213774153718091,0.0003125528482437193
1.53159,0.01106315385682575,0.0002887639578696954
1.53424,0.01273194755826859,0.0003262248221722539
1.53688,0.01333059676748058,0.0003359539688193615
1.53952,0.01145353177025527,0.0002945557091131773
1.54217,0.01229909725305217,0.0003115866878991093
1.54481,0.01293752684517203,0.0003268359728291918
1.54745,0.01201030147058823,0.000309445651324321
1.5501,0.01136126865982242,0.0002970302694383989
1.55274,0.01173377996670366,0.0003090107174821508
1.55539,0.01216441211154273,0.0003203117897659732
1.55803,0.01142642397336293,0.000306106514984512
1.56067,0.01207482727524972,0.0003236310755085266
1.56332,0.01158698078523863,0.0003102697997801579
1.56596,0.01212233573806881,0.0003283057841945824
1.5686,0.01099650374583796,0.0002999156859935061
1.57125,0.01066540725582686,0.0002978453106872509
1.57389,0.01037316176470588,0.0002891481849225516
1.57654,0.008771160099889012,0.0002498328999454582
1.57918,0.01256996004439512,0.0003451073434018733
1.58182,0.01163252060210877,0.0003214801703565946
1.58447,0.01031969013596004,0.0002927649313896042
1.58711,0.01132436112652608,0.0003146915056445466
1.58975,0.009691579911209768,0.0002770306923887805
1.5924,0.009872674736403995,0.0002868040017963178
1.59504,0.01191700367647059,0.0003302048908154353
1.59769,0.01042807554106548,0.0002991710348784773
1.60033,0.01079393923418424,0.0003064706956179389
1.60297,0.010674859045505,0.0003039047283905987
1.60562,0.0101055449500555,0.0002898822974652013
1.60826,0.01116494429800222,0.0003082292336663043
1.6109,0.01147382484739179,0.0003152309215319666
1.61355,0.01112495789400666,0.000302625787551661
1.61619,0.01104843479467259,0.0003007178030423695
1.61883,0.008945785862930078,0.0002510849055358499
1.62148,0.009540067425083239,0.0002623147043756915
1.62412,0.01119104488068812,0.0003031819716617031
1.62677,0.009437526151498335,0.0002581927679187129
1.62941,0.01099243597391787,0.000297198496477517
1.63205,0.01056382283573807,0.0002843581431750835
1.6347,0.01007807776082131,0.0002726423170164553
1.63734,0.01088810002774695,0.0002916764395908571
1.63998,0.01085683747225305,0.0002904057162586181
1.64263,0.009997596767480577,0.0002695628829400039
1.64527,0.009615835113762483,0.0002590541679172809
1.64792,0.009532776567702555,0.0002588431742876471
1.65056,0.008667117161487239,0.0002379741147224639
1.6532,0.007735604259156493,0.0002145536096833773
1.65585,0.008237256451165374,0.0002278100929728234
1.65849,0.009958223848501662,0.0002649295339721662
1.66113,0.009834494450610432,0.0002637564620709638
1.66378,0.009885397683129857,0.0002655280744027564
1.66642,0.008929807783018868,0.0002432079127412091
1.66907,0.0100768576581576,0.0002711598131620509
1.67171,0.01002905160932297,0.0002666243314686851
1.67435,0.01009129286903441,0.0002692309905381318
1.677,0.009120956437291895,0.00024605015816746
1.67964,0.009401605230299667,0.0002520061692435165
1.68228,0.007515088443396226,0.0002072211038000878
1.68493,0.009525808476692568,0.0002545835407889049
1.68757,0.009117177094894563,0.0002450648401911518
1.69022,0.009663718992785795,0.0002563476635638154
1.69286,0.01052165947558269,0.0002763199957098588
1.6955,0.009393508601553828,0.0002522788023942446
1.69815,0.0102405070754717,0.0002703285185348765
1.70079,0.007785914608768034,0.0002147330334348177
1.70343,0.009198209766925638,0.0002438777450371142
1.70608,0.006455322835738073,0.0001796716778889339
1.70872,0.008073856548279688,0.0002178752107817381
1.71137,0.007671627844062154,0.0002095208024070704
1.71401,0.01132106936736959,0.0002929038946196671
1.71665,0.007976335321864597,0.0002167261762350637
1.7193,0.009248005063817979,0.0002467039523829351
1.72194,0.009051776845172034,0.0002407586246524384
1.72458,0.008514473848501665,0.0002289036898179552
1.72723,0.007457942771920089,0.000202719166203174
1.72987,0.007973597530521645,0.0002154103168617452
1.73251,0.00777088193673696,0.0002118592993363543
1.73516,0.008602147266925641,0.0002279145648701769
1.7378,0.008228603565482794,0.0002212025641324171
1.74045,0.007271209836293011,0.0001975281695499827
1.74309,0.007494550430077692,0.0002034951522248774
1.74573,0.007467927927302995,0.0002028443166600247
1.74838,0.006565958448945615,0.0001791557776484124
1.75102,0.007722274694783574,0.0002102734175127006
1.75366,0.008028266370699224,0.0002135777519668446
1.75631,0.0084302776082131,0.0002238848438918828
1.75895,0.00783698952552719,0.0002113688538804754
1.7616,0.007997619589345173,0.0002139938873470273
1.76424,0.007609441523307438,0.0002058567566122475
1.76688,0.009257726970033298,0.0002407681170109014
1.76953,0.009356603357380687,0.0002452513403750842
1.77217,0.007176872780244174,0.0001949380911225503
1.77481,0.008405756520532744,0.0002236364104609491
1.77746,0.008391930216426194,0.000223896043036812
1.7801,0.00658432637347392,0.000178603679691409
1.78275,0.006796051956159821,0.0001852714190447016
1.78539,0.007240778232519422,0.0001932498758118459
1.78803,0.00806280237236404,0.000213308224918258
1.79068,0.007441774694783574,0.0002005658337590426
1.79332,0.005912070407880133,0.0001611100824568325
1.79596,0.00729167230854606,0.000197727222546313
1.79861,0.009235000554938958,0.0002385046278248853
1.80125,0.007396012832963374,0.0001982445905532287
1.8039,0.00871147807991121,0.000229039980295788
1.80654,0.00739176879855716,0.0001973812324317572
1.80918,0.007790749236958936,0.0002088282443200687
1.81183,0.007313338859600445,0.0001961780382283435
1.81447,0.006574247364039957,0.0001784926825365713
1.81711,0.00739211445615982,0.0001974213087636428
1.81976,0.008612404827968925,0.0002252674415645945
1.8224,0.006794909683684795,0.0001849329868719254
1.82504,0.007338546684239735,0.0001964150601133256
1.82769,0.006664518937291899,0.0001819279671077563
1.83033,0.006757427580466149,0.0001827569494356925
1.83298,0.006654524625416204,0.0001799957537284731
1.83562,0.007631144700332965,0.0002045798907505711
1.83826,0.006078034128745839,0.0001679830962258242
1.84091,0.005418029550499446,0.0001515199743424088
1.84355,0.006266396920088787,0.0001718946874681295
1.84619,0.007720477733074362,0.0002070721619331766
1.84884,0.007732992369589343,0.0002050877961455243
1.85148,0.008153515746392899,0.000217722795886652
1.85413,0.00761641877081021,0.0002055509007347228
1.85677,0.007352350097114316,0.0001969365968229261
1.85941,0.007595784614317426,0.0002046702095256189
1.86206,0.005975259364594898,0.0001633633696110693
1.8647,0.006594540441176472,0.0001804375593999586
1.86734,0.007272949569922308,0.0001961316018371777
1.86999,0.007254773931742507,0.0001948184433642378
1.87263,0.006291856548279688,0.0001741813577934818
1.87528,0.00660607762208657,0.0001799114740096716
1.87792,0.007255215732519423,0.0001963690625660392
1.88056,0.006277812777469482,0.0001723990919956626
1.88321,0.006384360016648168,0.0001741379858784104
1.88585,0.007712907602663705,0.0002086559868489203
1.88849,0.006552727316870142,0.00017761300077649
1.89114,0.007651678135405105,0.0002060670510144234
1.89378,0.006043779689234181,0.0001653151974171385
1.89643,0.006913062777469477,0.0001879808636153852
1.89907,0.005944331021087683,0.0001648230829954803
1.90171,0.00728035488346282,0.0001948787796742373
1.90436,0.007000905591009992,0.0001900261212073357
1.907,0.006706485432852384,0.0001817761010888302
1.90964,0.006794147405660379,0.0001855250685990498
1.91229,0.007242545435627078,0.00019603456675261
1.91493,0.006006279273029965,0.0001650820475171486
1.91757,0.004758276775804663,0.000133626277204553
1.92022,0.00526112160099889,0.0001474625288414138
1.92286,0.007260890468923418,0.0001970097061450575
1.92551,0.00600749479744728,0.0001642291058648119
1.92815,0.006729117993895671,0.0001824183400306411
1.93079,0.004585077136514984,0.0001305002122921441
1.93344,0.005851594062153164,0.0001609112200899403
1.93608,0.006102024139844617,0.0001676224457383465
1.93872,0.005911653787458383,0.0001628435134945287
1.94137,0.00814227386237514,0.0002186376961877859
1.94401,0.005328783504439514,0.0001488468702088231
1.94666,0.004868932991120979,0.0001364550989682098
1.9493,0.005781148584905662,0.0001603282166816543
1.95194,0.00606767355715871,0.0001662929206186236
1.95459,0.005729029827968921,0.0001585256863868139
1.95723,0.005786880549389567,0.000160639690210402
1.95987,0.005430871531631522,0.0001506515902479758
1.96252,0.006426901082130967,0.0001769123684171135
1.96516,0.006152325332963374,0.0001683691962940411
1.96781,0.004273248196448388,0.000121189053979301
1.97045,0.004587952275249722,0.0001293610544153876
1.97309,0.006492747710876804,0.0001776580324975697
1.97574,0.006714119658712542,0.000183353800148436
1.97838,0.006991321032186458,0.000189186790656297
1.98102,0.005474374028856826,0.0001530542355202614
1.98367,0.005781805563263044,0.0001592148655032036
1.98631,0.005130703385127637,0.0001433212424942697
1.98896,0.006725345518867925,0.0001831498485330024
1.9916,0.005825129508879025,0.0001607929107833162
1.99424,0.005066319506104328,0.0001405793629025749
1.99689,0.00557404245283019,0.0001535430133771737
1.99953,0.005447156354051056,0.0001504588343926108
2.00217,0.00472348668146504,0.0001322467733205947
2.00482,0.005442266786903441,0.0001505279324807908
2.00746,0.005255467466703664,0.0001455901971770527
2.0101,0.005648276428967815,0.0001543644035864836
2.01275,0.004936107311320755,0.000137717490845175
2.01539,0.004725800985016649,0.0001309618063694637
2.01804,0.00586629938956715,0.0001618429553544546
2.02068,0.006887632907880131,0.0001856368998701221
2.02332,0.005370992647058822,0.0001478580053732344
2.02597,0.004765810280244173,0.0001331201621319403
2.02861,0.005638474403440621,0.0001537688622482807
2.03125,0.004949114109322976,0.0001377317063464338
2.0339,0.004261328731964481,0.0001196645975739348
2.03654,0.00540279085738069,0.0001496966661864796
2.03919,0.005324695130410657,0.0001467677094482762
2.04183,0.006032798765260822,0.0001635555652671378
2.04447,0.004121087888457273,0.0001162526098249159
2.04712,0.003896975860155381,0.0001099553940462294
2.04976,0.003589212402885681,0.0001021527549858069
2.0524,0.006450121947835736,0.0001748267920396801
2.05505,0.006238689372918977,0.0001690916871815339
2.05769,0.004173527122641507,0.0001177051042608404
2.06034,0.005834675152608214,0.0001579827849875298
2.06298,0.005766562291897894,0.0001580063600557209
2.06562,0.005423042730299665,0.0001484471860892479
2.06827,0.004903778024417311,0.0001355787315653063
2.07091,0.003441012278024416,9.83327319638888e-05
2.07355,0.005841858421198672,0.0001585899012498551
2.0762,0.004162360779689235,0.0001171242108523854
2.07884,0.004463236265260821,0.0001241973491383664
2.08149,0.004021435488346286,0.000113056566765444
2.08413,0.005532327760821311,0.0001526093388235253
2.08677,0.003656562985571587,0.0001028380405785683
2.08942,0.003809572558268591,0.0001087603611958432
2.09206,0.005318507630410654,0.000146508076777612
2.0947,0.005537054800221974,0.0001521496044393722
2.09735,0.005030684725305215,0.0001393550272406324
2.09999,0.005639252705327415,0.0001545513440407907
2.10263,0.005353338928967813,0.0001490012274959575
2.10528,0.004699933892896785,0.0001294633148720128
2.10792,0.005259645116537185,0.0001459407923202386
2.11057,0.005627761306881242,0.0001556195823131978
2.11321,0.005819292244728079,0.0001639563335802102
2.11585,0.005391764150943396,0.0001555497733177002
2.1185,0.005038030521642619,0.0001443573572200172
2.12114,0.00424959468645949,0.0001266301049333051
2.12378,0.003369811390122086,0.000100250058626499
2.12643,0.004403572558268589,0.000130371254595981
2.12907,0.004172242924528304,0.0001260662185448936
2.13172,0.004725011237513877,0.0001409693796605285
2.13436,0.00440751671753607,0.0001336444846689083
2.137,0.005316262000554939,0.0001578459846915769
2.13965,0.005175300083240844,0.0001555664914852225
2.14229,0.00377603919256382,0.0001161978425678675
2.14493,0.00492041079356271,0.0001496907630764597
2.14758,0.006074923210321864,0.0001824791748812914
2.15022,0.005065332894006658,0.0001529864503043754
2.15287,0.003547174944506107,0.0001118262755788821
2.15551,0.005255753607103216,0.0001598270372675965
2.15815,0.005364237444506106,0.0001638829870119627
2.1608,0.003261865496670368,0.0001035944540243704
2.16344,0.003963076581576025,0.00012345018830587
2.16608,0.006603513804106546,0.0001966066791216265
2.16873,0.005869158504439514,0.0001744965695944538
2.17137,0.004576772197558268,0.0001374843238443853
2.17402,0.005301513179800219,0.0001559871009445886
2.17666,0.004878709836293012,0.0001450970547789042
2.1793,0.004803095518867926,0.0001419455614378942
2.18195,0.004465843576581578,0.0001322170778643672
2.18459,0.005802235987791339,0.000167484908903558
2.18723,0.004165144353496113,0.0001238583182111184
2.18988,0.004378836293007771,0.0001291226728358865
2.19252,0.004468807991120979,0.0001311102714792574
2.19516,0.005908762624861267,0.0001685012773925085
2.19781,0.004486079425638178,0.0001320769750816518
2.20045,0.003767081853496116,0.000111430244317115
2.2031,0.002955718160377361,8.912379807550447e-05
2.20574,0.004862283088235295,0.0001409324384910711
2.20838,0.00391443729189789,0.0001156937456109491
2.21103,0.00233832103218646,7.128777042078881e-05
2.21367,0.004794705882352944,0.0001399244747314893
2.21631,0.006305412735849058,0.0001790004961039823
2.21896,0.004525557644284129,0.0001313952608798413
2.2216,0.00476906083518313,0.000137411908865196
2.22425,0.003462216426193123,0.0001028578782947601
2.22689,0.003012731062708102,9.021776396462062e-05
2.22953,0.005607800152608214,0.0001590582013819261
2.23218,0.00550820269145394,0.00015881156073449
2.23482,0.004878444298002218,0.0001407494694139328
2.23746,0.005421209142619311,0.0001569177444135261
2.24011,0.00335761494173141,9.981875624234111e-05
2.24275,0.003934132907880131,0.0001168451821597632
2.2454,0.005748217258601554,0.0001640815248280763
2.24804,0.003608122849611546,0.0001075843311897992
2.25068,0.003176945893451718,9.546314719169532e-05
2.25333,0.004762882491675919,0.0001380815356995495
2.25597,0.004220715108213097,0.000124362677498431
2.25861,0.003512602316870145,0.000104691106910753
2.26126,0.002962546614872363,8.946343302141698e-05
2.2639,0.003919542036625969,0.0001156803564361086
2.26655,0.004153664400665925,0.0001225497786227347
2.26919,0.005328582061598223,0.0001556797828681608
2.27183,0.004676854952830187,0.0001359294421330607
2.27448,0.003007019700332966,9.040277346051156e-05
2.27712,0.004007622918978913,0.0001179520428244104
2.27976,0.004004102247502774,0.0001200474601904837
2.28241,0.005201267896781357,0.0001513512498900403
2.28505,0.00434173418423973,0.0001272939834741788
2.28769,0.004750690621531633,0.0001383690421361463
2.29034,0.004198208448945616,0.0001223684631559716
2.29298,0.003706637555493895,0.0001105410201303102
2.29563,0.003611561112652608,0.0001069996996253931
2.29827,0.003954895255271917,0.0001168497274173289
2.30091,0.004743159406215319,0.0001404901889681494
2.30356,0.003120679245283017,9.281701468896148e-05
2.3062,0.003747235155382908,0.0001119508899051066
2.30884,0.005447440205327414,0.0001564488883228857
2.31149,0.003879088651498332,0.0001160480598867127
2.31413,0.0028386455327414,8.600231367950619e-05
2.31678,0.003394865843507213,0.0001020225989410663
2.31942,0.004251121531631519,0.0001258956262813812
2.32206,0.003545226900665925,0.0001047996589289811
2.32471,0.004007373404550503,0.0001192331208159092
2.32735,0.004540574292452829,0.0001338396165985688
2.32999,0.004950453246392897,0.0001441152330467729
2.33264,0.002485703940066593,7.711753117176701e-05
2.33528,0.004222754716981132,0.0001229702939958767
2.33793,0.004775058337957827,0.0001403377561681753
2.34057,0.003097298140954498,9.306647636434059e-05
2.34321,0.004328308476692561,0.0001275155677179442
2.34586,0.004405234461709213,0.0001312129150559929
2.3485,0.004509391856270807,0.0001323142893861819
2.35114,0.004901017341842398,0.0001428796336103251
2.35379,0.004320866537180907,0.000126654609213455
2.35643,0.003770849750277472,0.0001116953379699151
2.35908,0.003971230438401778,0.0001187362456503384
2.36172,0.002092102941176468,6.436142648564922e-05
2.36436,0.003513469894561601,0.0001050589267730588
2.36701,0.00371955049944506,0.0001101046701369721
2.36965,0.003884596281908989,0.0001150537226737957
2.37229,0.003213800776914543,9.677969023607658e-05
2.37494,0.003829483351831296,0.000113851189687719
2.37758,0.003848277053274139,0.0001159057174293572
2.38022,0.004414038429522752,0.0001285496499611748
2.38287,0.002765247086570479,8.492274999915838e-05
2.38551,0.003321021018312984,9.854922734677397e-05
2.38816,0.003569992924528303,0.0001071226326441894
2.3908,0.003343790926748057,0.0001008410019374785
2.39344,0.003744550013873473,0.0001117857869778375
2.39609,0.002899485849056605,8.813962527690717e-05
2.39873,0.004194049112097671,0.0001233021439303212
2.40137,0.004106432921753605,0.0001217727130219251
2.40402,0.00390361431742508,0.0001143976052533687
2.40666,0.003427364525527191,0.0001026802712310493
2.40931,0.00303494242508324,9.18815433270764e-05
2.41195,0.003814913082685902,0.000112811209118438
2.41459,0.003907702691453942,0.0001165819555074767
2.41724,0.004456897683129854,0.0001302033504616696
2.41988,0.004645070477247505,0.0001362830546390561
2.42252,0.004113451373473918,0.0001221938699754687
2.42517,0.003966100513318537,0.0001167911136919102
2.42781,0.004553459766925639,0.0001343793602800075
2.43046,0.003296717397336292,9.870522089425285e-05
2.4331,0.003434108282463932,0.0001030313582168143
2.43574,0.004680098640399558,0.0001370062956600914
2.43839,0.003263623543285241,9.86232494870866e-05
2.44103,0.003621429522752496,0.0001082296272958127
2.44367,0.004450181395671477,0.0001306211103628189
2.44632,0.002650051539955606,8.079121228594995e-05
2.44896,0.004373667452830187,0.0001285240198643285
2.45161,0.004164643035516096,0.0001228959835071867
2.45425,0.004876773238068813,0.0001431686836744795
2.45689,0.002506010751942285,7.59134647554291e-05
2.45954,0.004855578246392898,0.0001426730824522114
2.46218,0.003574362860710322,0.0001071589392969224
2.46482,0.002646171476137622,7.998829073095145e-05
2.46747,0.003388795088790236,0.0001013604623568831
2.47011,0.003238662943951166,9.823260263379545e-05
2.47275,0.002949871739733631,9.017588108016085e-05
2.4754,0.003632513457269701,0.0001078805226104433
2.47804,0.004209704425638182,0.000124599601807047
2.48069,0.003064295851831298,9.27912028976691e-05
2.48333,0.003859912666481683,0.0001159314605089395
2.48597,0.003328295851831297,0.0001007274305863976
2.48862,0.003961110224750275,0.0001174369764370708
2.49126,0.004574551748057714,0.0001357311925485773
2.4939,0.002827247988346281,8.554142461230887e-05
2.49655,0.003833237513873474,0.0001148873486246673
2.49919,0.002499596628745838,7.63632065213938e-05
2.50184,0.003503544256381798,0.0001050573534711821
2.50448,0.002120737583240845,6.56340077704284e-05
2.50712,0.004818721073806881,0.0001421529431693928
2.50977,0.002905895394006659,8.814117057354655e-05
2.51241,0.003263653301886792,9.818294524896302e-05
2.51505,0.003790593437846839,0.0001137509084315087
2.5177,0.003073012832963376,9.377715516466429e-05
2.52034,0.003590146365149835,0.0001073460111834244
2.52299,0.003970836709211988,0.0001189147912314838
2.52563,0.003643052580466148,0.000109432448075059
2.52827,0.003164557158712543,9.608940565679764e-05
2.53092,0.004411268590455051,0.0001304260351144733
2.53356,0.003211310210876807,9.661430226320517e-05
2.5362,0.003467904897336294,0.000104976761671813
2.53885,0.002631228079911211,8.054045047716733e-05
2.54149,0.004187433546059932,0.0001246318802653729
2.54414,0.003592934517203106,0.0001083980523972941
2.54678,0.004657328731964485,0.0001376627349662369
2.54942,0.004087570546614875,0.0001219242613859986
2.55207,0.002693737167036624,8.245760671219596e-05
2.55471,0.003308142411209769,9.999731453733559e-05
2.55735,0.003308545296892343,0.0001004367677279571
2.56,0.003152658296337404,9.63499952294138e-05
2.56264,0.002486028995560489,7.728713121806257e-05
2.56529,0.002267925915649278,6.958115777196979e-05
2.56793,0.002734396573251942,8.39543027705509e-05
2.57057,0.00415057637347392,0.0001233449299883707
2.57322,0.004154822697003326,0.0001242781949369546
2.57586,0.001305040579911209,4.100898672260719e-05
2.5785,0.002115129231409545,6.548663573837091e-05
2.58115,0.003781871878468368,0.0001147215363546053
2.58379,0.002941781978357379,8.996538328304264e-05
2.58643,0.003710144492230852,0.0001117199849040229
2.58908,0.003441440344062151,0.0001040483617283499
2.59172,0.00433103711154273,0.0001289016353718965
2.59437,0.004242567078246394,0.0001271282626870995
2.59701,0.002404643798557159,7.398446765751124e-05
2.59965,0.002837913013318538,8.673313588287759e-05
2.6023,0.003990273654273031,0.0001196327050957821
2.60494,0.003740049597669254,0.0001131897701243099
2.60758,0.00445250027746948,0.0001340816856966524
2.61023,0.003091454009433961,9.451975629448688e-05
2.61287,0.003210692147613761,9.808463012603636e-05
2.61552,0.004125304453385128,0.0001241183403335678
2.61816,0.002269617577691457,7.03971776840052e-05
2.6208,0.002112853842952274,6.558543258364388e-05
2.62345,0.003367915996115428,0.0001025786555064514
2.62609,0.001537558268590456,4.864547664152367e-05
2.62873,0.004111926817425085,0.0001235824235978659
2.63138,0.003698028163152056,0.0001117967182780709
2.63402,0.0009944500554938977,3.175331248483971e-05
2.63667,0.002238892966148725,6.977318065021802e-05
2.63931,0.00357423466981132,0.0001092992564521977
2.64195,0.00367275853218646,0.0001112643412354947
2.6446,0.003146049597669256,9.549693198238613e-05
2.64724,0.002565008324084352,7.901017189426344e-05
2.64988,0.003496979051054384,0.0001069020748603594
2.65253,0.004390057574916761,0.0001319931436840622
2.65517,0.003339553759711429,0.000101835497422018
2.65782,0.002208779550499445,6.881834194967092e-05
2.66046,0.003942627844062153,0.0001190219786473494
2.6631,0.003619689789123195,0.0001096676724496319
2.66575,0.003713797932852387,0.0001117040186707831
2.66839,0.004251304661487236,0.000128406067382573
2.67103,0.002258446656492786,7.196418811894272e-05
2.67368,0.002961841564927858,9.450948263434387e-05
2.67632,0.003680259988901222,0.0001176239512704619
2.67896,0.001389548140954497,4.617626864669202e-05
2.68161,0.002850448251942286,9.416436738541182e-05
2.68425,0.003477370421753605,0.0001145348883780274
2.6869,0.002572468576581577,8.597488478013052e-05
2.68954,0.003725426678690344,0.0001223259197230499
2.69218,0.002261843715316313,7.656085721752557e-05
2.69483,0.002668561390122086,9.117478777444799e-05
2.69747,0.001777730785238624,6.184247457678867e-05
2.70011,0.003372892549944509,0.0001122265756841304
2.70276,0.003435216218091014,0.0001175133742216826
2.7054,0.003678394353496115,0.0001240691243505176
2.70805,0.003279542105993338,0.0001128823080354047
2.71069,0.003030531284683684,0.000103835239780804
2.71333,0.002012352178135407,7.138466901048939e-05
2.71598,0.00395049327136515,0.0001364533535392077
2.71862,0.00366277337680355,0.0001277799035428197
2.72126,0.003244333102108771,0.0001142606048577005
2.72391,0.00149520948945616,5.431695267189393e-05
2.72655,0.004225858768035515,0.0001433190411268564
2.7292,0.002840330327413984,9.758408203168766e-05
2.73184,0.003275298071587124,0.0001100538553185382
2.73448,0.003695226276359602,0.0001226023813888561
2.73713,0.002816518867924528,9.339905185963137e-05
2.73977,0.002347727039400663,7.956301519126777e-05
2.74241,0.003665643937291898,0.000119795947795622
2.74506,0.001954469408990008,6.532762943548287e-05
2.7477,0.001858351415094342,6.263162078888491e-05
2.75035,0.003682546822974473,0.0001182218685380334
2.75299,0.002699164678135405,8.91949146791535e-05
2.75563,0.002535105507769146,8.25894535654281e-05
2.75828,0.002554968229744728,8.330445151432617e-05
2.76092,0.004559567147613759,0.0001449910761499464
2.76356,0.002810333657047726,9.110291627626321e-05
2.76621,0.002365834003884573,7.735623002096741e-05
2.76885,0.003020248543285238,9.798170177701756e-05
2.77149,0.003427236334628193,0.0001097717808095083
2.77414,0.004104629092674807,0.0001299749219361547
2.77678,0.002872043840177579,9.232186750696471e-05
2.77943,0.003392123473917871,0.0001079630654180876
2.78207,0.004788928135405105,0.0001493790375522264
2.78471,0.002984929661487236,9.675845328685309e-05
2.78736,0.003956248127081024,0.0001251563816396992
2.79,0.002022657810765814,6.580915679478472e-05
2.79264,0.002795948806881241,9.027798502893223e-05
2.79529,0.002535181048834628,8.210447341774823e-05
2.79793,0.001983481756381798,6.472727722524529e-05
2.80058,0.00355337160099889,0.0001116021124307036
2.80322,0.00344113131243063,0.000109838470929714
2.80586,0.004200092397336294,0.0001321027593576491
2.80851,0.002558360710321865,8.228459544466185e-05
2.81115,0.004264338928967815,0.0001322654145107692
2.81379,0.001950399347946723,6.344398438402791e-05
2.81644,0.002594451026637069,8.386416855380309e-05
2.81908,0.002384027955049947,7.690391768164085e-05
2.82173,0.004014240774139844,0.0001254303654926662
2.82437,0.00244490718645949,7.833043591803392e-05
2.82701,0.003360945615982242,0.0001058108127294603
2.82966,0.003342332755271922,0.0001061090744512331
2.8323,0.00265139525527192,8.426428054195645e-05
2.83494,0.001885328731964486,6.115750410577914e-05
2.83759,0.002928772891231965,9.230137872605263e-05
2.84023,0.004753252150388456,0.0001459723810946998
2.84288,0.002257817147613764,7.326491167092287e-05
2.84552,0.003063613693118755,9.583569477638831e-05
2.84816,0.003173010890677026,0.0001012058475577215
2.85081,0.003050538221420643,9.676411116895765e-05
2.85345,0.003646896018312985,0.0001141280628365453
2.85609,0.002515524347946727,8.037903216872924e-05
2.85874,0.003037105646503887,9.610421668660395e-05
2.86138,0.002558500346836847,8.235989578878617e-05
2.86402,0.001693580327413984,5.525482871771855e-05
2.86667,0.003335932366814652,0.0001052761766276689
2.86931,0.002122523099334073,6.845529087549351e-05
2.87196,0.001822171822974471,5.875769857558009e-05
2.8746,0.003207645324639292,0.0001022498138286904
2.87724,0.002866082963374028,9.137164006239659e-05
2.87989,0.002409874445061043,7.754872045248181e-05
2.88253,0.002881147683129856,9.172808934232232e-05
2.88517,0.003612584350721421,0.0001141450308432397
2.88782,0.0036245862236404,0.0001143737083993842
2.89046,0.002974935349611542,9.353656376921128e-05
2.89311,0.00377778350443951,0.0001188573480784268
2.89575,0.002403950194228636,7.745217965333967e-05
2.89839,0.003227540094339623,0.0001011681916615504
2.90104,0.002970315899001113,9.466800374853623e-05
2.90368,0.00203819408990011,6.532659277765207e-05
2.90632,0.0005465418978912307,1.822895493168981e-05
2.90897,0.002977409891786903,9.507034807463927e-05
2.91161,0.003693871115427304,0.000115670257163614
2.91426,0.002902166412319643,9.171826361436347e-05
2.9169,0.003303120074916759,0.0001048239237346102
2.91954,0.003680736126526084,0.0001156353591777579
2.92219,0.004313465801886793,0.0001317260866253359
2.92483,0.003719401706437293,0.0001162452230153207
2.92747,0.002562382699778023,8.164052173642325e-05
2.93012,0.003003988901220867,9.604676638409309e-05
2.93276,0.002554716426193118,8.160197852165226e-05
2.93541,0.004268461639844613,0.0001308765987420672
2.93805,0.002491657949500557,7.939773769652219e-05
2.94069,0.002627055008324085,8.338292451718916e-05
2.94334,0.002810862444506105,9.002070623731485e-05
2.94598,0.0009989985432852389,3.252468736509093e-05
2.94862,0.003252615149833521,0.0001029451597971832
2.95127,0.002673212888457272,8.551276299508136e-05
2.95391,0.002410849611542734,7.706516166407897e-05
2.95655,0.002367150249722529,7.562288688376866e-05
2.9592,0.003945255757491674,0.0001210255454162979
2.96184,0.003829018659822418,0.0001197184348310118
2.96449,0.002791402608213097,8.966160719836182e-05
2.96713,0.004304732796892341,0.000132818023229196
2.96977,0.002731741190344062,8.723405097508765e-05
2.97242,0.001446902122641508,4.718254458963411e-05
2.97506,0.004510950749167593,0.0001401853345980569
2.9777,0.001973162389012208,6.370896405647612e-05
2.98035,0.003222954980577135,0.0001013120592848437
2.98299,0.002916780174805773,9.30311121081915e-05
2.98564,0.002350696032186462,7.510820259119949e-05
2.98828,0.002782227802441732,8.860698361987699e-05
2.99092,0.002528084766925637,8.031220221528914e-05
2.99357,0.003967542660932298,0.0001234293615927722
2.99621,0.004337803759711431,0.0001345907257878002
2.99885,0.003705019145394009,0.0001157654907312362
3.0015,0.003783089692008881,0.0001179870698185958
3.00414,0.00234456576026637,7.535001881748945e-05
3.00679,0.002925222461154275,9.255977101939654e-05
3.00943,0.001571631867369591,5.138416299706774e-05
3.01207,0.002682937083795783,8.477411481273508e-05
3.01472,0.003851969408990009,0.0001204877548413589
3.01736,0.002162919256381795,6.979160250663602e-05
3.02,0.003823412597114318,0.0001189940538377516
3.02265,0.002227889150943396,7.147472697188301e-05
3.02529,0.003190566176470588,0.0001001375310885208
3.02794,0.001927123543285236,6.240841145760441e-05
3.03058,0.00223522121254162,7.144221810029966e-05
3.03322,0.003681612860710319,0.000115231923618367
3.03587,0.002942590038845728,9.310316778791973e-05
3.03851,0.003839933199223084,0.0001182325477824711
3.04115,0.002671360987791342,8.483471427416283e-05
3.0438,0.003161617924528305,9.91851686448822e-05
3.04644,0.002952680493895675,9.26191400923081e-05
3.04908,0.004436435210876802,0.0001366644606277362
3.05173,0.003435328385127638,0.0001071381312022362
3.05437,0.003677497017203108,0.0001144435966953046
3.05702,0.002594382352941179,8.195773435012486e-05
3.05966,0.001835890538290787,5.828864513477482e-05
3.0623,0.002830043007769148,8.936581328261158e-05
3.06495,0.002753943396226416,8.654683577266576e-05
3.06759,0.003459293215871254,0.0001073848285940979
3.07023,0.00124458254716981,4.053328194994453e-05
3.07288,0.00193951685627081,6.226138964624428e-05
3.07552,0.003379821725860154,0.0001058655678381295
3.07817,0.001932699847391788,6.229851853792021e-05
3.08081,0.003272152816315204,0.000101708068904647
3.08345,0.001340295366259714,4.347942586946747e-05
3.0861,0.002787458448945617,8.754020707288453e-05
3.08874,0.001493801678690341,4.818194220740226e-05
3.09138,0.002169527955049947,6.919559133991873e-05
3.09403,0.002306289331298557,7.332644757193075e-05
3.09667,0.00232434135682575,7.444196492529669e-05
3.09932,0.001187597114317423,3.827720988676514e-05
3.10196,0.004175257699778029,0.0001278755684426446
3.1046,0.00271428204772475,8.531990251084811e-05
3.10725,0.002294589622641511,7.285479657478595e-05
3.10989,0.002489018590455052,7.908330251955111e-05
3.11253,0.002634256589900112,8.295884420146458e-05
3.11518,0.002999236681465038,9.407304295360877e-05
3.11782,0.002523199778024416,7.952318054420779e-05
3.12047,0.002035289192563817,6.480571206871953e-05
3.12311,0.002720236057158713,8.596924821503959e-05
3.12575,0.002035257144839068,6.468838835001214e-05
3.1284,0.002008135613207548,6.435700640764334e-05
3.13104,0.002431122086570476,7.708830253187488e-05
3.13368,0.00321599146781354,0.0001013025128029212
3.13633,0.003188744034406215,9.92455706959036e-05
3.13897,0.002764800707547172,8.670199640147577e-05
3.14161,0.002343487583240843,7.489076585812098e-05
3.14426,0.003310568881798004,0.0001040888030349583
3.1469,0.002135751942286349,6.81910310864446e-05
3.14955,0.004031786903440623,0.0001240142650489809
3.15219,0.003601896434517204,0.0001113098479978304
3.15483,0.003322334975027747,0.0001032417281136372
3.15748,0.002070209766925639,6.610103030341881e-05
3.16012,0.00348329696170921,0.0001082452613132815
3.16276,0.001964742993895672,6.313321628161684e-05
3.16541,0.002697843854051052,8.550957381090669e-05
3.16805,0.00219123342119867,6.972755318006244e-05
3.1707,0.003200322419533852,0.0001000837408568667
3.17334,0.002688653024417314,8.43518605422643e-05
3.17598,0.002708039608768037,8.559169134270628e-05
3.17863,0.003703915788013321,0.0001143343525411618
3.18127,0.003840814511653721,0.0001182433622771
3.18391,0.002137233004994449,6.802614965515969e-05
3.18656,0.00253221434517203,7.972837143718778e-05
3.1892,0.003616395740843505,0.0001127231392162603
3.19185,0.004238751109877916,0.0001294963941248489
3.19449,0.002784956437291897,8.75414837071444e-05
3.19713,0.003300970588235297,0.000102925204496702
3.19978,0.003190183892896782,9.899261945443756e-05
3.20242,0.003036991190344062,9.4698880392032e-05
3.20506,0.002601448876248613,8.157134504449571e-05
3.20771,0.001323932713651499,4.25796265686251e-05
3.21035,0.002322377289123196,7.327004840255063e-05
3.213,0.002584106478912318,8.105507698419251e-05
3.21564,0.002862129647613761,8.822786165848776e-05
3.21828,0.003324578315760265,0.0001025389639199753
3.22093,0.002348177996670364,7.386123069984102e-05
3.22357,0.002960644353496114,9.226146289326972e-05
3.22621,0.002772814927857938,8.619189839110781e-05
3.22886,0.003739410932297449,0.0001140028621708121
3.2315,0.002427331298557159,7.829363383175935e-05
3.23414,0.003230909683684794,0.0001043925493310253
3.23679,0.003066307991120978,0.0001000843640833542
3.23943,0.003331454841842398,0.0001091475793888394
3.24208,0.003930158990011099,0.000129367456036649
3.24472,0.002815230091564927,9.571903705182966e-05
3.24736,0.003026010266370702,0.0001019988286091871
3.25001,0.002660055008324087,9.174758951660043e-05
3.25265,0.001362302996670364,4.893088660031944e-05
3.25529,0.003408046614872367,0.0001187014935207991
3.25794,0.004597841287458379,0.0001553928905196206
3.26058,0.002433580604883462,8.629347407713617e-05
3.26323,0.003273068465593783,0.0001145078939115213
3.26587,0.002113755757491675,7.644133364848251e-05
3.26851,0.003080681395671474,0.0001105687969311594
3.27116,0.002673634087125416,9.627431541685863e-05
3.2738,0.001787731964483905,6.580390404859462e-05
3.27644,0.002521512694228636,9.235661880187918e-05
3.27909,0.002472555216426192,9.131900913676028e-05
3.28173,0.00284710155382908,0.0001036145697396576
3.28438,0.002311062153163154,8.683451889943419e-05
3.28702,0.002317480854605991,8.399173138277729e-05
3.28966,0.002789225652053272,9.915779819463886e-05
3.29231,0.002164045504994452,7.668409314761205e-05
3.29495,0.001943973779134295,6.860778810775835e-05
3.29759,0.001884502358490567,6.627707500543165e-05
3.30024,0.001899003953940069,6.633057289696473e-05
3.30288,0.002033158018867927,7.077004513428042e-05
3.30553,0.003491787319644838,0.000117496124985761
3.30817,0.002797152885682573,9.514982060093858e-05
3.31081,0.002491023862375136,8.544806972546954e-05
3.31346,0.002955599125971146,0.0001005344005453232
3.3161,0.002509934309100998,8.538288621485556e-05
3.31874,0.00309438866537181,0.0001045803578089238
3.32139,0.002844430147058826,9.588570616222183e-05
3.32403,0.002575812985571586,8.770660760336687e-05
3.32667,0.003583986334628191,0.0001183106540136836
3.32932,0.002404346212541623,8.135288530787854e-05
3.33196,0.002374688332408433,8.094545022777727e-05
3.33461,0.001701695269145394,5.865802621357543e-05
3.33725,0.002783431881243064,9.34999842852699e-05
3.33989,0.00286511695338513,9.594891075668209e-05
3.34254,0.00344487631798002,0.0001127146741021006
3.34518,0.001377782047724749,4.739705861975852e-05
3.34782,0.002070679037180911,6.989069137725321e-05
3.35047,0.00271693285238624,9.008647021742633e-05
3.35311,0.002788344339622643,9.236503665448714e-05
3.35576,0.003989149694783571,0.0001296664885344935
3.3584,0.003684922932852388,0.0001198736535931093
3.36104,0.002431213651498336,8.088058457189948e-05
3.36369,0.005174409614317423,0.0001648238933049992
3.36633,0.002963004439511654,9.753771258683193e-05
3.36897,0.002270125763041068,7.608452698395368e-05
3.37162,0.002087137832963376,6.918818878029466e-05
3.37426,0.00432071087680355,0.0001391249844419722
3.37691,0.003639428898446169,0.0001187176006776083
3.37955,0.002414747988346284,7.995384050424276e-05
3.38219,0.002525484322974475,8.336134456170145e-05
3.38484,0.002732334073251942,8.990413520316085e-05
3.38748,0.003246631381798003,0.0001060340135880993
3.39012,0.004588513110432854,0.0001470922070919526
3.39277,0.003072088027192006,0.0001005132491762505
3.39541,0.002901829911209767,9.491501512933035e-05
3.39806,0.002225753399001108,7.445459562054892e-05
3.4007,0.003728299528301885,0.0001208576984362763
3.40334,0.003459311528856826,0.0001127338447573271
3.40599,0.003358949500554937,0.0001094767373478223
3.40863,0.001609981548279688,5.38938557406686e-05
3.41127,0.003196886445615983,0.0001043031580822877
3.41392,0.002830784683684794,9.291186159388605e-05
3.41656,0.002808939581021088,9.231771290887225e-05
3.41921,0.00294375520255272,9.651682982678049e-05
3.42185,0.002486821032186463,8.190879029135889e-05
3.42449,0.00463782082408435,0.0001477642287331929
3.42714,0.002489611473362932,8.160780058149362e-05
3.42978,0.002358103634850167,7.812653542423402e-05
3.43242,0.002679050152608213,8.839790145747949e-05
3.43507,0.002072874306326303,6.918259019239305e-05
3.43771,0.002304748751387346,7.646177176006644e-05
3.44035,0.002663090385682576,8.721790779244563e-05
3.443,0.002596964483906773,8.555247958520167e-05
3.44564,0.003474541065482797,0.0001125699740570831
3.44829,0.002350011584350722,7.692397046412071e-05
3.45093,0.002096646850721419,6.939425034479926e-05
3.45357,0.002892043909544951,9.406728065458351e-05
3.45622,0.001750478773584904,5.83249532819989e-05
3.45886,0.003246672586015539,0.0001055353198122678
3.4615,0.002151437014428415,7.042539848493674e-05
3.46415,0.002272343923418424,7.458080198267491e-05
3.46679,0.00261972065760266,8.548198315284028e-05
3.46944,0.002514182921753605,8.23960410330203e-05
3.47208,0.003678140260821308,0.0001175920495274349
3.47472,0.004589499722530521,0.0001441670233399181
3.47737,0.00251513519700333,8.179520955797575e-05
3.48001,0.002869038221420646,9.22568482004486e-05
3.48265,0.002114966703662598,6.898625989846337e-05
3.4853,0.001873180355160933,6.155832768032685e-05
3.48794,0.0009654079495005572,3.256728189989635e-05
3.49059,0.002491710599334074,8.137454608239578e-05
3.49323,0.001713845935072144,5.607325579589935e-05
3.49587,0.00334340177580466,0.0001056163292784688
3.49852,0.003291997225305215,0.0001055525877450214
3.50116,0.003086337819089902,9.939234326935498e-05
3.5038,0.002667641162597113,8.634502255814285e-05
3.50645,0.002767085252497222,8.922540435150538e-05
3.50909,0.001764176886792453,5.809767971061316e-05
3.51174,0.00216470935072142,7.049913347235672e-05
3.51438,0.003879214553274142,0.0001232498637387441
3.51702,0.004478497849611541,0.000139267906408379
3.51967,0.00142684482519423,4.750837130079814e-05
3.52231,0.002493589969478357,8.080732532442001e-05
3.52495,0.002645471004439512,8.617113164907143e-05
3.5276,0.00239402226692564,7.741883140104279e-05
3.53024,0.003427664400665925,0.0001086813578027925
3.53288,0.00278053842952275,8.953332512821278e-05
3.53553,0.004286628121531632,0.0001348315507434543
3.53817,0.002675350929522753,8.6770447447006e-05
3.54082,0.002805753121531632,9.007027865220867e-05
3.54346,0.003668397752497225,0.0001161849726204885
3.5461,0.002903075194228638,9.421451673879287e-05
3.54875,0.002425328315760263,7.878002381286929e-05
3.55139,0.001641688193673696,5.404426047520564e-05
3.55403,0.003209483490566036,0.0001028168553435525
3.55668,0.00290369783573807,9.284968945805607e-05
3.55932,0.001422374167591567,4.72284904129902e-05
3.56197,0.003185887208657048,0.0001016210811489952
3.56461,0.003589988415649281,0.0001134546967332079
3.56725,0.003794166759156494,0.0001201978302942866
3.5699,0.00327016356825749,0.0001047986472880192
3.57254,0.001580081021087679,5.172584453441622e-05
3.57518,0.003299185072142061,0.0001048142856415519
3.57783,0.00365322773307436,0.0001159457514883984
3.58047,0.002755568673695897,8.897592856745182e-05
3.58312,0.004051244450610431,0.0001274124350216125
3.58576,0.002330613554384018,7.548452754640004e-05
3.5884,0.00302947142064373,9.715321688901561e-05
3.59105,0.003554230022197558,0.0001127071255043748
3.59369,0.002823482380688123,9.084867201884766e-05
3.59633,0.002666439372918979,8.563070139925536e-05
3.59898,0.00170031721698113,5.572952836002523e-05
3.60162,0.002218604467258601,7.260581237936045e-05
3.60427,0.002611923903995563,8.478351540647117e-05
3.60691,0.003397548695893452,0.000107724650818451
3.60955,0.002810883046614873,9.037754818097189e-05
3.6122,0.002246179245283019,7.326556015015396e-05
3.61484,0.002254690205327415,7.390087903702951e-05
3.61748,0.002901807019977802,9.276054435502235e-05
3.62013,0.002896196379023309,9.280028105373652e-05
3.62277,0.002340305701997782,7.604862914010214e-05
3.62541,0.001692650943396228,5.551443068646809e-05
3.62806,0.003089320546614874,9.940189805739849e-05
3.6307,0.001963307713651498,6.42750016570575e-05
3.63335,0.002133405591009986,6.996774445019393e-05
3.63599,0.002001552094894562,6.552384570973986e-05
3.63863,0.00261326990843507,8.439662049306036e-05
3.64128,0.002262809725305219,7.365244793302611e-05
3.64392,0.003939546684239735,0.000124043680631532
3.64656,0.002452177441731413,7.931928218104791e-05
3.64921,0.002116557644284128,6.948350712164425e-05
3.65185,0.00264160467536071,8.536570973883931e-05
3.6545,0.003729476137624862,0.0001175662812385052
3.65714,0.002437195130410658,7.889249209569517e-05
3.65978,0.00340746288845727,0.0001084936229679979
3.66243,0.001809391648168698,5.941044293109004e-05
3.66507,0.002795019422863485,8.99104214285382e-05
3.66771,0.003356832061598224,0.0001067838852452777
3.67036,0.002617937430632634,8.420953657188951e-05
3.673,0.001789158088235295,5.862879260035065e-05
3.67565,0.002413910169256379,7.77424535260075e-05
3.67829,0.002410824431187567,7.77071894552694e-05
3.68093,0.001741846490011101,5.740883830493409e-05
3.68358,0.003728549042730299,0.0001164421115939823
3.68622,0.002810956298557158,9.042124854516349e-05
3.68886,0.001308236195893452,4.28830354212211e-05
3.69151,0.003034688332408437,9.66178993120316e-05
3.69415,0.002707973224195339,8.627885743186683e-05
3.6968,0.001949646226415096,6.275591352763912e-05
3.69944,0.002149763665371807,6.981270211243231e-05
3.70208,0.001990127081021088,6.408368491725548e-05
3.70473,0.0007640063124306309,2.537940842625848e-05
3.70737,0.003259507699778025,0.0001018681359317901
3.71001,0.001921549528301886,6.169877740088487e-05
3.71266,0.00144392397336293,4.701006812826259e-05
3.7153,0.002525033365704775,8.118031665616344e-05
3.71794,0.002736182089345173,8.706335688900696e-05
3.72059,0.001924955743618199,6.233222076199088e-05
3.72323,0.002155795504994449,6.91555468697633e-05
3.72588,0.002658090940621534,8.48657796192082e-05
3.72852,0.003468225374583796,0.0001084577295387721
3.73116,0.003212276220865706,0.0001005435106820282
3.73381,0.003173356548279693,0.0001002856277882065
3.73645,0.002432349056603772,7.727487275312275e-05
3.73909,0.003827530729744727,0.0001197221328061697
3.74174,0.002990377774694785,9.384562053700921e-05
3.74438,0.003296992092119867,0.0001035004650042084
3.74703,0.002819712194783571,9.002112242662672e-05
3.74967,0.002222548626526081,7.171935932141147e-05
3.75231,0.001821226415094341,5.827393762938344e-05
3.75496,0.001991624167591566,6.417460738752821e-05
3.7576,0.002802481964483908,8.845314274550928e-05
3.76024,0.002325394353496114,7.466203747373303e-05
3.76289,0.003112646711986679,9.782232824027756e-05
3.76553,0.004680824292452829,0.0001433372126710008
3.76818,0.00207061036348502,6.667261260528387e-05
3.77082,0.002748183962264153,8.674057142916058e-05
3.77346,0.003108750624306326,9.807092321624561e-05
3.77611,0.002916709211986682,9.224284051962196e-05
3.77875,0.002173513318534959,6.968400736358796e-05
3.78139,0.002252430840732518,7.232965946185987e-05
3.78404,0.002018294741953386,6.502532386255949e-05
3.78668,0.00323502552719201,0.0001014430374547392
3.78933,0.0025523426054384,8.112929642146974e-05
3.79197,0.002661481132075469,8.746828540543217e-05
3.79461,0.002107891023862375,7.115638354356036e-05
3.79726,0.00252103884572697,8.48124401980933e-05
3.7999,0.002639132422308546,9.038280552852274e-05
3.80254,0.001124831645394005,4.001853300291425e-05
3.80519,0.0001151863901220854,4.239727995403089e-06
3.80783,0.003280446309655936,0.0001136000872082947
3.81047,0.001353263249167592,4.93020028742652e-05
3.81312,0.002348617508324084,8.559903326223836e-05
3.81576,0.002100906908990012,7.651935807655737e-05
3.81841,0.004066036764705883,0.0001423619882915309
3.82105,0.001717174320199779,6.433620870957068e-05
3.82369,0.002215406562153164,8.186566462043085e-05
3.82634,0.0009809098917869035,3.73872697969785e-05
3.82898,0.003406876872918976,0.0001245084194634823
3.83162,0.002508769145394009,9.391009128960882e-05
3.83427,0.002641307089345169,9.938471040868885e-05
3.83691,0.003163380549389571,0.0001192315229395036
3.83956,0.0009674635821309619,3.817286661692974e-05
3.8422,0.001505052719200887,5.900370893416763e-05
3.84484,0.001503960807436183,5.924887487519166e-05
3.84749,0.001534310002774696,5.893657453675657e-05
3.85013,0.003658158504439511,0.0001314372844089833
3.85277,0.002071036140399559,7.537220781620348e-05
3.85542,0.002846005063817983,0.0001024308913973647
3.85806,0.002451756243063264,8.799464452251665e-05
3.86071,0.002576000693673692,9.157536887449909e-05
3.86335,0.00199580639567148,7.124513474345144e-05
3.86599,0.002391623265815761,8.415844155785499e-05
3.86864,0.002548155799112096,8.904696914909558e-05
3.87128,0.001677496947835738,6.002942254169527e-05
3.87392,0.001060662943951166,3.81488232067777e-05
3.87657,0.002410522266925637,8.438679604405302e-05
3.87921,0.002043298834628189,7.203745939875042e-05
3.88186,0.003478485224750277,0.0001188824785625408
3.8845,0.001882664192563819,6.647170624614659e-05
3.88714,0.0018119714900111,6.340364482162256e-05
3.88979,0.001843920782463927,6.511189922474453e-05
3.89243,0.001765662527746946,6.212911849412373e-05
3.89507,0.00329231083518313,0.0001108233914511146
3.89772,0.003655663360155386,0.0001220043110354069
3.90036,0.003957401845172031,0.0001307843444381185
3.903,0.004006066315205327,0.0001320473803080787
3.90565,0.002157457408435072,7.368961546820477e-05
3.90829,0.001843831506659268,6.315423913829364e-05
3.91094,0.001588759087125417,5.496237059958334e-05
3.91358,0.002283301956159819,7.734385828968246e-05
3.91622,0.003196359947280797,0.0001056950885994949
3.91887,0.00202834628190899,6.937491800100922e-05
3.92151,0.002318256867369587,7.790996576497621e-05
3.92415,0.002323205951720309,7.804215279788609e-05
3.9268,0.002759689095449498,9.226797273424636e-05
3.92944,0.003627074500554939,0.0001181145524894288
3.93209,0.001970470380133186,6.647378385321161e-05
3.93473,0.002221241537180909,7.386948871780537e-05
3.93737,0.003366725652053274,0.0001097840606454086
3.94002,0.003636146295782463,0.0001182722420736061
3.94266,0.003336971628745839,0.0001092395192050493
3.9453,0.0022769381936737,7.602001395782022e-05
3.94795,0.002845940968368481,9.373066810904038e-05
3.95059,0.002157576442841287,7.238191765666064e-05
3.95324,0.001137419533851275,3.906876825649062e-05
3.95588,0.003550024902885683,0.0001157355955957731
3.95852,0.001869167522197557,6.30877634060414e-05
3.96117,0.003084529411764706,0.0001017859079104173
3.96381,0.001948989248057715,6.537244237378208e-05
3.96645,0.002097983698668147,7.006090858951243e-05
3.9691,0.002940596212541619,9.671102740063336e-05
3.97174,0.002658068049389569,8.847070820535314e-05
3.97439,0.003044737583240844,0.0001006640675547897
3.97703,0.001115714067702551,3.773095810067523e-05
3.97967,0.002914399486681465,9.574386838555444e-05
3.98232,0.004227811390122084,0.0001351457794471713
3.98496,0.003648299250832411,0.0001182750032374122
3.9876,0.001654166204217538,5.568740726884128e-05
3.99025,0.002599933476692564,8.592427370438389e-05
3.99289,0.00145002677580466,4.948476119962774e-05
