0.0431807,58.01498684101,0.4139388121759673
0.0458244,50.36054230022198,0.3714785760953618
0.0484682,43.74520425915649,0.3405969118957349
0.0511119,38.44474865427303,0.3308699782467162
0.0537556,33.90662441037736,0.2919998928095007
0.0563993,29.91505785932297,0.2820182527854352
0.059043,26.71226304938957,0.2493032848111094
0.0616867,23.6332025131798,0.2410936199504238
0.0643304,21.50449534753053,0.2256593828184719
0.0669742,19.40870790233075,0.2047299194294343
0.0696179,17.51397886306881,0.1978277622421532
0.0722616,15.88684033643174,0.1770340493344701
0.07490529999999999,14.45628864248058,0.1682087161558291
0.07754900000000001,13.18227836362375,0.158665261531668
0.08019270000000001,12.08744629578247,0.1461558524482382
0.08283649999999999,11.06953382630411,0.1413493533571967
0.08548020000000001,10.19139947697003,0.1296715255908597
0.08812390000000001,9.322179476970035,0.1288627507434348
0.0907676,8.557165217813541,0.1216379173338332
0.0934113,7.95779793354606,0.1157584383882766
0.096055,7.33021436736959,0.1121694578487643
0.0986987,6.795349698945617,0.1038289860865398
0.101342,6.367246897891232,0.1007871931334037
0.103986,5.906288540510545,0.09191681064034136
0.10663,5.531795104744729,0.08972634888246783
0.109274,5.117903409406216,0.08543521635909274
0.111917,4.785884975027748,0.07950956315763795
0.114561,4.490431048834629,0.07526960315259514
0.117205,4.194469830049945,0.07144324755692365
0.119848,3.932966485155383,0.06760971045474307
0.122492,3.662580403718091,0.06255176339247068
0.125136,3.473781671753607,0.06087135914315894
0.12778,3.237037323113208,0.05707321002633563
0.130423,3.108568478773585,0.05561060496434774
0.133067,2.882373394145394,0.05237469185428058
0.135711,2.708577575610433,0.04814027054633977
0.138354,2.564583829078801,0.04666791451869209
0.140998,2.447212791342952,0.04455371344386212
0.143642,2.262630967674806,0.04155100129255543
0.146286,2.165554426331854,0.03932387118278508
0.148929,2.048072663706992,0.03731510172039461
0.151573,1.930276879162042,0.03625860330846584
0.154217,1.827923794395117,0.03384071962970545
0.15686,1.751889171059933,0.03283538875659806
0.159504,1.632038257491676,0.03052243517312298
0.162148,1.589050263596005,0.02984072788709532
0.164792,1.498111296476138,0.02876601292788102
0.167435,1.410480982241953,0.02667395642549952
0.170079,1.348496379023308,0.02574802798328452
0.172723,1.255573634850167,0.02401783098417102
0.175366,1.230631875,0.023753504577531
0.17801,1.188615453662597,0.02282666569206252
0.180654,1.114315825471698,0.02144433876394762
0.183298,1.067363688263041,0.0208165468330445
0.185941,1.0189212631798,0.01978230926111102
0.188585,0.9563289664261931,0.01872736780956802
0.191229,0.9283894166204218,0.01826813716982209
0.193872,0.8848077615149833,0.01739116860369588
0.196516,0.8431606215316315,0.01675547559457628
0.19916,0.8255579051054384,0.01636575538133134
0.201804,0.7800941100166482,0.01587210944282306
0.204447,0.7370855140122088,0.01484503067554383
0.207091,0.7213209406215317,0.01441907329641783
0.209735,0.7043652677580468,0.01411244531312237
0.212378,0.6765628135405106,0.01365251924557082
0.215022,0.6454720338512765,0.01305329597281698
0.217666,0.5984495061043286,0.01235356939609354
0.22031,0.5968192841287459,0.01241080077364289
0.222953,0.5600197058823529,0.01156848850973165
0.225597,0.5425804786348501,0.01115032530391815
0.228241,0.5367726297169811,0.01115027985118021
0.230885,0.51765137763596,0.0107775970135494
0.233528,0.5005340468923419,0.01053772484581302
0.236172,0.4685325853218646,0.009933230314949231
0.238816,0.4510953725027748,0.009600179189141401
0.241459,0.4347639206437292,0.009244465586263208
0.244103,0.4318044963928968,0.0090621127427592
0.246747,0.4090816065482798,0.008769189042445259
0.249391,0.3982027774694784,0.00860094896692205
0.252034,0.3895074514428413,0.00847019824041445
0.254678,0.3720404800221976,0.008046663346732754
0.257322,0.3669622433407326,0.007951976942446507
0.259965,0.3400161958934517,0.007473005398977668
0.262609,0.3382091849334073,0.007426801141774318
0.265253,0.3352104564372919,0.007441414651663783
0.267897,0.3253606111265261,0.007151390229670517
0.27054,0.3231977788568258,0.007093406087095838
0.273184,0.304444984045505,0.006699496327024208
0.275828,0.2903391551054384,0.006458542442778772
0.278471,0.2938930417591565,0.006584690835200714
0.281115,0.286098394145394,0.006429272506440516
0.283759,0.2767730785238624,0.006271447123528275
0.286403,0.271029256381798,0.006027862418215305
0.289046,0.2596351685627081,0.005899873147335661
0.29169,0.248384952136515,0.005668408107284804
0.294334,0.2572634538013319,0.005847423199865818
0.296977,0.2493565704772475,0.005697633273887135
0.299621,0.2328325117924528,0.005350494548663856
0.302265,0.2324008747225305,0.005344246913047406
0.304909,0.2275847884295228,0.005230043073625985
0.307552,0.2142534156492786,0.005044325248098789
0.310196,0.2152442168423973,0.005010730704232758
0.31284,0.212726272891232,0.004935268876816315
0.315483,0.2053493215871254,0.00481442037116233
0.318127,0.2001238874167592,0.004690300805272355
0.320771,0.1880581685627081,0.004470947865033193
0.323415,0.1934581735571587,0.004565476689837111
0.326058,0.1849347377913429,0.004385236969097608
0.328702,0.1819935120699223,0.004391671903620165
0.331346,0.1793157667175361,0.00428065469968849
0.333989,0.1708930226137625,0.004112757351543274
0.336633,0.1683136889567148,0.004026117668236858
0.339277,0.1658956194506104,0.003976672092498655
0.341921,0.1637942272475028,0.003989179319759428
0.344564,0.1644116793146504,0.00395611972535057
0.347208,0.1561516460876804,0.003820729408074062
0.349852,0.1521021642619312,0.00371523203790897
0.352495,0.153417244936182,0.003739299084497377
0.355139,0.1486277330743618,0.003644180766993725
0.357783,0.1447751181326304,0.00358236971574786
0.360427,0.1448240870560489,0.003567945075791946
0.36307,0.1435624299389567,0.003507001336742161
0.365714,0.1393238550915649,0.003447539228425864
0.368358,0.1365776718229745,0.003352629411045692
0.371001,0.1354640660377359,0.00335507926635221
0.373645,0.1364064934794673,0.003372634730516108
0.376289,0.1339781641231965,0.00329646768650897
0.378933,0.1259494971559379,0.003174157970812741
0.381576,0.1271140267758047,0.003131629703387496
0.38422,0.1214137712264151,0.00306394173906117
0.386864,0.1242660141509434,0.003086804162829292
0.389507,0.1225712709489456,0.003072800510296871
0.392151,0.1178652090732519,0.003006849128269909
0.394795,0.1173130084628191,0.002940026343548241
0.397439,0.1136269318118757,0.002884270695151762
0.400082,0.1138853211709212,0.002863627945978263
0.402726,0.1162709080188679,0.002916690858703695
0.40537,0.1083150099889012,0.002772733259333394
0.408013,0.1102371913152053,0.002765977615049051
0.410657,0.1041297877358491,0.002692060205525044
0.413301,0.1042000798418424,0.002662367181239314
0.415945,0.105674540718646,0.002703696330619944
0.418588,0.1017018772891232,0.002635425986456959
0.421232,0.102562811945061,0.002636222066614439
0.423876,0.09830824528301887,0.002600352851582288
0.426519,0.09857501970033296,0.002614435345435778
0.429163,0.1037861857658158,0.002784529043359619
0.431807,0.09789462132352941,0.002724993974670119
0.434451,0.08895601644006661,0.002594833519072803
0.437094,0.09006890115149832,0.002679006197954727
0.439738,0.08972460328801332,0.002675930711008129
0.442382,0.08792776748057714,0.002691080676779381
0.445025,0.08964058331021088,0.002722978340907934
0.447669,0.0864563900527192,0.002676519519403312
0.450313,0.08347505660377359,0.002652252729344703
0.452957,0.08490005639567148,0.002645664343174372
0.4556,0.08838452309933409,0.00270561786964419
0.458244,0.08118455535516093,0.002512658104762052
0.460888,0.08053129682297447,0.002513717152100513
0.463531,0.08064122280799112,0.002543805457304417
0.466175,0.0837172641509434,0.002575976911061699
0.468819,0.08367461091842397,0.002630693094823941
0.471463,0.07394360772752499,0.002351059098515828
0.474106,0.08155979987513874,0.002571414278242421
0.47675,0.07876643091009988,0.002505913972012727
0.479394,0.07445923730577138,0.002420656322427227
0.482037,0.07261655493895673,0.002408171489364743
0.484681,0.0757177239872364,0.002354446110495863
0.487325,0.07363472259988901,0.0023111215495767
0.489969,0.07418262423695894,0.00226466730984428
0.492612,0.07376586646781354,0.002256646827253064
0.495256,0.06932613034128747,0.00212155882407697
0.4979,0.07155282228079911,0.002143609979361184
0.500543,0.07059674021920088,0.002109067602332272
0.5031870000000001,0.07245725027746949,0.002129052823406026
0.505831,0.06766381028024418,0.002032986133873821
0.508475,0.07058493063263041,0.002082372102591656
0.511118,0.07204534773862374,0.00208112696810231
0.5137620000000001,0.06454121732796891,0.001931323748304078
0.516406,0.063460025527192,0.00188886035989327
0.519049,0.06790205077691454,0.00198949064909608
0.521693,0.06104010869866815,0.001821468506298847
0.5243370000000001,0.06589840413429524,0.001920323682601773
0.526981,0.06498435495283018,0.001903555088812813
0.529624,0.0649720417591565,0.001876287976343313
0.532268,0.06534047384850167,0.001890362740620732
0.5349120000000001,0.05949448813817979,0.001752660565608928
0.537555,0.0670173870699223,0.001901877943639044
0.540199,0.0645119646226415,0.001859251310984189
0.542843,0.0597950362791343,0.001753616506162723
0.5454870000000001,0.06258686924250832,0.001803660837325401
0.54813,0.06038833122918979,0.001722585112224262
0.550774,0.06177119970865706,0.001772077234895088
0.553418,0.06242667869034407,0.001767504399078293
0.556061,0.06211168160377359,0.001761926623149369
0.558705,0.05851032769145394,0.001699625165826648
0.561349,0.05750068472530522,0.00163833565140866
0.563993,0.05639994839067703,0.001631099750277322
0.566636,0.05803522017203108,0.00165063407463519
0.56928,0.0597465663845727,0.001695606701984787
0.571924,0.0601767910654828,0.001694888539950181
0.574567,0.05323581014150944,0.001549915420429881
0.577211,0.05603186195893452,0.001601551273716984
0.579855,0.05841226165371809,0.001629682414055483
0.582499,0.0588957771226415,0.001654101830132389
0.5851420000000001,0.05452943257491676,0.00155457942893872
0.587786,0.05241909905660377,0.001526497559753594
0.59043,0.05414025416204217,0.0015478819251512
0.593073,0.05508430230299666,0.00154175675143332
0.5957170000000001,0.05259847246115428,0.00149846977206428
0.598361,0.05165799306326304,0.001482845234406715
0.601005,0.04861670976692564,0.001409460147506459
0.603648,0.05591033011931187,0.001547457210303635
0.6062920000000001,0.05096812458379579,0.001447495090992453
0.608936,0.05558717230854606,0.001536173296181428
0.611579,0.05454984926470588,0.001502052694879591
0.614223,0.04830488311598224,0.001378680063383122
0.6168670000000001,0.04824669589345172,0.001375335364104976
0.619511,0.05250882352941177,0.001449582295070583
0.622154,0.05236539622641509,0.001450812451417736
0.624798,0.04740118077136515,0.001341732494843773
0.6274420000000001,0.04963467369589345,0.001378793994847444
0.630085,0.05326937097669256,0.001458414245585518
0.632729,0.04699998217258602,0.0013255284999233
0.635373,0.04518059850166482,0.001287445068376099
0.6380169999999999,0.04624633414261933,0.001298228026826748
0.64066,0.04607098501664818,0.001303590725045857
0.643304,0.04571042293285239,0.001296280491672804
0.645948,0.04705984045504995,0.001315877636429911
0.6485919999999999,0.04403394693396227,0.001251411268320868
0.651235,0.04401249098224196,0.001260751859748039
0.653879,0.04386558650110987,0.001253302623711239
0.656523,0.04394285585460599,0.001247362902799302
0.659166,0.04642618597391787,0.001298612721804615
0.66181,0.0449716519145394,0.001251860431909685
0.664454,0.0451698442008879,0.001269626199923812
0.667098,0.04474270754716982,0.001264640299580414
0.669741,0.04640416689789124,0.001294741001136246
0.672385,0.04508995609045505,0.001259661202090718
0.675029,0.0422552112236404,0.001194733861597494
0.6776720000000001,0.04685850062430633,0.001281651923758307
0.680316,0.04389581666204218,0.001227388783773575
0.68296,0.04347433414261931,0.001207317415255946
0.685604,0.04381918826304106,0.001224819973008163
0.6882470000000001,0.0492891694644839,0.001320883825789506
0.690891,0.04325136438679245,0.001206137466656959
0.693535,0.04284114893174251,0.001190427906109753
0.696178,0.04542841668978913,0.001241451243452982
0.6988220000000001,0.04136560529966704,0.001165103326827245
0.701466,0.04155380785238624,0.001158120740051176
0.70411,0.04295782325194229,0.001193258533716658
0.706753,0.04242423092397337,0.001167096560369875
0.7093970000000001,0.04369280577136516,0.0011971708947084
0.712041,0.04431256069644839,0.001210006078295827
0.714684,0.04494992584628191,0.001214351736293816
0.717328,0.04336480875416205,0.001182809584596837
0.7199719999999999,0.04444660717258601,0.001203433286381776
0.722616,0.04222127039400667,0.001153269805268937
0.725259,0.04049367598501665,0.001121800769875215
0.727903,0.04294209010821311,0.001153797819773247
0.7305469999999999,0.04060090309378469,0.001124383215270684
0.73319,0.04277856888179801,0.001162086366260288
0.735834,0.0413763298418424,0.00112524173499442
0.738478,0.03881035550776916,0.001070246670170682
0.7411219999999999,0.03825209558823531,0.00106199170398538
0.743765,0.04017050901775805,0.001105888178845748
0.746409,0.03934248050776915,0.001070096385133313
0.749053,0.0414750070754717,0.001123716513994139
0.751696,0.03965924708657047,0.00107626714821982
0.75434,0.04056901331853497,0.001103898812548499
0.756984,0.0404281612791343,0.001083992292289708
0.759628,0.03953033053551609,0.001074069548691057
0.762271,0.03775156277746948,0.00103587214017565
0.764915,0.03997786098779135,0.001072791861020536
0.767559,0.03860519055216426,0.001059244028219392
0.7702020000000001,0.03847134551886792,0.001040521853776914
0.772846,0.04130429342397337,0.001092849932057019
0.77549,0.04030186577413985,0.001082287181011353
0.778134,0.03681373876248613,0.001000661600120286
0.7807770000000001,0.04000570817147613,0.001071334127713109
0.783421,0.03673746517758048,0.001000318556710556
0.786065,0.03758481846559378,0.001018214196722867
0.788708,0.03767797891231964,0.001020330637421168
0.7913520000000001,0.03775608150665927,0.001011371680306578
0.793996,0.03778305195615982,0.001017631537006996
0.79664,0.03736092848224196,0.001002799839086031
0.799283,0.03747190517480577,0.00100442349146058
0.8019269999999999,0.03779082581853497,0.001009964777245163
0.804571,0.03874365045782464,0.00102233357156264
0.807214,0.03884099542175361,0.001029061482964949
0.809858,0.03742016183407326,0.0009898116087752435
0.8125019999999999,0.03667979758601554,0.000990586181034897
0.815146,0.03657320456437292,0.0009738007006040153
0.817789,0.03570859357658158,0.0009590359431566247
0.820433,0.03891212305771365,0.001024911626935153
0.8230769999999999,0.03423803107658158,0.0009245713637477706
0.82572,0.03578298550221977,0.0009613936986313271
0.828364,0.03743547606825749,0.0009848298847979615
0.831008,0.03511293854051054,0.000944783175464701
0.8336519999999999,0.03388683837402885,0.0009089663782203413
0.836295,0.03645845081853497,0.0009631934416597521
0.838939,0.03411318916481686,0.0009202793940444379
0.841583,0.03604653454495006,0.0009435863709769044
0.844226,0.03617426990843507,0.0009633040409887126
0.84687,0.03654786397058823,0.0009577716319366973
0.849514,0.03522109961154274,0.0009322416689048537
0.852158,0.03540593486403995,0.000938943355738848
0.854801,0.03711440135960044,0.0009514322291621898
0.857445,0.03340683899833518,0.0008938899238904057
0.860089,0.03599354134295227,0.0009342656283130877
0.8627320000000001,0.03607098238068812,0.0009371988944903458
0.865376,0.0346526416481687,0.0009418755367932477
0.86802,0.03614827004716981,0.0009648837345648997
0.870664,0.03492484128745838,0.0009553232107908469
0.8733070000000001,0.03441929300776915,0.0009310021715958561
0.875951,0.03446028433684795,0.0009496326664988961
0.878595,0.03536346705049944,0.0009668974524002005
0.881238,0.03274598744450611,0.0009098166888590962
0.8838819999999999,0.03524838138179801,0.0009757801937597807
0.886526,0.03368280882352941,0.0009221135894574692
0.88917,0.0330045187291898,0.0009190953465884188
0.891813,0.03586579682297447,0.000977580010187449
0.8944569999999999,0.03386073321309657,0.0009168918957667217
0.897101,0.03611371115427303,0.0009522284825585788
0.899744,0.03528083885960044,0.000932046761350033
0.902388,0.03459910134572697,0.0009153262531238496
0.9050319999999999,0.03476773647336294,0.0009064547816415232
0.907676,0.03382927379300776,0.0008900994770822038
0.910319,0.03231759406215316,0.000863257578887858
0.912963,0.03191270997502774,0.0008530189777962584
0.9156069999999999,0.0321585068673696,0.0008578873379752113
0.91825,0.03570370400943396,0.0009112978415458419
0.920894,0.03473483032741399,0.0009033104492091489
0.923538,0.03270676560765816,0.000860452972891543
0.9261819999999999,0.0323595285099889,0.0008464703567955862
0.928825,0.03384456513596005,0.0008852957921303901
0.931469,0.03366071878468369,0.0008711898464871596
0.934113,0.03461400353773585,0.0008979672553832982
0.936756,0.03271971288845726,0.0008455765313957947
0.9394,0.03240252968923419,0.0008427750245538803
0.942044,0.03460670581298558,0.0008787788616904697
0.944688,0.03249647301609323,0.000842452847427105
0.947331,0.03184713575194228,0.0008315145954554144
0.949975,0.03260995629855716,0.0008387122656600392
0.952619,0.03443844381243064,0.0008753412531538676
0.9552619999999999,0.03723897544395117,0.0009256895213836167
0.957906,0.03436309274417314,0.0008718471069741021
0.96055,0.03552995498057714,0.0008975976166202449
0.963194,0.03560400811598224,0.0008780122172418115
0.9658369999999999,0.03298363734739179,0.0008450341282000031
0.968481,0.03045792869034406,0.0007901100422009965
0.971125,0.03264846163984462,0.0008270866828444874
0.973768,0.03161005126248613,0.0008063051948801145
0.9764119999999999,0.03483813158990012,0.0008595432395998979
0.979056,0.03241704501942286,0.0008226531797029525
0.9817,0.03276038145116537,0.0008241143877736069
0.984343,0.03341592681742509,0.0008310718122400669
0.9869869999999999,0.03077771004439512,0.0007791820347505647
0.989631,0.03274409891786904,0.0008269702593899368
0.992274,0.02994988068812431,0.0007947487297929745
0.994918,0.03378853197835738,0.0008661004250530425
0.9975619999999999,0.0308490757491676,0.0008185293562862144
1.00021,0.03281773543285239,0.0008635720186055609
1.00285,0.02874962014428413,0.0007797305371682842
1.00549,0.03096805750554939,0.0008412462854725221
1.00814,0.03093828745837958,0.0008339360517779928
1.01078,0.03079952996670366,0.0008363422971837662
1.01342,0.03148801352663707,0.0008545381094989308
1.01607,0.03060259211986682,0.0008455060064050458
1.01871,0.02971730348224196,0.0008212736951452638
1.02136,0.03197955008324084,0.0008718924914614406
1.024,0.032974609045505,0.000899733717168787
1.02664,0.03251355903163153,0.0008916771706294704
1.02929,0.03273699576859045,0.0008997189122305017
1.03193,0.03100991641231965,0.0008619084754846942
1.03457,0.03106951602386237,0.0008615087054018528
1.03722,0.03020727656770255,0.000853585221434314
1.03986,0.03197929370144284,0.0008819584734772077
1.04251,0.03020854932019978,0.0008526927481628132
1.04515,0.03153262167036627,0.0008646878114472116
1.04779,0.03224570414816871,0.000871177818915685
1.05044,0.0332512999445061,0.0008823257205525729
1.05308,0.03064671725860156,0.0008166287658012301
1.05572,0.03182201720310766,0.0008453009452404872
1.05837,0.03167013158990011,0.0008275043346730784
1.06101,0.03150851720310766,0.0008329919380141262
1.06365,0.02827323529411764,0.0007568555575635217
1.0663,0.02862901768867925,0.0007643931083716215
1.06894,0.03008084829356271,0.0007918625818916239
1.07159,0.03053507672031076,0.0007890154131987203
1.07423,0.03170609371531632,0.0008194871518416444
1.07687,0.03031720484184239,0.0007827306850252796
1.07952,0.03118931270810211,0.0008042322092031129
1.08216,0.02773812069922309,0.0007321825834246863
1.0848,0.02928584267480578,0.0007486153775799105
1.08745,0.03023125513318535,0.0007740849419048538
1.09009,0.02901972523584906,0.0007459188226542689
1.09274,0.02900739601831298,0.0007496354489575442
1.09538,0.0278976977663707,0.0007251240138993347
1.09802,0.02736909114872364,0.0007081993236691929
1.10067,0.02876924021920089,0.0007398701751323563
1.10331,0.02969095567425083,0.0007477275313909838
1.10595,0.02857139130133186,0.000730560550842721
1.1086,0.02994443715316315,0.0007535889994598237
1.11124,0.03165923994173141,0.0007854456642756306
1.11389,0.02813178121531632,0.0007215300709503806
1.11653,0.02992022280799113,0.0007406683944755674
1.11917,0.02762851290233074,0.0007087054474895167
1.12182,0.02721061514983352,0.0006940126343903511
1.12446,0.03020050991953385,0.0007551470451243075
1.1271,0.0285736209073252,0.0007188730385602597
1.12975,0.02932795796337403,0.0007290521230272191
1.13239,0.02706219755826859,0.0006898586492661653
1.13504,0.02824804349334073,0.0007092260159140414
1.13768,0.02704638200610433,0.0006866852256605523
1.14032,0.02759105597946726,0.0006984409918404445
1.14297,0.02798926498335183,0.0007049281818691316
1.14561,0.02515881680077691,0.0006553076523453402
1.14825,0.02771731028024417,0.000691259020269006
1.1509,0.02827727101831299,0.0007058778412507613
1.15354,0.02721437846836848,0.0006851320211865292
1.15618,0.02704607526359601,0.0006783186668919582
1.15883,0.02469880147058823,0.0006418267625624672
1.16147,0.02717608830466149,0.0006765607860487839
1.16412,0.02599267341842397,0.0006633226636689011
1.16676,0.02407000450887902,0.0006142582130913273
1.1694,0.02810132900943397,0.0006971005627172258
1.17205,0.02505738804106548,0.0006355544840847438
1.17469,0.02681426262486127,0.0006679767394391151
1.17733,0.02734626859045506,0.0006799136320186618
1.17998,0.0269722121254162,0.000665272850357207
1.18262,0.027080496809101,0.0006719563994890534
1.18527,0.02579490461986681,0.0006445156149375048
1.18791,0.02704966689789124,0.0006701395089503294
1.19055,0.0242249026082131,0.0006167268792549132
1.1932,0.0249666265954495,0.0006233032736083371
1.19584,0.02676007907880133,0.0006622684553277599
1.19848,0.02398505285793563,0.0006041108857355712
1.20113,0.02587026484461709,0.0006442660783621718
1.20377,0.02572738464206437,0.0006385597688985586
1.20642,0.02501993569644839,0.0006253607186291443
1.20906,0.02434922259988901,0.0006138837382461002
1.2117,0.024275496809101,0.000604199139018652
1.21435,0.02491375242785794,0.0006200673491640482
1.21699,0.02510371302719201,0.000620580102194613
1.21963,0.02204312784406216,0.0005630161363446976
1.22228,0.02343255466148724,0.0005919739390218112
1.22492,0.02446730015260821,0.0006055500223795218
1.22757,0.02241908428135405,0.0005683866910784814
1.23021,0.02385748231132075,0.0005919327239059151
1.23285,0.02444228461431742,0.0006041154912504765
1.2355,0.02452255729744729,0.0006074751739950042
1.23814,0.02410547447280799,0.0005968421764144479
1.24078,0.02310750374583796,0.000581306837974137
1.24343,0.0249260839345172,0.0006126364399295467
1.24607,0.02076348737513874,0.0005295707271149929
1.24871,0.02230360946170921,0.0005595026840794084
1.25136,0.02252819304938957,0.0005617310162937552
1.254,0.02323661945061043,0.0005772937681005097
1.25665,0.02252476623196449,0.0005624771052943402
1.25929,0.02230601075194228,0.0005592474727591878
1.26193,0.02300914470033296,0.0005659557314670131
1.26458,0.02240302379300778,0.0005555902297617939
1.26722,0.02119037680355161,0.0005342607856314482
1.26986,0.02124069402053275,0.0005341001543408984
1.27251,0.02378516204217536,0.0005835813449249433
1.27515,0.02230510654827969,0.000551187379966771
1.2778,0.02172192036625971,0.0005424787017332851
1.28044,0.01955847918978912,0.0004945013496886112
1.28308,0.02095685190066593,0.0005237053099082894
1.28573,0.02054473876248613,0.0005192049774086573
1.28837,0.01860544166204217,0.0004730361390718981
1.29101,0.02351254578246393,0.0005776388776583149
1.29366,0.02074491800776914,0.0005158635868325943
1.2963,0.02150134732241953,0.0005322223722476791
1.29895,0.01966376283296337,0.0004969797819361987
1.30159,0.020452134572697,0.0005069874143382522
1.30423,0.02076318063263041,0.000519674335775738
1.30688,0.01997592369589345,0.0004957970363454293
1.30952,0.018983121809101,0.00048093419846948
1.31216,0.01840244908435073,0.000465401130263965
1.31481,0.0206819121809101,0.0005120472258563531
1.31745,0.02132349847391787,0.0005234892968454534
1.3201,0.01922414816870145,0.0004788011227482538
1.32274,0.01977258317147614,0.0004915360953483074
1.32538,0.01983115267758047,0.000489135570028713
1.32803,0.01832422745560488,0.0004595184717428164
1.33067,0.01925929536625971,0.000483258868321648
1.33331,0.01947523980299667,0.0004791769921193302
1.33596,0.02099092321032187,0.0005128640793926007
1.3386,0.01874094173140954,0.0004680669435109998
1.34124,0.01885864157880133,0.0004687755547348558
1.34389,0.0178332173973363,0.0004483234509583465
1.34653,0.01845711563540511,0.0004577727865367118
1.34918,0.01796539137069922,0.000452122370360227
1.35182,0.01764903454495006,0.0004415564061398503
1.35446,0.01756997967536071,0.0004432766968262072
1.35711,0.01920751768867924,0.0004742201980153213
1.35975,0.01817865066592675,0.0004542883117703151
1.36239,0.01591974618479467,0.0004093944313387335
1.36504,0.01754487486126527,0.0004368807868591594
1.36768,0.01784003898446171,0.0004468705589274635
1.37033,0.01863196115427303,0.000461577476899998
1.37297,0.01660655181742509,0.0004212389623244213
1.37561,0.01839370692286349,0.0004611501784813303
1.37826,0.01729110037458379,0.0004311646611184654
1.3809,0.01680826935349611,0.0004262024452482085
1.38354,0.01751834621254162,0.0004393552991152788
1.38619,0.01648516190344062,0.0004191967727987541
1.38883,0.01610547648446171,0.0004082275169348648
1.39148,0.01702739338235295,0.0004282332060702981
1.39412,0.0168432814927858,0.0004251625653680547
1.39676,0.01542896961709212,0.0003922475610112351
1.39941,0.01677843063263041,0.0004213763462393181
1.40205,0.01821461965871254,0.0004484916863245261
1.40469,0.01670138790233074,0.0004237620243891638
1.40734,0.01743072315482797,0.0004329098723967619
1.40998,0.01758292008879023,0.000434989594515646
1.41263,0.01639543971975583,0.0004099733348267182
1.41527,0.01581341183407326,0.0003991081015417451
1.41791,0.0147760086709212,0.0003792044329449315
1.42056,0.01574357068534961,0.0003985074045463592
1.4232,0.01517215746392897,0.0003852590179273802
1.42584,0.01524732082408435,0.0003863323728888551
1.42849,0.01502285398168702,0.0003830954335145841
1.43113,0.01400002566592675,0.0003616575547984882
1.43377,0.01568760162319645,0.0003952666924587264
1.43642,0.01546999070477248,0.0003886396167791643
1.43906,0.01437011965871255,0.0003684879046164829
1.44171,0.01632864997225306,0.0004072054381438905
1.44435,0.01482694395116537,0.0003758291414106582
1.44699,0.01442249708657048,0.000366952666626476
1.44964,0.0135791749445061,0.0003508631131495822
1.45228,0.01404428128468369,0.0003585142416607776
1.45492,0.01472742889844617,0.0003719765430140948
1.45757,0.014612427927303,0.0003688644623167649
1.46021,0.01606721607935627,0.000399242895431224
1.46286,0.01189730806048835,0.000311542945926746
1.4655,0.01360084149556049,0.0003489627435315549
1.46814,0.01450666356825749,0.0003654392716016328
1.47079,0.01445452192008879,0.0003670678877638607
1.47343,0.01345905778301887,0.0003432580798449364
1.47607,0.01416537361265261,0.0003608499708250041
1.47872,0.0127941407463929,0.0003278981358314037
1.48136,0.01370713693118757,0.000350289003508152
1.48401,0.01614239317425083,0.0004014775451603426
1.48665,0.0135076329772475,0.0003437366721105028
1.48929,0.01295750631243063,0.0003314683949977107
1.49194,0.0129880134572697,0.0003297043495800805
1.49458,0.01342529321587125,0.0003446353141770805
1.49722,0.01211603607103219,0.0003126586642934941
1.49987,0.01435210425915649,0.0003601411821533072
1.50251,0.01281953856825749,0.0003309272954765617
1.50516,0.0122477705327414,0.0003146698154892048
1.5078,0.01314543188124306,0.00033425623619629
1.51044,0.01342678572419534,0.000340603840919173
1.51309,0.01278294006659267,0.0003258526108237901
1.51573,0.01255131284683685,0.0003227566841104731
1.51837,0.01322768236681465,0.0003331936924482573
1.52102,0.01313806777192009,0.000332708230466192
1.52366,0.0127684201581576,0.0003229803304968936
1.5263,0.01198191176470588,0.0003058059548672351
1.52895,0.01203901165371809,0.0003102751750620734
1.53159,0.01094629411764706,0.000286048371521838
1.53424,0.01215730896226415,0.0003138002344032664
1.53688,0.01180663589067702,0.0003036018578363062
1.53952,0.01196661584350722,0.0003054218372987104
1.54217,0.01220112278024418,0.0003093597325123149
1.54481,0.01355117210044395,0.0003394005625157114
1.54745,0.01108501498335183,0.0002891770018497417
1.5501,0.01182900520255272,0.000307100820994011
1.55274,0.01169790940621532,0.0003080661215774923
1.55539,0.01167346385960045,0.0003093218439860525
1.55803,0.01233758657047725,0.0003262212909662531
1.56067,0.01336623612652608,0.0003519129941736721
1.56332,0.009985830674250833,0.0002734359018844459
1.56596,0.01082012222530522,0.0002982807699335232
1.5686,0.01096154883462819,0.0002989622575268423
1.57125,0.01196629307713652,0.000327931238921862
1.57389,0.01052257283573807,0.0002925325149817343
1.57654,0.009453227247502777,0.0002663691221147709
1.57918,0.0109694051054384,0.0003078213617783303
1.58182,0.01044780778301886,0.0002934918570058731
1.58447,0.01035727753884573,0.0002935246855191592
1.58711,0.01033243826304106,0.0002911000756175772
1.58975,0.01120578912319645,0.0003132038304450379
1.5924,0.00981441655105438,0.0002852160285697532
1.59504,0.0115222214900111,0.0003208476593711361
1.59769,0.009972974958379578,0.0002878672174565216
1.60033,0.01027483476692564,0.0002937737065344918
1.60297,0.01068868534961155,0.0003040860203803341
1.60562,0.0114579589345172,0.0003221483449574136
1.60826,0.01024103128468369,0.0002863826197955553
1.6109,0.01069501935349611,0.0002969421263823772
1.61355,0.01009130431465039,0.000278502298886375
1.61619,0.009526808823529414,0.0002649635215584824
1.61883,0.01175946163984462,0.0003166074545290542
1.62148,0.01038317438956715,0.0002818458525303994
1.62412,0.01179871552441732,0.0003167620157284723
1.62677,0.01029107151775805,0.0002778946972231407
1.62941,0.009640823182574915,0.0002657383038933953
1.63205,0.009142643590455052,0.0002511798179984238
1.6347,0.00993537382075472,0.0002692077522632922
1.63734,0.008835740843507212,0.0002438360260386068
1.63998,0.009585664470033298,0.0002611067578563516
1.64263,0.01002756139012209,0.0002701165666613363
1.64527,0.0101523369173141,0.0002712231905130913
1.64792,0.009946764497780243,0.0002682920151959135
1.65056,0.009719724680910102,0.0002625367567051928
1.6532,0.01002983220033296,0.0002685048036450896
1.65585,0.01041125964206437,0.0002784956278161558
1.65849,0.008551923903995558,0.0002322536722379821
1.66113,0.01037241551054384,0.0002758729412867336
1.66378,0.008297707616537182,0.0002282202331944189
1.66642,0.009906279064927859,0.0002657366423815901
1.66907,0.008627224611542732,0.0002371901680136228
1.67171,0.009767816870144282,0.00026055310314816
1.67435,0.008712325055493898,0.0002371783176593897
1.677,0.008839073806881242,0.0002393529077313872
1.67964,0.008702369658712543,0.0002356265011384289
1.68228,0.009015288221420642,0.000242781128810514
1.68493,0.009615862583240846,0.0002565164527894792
1.68757,0.008772252011653719,0.0002369121149151193
1.69022,0.009385476068257495,0.0002498790727101771
1.69286,0.008977554314650388,0.0002410875213525882
1.6955,0.008575147058823528,0.0002330874151892162
1.69815,0.008301116120976693,0.0002255480469393952
1.70079,0.008608900180355161,0.0002342644420020212
1.70343,0.009726745421753606,0.0002557331030701565
1.70608,0.00766452927302997,0.0002090988079446099
1.70872,0.008365582408435074,0.0002246139197414109
1.71137,0.007231314997225308,0.0001987969463390325
1.71401,0.008174623751387349,0.0002215815981406699
1.71665,0.008672503468368479,0.0002329638955826246
1.7193,0.007863451789678134,0.0002141955195232871
1.72194,0.007995964553274143,0.0002160820181642269
1.72458,0.009473318881798004,0.0002508527040285415
1.72723,0.009989232311320753,0.0002610907596868853
1.72987,0.007820088928967813,0.0002116679389421372
1.73251,0.009111735849056606,0.0002431334560809703
1.73516,0.008767215940621536,0.0002315848085795224
1.7378,0.007168556395671473,0.0001958906915493949
1.74045,0.007479336917314099,0.0002024013838147909
1.74309,0.0078632823945616,0.0002121458940008294
1.74573,0.008017317494450608,0.0002157619232852679
1.74838,0.00797898841564928,0.0002127213933560942
1.75102,0.0087812230854606,0.0002350372456987045
1.75366,0.008699162597114318,0.0002289137519997976
1.75631,0.007627642341842398,0.0002050452148435795
1.75895,0.007286318049389568,0.0001981622443393951
1.7616,0.007550462264150942,0.0002033656949249658
1.76424,0.006227085807436186,0.0001722574647723564
1.76688,0.008035586986681467,0.0002128245684209798
1.76953,0.007500742508324085,0.0002022579939245758
1.77217,0.007618513318534963,0.0002053530447252667
1.77481,0.007547976276359601,0.0002034673496510831
1.77746,0.01025497891231964,0.000265844741340264
1.7801,0.008740955119311876,0.0002289623318294668
1.78275,0.01007032221143174,0.0002607141942359914
1.78539,0.007498716634295228,0.0001992082003743729
1.78803,0.007261380341287457,0.0001944957925264736
1.79068,0.007705206992230855,0.0002066824331503832
1.79332,0.007354836084905662,0.0001955992385399995
1.79596,0.006248541759156491,0.0001723091277836669
1.79861,0.008420507630410657,0.0002200831953917227
1.80125,0.00842586646781354,0.0002220520461146176
1.8039,0.006956682019977802,0.0001880174902740059
1.80654,0.007844603149278581,0.000207861638017159
1.80918,0.008352294048279689,0.0002218014875924346
1.81183,0.008458220935072145,0.0002226832685865122
1.81447,0.007649059378468372,0.0002039564092934545
1.81711,0.007032470310765816,0.0001888197432574648
1.81976,0.006891029966703666,0.0001851185850482402
1.8224,0.006449847253052164,0.0001764624937339369
1.82504,0.006613169325749167,0.0001790278520750143
1.82769,0.007403951512208659,0.0001995829428849021
1.83033,0.00804521961709212,0.000213016136529297
1.83298,0.006429137555493898,0.0001744606171428618
1.83562,0.007209144839067703,0.0001944922276870361
1.83826,0.006519789123196448,0.0001787584111736635
1.84091,0.008140987375138737,0.0002175339524292505
1.84355,0.007489544117647056,0.0002012523443376082
1.84619,0.008238208726415095,0.0002190438456228008
1.84884,0.005764781354051053,0.000157823778975975
1.85148,0.005951470796337407,0.0001646882328302169
1.85413,0.006177727733074362,0.0001706346701020238
1.85677,0.006681774347946728,0.0001808534003159741
1.85941,0.006852094270255271,0.0001867841985923421
1.86206,0.005751177094894562,0.0001577555811568188
1.8647,0.006919000763041067,0.0001882052452636269
1.86734,0.005575724958379577,0.000154612025543033
1.86999,0.00743703392064373,0.0001990251084600817
1.87263,0.006082539123196447,0.0001689010585647212
1.87528,0.006457856895116537,0.0001762185276463434
1.87792,0.007087079633740288,0.0001922498249159895
1.88056,0.007208432921753608,0.0001948262760558281
1.88321,0.005691236403995558,0.0001569870319715347
1.88585,0.00597088485016648,0.0001661864563680059
1.88849,0.00700517251664817,0.0001883724656563235
1.89114,0.007560593923418422,0.0002038085066442408
1.89378,0.007473772058823528,0.0001995919602258374
1.89643,0.006389792105993339,0.0001751796368372028
1.89907,0.005619504439511652,0.0001566130519552832
1.90171,0.005253473640399556,0.0001454061157217136
1.90436,0.007502498265815765,0.0002018886054066724
1.907,0.006987269284128743,0.0001884205872418122
1.90964,0.006803235224750279,0.0001856516378475732
1.91229,0.005998567216981133,0.0001656908335969886
1.91493,0.006873101553829077,0.000186091796362862
1.91757,0.005737540788013318,0.0001583360736381733
1.92022,0.007034848709766927,0.0001912072405235029
1.92286,0.006341715940621529,0.0001746248859439229
1.92551,0.005958118410099889,0.0001629327418429975
1.92815,0.006522845102663705,0.0001773419665962595
1.93079,0.006322246947835737,0.0001744746930904665
1.93344,0.005996243756936736,0.0001643991532951529
1.93608,0.005286249306326306,0.0001471862993839167
1.93872,0.006115637555493896,0.0001677930644590918
1.94137,0.005404665649278581,0.0001518584895019453
1.94401,0.007286624791897891,0.0001968411094706704
1.94666,0.006418142896781357,0.000175041138516275
1.9493,0.006912387486126529,0.0001879882662034598
1.95194,0.007009533296337402,0.0001890221169024876
1.95459,0.005915501803551609,0.0001630814438253456
1.95723,0.005009631659267478,0.0001408951036731499
1.95987,0.004720945754716981,0.0001325416872871564
1.96252,0.006141516093229746,0.0001697933664873366
1.96516,0.004963446309655937,0.0001385985964000292
1.96781,0.005704293562708098,0.0001576709514808565
1.97045,0.005826596836847948,0.0001606681665668871
1.97309,0.006501789747502772,0.0001777887982354609
1.97574,0.007078708310210878,0.0001920578359757785
1.97838,0.006343041342952276,0.0001734287676299804
1.98102,0.006056704078801335,0.0001675533679165601
1.98367,0.005713612583240843,0.0001574419236506641
1.98631,0.00657207269700333,0.0001790265315042382
1.98896,0.005916048903995559,0.0001632483637323711
1.9916,0.006926083310210876,0.0001875790501826319
1.99424,0.005893333934517205,0.0001611388921151359
1.99689,0.00631461958934517,0.0001716699248075059
1.99953,0.00425205091564928,0.0001199023726176999
2.00217,0.005506229467258603,0.0001519707859316214
2.00482,0.006291989317425081,0.0001714489699876175
2.00746,0.004699210529966706,0.000131388793463763
2.0101,0.004915940135960046,0.0001360125735925547
2.01275,0.005663705119311877,0.0001559382086800049
2.01539,0.005344573876248614,0.0001464339915580192
2.01804,0.005409527746947837,0.0001503567007938496
2.02068,0.005568640122086567,0.000153397285247417
2.02332,0.005130337125416205,0.0001417553744828673
2.02597,0.00550682235016648,0.0001517424918026907
2.02861,0.005344070269145392,0.0001464122257811736
2.03125,0.005268126317980026,0.0001457136436282437
2.0339,0.006445472738623751,0.0001741223948720598
2.03654,0.005335193049389568,0.0001479240566754725
2.03919,0.005142000208102108,0.000142113367566616
2.04183,0.00499710786625971,0.0001378604104376866
2.04447,0.006893147405660379,0.0001852399911553652
2.04712,0.005720170921198668,0.0001561622998598308
2.04976,0.005401053412874582,0.0001486843025841113
2.0524,0.00396340163706992,0.0001121482905826686
2.05505,0.005619161071032186,0.0001538453226060488
2.05769,0.004512454703107658,0.0001264188475211006
2.06034,0.005182938887347391,0.0001418522837736828
2.06298,0.006870583518312987,0.0001846913759682889
2.06562,0.005739422447280799,0.0001561819600744474
2.06827,0.00579145421753607,0.0001575929591972733
2.07091,0.004577790857380687,0.000128058525468454
2.07355,0.004812622849611545,0.0001329512146515478
2.0762,0.004632729814095449,0.000129185352206306
2.07884,0.004150267341842395,0.0001160868470459452
2.08149,0.004840300638179803,0.0001340257794584061
2.08413,0.005272397821864594,0.0001460281284288416
2.08677,0.004267232380688124,0.0001186096400038339
2.08942,0.006005207963374029,0.0001647825991172049
2.09206,0.00621627885682575,0.0001685146722366492
2.0947,0.005148659267480575,0.0001423804979035442
2.09735,0.006262072766370698,0.000169718427618398
2.09999,0.006066769353496116,0.0001649655359594904
2.10263,0.005596352247502775,0.0001550243184603493
2.10528,0.004802921545504998,0.0001319918333152849
2.10792,0.00586500374583796,0.0001609417685601869
2.11057,0.005657382561043285,0.0001562802583534177
2.11321,0.00518401477524972,0.0001476191241223882
2.11585,0.006972907325194232,0.0001957092711779911
2.1185,0.004213923279689233,0.0001224860472585411
2.12114,0.004457630202552718,0.0001322551690620884
2.12378,0.003972308615427305,0.000116806836963998
2.12643,0.005240247086570476,0.0001527832447766621
2.12907,0.005275874999999999,0.0001561670841714215
2.13172,0.004652949639289678,0.0001389289271411045
2.13436,0.00393007429245283,0.0001201538589353685
2.137,0.004800820130410654,0.0001437759550572951
2.13965,0.00487709600443951,0.0001473109447284995
2.14229,0.004178650180355161,0.0001275719201075128
2.14493,0.005256934794672583,0.0001588925582198965
2.14758,0.004428334003884574,0.0001368434063951002
2.15022,0.004402402816315204,0.0001344854315492718
2.15287,0.005091325887902333,0.0001559540918499463
2.15551,0.004137081992230856,0.0001282952431020588
2.15815,0.005781842189234185,0.0001752752233403111
2.1608,0.003971150319089898,0.0001244016327618035
2.16344,0.004472246254162041,0.0001379556176888705
2.16608,0.004594396157047726,0.000141616446263979
2.16873,0.00388455736681465,0.0001196157023507947
2.17137,0.004902834905660374,0.0001463493061883236
2.17402,0.004618942425083242,0.0001374871674474606
2.17666,0.005306386723085464,0.0001565391141166581
2.1793,0.005531013804106549,0.0001612973209363877
2.18195,0.005101716218091014,0.0001492624098802411
2.18459,0.004965904827968924,0.0001453851986271331
2.18723,0.004031482450055492,0.0001201193479183653
2.18988,0.005516850998890123,0.0001593491555204152
2.19252,0.004061618756936737,0.0001199898286104633
2.19516,0.004754495144284131,0.0001382853212334844
2.19781,0.004479326512208658,0.0001318274863857321
2.20045,0.005129545088790236,0.0001479491276284304
2.2031,0.003349378676470589,0.0001001846274058927
2.20574,0.003298262555493897,9.83455643565751e-05
2.20838,0.004697615011098777,0.0001367916934441184
2.21103,0.005175620560488345,0.0001495995914699372
2.21367,0.004262805216426195,0.000125542344752284
2.21631,0.005214027469478357,0.0001507667874582866
2.21896,0.004331462888457268,0.0001261370152175278
2.2216,0.003768759780799113,0.0001105174331445272
2.22425,0.003580701442841288,0.0001060867904126141
2.22689,0.003610375346836848,0.0001068426246027664
2.22953,0.003909797239178694,0.000114233238715793
2.23218,0.0040093077136515,0.0001186964769137248
2.23482,0.005304816384572697,0.0001518306175585721
2.23746,0.003668358837402885,0.0001095710261941032
2.24011,0.004399600929522755,0.0001282136937171474
2.24275,0.003299153024417314,9.912186400596934e-05
2.2454,0.004525482103218648,0.0001319112909474665
2.24804,0.005318738831853497,0.000153650344701889
2.25068,0.004606938263041065,0.000134708248312574
2.25333,0.004171716426193122,0.0001221770979837566
2.25597,0.004151194436736961,0.0001224085390056739
2.25861,0.003861602039400669,0.0001142843053135843
2.26126,0.00388126331853496,0.0001151230802477232
2.2639,0.003141812430632629,9.404605056711504e-05
2.26655,0.004104860294117645,0.0001211566463588273
2.26919,0.003001871462264149,9.152574344256596e-05
2.27183,0.00425201657880133,0.0001244675049006868
2.27448,0.00360562541620422,0.0001071145856498616
2.27712,0.004125192286348504,0.0001210874305555446
2.27976,0.004297567841287459,0.000128079908529188
2.28241,0.003967361820199779,0.0001179897589892809
2.28505,0.004251428274139843,0.0001247887707864485
2.28769,0.003191339900110991,9.561790174530171e-05
2.29034,0.00355006610710322,0.0001046657630588964
2.29298,0.00522883580743618,0.0001516260653939186
2.29563,0.003999086778579354,0.0001175704909109923
2.29827,0.003864406215316315,0.0001143093760655831
2.30091,0.003838955743618205,0.0001155681464491071
2.30356,0.004249056742508323,0.0001236953105785647
2.3062,0.004291451304106549,0.000126856849522667
2.30884,0.004237134988901223,0.0001242923974343268
2.31149,0.005236790510543839,0.0001527700543187079
2.31413,0.00460745102663707,0.0001349956868948358
2.31678,0.003052023862375141,9.227762300382218e-05
2.31942,0.003991122918978912,0.0001187047775165807
2.32206,0.003600921268035514,0.0001062813758591142
2.32471,0.004401743548834629,0.0001299491733801868
2.32735,0.00466095928135405,0.0001370197421197212
2.32999,0.004195065482796893,0.0001237556520914574
2.33264,0.00427174653163152,0.0001279870287480413
2.33528,0.005386819644839069,0.0001535841244843649
2.33793,0.004110640330188682,0.0001222260859396937
2.34057,0.003826727247502777,0.0001133588153829333
2.34321,0.003817330396781353,0.0001134707986607005
2.34586,0.004528251942286348,0.0001345067384585642
2.3485,0.0036687342536071,0.0001092806914474256
2.35114,0.003527039816870142,0.0001053989011113011
2.35379,0.003187704772475028,9.538642340171562e-05
2.35643,0.003911058546059935,0.0001154889195515049
2.35908,0.003585215593784684,0.0001079261751330422
2.36172,0.003708819089900109,0.0001105196542475963
2.36436,0.003209108074361821,9.645893366526857e-05
2.36701,0.003859507491675913,0.0001138944181731078
2.36965,0.003434440205327414,0.0001025245189257096
2.37229,0.003250358074361822,9.776233393562735e-05
2.37494,0.004056014983351831,0.0001200219354709119
2.37758,0.00326342896781354,9.933929443963464e-05
2.38022,0.005168052719200886,0.0001484196513767562
2.38287,0.00368224694783574,0.0001110426439073975
2.38551,0.003232019908435069,9.602074556468557e-05
2.38816,0.003330092813540513,0.0001003279631624956
2.3908,0.003867015815760265,0.0001154146327638105
2.39344,0.003822654897336294,0.0001138925142663513
2.39609,0.004344220172031076,0.0001284613400169976
2.39873,0.003980290788013318,0.0001174220771247695
2.40137,0.003867379786348504,0.0001151349382415772
2.40402,0.003363152330743619,9.950969598109597e-05
2.40666,0.004164050152608216,0.0001229916569082849
2.40931,0.003431006520532741,0.0001030352252083543
2.41195,0.004718842050499445,0.0001371759994639666
2.41459,0.004705736820199777,0.0001382748565355339
2.41724,0.003747246600998889,0.0001108609262156274
2.41988,0.004512163984461709,0.0001326369097377816
2.42252,0.003199129786348506,9.663875291453286e-05
2.42517,0.004855676678690348,0.000140633849439366
2.42781,0.002674272752497226,8.17284599526148e-05
2.43046,0.004558482103218646,0.0001332453816383283
2.4331,0.004438964692008881,0.0001306432564868526
2.43574,0.004337462680355161,0.0001277041961355983
2.43839,0.003427707894006662,0.000103204652269246
2.44103,0.003935085183129856,0.0001168634753269249
2.44367,0.00305974507491676,9.215733681654806e-05
2.44632,0.003790721628745837,0.0001130153160254305
2.44896,0.004724246670366261,0.0001378818332033332
2.45161,0.002930851415094343,8.846332187689774e-05
2.45425,0.002384879508879024,7.334930413552063e-05
2.45689,0.003857417522197558,0.0001138271508448637
2.45954,0.00281294783573807,8.581348751098187e-05
2.46218,0.004265517827413981,0.0001261827919226167
2.46482,0.001994458102108768,6.104002008823153e-05
2.46747,0.002537721975582687,7.711517104810984e-05
2.47011,0.004565690552164261,0.0001350006249593786
2.47275,0.004067284336847947,0.0001216776887884537
2.4754,0.00245908601553829,7.465651865343049e-05
2.47804,0.003905914886237513,0.0001161976788687705
2.48069,0.003485219825194226,0.0001046438333681875
2.48333,0.002731443604328521,8.380488357624192e-05
2.48597,0.005005147266925638,0.0001467806900572575
2.48862,0.004435668354605994,0.0001302965093161637
2.49126,0.004675044256381798,0.000138389039744991
2.4939,0.003224800013873473,9.678395441163108e-05
2.49655,0.004275152746947834,0.0001270229275101307
2.49919,0.003552822211431743,0.0001063097132742091
2.50184,0.002520823668146506,7.699126542827839e-05
2.50448,0.003810614109322975,0.0001140966128054635
2.50712,0.003070426123751387,9.354746836409426e-05
2.50977,0.003134304106548281,9.460483812364001e-05
2.51241,0.002494485016648167,7.612648511875643e-05
2.51505,0.003529038221420646,0.0001063713978954409
2.5177,0.003197243548834631,9.728589978241001e-05
2.52034,0.002198313679245283,6.749723465188932e-05
2.52299,0.004266110710321866,0.0001269999917962292
2.52563,0.002633434794672587,8.060793175738472e-05
2.52827,0.003330907741398448,0.0001007687591703945
2.53092,0.003532245283018869,0.0001060940489906971
2.53356,0.004708969062153167,0.0001377466876205074
2.5362,0.002687245213651498,8.253556975337227e-05
2.53885,0.004463556742508323,0.0001319337888934689
2.54149,0.003946549112097669,0.0001179265128921168
2.54414,0.002045624583795784,6.357660547226171e-05
2.54678,0.003773795851831297,0.0001133156363032276
2.54942,0.003135592882907881,9.516172694335495e-05
2.55207,0.004226053343507215,0.00012560154411333
2.55471,0.002427608282463928,7.46069455014621e-05
2.55735,0.003603247017203109,0.0001087164381259151
2.56,0.003643904134295229,0.0001102682479582572
2.56264,0.004835447697003331,0.0001437419981299637
2.56529,0.003788796476137623,0.0001128100471510975
2.56793,0.003117847599889012,9.496956247998062e-05
2.57057,0.002797727455604886,8.524123239205286e-05
2.57322,0.00276326470588235,8.481094291545741e-05
2.57586,0.002202353981687013,6.792630462551856e-05
2.5785,0.003412421129300779,0.000102958917545634
2.58115,0.003885248682019977,0.0001175689695756679
2.58379,0.002937043493340732,8.978309550046397e-05
2.58643,0.003661546406770254,0.0001103010806979734
2.58908,0.003843753745837956,0.0001152793250662904
2.59172,0.004841992300221977,0.00014271649305155
2.59437,0.003559790302441732,0.0001079697155763018
2.59701,0.004080236195893451,0.0001215199897226412
2.59965,0.002490103634850168,7.658422912457851e-05
2.6023,0.004992840940621531,0.0001469113462640797
2.60494,0.00297893902608213,9.14318672411672e-05
2.60758,0.003680150110987791,0.0001123728643774748
2.61023,0.002488613415649276,7.695701777721309e-05
2.61287,0.003938198390677028,0.0001185984897898447
2.61552,0.003968476623196448,0.0001196884694648147
2.61816,0.003844007838512764,0.0001156185817089871
2.6208,0.003232509780799113,9.812901997617284e-05
2.62345,0.005409058476692564,0.0001586134885975906
2.62609,0.002362100443951168,7.345780709260428e-05
2.62873,0.003088642966148724,9.458993948289e-05
2.63138,0.004167367092119866,0.0001248269886412174
2.63402,0.003673046961709214,0.0001111212359013153
2.63667,0.003462040163706994,0.0001052808396232629
2.63931,0.003108833032741399,9.587014871306874e-05
2.64195,0.00308479723917869,9.445851513994746e-05
2.6446,0.003054805147058826,9.284166518144314e-05
2.64724,0.003251241675915652,9.877827914684467e-05
2.64988,0.003906961015538291,0.0001184544985957932
2.65253,0.003646779273029967,0.0001111242966344155
2.65517,0.003594745213651499,0.0001090327094264485
2.65782,0.002965197419533849,9.097683350767803e-05
2.66046,0.003395870768590454,0.0001035267589836068
2.6631,0.001849396365149831,5.796531003384201e-05
2.66575,0.004798224264705882,0.0001414103614846368
2.66839,0.003022365982241951,9.339843016989248e-05
2.67103,0.00360158969200888,0.0001117536911209982
2.67368,0.003471720865704773,0.0001096393716647899
2.67632,0.003581667452830186,0.0001146294801794625
2.67896,0.003076061945061046,9.877207828977666e-05
2.68161,0.003717980160932297,0.0001207208645593555
2.68425,0.004302988485016646,0.0001394618173603749
2.6869,0.003202664192563822,0.0001056760914222255
2.68954,0.002825435002774696,9.432935922751943e-05
2.69218,0.003645069298002217,0.0001200560628467001
2.69483,0.003199271711986681,0.0001081275902915049
2.69747,0.003495168354605994,0.0001174732419310705
2.70011,0.003084623265815762,0.0001031440982218218
2.70276,0.003572105785238626,0.0001218147109081225
2.7054,0.005322145047169811,0.0001741625115013303
2.70805,0.00369755889289678,0.0001262072795435806
2.71069,0.004026734808546061,0.0001353206778862797
2.71333,0.002996079980577138,0.0001041842804044396
2.71598,0.004292877427857934,0.0001472687375716979
2.71862,0.002844137139289679,0.0001007597748344709
2.72126,0.00430396822974473,0.0001485000467304761
2.72391,0.002410503953940066,8.590851234414124e-05
2.72655,0.003616974889012208,0.0001240007541743907
2.7292,0.001908451165371809,6.677119443584971e-05
2.73184,0.003431278926193116,0.0001148927601429903
2.73448,0.003227512624861264,0.0001079862225632665
2.73713,0.003473932158712543,0.0001137096756452741
2.73977,0.0025025862236404,8.450747835002468e-05
2.74241,0.0030633298418424,0.0001012203865702411
2.74506,0.004619695546614872,0.0001466213023945714
2.7477,0.003557224195338515,0.0001158942949892336
2.75035,0.003922836084905663,0.0001253087420209915
2.75299,0.001702457547169812,5.736463106713679e-05
2.75563,0.002940738138179803,9.500123034435325e-05
2.75828,0.003854892619311878,0.0001225368116449102
2.76092,0.001087846281908986,3.70142222827763e-05
2.76356,0.003670471698113209,0.0001169845322081243
2.76621,0.002941960529966705,9.506583167000767e-05
2.76885,0.003925734114872363,0.0001250968455195033
2.77149,0.004579878537735849,0.0001435215570950055
2.77414,0.00458264379855716,0.0001437767278265446
2.77678,0.003764985016648171,0.0001189168809969172
2.77943,0.003650496809100999,0.0001155630010324355
2.78207,0.003498732519422862,0.0001117188015111305
2.78471,0.003483683823529413,0.0001117815091244646
2.78736,0.00423783317147614,0.0001332979875284358
2.79,0.003287077899556049,0.0001042763540183423
2.79264,0.002462469339622639,7.999622069203097e-05
2.79529,0.004348807574916761,0.0001359820118069869
2.79793,0.001673809170366262,5.493732057917093e-05
2.80058,0.003012955396781354,9.555505971185364e-05
2.80322,0.002989327067147614,9.620692191912257e-05
2.80586,0.003819640122086569,0.0001209348316166919
2.80851,0.00361261639844617,0.0001138058049623018
2.81115,0.002543925499445064,8.148688500525917e-05
2.81379,0.004276308754162042,0.0001328673533328416
2.81644,0.004300488762486123,0.0001344573516987656
2.81908,0.004979023793007773,0.0001528363924128895
2.82173,0.003216870491120976,0.000101987423129133
2.82437,0.00343811195893452,0.0001079998012563272
2.82701,0.005128331853496117,0.0001561950245915945
2.82966,0.002476494797447283,7.992668733904493e-05
2.8323,0.003059866398446168,9.642607873455311e-05
2.83494,0.00360661202830189,0.0001130717452360146
2.83759,0.003269852247502775,0.0001023298115463926
2.84023,0.001388167799667036,4.547361442596274e-05
2.84288,0.002628494866814648,8.4618830288551e-05
2.84552,0.002469105507769145,7.809313768575929e-05
2.84816,0.004104890052719201,0.0001285606753210028
2.85081,0.00334560620144284,0.0001054658467453389
2.85345,0.001734173349056604,5.632702035090493e-05
2.85609,0.003644428343507214,0.0001138886013795976
2.85874,0.003011192771920092,9.52842617333329e-05
2.86138,0.004598269353496115,0.0001422911355953391
2.86402,0.003365098085460596,0.0001061665794550907
2.86667,0.001744556811875694,5.679769868558375e-05
2.86931,0.002466990357935625,7.897921492961735e-05
2.87196,0.002741827067147612,8.677463683644726e-05
2.8746,0.002923794048279691,9.366989496312532e-05
2.87724,0.002518502497225304,8.080426324966346e-05
2.87989,0.002639450610432854,8.450717591638059e-05
2.88253,0.003132104259156495,9.918204475501576e-05
2.88517,0.003935236265260823,0.0001235203026745319
2.88782,0.002755360363485015,8.836792153301633e-05
2.89046,0.003218292036625969,0.0001006602410885837
2.89311,0.00407612493063263,0.0001274595290309287
2.89575,0.002610680910099888,8.372546927371947e-05
2.89839,0.002348654134295226,7.48420229455448e-05
2.90104,0.002967477386237518,9.453464366908038e-05
2.90368,0.003426226831298557,0.000106827858876035
2.90632,0.003141503399001108,9.932541280315336e-05
2.90897,0.003738314442286347,0.0001175676306165733
2.91161,0.003597613485016651,0.0001128035228043388
2.91426,0.002328237444506103,7.437932852916724e-05
2.9169,0.003830488276914541,0.0001202734027847
2.91954,0.002578843784683686,8.27102124963916e-05
2.92219,0.004399079009433966,0.0001340648853644826
2.92483,0.003553623404550501,0.0001113550097960551
2.92747,0.003794709281354051,0.0001180093223964163
2.93012,0.003585082824639287,0.0001132908996712639
2.93276,0.003369255133185353,0.0001058996121105064
2.93541,0.001274755480022198,4.141924154631981e-05
2.93805,0.002764864802996669,8.758802121068988e-05
2.94069,0.002965982588790232,9.347150882682102e-05
2.94334,0.003461179453385128,0.0001094044895583213
2.94598,0.003019303135405108,9.436330813236841e-05
2.94862,0.002971899972253053,9.452652827113606e-05
2.95127,0.002182241745283017,7.04548647521222e-05
2.95391,0.003485432713651502,0.0001090602150094684
2.95655,0.002917203662597115,9.215108625937047e-05
2.9592,0.003510185002774695,0.0001084970669106007
2.96184,0.001828096073806878,5.940777714868226e-05
2.96449,0.003884138457269702,0.0001220988564460823
2.96713,0.004209459489456161,0.0001300426109741647
2.96977,0.002059334142619313,6.661898107079904e-05
2.97242,0.003551080188679245,0.0001110036032285583
2.97506,0.002214090316315209,7.190420102205129e-05
2.9777,0.002546015468923418,8.122719858670088e-05
2.98035,0.003242206506659265,0.0001018277978302389
2.98299,0.004400154897336295,0.0001363862499614304
2.98564,0.002370840316315206,7.56829266104807e-05
2.98828,0.003588777469478359,0.0001124767285104626
2.99092,0.002250620144284125,7.185469849643115e-05
2.99357,0.003711962056048836,0.0001159775433352076
2.99621,0.003524615635405105,0.0001109853883088159
2.99885,0.003931070061043288,0.0001222475025146487
3.0015,0.001872793493340734,6.060396526099326e-05
3.00414,0.002962308546059933,9.399762307611578e-05
3.00679,0.002510318881798005,8.004132238096123e-05
3.00943,0.002195406492785793,7.083374868525963e-05
3.01207,0.002679663637624861,8.463311507224215e-05
3.01472,0.003086532394561598,9.791995170467997e-05
3.01736,0.00283415885127636,9.020004771976188e-05
3.02,0.003955792591564929,0.0001227460761059179
3.02265,0.003300503607103218,0.0001036255987947667
3.02529,0.003984273862375137,0.000123123772864128
3.02794,0.004524019353496115,0.0001392744908014472
3.03058,0.002738210252497223,8.661437617540603e-05
3.03322,0.002207875346836847,7.108804104534516e-05
3.03587,0.002870574223085459,9.090579424268871e-05
3.03851,0.002156351761931187,6.853987020352949e-05
3.04115,0.004109411071032184,0.0001269068532601638
3.0438,0.001998560210876806,6.412185144151035e-05
3.04644,0.004569488207547172,0.0001389754463846346
3.04908,0.003106912458379579,9.809741474803535e-05
3.05173,0.002507409406215317,7.958899213499006e-05
3.05437,0.002515560973917869,8.003074293147741e-05
3.05702,0.003108107380688127,9.715552356458027e-05
3.05966,0.001384383879023307,4.433600065214129e-05
3.0623,0.00369125693673696,0.0001145911617815647
3.06495,0.002841113207547171,8.909035435752306e-05
3.06759,0.002759325124861264,8.677947166917426e-05
3.07023,0.003628676886792455,0.0001125622666482832
3.07288,0.001937181950610431,6.21577437977471e-05
3.07552,0.002264423557158711,7.246808988831523e-05
3.07817,0.001590439303551607,5.160361604127462e-05
3.08081,0.002776923903995559,8.710449329992781e-05
3.08345,0.001270669395116538,4.125981740789219e-05
3.0861,0.003903955396781354,0.0001199515978196447
3.08874,0.003937051539955602,0.0001210050162177647
3.09138,0.004381507699778025,0.0001338263060860318
3.09403,0.003470583171476139,0.0001077984898903858
3.09667,0.001498400527192006,4.878179441924022e-05
3.09932,0.003353267896781356,0.0001035201188022754
3.10196,0.002471303066037738,7.817212803603673e-05
3.1046,0.00163274001109878,5.242424678007202e-05
3.10725,0.003257463512763596,0.0001014390345806538
3.10989,0.003239896781354053,0.0001013976654813099
3.11253,0.002405962333518316,7.607273296269938e-05
3.11518,0.002749424667036623,8.661805982661608e-05
3.11782,0.004068632630410655,0.0001244361509401634
3.12047,0.003546476761931186,0.0001096004371035284
3.12311,0.004181909891786906,0.0001284996782355767
3.12575,0.0024981407463929,7.862586990806735e-05
3.1284,0.002592434309101,8.206958998643733e-05
3.13104,0.003444951859045506,0.0001070506225840707
3.13368,0.002396920296892343,7.669960237877733e-05
3.13633,0.001625053135405106,5.215641055095653e-05
3.13897,0.003457512278024417,0.0001069349125187515
3.14161,0.003522248682019979,0.0001099360170541058
3.14426,0.002576584420088789,8.214167384560235e-05
3.1469,0.002918174250832407,9.168482830114235e-05
3.14955,0.004814781492785794,0.0001459138523230009
3.15219,0.00373180417591565,0.0001149836507434814
3.15483,0.002436375624306325,7.698213055675524e-05
3.15748,0.00292279370144284,9.170998782124176e-05
3.16012,0.001721404619866811,5.536324668868462e-05
3.16276,0.002870571933962267,9.054210192653739e-05
3.16541,0.003936740219200889,0.0001217681998984406
3.16805,0.003070279619866818,9.597944578860899e-05
3.1707,0.002747350721420642,8.663787611011503e-05
3.17334,0.001105481687014428,3.578902860177953e-05
3.17598,0.003638819991675919,0.0001129178254802653
3.17863,0.003113093091009991,9.713010662243155e-05
3.18127,0.003681056603773586,0.0001136117303058036
3.18391,0.002671010751942285,8.406884632179384e-05
3.18656,0.003359892619311878,0.0001040544858302721
3.1892,0.003134672655382909,9.856476271254469e-05
3.19185,0.004145034406215318,0.0001267902729309328
3.19449,0.004145222114317428,0.0001268859500998724
3.19713,0.003499208657047724,0.0001086372884648509
3.19978,0.002851805701997782,8.902858025719467e-05
3.20242,0.003541903093784683,0.0001093146295944746
3.20506,0.003598590940621529,0.0001106297967870151
3.20771,0.003503853288013319,0.0001078608928756364
3.21035,0.003104204425638182,9.640562501074181e-05
3.213,0.002691832616537183,8.421264873504316e-05
3.21564,0.003117710252497227,9.558319442695161e-05
3.21828,0.00393952837125416,0.0001200397472999971
3.22093,0.003825875693673695,0.0001168899280632789
3.22357,0.003313970518867924,0.0001025201571486614
3.22621,0.00314024209211987,9.686704773056656e-05
3.22886,0.002413276082130968,7.544095088951866e-05
3.2315,0.001636759711431742,5.36288403247612e-05
3.23414,0.004000055077691454,0.0001273017494323834
3.23679,0.002602943673695895,8.569678895224669e-05
3.23943,0.002230638387902329,7.463951508689138e-05
3.24208,0.003336543562708103,0.000111013760777785
3.24472,0.003130167660932297,0.0001057199406844387
3.24736,0.003578947974472809,0.0001193161433292657
3.25001,0.003088945130410655,0.0001055909854286433
3.25265,0.002761257144839064,9.632172191256821e-05
3.25529,0.002570960044395118,9.098701574256257e-05
3.25794,0.002678228357380687,9.380936181837312e-05
3.26058,0.001791573113207545,6.433003865017765e-05
3.26323,0.005126388387902331,0.0001731639927853676
3.26587,0.002984423765260822,0.000106019650540053
3.26851,0.002528773793007766,9.171476643749059e-05
3.27116,0.002206767411209769,8.016306783301316e-05
3.2738,0.00358176359600444,0.0001272233486446681
3.27644,0.004615259225860155,0.0001623913172139437
3.27909,-0.0001619600443951175,-6.320598291495143e-06
3.28173,0.002548233629300779,9.323451051480374e-05
3.28438,0.002909484739178692,0.0001079629924327944
3.28702,0.004310208379578246,0.000150312013015979
3.28966,0.002079963720865703,7.496307103774483e-05
3.29231,0.002806442147613766,9.813885548805873e-05
3.29495,0.003371677025527192,0.0001156418670245688
3.29759,0.00290984642064373,0.0001002050493227287
3.30024,0.003891823043840179,0.000130710197915243
3.30288,0.00296304564372919,0.0001011882056127335
3.30553,0.002781037458379578,9.483022987550424e-05
3.30817,0.002929006381798001,9.932803113255097e-05
3.31081,0.003098534267480578,0.0001049726740118973
3.31346,0.00269484510266371,9.209297982108328e-05
3.3161,0.001866049736403997,6.428161074283142e-05
3.31874,0.000331009503329635,1.184264246453836e-05
3.32139,0.002039917799667037,6.983697650474217e-05
3.32403,0.002653734739178692,9.017348145902193e-05
3.32667,0.00378687132352941,0.0001244676651879416
3.32932,0.002684924042730301,9.029423929673443e-05
3.33196,0.002349507977247501,8.008712134563815e-05
3.33461,0.003135991190344065,0.0001049703854825848
3.33725,0.003389523029966705,0.000112457529374214
3.33989,0.003321545227524974,0.0001101926693845767
3.34254,0.003844717466703661,0.0001247933907518223
3.34518,0.001913810002774695,6.508034800649846e-05
3.34782,0.003564125901775806,0.0001167439675301845
3.35047,0.002095573251942287,7.031748821881257e-05
3.35311,0.003505503745837957,0.000114455988152204
3.35576,0.004640084766925637,0.0001489515990228094
3.3584,0.001392952067147614,4.739595658685557e-05
3.36104,0.003917953385127636,0.0001265415830013032
3.36369,0.003850998820754717,0.0001256436915599073
3.36633,0.002296045504994449,7.655009531751539e-05
3.36897,0.003537361473362933,0.0001155825491397904
3.37162,0.002256441384572697,7.450880271725891e-05
3.37426,0.003972764150943394,0.0001286935915405333
3.37691,0.004007954841842395,0.0001297619395406733
3.37955,0.002315308476692565,7.677424170994686e-05
3.38219,0.002063699500554938,6.872288024886059e-05
3.38484,0.002337757907880131,7.748593032842914e-05
3.38748,0.003171593923418427,0.0001036817427289897
3.39012,0.001941943326859044,6.551276486765929e-05
3.39277,0.003989064997225302,0.0001281648371231017
3.39541,0.003576136931187568,0.0001153884996255217
3.39806,0.001315167660932298,4.481222646743396e-05
3.4007,0.003603588096559378,0.0001170336666911447
3.40334,0.002345607311320757,7.808532228750244e-05
3.40599,0.003016702691453938,9.89309319128708e-05
3.40863,0.003221386931187569,0.0001043884212304861
3.41127,0.001519915996115427,5.125178922106164e-05
3.41392,0.001895929661487237,6.336688151394135e-05
3.41656,0.003122732588790233,0.0001019471108557436
3.41921,0.002528027538845727,8.353014589778549e-05
3.42185,0.003145905382907883,0.000102240664826037
3.42449,0.003821725513318538,0.0001235555507216748
3.42714,0.003810092189234187,0.0001216832970547357
3.42978,0.002089749722530523,6.957844613291328e-05
3.43242,0.003557043354605996,0.0001153167092483386
3.43507,0.001901647891231965,6.365858953515118e-05
3.43771,0.002279568396226413,7.562635956617086e-05
3.44035,0.004090930979467259,0.000130303872521496
3.443,0.001818250554938959,6.082148269827118e-05
3.44564,0.003033152330743619,9.905988957901059e-05
3.44829,0.003020037943951163,9.751570750758202e-05
3.45093,0.003629603981687013,0.0001164907427667856
3.45357,0.003010025319089899,9.762889046351896e-05
3.45622,0.002667181048834629,8.719525762538155e-05
3.45886,0.003389880133185353,0.0001098294813230326
3.4615,0.002951645810210878,9.504548227086343e-05
3.46415,0.001602303829078801,5.328890684734095e-05
3.46679,0.002880726484461707,9.346748564192425e-05
3.46944,0.002440862305771366,8.00700636319222e-05
3.47208,0.003368582130965593,0.0001082861338814582
3.47472,0.002988990566037737,9.677192286370882e-05
3.47737,0.001708759503329632,5.646034881571903e-05
3.48001,0.001327412180910101,4.400753128645599e-05
3.48265,0.003639591426193121,0.0001151688659395422
3.4853,0.002957354883462822,9.505461064964469e-05
3.48794,0.001417940135960047,4.735084798913843e-05
3.49059,0.002061424112097667,6.787466720768017e-05
3.49323,0.003984907949500558,0.0001246372552858661
3.49587,0.002268887347391787,7.315398684487933e-05
3.49852,0.002649142758046614,8.597287901067764e-05
3.50116,0.00242418604328524,7.906143575542937e-05
3.5038,0.0007711758462819105,2.594262170661175e-05
3.50645,0.0024376804245283,7.908151652559154e-05
3.50909,0.002300094963928967,7.487927130575283e-05
3.51174,0.001808041065482797,5.927932914222744e-05
3.51438,0.001994961709211989,6.576205522663761e-05
3.51702,0.003824014636514982,0.0001203137100626287
3.51967,0.002776971975582686,8.990641149145813e-05
3.52231,0.002397652816315206,7.780785342257555e-05
3.52495,0.002572516648168704,8.387438010981217e-05
3.5276,0.003177634919533852,0.0001011268626589022
3.53024,0.002887065066592673,9.245674918129e-05
3.53288,0.003035775665926746,9.721414179217678e-05
3.53553,0.001862469547724751,6.138223234633381e-05
3.53817,0.002064132144839067,6.774633182685787e-05
3.54082,0.002780069159267482,8.924573127957465e-05
3.54346,0.003008580882352941,9.645812785136081e-05
3.5461,0.003398739039955606,0.0001091786774934117
3.54875,0.003035242300221973,9.736260399446866e-05
3.55139,0.003012467813540511,9.641145223128871e-05
3.55403,0.002406825332963373,7.829659403690701e-05
3.55668,0.002386218645948944,7.704409500203382e-05
3.55932,0.003139379092674808,0.0001006318868355551
3.56197,0.002768786071032185,8.900351344744885e-05
3.56461,0.002767666689789122,8.882259358748685e-05
3.56725,0.00221215371809101,7.224661154457316e-05
3.5699,0.00390463984461709,0.0001235625065711245
3.57254,0.001578638873473918,5.165385724461744e-05
3.57518,0.001758193118756933,5.757016117374479e-05
3.57783,0.00306510620144284,9.834373693127421e-05
3.58047,0.003743027746947837,0.00011851696921447
3.58312,0.003392389012208655,0.0001079785222760459
3.58576,0.002721206645394009,8.740237879234668e-05
3.5884,0.002109861958934518,6.887687526586239e-05
3.59105,0.003293453107658157,0.0001049077420731377
3.59369,0.002704516648168702,8.718191038077812e-05
3.59633,0.002851308962264151,9.119060459224893e-05
3.59898,0.003315751456714761,0.0001052006328456673
3.60162,0.001887230993340731,6.215000962372661e-05
3.60427,0.00197952386237514,6.505649412470881e-05
3.60691,0.002616179384017758,8.420096043540819e-05
3.60955,0.002551296476137622,8.241305838561574e-05
3.6122,0.002758233213096556,8.900051908263421e-05
3.61484,0.002370840316315206,7.748483094558596e-05
3.61748,0.002806075887902331,8.982305363975583e-05
3.62013,0.002753011723085464,8.841519731942997e-05
3.62277,0.001965873820754718,6.433859071568885e-05
3.62541,0.003500085391231963,0.0001106736368905304
3.62806,0.00201132894006659,6.610727124768059e-05
3.6307,0.002662863762486126,8.591069429439076e-05
3.63335,0.003018746878468366,9.720055317308917e-05
3.63599,0.001859718021642621,6.102730905176957e-05
3.63863,0.004031541967258604,0.0001266107054175001
3.64128,0.00293823841564928,9.430794903483287e-05
3.64392,0.004611244103773587,0.0001433182717655808
3.64656,0.002146762624861269,6.983332552943844e-05
3.64921,0.00267487479189789,8.677407564415833e-05
3.65185,0.001581326304106547,5.218712249741021e-05
3.6545,0.002641318534961154,8.500769942975254e-05
3.65714,0.003228545019422864,0.0001028383021408669
3.65978,0.002519054175915649,8.158164905644428e-05
3.66243,0.002389029689234181,7.747721030100807e-05
3.66507,0.002909223779134294,9.332609352008822e-05
3.66771,0.002286415163706995,7.425547417372128e-05
3.67036,0.003333448668146507,0.0001056774581287466
3.673,0.002179552025527192,7.081188280687529e-05
3.67565,0.002135644353496114,6.913412164521151e-05
3.67829,0.003239395463374029,0.0001026684206204942
3.68093,0.002623779273029966,8.488170997323864e-05
3.68358,0.001942918493340733,6.28128569213146e-05
3.68622,0.003659557158712543,0.0001157099978465618
3.68886,0.002096724680910102,6.756989120658843e-05
3.69151,0.003860352178135408,0.0001209012625153195
3.69415,0.002888516370699221,9.165852913035835e-05
3.6968,0.002778995560488347,8.792107291201048e-05
3.69944,0.003211001179245282,0.0001020369024632648
3.70208,0.002215537042175359,7.098128325520907e-05
3.70473,0.001764325679800223,5.73438943690688e-05
3.70737,0.00264968528024417,8.376152807337385e-05
3.71001,0.001829618340732519,5.882851635231132e-05
3.71266,0.002510064789123196,7.991775020705234e-05
3.7153,0.003179310557713652,0.0001008317779727188
3.71794,0.003679186390122085,0.0001148659491707932
3.72059,0.004347104467258601,0.0001341086694515355
3.72323,0.002537552580466148,8.073575646889162e-05
3.72588,0.002609904897336293,8.336530658050112e-05
3.72852,0.002810903648723641,8.89925374457709e-05
3.73116,0.00213045948945616,6.80962740225826e-05
3.73381,0.003810556881243064,0.0001188984892312628
3.73645,0.003690565621531633,0.0001143587657990937
3.73909,0.002111695546614873,6.829561256458351e-05
3.74174,0.001649031700887903,5.31458335041138e-05
3.74438,0.002639464345172032,8.389840080149378e-05
3.74703,0.002542156007214203,8.156974460355932e-05
3.74967,0.00417288158990011,0.0001295377607057068
3.75231,0.003129849472807992,9.751236824405821e-05
3.75496,0.002599157463928968,8.268127570284516e-05
3.7576,0.002281248612652607,7.27166587006802e-05
3.76024,0.003536958587680355,0.0001108400734586458
3.76289,0.002817143798557157,8.900574761592511e-05
3.76553,0.002198567771920086,7.061122679180817e-05
3.76818,0.002795392549944507,8.866390141960498e-05
3.77082,0.002451376248612655,7.778840243830926e-05
3.77346,0.003802629647613764,0.0001182982649519555
3.77611,0.003790078385127633,0.0001177863168909999
3.77875,0.002874877774694785,9.084395945184974e-05
3.78139,0.0019295957963374,6.233826915476958e-05
3.78404,0.001429372017203108,4.659575094198021e-05
3.78668,0.003051231825749171,9.59742057633672e-05
3.78933,0.001960764497780242,6.304175722945336e-05
3.79197,0.002228195893451721,7.384046787700176e-05
3.79461,0.001809915857380692,6.14446698810148e-05
3.79726,0.001914054938956715,6.515680860071919e-05
3.7999,0.001843639220310765,6.41274357718829e-05
3.80254,0.003236202136514982,0.0001102476371888381
3.80519,0.003539877219755826,0.000121266277771676
3.80783,0.003945070338512761,0.0001348278287471999
3.81047,0.002972511168146505,0.0001047382957006519
3.81312,0.003287158018867924,0.000117523149196675
3.81576,0.002599661071032185,9.36908934106499e-05
3.81841,0.00312003371254162,0.0001111922222950022
3.82105,0.002765652261376249,0.0001013458649064268
3.82369,0.001199239594894563,4.523937660258998e-05
3.82634,0.003224127011653718,0.0001173599189020243
3.82898,0.001322543215871255,5.036278600650872e-05
3.83162,0.003077364456159824,0.0001138498642969532
3.83427,0.004486523515538287,0.0001628679147261698
3.83691,0.001904545921198671,7.358471732076012e-05
3.83956,0.001596304037180908,6.212149981167475e-05
3.8422,0.004016415441176472,0.0001496630845581576
3.84484,0.00248674320199778,9.59788462254441e-05
3.84749,0.003586955327413985,0.0001321961256545826
3.85013,0.002609396711986682,9.563321155679846e-05
3.85277,0.002247664886237516,8.146480231286989e-05
3.85542,0.003169572627635963,0.0001132935881271138
3.85806,0.002770196170921201,9.874573181811185e-05
3.86071,0.003652804245283019,0.0001270995141256284
3.86335,0.002750507422308547,9.665939222512854e-05
3.86599,0.003599845380133189,0.0001236470323533388
3.86864,0.001747901220865703,6.203896535248181e-05
3.87128,0.003218069991675918,0.000111581173803354
3.87392,0.003570675083240842,0.0001220922712830727
3.87657,0.003170602733074363,0.000109280171647246
3.87921,0.002209260266370697,7.758686004265194e-05
3.88186,0.002783415857380689,9.638597100526303e-05
3.8845,0.002480766301331856,8.64856175136161e-05
3.88714,0.003871220935072144,0.0001299856876467248
3.88979,0.003147922100443953,0.0001081852124505801
3.89243,0.001900965732519421,6.666852747183239e-05
3.89507,0.001079891578801331,3.798147717761448e-05
3.89772,0.002325408088235296,7.960673739806368e-05
3.90036,0.002442734808546059,8.310031051214489e-05
3.903,0.003360968507214207,0.0001120901971095193
3.90565,0.002183919672586018,7.451571171802154e-05
3.90829,0.002023596351276358,6.902235322726275e-05
3.91094,0.004544502427857935,0.0001483067014373582
3.91358,0.001238145532741398,4.283007408507159e-05
3.91622,0.001487440205327414,5.087700786290477e-05
3.91887,0.002638168701442845,8.907447681912114e-05
3.92151,0.001716194575471695,5.835802555811154e-05
3.92415,0.002197121046059932,7.395613551203883e-05
3.9268,0.003061693118756935,0.0001017083773749124
3.92944,0.002480155105438404,8.253668800695307e-05
3.93209,0.003402454286903441,0.0001114930408627876
3.93473,0.002319284683684798,7.693995185432246e-05
3.93737,0.002648902400110988,8.754613340851329e-05
3.94002,0.002212220102663704,7.393818761983503e-05
3.94266,0.002646068465593786,8.775908378181739e-05
3.9453,0.0009303042452830189,3.191844094646142e-05
3.94795,0.003483301539955608,0.0001132571125253523
3.95059,0.003221309100998891,0.0001057543847648005
3.95324,0.003363690274694785,0.0001103621558816452
3.95588,0.002733403093784681,9.049346336597911e-05
3.95852,0.001819424875138735,6.144024828898941e-05
3.96117,0.003008713651498333,9.938056764007199e-05
3.96381,0.002855550707547168,9.400403652281184e-05
3.96645,0.003173528232519424,0.0001036817889410824
3.9691,0.002522007144839069,8.359248996303479e-05
3.97174,0.002236411556603773,7.503334189508097e-05
3.97439,0.002198608976137622,7.388952838226035e-05
3.97703,0.003875357380688123,0.0001240440083437744
3.97967,0.00256938283851276,8.494301398878066e-05
3.98232,0.002005851068257489,6.6915851432216e-05
3.98496,0.002737983629300779,9.029847681208852e-05
3.9876,0.002850670296892341,9.362603890267645e-05
3.99025,0.002598857588790235,8.584691719598215e-05
3.99289,0.001573435696448389,5.352864775168314e-05
