0.0431807,69.45153789539401,0.4888079379137001
0.0458244,59.94981671753607,0.4366410203774277
0.0484682,52.65106094617092,0.4040597696947144
0.0511119,46.13068580743619,0.3927621595871914
0.0537556,40.76399053135405,0.3465486680949899
0.0563993,36.04130092258601,0.3364405664779393
0.059043,32.01600125693674,0.2953437910819001
0.0616867,28.63853062083796,0.2889961549997313
0.0643304,25.81612298349057,0.268320320926681
0.0669742,23.34973107103219,0.2435651950309491
0.0696179,21.16779947905106,0.2368379414481861
0.0722616,19.30541005063818,0.212763439775233
0.07490529999999999,17.57199133393452,0.202273050585231
0.07754900000000001,15.99074409614317,0.1905387052533418
0.08019270000000001,14.65611034961154,0.1752600900803114
0.08283649999999999,13.40696438956715,0.1694816932247709
0.08548020000000001,12.25777725166482,0.1541541876791921
0.08812390000000001,11.33511538152053,0.1549853007746714
0.0907676,10.3339048127081,0.1453108924557322
0.0934113,9.619914262624862,0.1382738682549012
0.096055,8.912797400110989,0.1349163987421354
0.0986987,8.32726985710322,0.1256069806764499
0.101342,7.602817167036626,0.1191267271604582
0.103986,7.07773360155383,0.1088097570242732
0.10663,6.616280953801332,0.1060567025588909
0.109274,6.182636414400666,0.101986566845919
0.111917,5.737352164261933,0.09412119229932252
0.114561,5.402349056603774,0.08940126250085473
0.117205,4.961811394977803,0.08344003296891873
0.119848,4.627040083934517,0.07862050836499312
0.122492,4.378359468645949,0.07371059298372028
0.125136,4.087397168423974,0.07070515390570484
0.12778,3.816004651082131,0.066336922758503
0.130423,3.608741897197558,0.06372544049801783
0.133067,3.402263030660377,0.06098251040744876
0.135711,3.186837217674806,0.05577467788462361
0.138354,3.004356442841288,0.05386640365248742
0.140998,2.840289581021088,0.05096092447734111
0.143642,2.655000418285239,0.04797999295151889
0.146286,2.449642169117647,0.04393278425809645
0.148929,2.429400757491676,0.04341882981707303
0.151573,2.223223528718091,0.04113167120483701
0.154217,2.136915137347392,0.03885093107431547
0.15686,1.981092209350722,0.03659201601372851
0.159504,1.889217586015538,0.03471820276704963
0.162148,1.807144873751387,0.03337022746387551
0.164792,1.676108937985572,0.03175062091118671
0.167435,1.595614507491676,0.02966449245519054
0.170079,1.522944963928968,0.02861066110397118
0.172723,1.433332291897891,0.02689911897425627
0.175366,1.36776225790788,0.02599604869647695
0.17801,1.3052609309101,0.0247243620576555
0.180654,1.240436899278579,0.02347595882879774
0.183298,1.175875681881243,0.02258616616577389
0.185941,1.128801923557159,0.02155488410178688
0.188585,1.069152752497225,0.0205438816440204
0.191229,1.026070194922309,0.01986422354119149
0.193872,0.9758663353218645,0.01884457295877076
0.196516,0.9343895061043284,0.01823584771729483
0.19916,0.8963069200887902,0.0174978247180835
0.201804,0.8603329141231966,0.01719814171486576
0.204447,0.8203095636792452,0.016191847903117
0.207091,0.7760925624306328,0.01528991952695101
0.209735,0.7359016023862375,0.01461484071821596
0.212378,0.7133025541065484,0.01423494225213905
0.215022,0.6814472072697003,0.01362414395493293
0.217666,0.652016820199778,0.01321418380868502
0.22031,0.6210668215871256,0.01279981749377695
0.222953,0.5957531478912321,0.01214468937053474
0.225597,0.5821081423418423,0.01176801802383543
0.228241,0.5567143264428414,0.01146679303824724
0.230885,0.5358208351831298,0.0110629170623919
0.233528,0.5070944450610433,0.01063644808237783
0.236172,0.5006727906492786,0.01045355819288219
0.238816,0.4778492709489456,0.01002321176452827
0.241459,0.4557785294117648,0.009580038667547048
0.244103,0.4254130355160933,0.008953806270529276
0.246747,0.4161453829078802,0.008876979889177634
0.249391,0.4227353107658158,0.008991093567741536
0.252034,0.404590942008879,0.008708968318332186
0.254678,0.3751433865149834,0.00809070020354604
0.257322,0.3708674875138735,0.00800786449185696
0.259965,0.3517078926193119,0.007657038694601566
0.262609,0.3505649562985572,0.007618348171629368
0.265253,0.329892365427303,0.007347373610861969
0.267897,0.3251216266648169,0.007141215907162528
0.27054,0.3170219533851276,0.006987237572288822
0.273184,0.3011255264983351,0.006639943871096742
0.275828,0.2972813790233074,0.006563807331341334
0.278471,0.2831657526359601,0.0064029487589384
0.281115,0.2767860120699224,0.006270724990319317
0.283759,0.2759272475027748,0.006251704683300263
0.286403,0.2604198571032186,0.005850263934734057
0.289046,0.2589328655660377,0.005882727193481338
0.29169,0.2459651200055494,0.005623243490833447
0.294334,0.2422573355993341,0.005595564976377511
0.296977,0.2368460543840177,0.005486702739112607
0.299621,0.2253711147336293,0.005222234432908279
0.302265,0.2207902129578247,0.005148950110576085
0.304909,0.2112692917591565,0.004955365453239312
0.307552,0.2180961667591565,0.005102480316884562
0.310196,0.1966731097391787,0.004696944836244717
0.31284,0.2054916821587125,0.004811244316086812
0.315483,0.1928050180355161,0.004602226123302956
0.318127,0.1935575833102109,0.004576236180350877
0.320771,0.1824106727247503,0.004372274093960803
0.323415,0.1836451831298557,0.004397874169887329
0.326058,0.1849158067425083,0.004380283448461304
0.328702,0.1724038713928968,0.004225931287196175
0.331346,0.1702778962957825,0.004123443705310724
0.333989,0.1597999316037736,0.003921629105454224
0.336633,0.1619334905660377,0.003915416700406067
0.339277,0.1585788263041066,0.003850478128162295
0.341921,0.1503842459766926,0.003757276891926667
0.344564,0.1509752128884572,0.003724517065275349
0.347208,0.1487905355160932,0.003691856038647924
0.349852,0.1469519346559378,0.003623578804611336
0.352495,0.1425842669950055,0.003552080070546395
0.355139,0.1422194471420644,0.003531113377019629
0.357783,0.1396283222114318,0.003490346832622995
0.360427,0.1315107754578246,0.00333550924667323
0.36307,0.1324564053829079,0.003314300502735693
0.365714,0.1305579325055494,0.003293519009171529
0.368358,0.1206628403856826,0.003075427821129811
0.371001,0.1313220807436182,0.003280863070027003
0.373645,0.1202442993895671,0.003090254271500858
0.376289,0.1188024218923418,0.003031220187364504
0.378933,0.1146808075055494,0.002974417060490712
0.381576,0.112519057991121,0.002876510569546876
0.38422,0.1064100108213096,0.00279772147405055
0.386864,0.1151532894006659,0.002926304732296809
0.389507,0.1141938125693674,0.002924542714290067
0.392151,0.1042988120144284,0.002762950110450295
0.394795,0.1071228163152053,0.002759196880568477
0.397439,0.1029742452136515,0.002693831373321299
0.400082,0.1059993375416204,0.00272320098439272
0.402726,0.09936454286903441,0.002617362598651186
0.40537,0.09937374056603776,0.002611335998044009
0.408013,0.09821698251942287,0.002552836507670228
0.410657,0.09867018312985572,0.002592105776570298
0.413301,0.09417809246670367,0.002481152334813794
0.415945,0.09711621871531634,0.002549579988358428
0.418588,0.09297791433129857,0.002476101216768632
0.421232,0.08727455930910101,0.002357945987173714
0.423876,0.09068475541065481,0.002458672340056583
0.426519,0.09069487333518313,0.002466607180650542
0.429163,0.08651072239178689,0.002458967551999761
0.431807,0.08987824923695893,0.002567729159636779
0.434451,0.08424605389844618,0.002497360772640225
0.437094,0.08316591280521643,0.002534519465823822
0.439738,0.07853085953107659,0.00243957133084754
0.442382,0.07598344311875695,0.002433347811626737
0.445025,0.07905963783296338,0.002495536266781692
0.447669,0.0809404959073252,0.00255554488737607
0.450313,0.07838848751387348,0.002537636085667802
0.452957,0.07677192931465041,0.002466064029843868
0.4556,0.07422865392619311,0.002397982344964656
0.458244,0.07424528440621532,0.002360168700145153
0.460888,0.07028916447003329,0.002287113152997014
0.463531,0.07234280785238624,0.002358698464994481
0.466175,0.07491748543285238,0.002383884740082132
0.468819,0.07493412049112097,0.002437121242436592
0.471463,0.06576555486958935,0.002165028189429487
0.474106,0.07010569124583794,0.002316215416221759
0.47675,0.0683848222807991,0.002270960821072212
0.479394,0.06955389809933407,0.002307110327629292
0.482037,0.07044159031631522,0.002355414759051145
0.484681,0.0667605451581576,0.002154444670143143
0.487325,0.06620617445893452,0.002145604061460759
0.489969,0.06793295165094342,0.0021282439167436
0.492612,0.06252849202275251,0.002011593973664934
0.495256,0.06368275492508324,0.001997781906264655
0.4979,0.05943695102663706,0.001882812756038727
0.500543,0.06455485134572697,0.001980174209167214
0.5031870000000001,0.06186682783018867,0.001906287152271683
0.505831,0.06078156139012209,0.001885276538733296
0.508475,0.0658682609600444,0.001982821240050935
0.511118,0.05986943278301887,0.001828821429715644
0.5137620000000001,0.0643343492647059,0.001924534166853953
0.516406,0.05716310543840177,0.001754162776944327
0.519049,0.05980874125971144,0.001820227526652371
0.521693,0.05631355001387348,0.001719797945279197
0.5243370000000001,0.06046821476137624,0.001807131035271205
0.526981,0.05500888256104329,0.001693424394211432
0.529624,0.05457518756936736,0.001659857478385568
0.532268,0.05348828669533852,0.001643264581633101
0.5349120000000001,0.05662724687846837,0.00169114321012301
0.537555,0.06031575,0.001765965874246984
0.540199,0.05399314594894562,0.001641160687098754
0.542843,0.05112523397613763,0.001569711300916522
0.5454870000000001,0.05298296732796892,0.001604011419915814
0.54813,0.05183174895948946,0.001545983156007145
0.550774,0.0540960901082131,0.001614065882424847
0.553418,0.05083490219200889,0.001529106896612927
0.556061,0.05084116065482797,0.001530346724130708
0.558705,0.05363149653163153,0.001597480006126947
0.561349,0.05091357248890122,0.001502148335543816
0.563993,0.05011820518867924,0.001499758339447282
0.566636,0.0504845244173141,0.001495102563076984
0.56928,0.04897846219478358,0.00147397335737279
0.571924,0.04917945407880134,0.001469688105666589
0.574567,0.05035041613485017,0.001488467074964946
0.577211,0.0469511391509434,0.001412656595194899
0.579855,0.04836475055493896,0.001425749397021061
0.582499,0.04490113089622642,0.001365917557772122
0.5851420000000001,0.04681119589345173,0.00139443003562102
0.587786,0.04930937097669257,0.001460529072128931
0.59043,0.04754371073806882,0.001410818736904982
0.593073,0.04633408310210878,0.001362942575382521
0.5957170000000001,0.04861168971975582,0.001415870118803422
0.598361,0.04616691301331854,0.001368101264340166
0.601005,0.04504295352386238,0.001333420799401925
0.603648,0.04388075880965594,0.001302494155955247
0.6062920000000001,0.04473152289123197,0.00131821816017818
0.608936,0.04735111306881244,0.001370878980942378
0.611579,0.0426430207408435,0.001260209811100773
0.614223,0.04403553100721421,0.00128945437738966
0.6168670000000001,0.04522711348501665,0.001312174382568791
0.619511,0.04377584142619313,0.001273163121335138
0.622154,0.04369179397891233,0.001275009305447339
0.624798,0.04117565843507213,0.001211980497040607
0.6274420000000001,0.04083201068257492,0.001198621358272913
0.630085,0.0461208512763596,0.001316230269041666
0.632729,0.04214326394284128,0.001224909306600606
0.635373,0.04473531825749167,0.001276692252355996
0.6380169999999999,0.0393550889983352,0.001154949690967978
0.64066,0.03959393382352942,0.001168420408250507
0.643304,0.04377441988068814,0.001255354995392295
0.645948,0.044627990427303,0.001265581210179507
0.6485919999999999,0.04414936452552719,0.001252049872424903
0.651235,0.04015987375138735,0.001179312452437987
0.653879,0.03939433372641511,0.001158841503749558
0.656523,0.03839486820199779,0.00113062400466798
0.659166,0.04080183317147614,0.001182869347844119
0.66181,0.04185272155937847,0.001187584660934465
0.664454,0.04372923029966704,0.001239076631246727
0.667098,0.03879467272475028,0.001140421683212853
0.669741,0.03910591564927858,0.001144345830058828
0.672385,0.03854530708934518,0.001124375271022115
0.675029,0.04125527642896782,0.001172830231148665
0.6776720000000001,0.03813025700610432,0.001104425821510648
0.680316,0.04302198966426193,0.001208287701771874
0.68296,0.03864307096281909,0.001107858059310577
0.685604,0.03990348279689234,0.001143939141225514
0.6882470000000001,0.04057692681742508,0.001148442117928854
0.690891,0.03884146011376249,0.001115145144855153
0.693535,0.03871335620144284,0.001105436552773696
0.696178,0.03671919568534961,0.001064262702305516
0.6988220000000001,0.03664094658712541,0.001066173512754758
0.701466,0.0372991519145394,0.001070064445765134
0.70411,0.03884763387902331,0.0011088473189587
0.706753,0.03746470817147614,0.001065652780422303
0.7093970000000001,0.03639746170921199,0.001048694088974817
0.712041,0.03925071413706992,0.001107986037286869
0.714684,0.03820552795504995,0.001079381576984277
0.717328,0.03638135772752498,0.001041009207852616
0.7199719999999999,0.03484300284406216,0.001008523365640013
0.722616,0.03461030202552719,0.0009977051755688296
0.725259,0.03777229765538291,0.001065605544939646
0.727903,0.03674843236681465,0.001029916956180477
0.7305469999999999,0.03486097246115428,0.001005701817140522
0.73319,0.03607104876526082,0.001026287488119693
0.735834,0.03757171552441732,0.001048291750020168
0.738478,0.03579352004716981,0.001007897157844584
0.7411219999999999,0.03381412666481687,0.0009696077294511724
0.743765,0.03531141009988901,0.001005977888712887
0.746409,0.03555805625693673,0.0009930742146771194
0.749053,0.03640787264150944,0.001021735795279605
0.751696,0.03687056853496115,0.001019594944979183
0.75434,0.0352858314372919,0.0009967094509003474
0.756984,0.03349800104051055,0.0009440294321268802
0.759628,0.03410902296059933,0.0009637769320560754
0.762271,0.03450776075194228,0.0009690426203727726
0.764915,0.0330510428690344,0.0009329931184561533
0.767559,0.03626151754994451,0.001010974042391294
0.7702020000000001,0.03362662229467258,0.0009420145734210079
0.772846,0.03485127802441731,0.000965126558695768
0.77549,0.03539197121254162,0.0009838563501805182
0.778134,0.03591143507214208,0.000981416615940828
0.7807770000000001,0.03210482235016648,0.0009116655342431347
0.783421,0.03564797988346282,0.0009773328916812215
0.786065,0.03553330625693674,0.0009762798212823496
0.788708,0.03580824597669256,0.000982000813242685
0.7913520000000001,0.0346316343645949,0.0009485088788055931
0.793996,0.03234068444783574,0.0009072475678947172
0.79664,0.03434253641786904,0.0009418411938224557
0.799283,0.03337364213374028,0.0009217743398057701
0.8019269999999999,0.03242855473085461,0.0009020125579769127
0.804571,0.03286364837680356,0.0009055285353741163
0.807214,0.0338215892064373,0.0009294363430178679
0.809858,0.03149797121254162,0.0008712950286707962
0.8125019999999999,0.03320600735294118,0.0009201214394517263
0.815146,0.0338180387763596,0.0009184132171028918
0.817789,0.03303187604051055,0.0009046605929307411
0.820433,0.03489452871809101,0.0009458824405517964
0.8230769999999999,0.03431412153163153,0.0009247977488294693
0.82572,0.03341030930910101,0.0009132068542023972
0.828364,0.0338959651082131,0.0009148832745176974
0.831008,0.03395457352941177,0.0009206654982589343
0.8336519999999999,0.03253588942841287,0.000880930985923936
0.836295,0.03191064976415094,0.0008726508796320323
0.838939,0.03307724646226415,0.000898491239504827
0.841583,0.03697021864594895,0.0009597729305824062
0.844226,0.03415613311598224,0.00092269774625373
0.84687,0.03250531818812431,0.0008778508512044832
0.849514,0.03427459295227524,0.000912654862966341
0.852158,0.03349710370421754,0.0009004906309499872
0.854801,0.03254510543840177,0.0008629822004316885
0.857445,0.02999863214483907,0.0008245344920509187
0.860089,0.03361905674250833,0.0008875515214946234
0.8627320000000001,0.03255596503884573,0.000868313247475876
0.865376,0.03064889650388457,0.0008595556360436513
0.86802,0.03325559662874585,0.000906569023176625
0.870664,0.03170757019977802,0.0008888094605692315
0.8733070000000001,0.03210530993340733,0.0008833353261969602
0.875951,0.03327067279411765,0.0009243170947133914
0.878595,0.03104723369866815,0.0008775794985435584
0.881238,0.03131368306048835,0.0008791005239331306
0.8838819999999999,0.03354273279689235,0.0009398801728360015
0.886526,0.03166668645948946,0.0008798522031761053
0.88917,0.03196463873473918,0.0008964676692726299
0.891813,0.03130510800499445,0.0008836817462589677
0.8944569999999999,0.03293560696448391,0.0008971927407148139
0.897101,0.02892318604328524,0.0008076321585399729
0.899744,0.03170950908712542,0.0008607391534357322
0.902388,0.02975978045227526,0.0008180995011078358
0.9050319999999999,0.0300502427164262,0.0008129376124719874
0.907676,0.02930743139567147,0.0007994014895658693
0.910319,0.03051225416204218,0.0008262390589228169
0.912963,0.03313393430910101,0.0008756840876631653
0.9156069999999999,0.02995064754439512,0.0008128038694117678
0.91825,0.03282135453662597,0.0008556002261947757
0.920894,0.03200150277469479,0.0008495285327552949
0.923538,0.02889118639012209,0.0007838926567887914
0.9261819999999999,0.03012218528024418,0.0008016613597870994
0.928825,0.03444166003052165,0.0008954255934778364
0.931469,0.03175637430632632,0.0008335031508253677
0.934113,0.03473718125693673,0.0008990494177751049
0.936756,0.03104988908157603,0.0008124085516983632
0.9394,0.03131679855715872,0.0008207118786235214
0.942044,0.02832580958657048,0.0007566215588356006
0.944688,0.03096651463651498,0.0008118754941598023
0.947331,0.03278272329356271,0.0008482536869710617
0.949975,0.03237799944506105,0.0008331741928582731
0.952619,0.03288085571587126,0.000845010399266328
0.9552619999999999,0.03006124653163152,0.0007901964608174129
0.957906,0.0333032515954495,0.0008509368872910352
0.96055,0.03170640961431743,0.0008246622943763336
0.963194,0.03231167667869034,0.0008165471665222706
0.9658369999999999,0.03220872336293008,0.0008292769554454655
0.968481,0.03016940760266371,0.0007834570995629895
0.971125,0.03046678988623751,0.0007847959479213764
0.973768,0.03046038491953386,0.0007834270859358873
0.9764119999999999,0.03171718680632631,0.0008013055037961959
0.979056,0.031104049736404,0.0007968786180614628
0.9817,0.02984149757214207,0.0007681905789147583
0.984343,0.03038354821032186,0.0007737157470615781
0.9869869999999999,0.03028351123751388,0.0007688149605254417
0.989631,0.02966497641509434,0.000767716656511187
0.992274,0.03033818465593785,0.0008012355184911603
0.994918,0.03136155778301886,0.0008187695203572887
0.9975619999999999,0.0317725538290788,0.0008353788829492448
1.00021,0.03032813082685905,0.0008137110582555816
1.00285,0.03069102552719201,0.0008174550587532654
1.00549,0.03159999285516094,0.0008526824762054375
1.00814,0.03172444103773585,0.0008483805578384813
1.01078,0.02914589026082131,0.00080162464626562
1.01342,0.02967104488068813,0.0008165327691413855
1.01607,0.03040243118756937,0.0008402306556029503
1.01871,0.03123794513041065,0.0008510876227437879
1.02136,0.03145751553829079,0.000860182942896122
1.024,0.0325868544672586,0.0008907194660553703
1.02664,0.02908326213928968,0.0008199927324169476
1.02929,0.03051965947558269,0.0008531685413337994
1.03193,0.02746935245560489,0.0007864137734084863
1.03457,0.02844006888179801,0.0008055275451517211
1.03722,0.0311233836709212,0.0008714755394730236
1.03986,0.02993313804106548,0.0008386302410389215
1.04251,0.02860641488623751,0.0008176726171529122
1.04515,0.0272877173973363,0.0007752916930586616
1.04779,0.02901147065760266,0.0008044330766299517
1.05044,0.02967411001664817,0.0008100493704304228
1.05308,0.03054855965593785,0.0008135606213328217
1.05572,0.02774632491675916,0.0007624838939877936
1.05837,0.02901696913152053,0.0007743390287874884
1.06101,0.02856337708102109,0.0007734263569887681
1.06365,0.02887978426748058,0.0007678951831968749
1.0663,0.02936824424250832,0.0007779681208633178
1.06894,0.02886555278856826,0.0007668582646979844
1.07159,0.03040235335738068,0.0007853803156101493
1.07423,0.02867135731132075,0.0007596097725618372
1.07687,0.02902268278301887,0.0007566901943984088
1.07952,0.02727319519977802,0.0007267780329887818
1.08216,0.03088822891231965,0.0007921308406454166
1.0848,0.02930378940066593,0.0007479162033652822
1.08745,0.02991652358490566,0.0007670272044278999
1.09009,0.02900981333240844,0.0007446909202039393
1.09274,0.02715686882630411,0.0007125668674123004
1.09538,0.0307403996254162,0.000778313076591573
1.09802,0.02850829619866815,0.000729160146201834
1.10067,0.02705370262208657,0.0007055622711949561
1.10331,0.0276220919117647,0.0007074305596638346
1.10595,0.02900282235016649,0.0007377433866763358
1.1086,0.0264181115427303,0.0006851620685700628
1.11124,0.02881427185072142,0.0007314504514509441
1.11389,0.02941412513873474,0.0007448990293843144
1.11653,0.02956417258601554,0.0007330862929058201
1.11917,0.02828974902885683,0.0007203358975720093
1.12182,0.02651341689789124,0.0006796016104698112
1.12446,0.02868941391509434,0.0007258767846258752
1.1271,0.02861455043007769,0.0007186387926365611
1.12975,0.02727637708102108,0.0006895413427322678
1.13239,0.02779142064372919,0.0007027883723672752
1.13504,0.0279237434100999,0.000702140733032714
1.13768,0.02689328544672586,0.000682798293218884
1.14032,0.02729536993618202,0.0006918441038762393
1.14297,0.02702183573806881,0.0006856157600943203
1.14561,0.02877865309378468,0.0007240647336494192
1.14825,0.02625320997502775,0.000662636808009767
1.1509,0.02765128738901221,0.0006931954902483572
1.15354,0.02603605230299667,0.0006617319775907774
1.15618,0.02534994943118757,0.0006449884449268859
1.15883,0.02537026997780244,0.0006540960482781076
1.16147,0.02774981125138735,0.0006863081880593518
1.16412,0.02728090038845727,0.0006868894934505013
1.16676,0.02492155833795783,0.0006298918635051432
1.1694,0.02857421607935627,0.0007048537823838999
1.17205,0.02621433379578246,0.0006567669207442482
1.17469,0.02381734253607103,0.0006096929776251342
1.17733,0.02515656201442842,0.0006375055045199165
1.17998,0.02487981617647059,0.0006249097113672333
1.18262,0.02528635072142064,0.0006371692852201005
1.18527,0.02460733039678135,0.000620974004061567
1.18791,0.02545098903995561,0.0006391238373589167
1.19055,0.02652727982796893,0.0006597858203626249
1.1932,0.02672767196170922,0.000655419705330401
1.19584,0.02610381034961154,0.0006490800778187981
1.19848,0.02374048293562708,0.0005985633114330533
1.20113,0.02450022461154273,0.000617352568870106
1.20377,0.02505744984739178,0.0006250365496637538
1.20642,0.02419285259433962,0.0006087096675963866
1.20906,0.02460056832685905,0.0006178331220390853
1.2117,0.02377195837957825,0.0005937517902804849
1.21435,0.02341291169533852,0.0005905144544253724
1.21699,0.02383805681187569,0.0005957833033183852
1.21963,0.02504554182852386,0.0006199079454901957
1.22228,0.02211676664816871,0.0005654267362537591
1.22492,0.0248076240982242,0.0006111056835990844
1.22757,0.02652636646781354,0.0006451008676666867
1.23021,0.02361286660654828,0.0005864511630080464
1.23285,0.02442456680077692,0.0006029314732769281
1.2355,0.02327246711986681,0.0005828168990447859
1.23814,0.02396304522752497,0.0005933155292141159
1.24078,0.02258695713096559,0.0005704303144722628
1.24343,0.02365653620976692,0.0005879182015063855
1.24607,0.02078067869034406,0.0005291596703908946
1.24871,0.0241478186736959,0.0005938352285805919
1.25136,0.02123891308268591,0.0005359071708765401
1.254,0.02327102497225305,0.0005771328833755934
1.25665,0.02342606270810211,0.0005788503652805756
1.25929,0.02167109954217536,0.0005461508117378533
1.26193,0.02130873820754717,0.000532611646540221
1.26458,0.02480989948668147,0.0005998587042066602
1.26722,0.02285949098224195,0.0005656707080049755
1.26986,0.02255526879855716,0.0005586863122646418
1.27251,0.02017530632630411,0.0005131800926114493
1.27515,0.02085643493340733,0.0005224935859251034
1.2778,0.02263157214206437,0.0005590982243930762
1.28044,0.02110379758601554,0.0005240971163117244
1.28308,0.02067789934794673,0.0005175333053196435
1.28573,0.02112484836293008,0.0005298256468409021
1.28837,0.02144770858768035,0.0005279617804606214
1.29101,0.02136099889012209,0.0005358098444885935
1.29366,0.0202090800499445,0.0005047182501730876
1.2963,0.02134223036903441,0.0005284170667384509
1.29895,0.02111380792175361,0.0005245874080354237
1.30159,0.01926213387902331,0.0004830284292998581
1.30423,0.01988104411764706,0.0005016532086438146
1.30688,0.02024091259711432,0.0005002288865736785
1.30952,0.02030895907325195,0.000506348597555865
1.31216,0.0196611692563818,0.0004896380724031776
1.31481,0.02101935183129856,0.0005177950615858113
1.31745,0.01895931492785794,0.0004767750280808349
1.3201,0.01867876456714761,0.0004673820831468027
1.32274,0.01959691585738069,0.0004874183993484594
1.32538,0.01779266557991121,0.0004483525859948082
1.32803,0.02049012715038846,0.0005009536263900967
1.33067,0.01997418854051055,0.0004965441803531315
1.33331,0.01823794582408435,0.000454333423310159
1.33596,0.02069592390399556,0.0005065319273288176
1.3386,0.01774189969478357,0.0004475516985198135
1.34124,0.0205750490427303,0.0005011846108823943
1.34389,0.01917153038290788,0.0004740492364583875
1.34653,0.01905361535793563,0.0004687534170210124
1.34918,0.01737923848501665,0.0004397127634444839
1.35182,0.01886774084350722,0.0004648737816931861
1.35446,0.01911184149556049,0.0004730841427364623
1.35711,0.01810496150110988,0.0004519456028680361
1.35975,0.01592217036625971,0.0004080535132236112
1.36239,0.01913763533573807,0.0004733926225084069
1.36504,0.01730966745283019,0.000431581750501642
1.36768,0.01816974139844617,0.0004527597249860517
1.37033,0.01600887777469479,0.0004083804989625008
1.37297,0.01598995359322975,0.0004080335244582104
1.37561,0.01632395040233075,0.000418736233639011
1.37826,0.01758811410932298,0.0004364351448221336
1.3809,0.01771077906492786,0.0004437203333803793
1.38354,0.01788684926470588,0.0004460396821436777
1.38619,0.01598178371254162,0.0004082906610785783
1.38883,0.01512662451442841,0.0003875107350872234
1.39148,0.01925271871531632,0.0004713106466588722
1.39412,0.01600262389012209,0.0004074496663574207
1.39676,0.01944539650388457,0.0004710178313464014
1.39941,0.01685797766370699,0.0004223676478329388
1.40205,0.0163402855854606,0.0004106496454380009
1.40469,0.01647000332963374,0.0004184570446877397
1.40734,0.01420724854328524,0.0003664771751599003
1.40998,0.01739427344617092,0.0004306528993318919
1.41263,0.01618749576859045,0.0004051999463273012
1.41527,0.01644365323251943,0.0004112839431284396
1.41791,0.01702843722253052,0.0004245074458085564
1.42056,0.01483460564650389,0.0003792101220277885
1.4232,0.01466671906215316,0.0003742598841299675
1.42584,0.01618004696170921,0.0004047385665879957
1.42849,0.0167884318118757,0.0004183888891399042
1.43113,0.01547483906770255,0.000391780596690529
1.43377,0.01438605195615982,0.0003679272921428849
1.43642,0.01450791800776915,0.0003683265891137755
1.43906,0.01391007456992231,0.0003582930393839366
1.44171,0.01629612153163152,0.0004059699990929185
1.44435,0.01353116287458379,0.0003482313521183792
1.44699,0.01538493604328523,0.0003861913409083854
1.44964,0.01603178731964484,0.0004010700154916804
1.45228,0.01483025173418424,0.0003742761810406335
1.45492,0.01410295609045505,0.0003585341458530339
1.45757,0.01411436050221976,0.0003580369721747221
1.46021,0.01481838491953385,0.0003733990263548024
1.46286,0.01401609759988901,0.000356344955304668
1.4655,0.01221143528024417,0.0003187234525334513
1.46814,0.01405224972253052,0.0003555257513255953
1.47079,0.01504506992230855,0.0003786728649669015
1.47343,0.01446086965871254,0.000363542526584537
1.47607,0.01313943437846837,0.0003387622368306281
1.47872,0.01356459094062153,0.0003436394998857469
1.48136,0.01433756145948945,0.0003628934373834138
1.48401,0.01528374306326304,0.0003836317325402238
1.48665,0.01224628031354051,0.000316471958479439
1.48929,0.01322535661764706,0.0003366355784300166
1.49194,0.0135634532463929,0.0003412385516513499
1.49458,0.0127865362791343,0.0003305717145301161
1.49722,0.01344049986126526,0.0003402545694107965
1.49987,0.01390700714483907,0.0003504728965064152
1.50251,0.01409208504439512,0.0003572344318211049
1.50516,0.01273386584350722,0.0003245351960935938
1.5078,0.012994006381798,0.0003305888617931443
1.51044,0.01331722828801332,0.0003378245474825597
1.51309,0.01321059406215316,0.0003343582561910511
1.51573,0.01179464317425083,0.0003060010816195411
1.51837,0.0142364073945616,0.0003534272715489421
1.52102,0.01278082720588236,0.0003247313002977755
1.52366,0.01150278683407325,0.0002956024730655867
1.5263,0.01195739525527192,0.0003048395924697288
1.52895,0.01251311195893452,0.0003199563196318906
1.53159,0.01360053246392897,0.000342214828340271
1.53424,0.01182556922863485,0.0003062001647608325
1.53688,0.0121896977663707,0.0003113503736324482
1.53952,0.01329982408435072,0.0003329413121179763
1.54217,0.01166819200887903,0.0002975737156780819
1.54481,0.01283302837125416,0.0003240198447081187
1.54745,0.01057048876248613,0.0002773872626615899
1.5501,0.01134771705049945,0.0002961538458988121
1.55274,0.01125226290233074,0.0002977548342577857
1.55539,0.01333914435349612,0.0003450648760756466
1.55803,0.01104599458934517,0.0002969259625378572
1.56067,0.01217955466148724,0.0003253362735923675
1.56332,0.01254619207824639,0.0003309317061108578
1.56596,0.009961311875693676,0.0002776422151527394
1.5686,0.01181772669256382,0.0003179988262854297
1.57125,0.01188461716148724,0.0003255876891625374
1.57389,0.01177318951165372,0.000321090832956037
1.57654,0.01050519381243063,0.0002910594558132831
1.57918,0.01323041786903441,0.0003593220221123409
1.58182,0.01037105348224195,0.0002912369888744492
1.58447,0.01109643541897891,0.0003107201242325452
1.58711,0.01111717258601554,0.0003092403548488511
1.58975,0.01088950097114317,0.0003052899665458942
1.5924,0.01037838783296337,0.0002986688807592325
1.59504,0.01079858386514983,0.0003033255899407361
1.59769,0.009158619381243065,0.0002671831796625397
1.60033,0.01159890940621532,0.0003249800778727591
1.60297,0.01204183185349612,0.0003356534943106359
1.60562,0.01071252885682575,0.0003039809432811592
1.60826,0.01023345428690344,0.0002857884470720401
1.6109,0.01043165572974473,0.0002903073041812358
1.61355,0.01054601574639289,0.0002887078717712454
1.61619,0.009092356132075473,0.0002541637293014298
1.61883,0.01079123120144284,0.0002941223277506144
1.62148,0.009299732380688123,0.0002561251910664403
1.62412,0.01089954793285239,0.0002959397945660401
1.62677,0.01105376158435072,0.0002948233135267145
1.62941,0.01017828641786904,0.0002779163168725222
1.63205,0.01008280937846837,0.0002727749292460779
1.6347,0.00912298688956715,0.0002498295669721596
1.63734,0.00938890746392897,0.000256572300103639
1.63998,0.01023282248890122,0.0002756691131328531
1.64263,0.01003500104051054,0.0002698946208048855
1.64527,0.008031716079356271,0.0002212345249148542
1.64792,0.01048553253329634,0.0002801955456031244
1.65056,0.009982310002774695,0.0002681961185970283
1.6532,0.007991322211431746,0.0002203209987634615
1.65585,0.0111150047863485,0.0002939010158384341
1.65849,0.009203454148168699,0.0002471240202965599
1.66113,0.009553733490566037,0.0002567879635826934
1.66378,0.009000102178135407,0.0002445090613822413
1.66642,0.01012241807713652,0.0002702780888484911
1.66907,0.01002915233074362,0.0002695391506976679
1.67171,0.008104517064372919,0.0002214247409614973
1.67435,0.009895115011098779,0.0002642413372575164
1.677,0.008392649001109876,0.0002285025584305401
1.67964,0.008773149347946726,0.0002369399130951245
1.68228,0.009566829564372917,0.00025515653634011
1.68493,0.009067342882907881,0.0002435356702730931
1.68757,0.009194618132630412,0.0002463749081049088
1.69022,0.008983895185904553,0.0002402939981115126
1.69286,0.008881456922863486,0.0002385069060105866
1.6955,0.00895514150943396,0.0002416408493335485
1.69815,0.01027079217536071,0.0002704793568552366
1.70079,0.009511982172586017,0.0002549313186407098
1.70343,0.007829314095449501,0.0002116091334779798
1.70608,0.008519402330743619,0.0002290163530695055
1.70872,0.009421440482796892,0.0002485813323140572
1.71137,0.009157955535516097,0.0002439328536009197
1.71401,0.009955470033296335,0.0002622128876468494
1.71665,0.008860692286348504,0.0002369822154165061
1.7193,0.008424286972807988,0.000227132456928503
1.72194,0.007563938332408435,0.0002055193355236061
1.72458,0.008005281284683684,0.000216513506319334
1.72723,0.009809421684239733,0.0002566942572737866
1.72987,0.008191956992230855,0.0002201221972678627
1.73251,0.01054539081576027,0.0002750377900042904
1.73516,0.008809976761931187,0.0002322240000878996
1.7378,0.008364348571032186,0.0002239357576201249
1.74045,0.008580862999445063,0.0002278949970143152
1.74309,0.008130171268035518,0.0002181047525260886
1.74573,0.01028004710044395,0.0002669442540740892
1.74838,0.00747178738901221,0.0002005074322478373
1.75102,0.007479124028856828,0.0002040502529506048
1.75366,0.007378361403995562,0.0001979377058052941
1.75631,0.007319686598224194,0.0001974544232648374
1.75895,0.007832983559933405,0.0002108593702442749
1.7616,0.007715508046614873,0.0002069621280357003
1.76424,0.008537108698668149,0.0002271458354795816
1.76688,0.0072819160654828,0.0001948974984778962
1.76953,0.007923177302996669,0.0002119048552264911
1.77217,0.009391805493895672,0.0002458907871317697
1.77481,0.008515748890122089,0.0002257311860961144
1.77746,0.008601522336293008,0.0002282900683843589
1.7801,0.008221781978357382,0.0002167863013327977
1.78275,0.007481300985016648,0.0002012826398486078
1.78539,0.00640806388734739,0.0001730295732912515
1.78803,0.008322640746392896,0.0002188536407092549
1.79068,0.007516125416204216,0.0002019286326041884
1.79332,0.007912397821864595,0.000208261018562286
1.79596,0.008357648307436181,0.0002223758018547914
1.79861,0.00614207463928968,0.0001663127117295741
1.80125,0.009005770047169809,0.0002348656826785647
1.8039,0.006501627219755828,0.0001767971851779788
1.80654,0.007752282810765817,0.0002054154731121603
1.80918,0.008692160169256384,0.0002292815451237388
1.81183,0.007327210946170924,0.0001961205663826076
1.81447,0.00829225721420644,0.0002185475658791816
1.81711,0.007347362097669255,0.0001959820856456177
1.81976,0.008020208657047726,0.0002112942130532099
1.8224,0.006440667869034406,0.000175980006077879
1.82504,0.006313729120421754,0.0001715277005902138
1.82769,0.007155833448945619,0.0001933879940757691
1.83033,0.007198770532741397,0.0001929145484496565
1.83298,0.007505895324639291,0.0001998482499720874
1.83562,0.008599352247502778,0.0002265984246385593
1.83826,0.006099849472807994,0.0001681911956495588
1.84091,0.007416594339622642,0.0002001842144136893
1.84355,0.008628405799112095,0.0002274004046539278
1.84619,0.008986019492230856,0.0002358326844678882
1.84884,0.006643850443951166,0.0001789724386599989
1.85148,0.008166723987236406,0.0002176020873037688
1.85413,0.005280963720865704,0.0001479167868474218
1.85677,0.008157892549944508,0.0002153130424808582
1.85941,0.006901356201442841,0.0001876989555277889
1.86206,0.007330054037180914,0.0001956022218902188
1.8647,0.008283753121531633,0.0002201207110140043
1.86734,0.005959794048279689,0.0001639369710074603
1.86999,0.005452455674250831,0.0001506195086425977
1.87263,0.006712048002219754,0.0001841445581208169
1.87528,0.00734802823251942,0.0001973244910765658
1.87792,0.006587409822419536,0.0001799166534589799
1.88056,0.005926752844062155,0.0001634094024653056
1.88321,0.008249491814650385,0.0002179050355022735
1.88585,0.006936391231964484,0.0001896658876707162
1.88849,0.006896553620976693,0.0001855100694426293
1.89114,0.007251630965593784,0.0001961684515602833
1.89378,0.007052504716981128,0.0001893454916501749
1.89643,0.006911345935072141,0.0001875696093297261
1.89907,0.007184165926748058,0.000194724294064167
1.90171,0.007293906492785794,0.0001948157615118474
1.90436,0.007313256451165377,0.000197108908204941
1.907,0.007460225027746947,0.0001993481948953258
1.90964,0.005964088443396227,0.0001648165238667426
1.91229,0.005756950263596002,0.0001594447658759869
1.91493,0.007503091148723641,0.0002007832565504546
1.91757,0.006202827968923418,0.0001695905304317674
1.92022,0.005520547932852386,0.0001537269905304164
1.92286,0.00635329890399556,0.0001746532283481619
1.92551,0.006744043077136515,0.0001817641419411859
1.92815,0.006376364109322973,0.0001735283686319762
1.93079,0.004989862791342953,0.000140714893069728
1.93344,0.006816596836847946,0.0001840684838504693
1.93608,0.005926677302996674,0.0001629682259577902
1.93872,0.005214890468923419,0.0001451107736703194
1.94137,0.006424103773584907,0.0001770873954712513
1.94401,0.005843447072697006,0.0001614578811570486
1.94666,0.006155969617092121,0.0001683859160187572
1.9493,0.005333304522752502,0.0001487683642911708
1.95194,0.006532754716981129,0.0001772965640962431
1.95459,0.006181658157602661,0.0001694021836590803
1.95723,0.006221859739178687,0.0001710988277601478
1.95987,0.006073977802441731,0.0001663122646911238
1.96252,0.006643726831298557,0.0001818555799084415
1.96516,0.006017289955604884,0.0001647277866041465
1.96781,0.005323635266370698,0.000147899782488583
1.97045,0.00576055563263041,0.0001587941090619851
1.97309,0.006861845935072141,0.0001862363789357022
1.97574,0.007107276567702553,0.0001924608073581703
1.97838,0.005833253607103218,0.0001606518338577936
1.98102,0.005695755133185352,0.0001583175378666571
1.98367,0.005338379508879024,0.0001478442024188619
1.98631,0.006737988346281909,0.000182774057075004
1.98896,0.006471481756381799,0.0001766384628256208
1.9916,0.005224875624306325,0.0001454495416368877
1.99424,0.005903589206437292,0.0001611545748183967
1.99689,0.006227724472807992,0.0001693074862402141
1.99953,0.006243679661487236,0.0001697987138608492
2.00217,0.005152308129855717,0.0001428754877374634
2.00482,0.006048541065482798,0.0001652477364563999
2.00746,0.005589267411209769,0.0001536463988905586
2.0101,0.005894082477802442,0.0001600888622965197
2.01275,0.005288723848501667,0.0001463508146625323
2.01539,0.005810387555493896,0.0001576950810232785
2.01804,0.006526894561598227,0.0001777019557154986
2.02068,0.005273297447280798,0.0001457981723943028
2.02332,0.005429983351831299,0.000149034482762591
2.02597,0.006361901428967814,0.0001725053920302124
2.02861,0.00488244568534961,0.0001346583668882248
2.03125,0.003952338304661488,0.0001117729492009329
2.0339,0.006054101345726967,0.0001643931216107144
2.03654,0.006486209975027748,0.0001760621759884996
2.03919,0.004196592327968923,0.0001177871243593522
2.04183,0.006200797516648167,0.0001673029128210889
2.04447,0.005302550152608213,0.0001461675741688548
2.04712,0.005349561875693674,0.0001467680340637623
2.04976,0.003942126526082129,0.0001112403383106589
2.0524,0.005464402608213096,0.0001503134824070306
2.05505,0.005875909128745837,0.0001599300333412056
2.05769,0.005084918632075472,0.0001408029220038564
2.06034,0.005606541134850169,0.0001520996824071147
2.06298,0.005173358906770256,0.0001429420843853619
2.06562,0.005289174805771363,0.0001448306411753752
2.06827,0.005990974195338511,0.0001622321854866578
2.07091,0.005597755480022196,0.0001535899145207151
2.07355,0.004316592744173142,0.0001201409147103815
2.0762,0.006212201928412873,0.0001682761163058516
2.07884,0.005962932436182018,0.0001613154275292783
2.08149,0.004411662319644841,0.000122910927803533
2.08413,0.005860290441176469,0.0001604252443885708
2.08677,0.004186495005549389,0.0001163654975993178
2.08942,0.005258198390677026,0.0001459468590022636
2.09206,0.004773284267480575,0.0001325097591633421
2.0947,0.004726682297447279,0.0001315129611698302
2.09735,0.006898563471143171,0.0001847200966232397
2.09999,0.004672395740843506,0.0001300057812011206
2.10263,0.005492860987791345,0.0001522090679805258
2.10528,0.004458202483351834,0.0001230931516570136
2.10792,0.004841765677025528,0.0001350842855831669
2.11057,0.004451106201442843,0.0001253976956474072
2.11321,0.003590693465593785,0.0001051257098117154
2.11585,0.005842286487236407,0.0001668973936514755
2.1185,0.005170776775804661,0.0001475228604865722
2.12114,0.004184904064927858,0.0001246040009512593
2.12378,0.005000491190344063,0.0001441523081786033
2.12643,0.005285091009988901,0.0001537439432616727
2.12907,0.005952059100998888,0.0001738499309341759
2.13172,0.004527505688124309,0.0001352902916359928
2.13436,0.004589776706437288,0.0001384384614851373
2.137,0.004806954980577137,0.0001437324595579954
2.13965,0.003966276775804662,0.0001216345311332201
2.14229,0.003849977871809101,0.0001180763522856867
2.14493,0.006060165233074362,0.0001803616461820303
2.14758,0.004697351761931185,0.0001442422748515293
2.15022,0.00527020942008879,0.0001582886497955472
2.15287,0.004353861958934519,0.0001349474435047906
2.15551,0.006969711709211989,0.000205465286159201
2.15815,0.004525525596559381,0.0001400637335530484
2.1608,0.004151327205882353,0.0001294269517076006
2.16344,0.005367682574916759,0.0001627350924374883
2.16608,0.004307340108213094,0.0001332727558280354
2.16873,0.004455556256936738,0.0001355609629261727
2.17137,0.003430035932297445,0.0001050280859819667
2.17402,0.005623226553829078,0.0001642071122547229
2.17666,0.005764280036071033,0.0001684418193710512
2.1793,0.004584804730854606,0.000135756623116021
2.18195,0.003630840108213098,0.0001089438295222725
2.18459,0.004481182991120977,0.0001321480037949675
2.18723,0.005794061528856823,0.0001670322897141671
2.18988,0.004375631520532744,0.000128780492218282
2.19252,0.00532546656492786,0.0001535820358667922
2.19516,0.003509761514983353,0.000104292581988068
2.19781,0.005030661834073254,0.0001463788136723255
2.20045,0.004488270116537184,0.0001307543973967393
2.2031,0.003962497433407326,0.0001169969960396986
2.20574,0.005103487999445059,0.0001470007758934171
2.20838,0.005237573390677025,0.0001508300730079058
2.21103,0.00265744769700333,8.035157880192439e-05
2.21367,0.004015076304106552,0.0001186118425814296
2.21631,0.004736836847946724,0.0001379384972264923
2.21896,0.005201306811875692,0.0001489225061698046
2.2216,0.003895119381243066,0.0001137894573632109
2.22425,0.004206112791342955,0.0001229970093141622
2.22689,0.004775996878468366,0.0001381556592177046
2.22953,0.004486839414539404,0.0001295356198376703
2.23218,0.004934708657047728,0.0001434410508240946
2.23482,0.003819175430077691,0.0001121021932565876
2.23746,0.003841805701997781,0.0001142091358951269
2.24011,0.004933676262486127,0.0001421894007129245
2.24275,0.004705819228634849,0.0001375213693269492
2.2454,0.003421071725860155,0.0001016135803055898
2.24804,0.004024880618756939,0.0001188440011681356
2.25068,0.005044527053274139,0.0001461310407010178
2.25333,0.003779406492785794,0.0001113248532990599
2.25597,0.005429349264705882,0.0001562407308869615
2.25861,0.00482333136792453,0.0001400575391280659
2.26126,0.004220786071032185,0.000124227552782258
2.2639,0.003791969200887902,0.000111958509793638
2.26655,0.006107362375138735,0.0001737589228828139
2.26919,0.004029161279134295,0.0001202878594824631
2.27183,0.004129456922863485,0.0001209715953437917
2.27448,0.004607162597114317,0.0001341660732669018
2.27712,0.004437497364039958,0.0001293209376689548
2.27976,0.004068655521642621,0.0001215943261904379
2.28241,0.003361018867924527,0.0001009522923636107
2.28505,0.005563141648168702,0.0001592865514549615
2.28769,0.004953850305216427,0.000143481209378328
2.29034,0.003203195269145393,9.491668330151082e-05
2.29298,0.004573688748612653,0.0001339829849283539
2.29563,0.004828550568812429,0.000139631271274322
2.29827,0.005187427857935625,0.0001496065128158645
2.30091,0.003995165510543843,0.0001197412955317153
2.30356,0.003119466009988902,9.259941861058047e-05
2.3062,0.004105711847946727,0.0001216026454079004
2.30884,0.004157061459489454,0.0001219435048437723
2.31149,0.003666864039955604,0.000109918415539546
2.31413,0.003473053135405107,0.000103750586625938
2.31678,0.003753136514983351,0.0001118067167332163
2.31942,0.003090307158712544,9.335550086721499e-05
2.32206,0.004037685973917869,0.000118039536166274
2.32471,0.006002504508879026,0.0001719860134585271
2.32735,0.003523585529966706,0.0001056283897808144
2.32999,0.003162876942286349,9.500624392136429e-05
2.33264,0.004084656492785794,0.0001226266763522287
2.33528,0.003970882491675914,0.0001159393913360092
2.33793,0.004580917799667036,0.0001348388936786328
2.34057,0.003517031770255272,0.0001046338867232803
2.34321,0.003026255202552718,9.118245738589276e-05
2.34586,0.004254037874583794,0.0001268093522972115
2.3485,0.004027027816315204,0.0001189771382626036
2.35114,0.004685679522752495,0.0001368593754983047
2.35379,0.002944210738068811,8.838244748910908e-05
2.35643,0.004937455604883464,0.0001429015982326572
2.35908,0.004413237236403998,0.0001306123909983135
2.36172,0.00421780563263041,0.0001243237470563369
2.36436,0.003067251109877915,9.230667962532132e-05
2.36701,0.004425905244173139,0.0001290766913686456
2.36965,0.003692973779134296,0.0001095492373039599
2.37229,0.004722538984461713,0.0001380060870790218
2.37494,0.003575115982241953,0.0001065824463443758
2.37758,0.003657318396226414,0.0001103323966398356
2.38022,0.003074809794672583,9.163169388095815e-05
2.38287,0.003476111403995564,0.0001050826235777005
2.38551,0.003484372849611543,0.00010287613398344
2.38816,0.003698229605993342,0.0001104839232482135
2.3908,0.005137273168701445,0.0001496024010319942
2.39344,0.003115704980577137,9.394765989271663e-05
2.39609,0.002818153301886792,8.563192195790854e-05
2.39873,0.004809250971143176,0.0001395396117945435
2.40137,0.003767184864039956,0.0001121963679547825
2.40402,0.003571760127635958,0.000105112819200568
2.40666,0.003554868687569368,0.0001060339497762808
2.40931,0.005500717258601554,0.0001588526840735279
2.41195,0.002471815829633738,7.485996953121017e-05
2.41459,0.00312685987791343,9.449339103776572e-05
2.41724,0.003730650457824638,0.0001102417730656342
2.41988,0.00265213693118757,8.064179178040956e-05
2.42252,0.003543528371254163,0.0001061833516814808
2.42517,0.004170450541065486,0.0001221074744542344
2.42781,0.004423231548279692,0.0001305866138105933
2.43046,0.004125425776914539,0.0001213679469860989
2.4331,0.003560811251387352,0.0001063649208313797
2.43574,0.004570724334073253,0.0001338044132322376
2.43839,0.003265935557713654,9.849299002313547e-05
2.44103,0.004152322974472807,0.000122644657992053
2.44367,0.003169508532186462,9.5119380863529e-05
2.44632,0.003267634087125415,9.824119658750578e-05
2.44896,0.003133054245283019,9.403335084120902e-05
2.45161,0.003634413429522753,0.0001080885939196203
2.45425,0.00453372523584906,0.0001336594004766962
2.45689,0.003528195824084352,0.0001045979309761273
2.45954,0.003228171892341846,9.75519014178591e-05
2.46218,0.002985348571032183,9.033383471685495e-05
2.46482,0.002981184655937845,8.935466757588429e-05
2.46747,0.003873471143174253,0.0001145869797430346
2.47011,0.003241661695338513,9.81229769526341e-05
2.47275,0.003169879370144283,9.630057586973976e-05
2.4754,0.005542397613762487,0.0001587275980095863
2.47804,0.003656995629855716,0.0001091369665182402
2.48069,0.003088308754162041,9.328991039826268e-05
2.48333,0.002868150041620418,8.763237868559494e-05
2.48597,0.00456197301609323,0.0001346575671303412
2.48862,0.003312967882907879,9.92317029879064e-05
2.49126,0.003763103357380686,0.0001131243580954643
2.4939,0.003738502150388457,0.0001109650208798377
2.49655,0.003026069783573805,9.191601878695397e-05
2.49919,0.003115874375693672,9.387248600625572e-05
2.50184,0.003377115982241955,0.0001013068804479729
2.50448,0.004351190552164261,0.0001288044776223377
2.50712,0.004667204009433964,0.0001377891246317727
2.50977,0.002612796059933409,7.954526996161839e-05
2.51241,0.003730199500554937,0.0001110187312535034
2.51505,0.002324867855160932,7.163060197647251e-05
2.5177,0.003163227178135407,9.617149788617341e-05
2.52034,0.002668865843507213,8.106469700074025e-05
2.52299,0.005729547169811324,0.0001659417636696479
2.52563,0.004410504023307436,0.0001303656251500337
2.52827,0.003360139844617095,0.0001014467880915119
2.53092,0.003878292036625973,0.0001155660998916285
2.53356,0.003043815066592678,9.168592410986346e-05
2.5362,0.003857078731964485,0.0001156773742499577
2.53885,0.00274273127081021,8.360493906228348e-05
2.54149,0.004441457547169809,0.0001313196369189302
2.54414,0.003082460044395115,9.372141568939348e-05
2.54678,0.002884929314650389,8.797685657030125e-05
2.54942,0.003851218576581579,0.0001151475206542922
2.55207,0.003017968576581577,9.162075202585105e-05
2.55471,0.003650938609877916,0.0001094296649649754
2.55735,0.003930866329078804,0.0001177006253159703
2.56,0.003866818951165372,0.0001163529568741381
2.56264,0.003146097669256383,9.636324009812104e-05
2.56529,0.003877065066592677,0.0001150783486092223
2.56793,0.00417974895948946,0.0001246125810550019
2.57057,0.004766945685349614,0.0001398174305469509
2.57322,0.003421044256381796,0.0001035310845866541
2.57586,0.004372190968368481,0.000129233401655494
2.5785,0.003717538360155384,0.0001113573065348612
2.58115,0.003763329980577135,0.0001139725629426895
2.58379,0.003075146295782463,9.361626834714724e-05
2.58643,0.002640093854051054,8.098349133616831e-05
2.58908,0.00228882103218646,7.062458734057949e-05
2.59172,0.003964617161487236,0.0001185564019972518
2.59437,0.003959997710876803,0.0001190414337637726
2.59701,0.003640175152608213,0.0001091443836504475
2.59965,0.003248810627081024,9.831320386306143e-05
2.6023,0.003177955396781354,9.65599350438825e-05
2.60494,0.003570379786348498,0.00010818706156544
2.60758,0.00401717771920089,0.0001217093430840735
2.61023,0.003479300152608212,0.0001053776116541076
2.61287,0.004117070477247503,0.0001233907275863129
2.61552,0.003243923349056606,9.904457554310159e-05
2.61816,0.003031918493340732,9.24665689580707e-05
2.6208,0.004274930701997779,0.0001270973205284465
2.62345,0.003028278787458382,9.265576166320322e-05
2.62609,0.002700135266370702,8.32888290414972e-05
2.62873,0.003594882561043285,0.0001088747420915574
2.63138,0.001871742785793562,5.852553005505626e-05
2.63402,0.001913512416759159,5.98262711189945e-05
2.63667,0.004715220657602662,0.0001398809184166748
2.63931,0.002638990496670366,8.201068900064786e-05
2.64195,0.004492859808546057,0.0001337925623202577
2.6446,0.002870370491120976,8.741634689865443e-05
2.64724,0.002851125832408436,8.716151352578047e-05
2.64988,0.003675874028856824,0.0001117682763376404
2.65253,0.003374671198668145,0.0001032164406345126
2.65517,0.002522588582130965,7.799724995606074e-05
2.65782,0.002585706576026637,7.980404556681888e-05
2.66046,0.005261002566592675,0.0001547597454983205
2.6631,0.003448760960044393,0.0001046171919516572
2.66575,0.004034481201442843,0.0001203888753392311
2.66839,0.00344761639844617,0.0001055108581002431
2.67103,0.002408979397891233,7.637873532139387e-05
2.67368,0.002279362375138733,7.357487808171957e-05
2.67632,0.00410113817980022,0.0001297838498908816
2.67896,0.003473499514428413,0.000110525095068729
2.68161,0.003293759850166482,0.0001076586129842852
2.68425,0.003524366120976691,0.0001157480500986546
2.6869,0.003503180285793564,0.0001147606838307852
2.68954,0.001981549736403993,6.716868191363316e-05
2.69218,0.00349018722253052,0.0001151213357343521
2.69483,0.004364275180355161,0.0001440944875840372
2.69747,0.002733508393451723,9.309875915606312e-05
2.70011,0.002069420019422866,7.047428918402909e-05
2.70276,0.003440343854051058,0.0001174434973880523
2.7054,0.003733928482241953,0.0001255625018861783
2.70805,0.00422820054106548,0.00014270021747532
2.71069,0.002686911001664819,9.249692801120253e-05
2.71333,0.004093027816315209,0.0001392073022341424
2.71598,0.002427104675360711,8.615731700806179e-05
2.71862,0.003530896989456161,0.0001232459232189736
2.72126,0.004167330466148724,0.0001439376210849603
2.72391,0.003330044741953382,0.0001163967735607063
2.72655,0.00290405036071032,0.0001007753428094362
2.7292,0.004147625693673696,0.0001387100261429126
2.73184,0.00431499493618202,0.0001419015809173299
2.73448,0.0033575577136515,0.0001118925295442791
2.73713,0.004279039678135404,0.0001377942000644633
2.73977,0.002299472322419531,7.784765470314219e-05
2.74241,0.002937428066037739,9.715450947999179e-05
2.74506,0.003100496046059934,0.000101099497552102
2.7477,0.004525317286348503,0.0001445971882587356
2.75035,0.002850656562153164,9.279704651460474e-05
2.75299,0.002920477108768037,9.590142975609966e-05
2.75563,0.002912330119311878,9.399649626132048e-05
2.75828,0.003511478357380689,0.0001121760195487405
2.76092,0.0006745634017758022,2.312175515585108e-05
2.76356,0.003401156354051056,0.000108793437038055
2.76621,0.002049843437846836,6.731464094607641e-05
2.76885,0.004371426401220866,0.0001379417394076356
2.77149,0.002122985502219758,6.961034653329879e-05
2.77414,0.003037691662042177,9.795170838775558e-05
2.77678,0.003451649833518313,0.0001095054548438788
2.77943,0.005159120560488349,0.0001586679448441853
2.78207,0.003183932297447279,0.0001021311774522063
2.78471,0.002836342674805771,9.202818817546111e-05
2.78736,0.003424255896226418,0.000109203522000138
2.79,0.003116332200332963,9.903712705884735e-05
2.79264,0.00420472100443951,0.000131905806985162
2.79529,0.003681024556048833,0.0001163690111170658
2.79793,0.003065824986126525,9.77489187269478e-05
2.80058,0.002470868132630412,7.907450773342953e-05
2.80322,0.004185874653163149,0.0001314838068082874
2.80586,0.003342655521642621,0.0001066430019370842
2.80851,0.002691473224195338,8.616908478245757e-05
2.81115,0.004549632352941177,0.0001401049852281721
2.81379,0.002749646711986682,8.783843435093968e-05
2.81644,0.003777881936736957,0.0001191041643386613
2.81908,0.003302057921753611,0.0001044097618401144
2.82173,0.003023691384572698,9.60782985695646e-05
2.82437,0.001859784406215319,6.016664916248658e-05
2.82701,0.004151654550499446,0.0001285190170977375
2.82966,0.003123126317980023,9.937332199113415e-05
2.8323,0.003963383324084349,0.000122598609527012
2.83494,0.002135369658712543,6.878325697848424e-05
2.83759,0.001887084489456157,6.058304403292569e-05
2.84023,0.00270302185072142,8.609730335388185e-05
2.84288,0.00373805577136515,0.0001176024118181327
2.84552,0.00171449604605993,5.496734039908405e-05
2.84816,0.002768064997225306,8.881630142779335e-05
2.85081,0.002903210252497223,9.21733273040388e-05
2.85345,0.002693911140399556,8.56991285458693e-05
2.85609,0.001540174736403996,5.00914103355975e-05
2.85874,0.005246063748612654,0.0001589773866696245
2.86138,0.002597804592119866,8.339352121644444e-05
2.86402,0.001596704633740289,5.209415199913489e-05
2.86667,0.001672831714761375,5.446255849592479e-05
2.86931,0.002069919048279689,6.669663801886928e-05
2.87196,0.004480645047169811,0.0001370691324617712
2.8746,0.003408538776359599,0.0001080196356279041
2.87724,0.002994434100998889,9.50349935040988e-05
2.87989,0.002888278301886792,9.188706057044495e-05
2.88253,0.002112643243618204,6.816113828758546e-05
2.88517,0.002835472807991122,9.076941439643568e-05
2.88782,0.002166941245837958,7.021014003656932e-05
2.89046,0.002560352247502772,8.100066413925384e-05
2.89311,0.002585379231409545,8.308712219270307e-05
2.89575,0.002836914955604883,9.044308487455594e-05
2.89839,0.003674102247502775,0.0001139778566216013
2.90104,0.003007651498335185,9.559833023124121e-05
2.90368,0.002553063679245282,8.083505967959702e-05
2.90632,0.002348688471143172,7.530904982261281e-05
2.90897,0.002022822627635959,6.570592062147055e-05
2.91161,0.003404480160932298,0.000106981833406731
2.91426,0.003096192494450609,9.728974148535385e-05
2.9169,0.003729927094894563,0.0001171672501178701
2.91954,0.003249144839067703,0.0001027103045939048
2.92219,0.002869303759711434,8.984081203574058e-05
2.92483,0.003498684447835739,0.0001095855349171025
2.92747,0.002804137000554939,8.874295235727888e-05
2.93012,0.002157539816870144,7.001550200880525e-05
2.93276,0.002173623196448391,6.981227321330634e-05
2.93541,0.003619037389012208,0.0001120879788803862
2.93805,0.003766653787458381,0.0001168910583227927
2.94069,0.002776328731964486,8.76888256491626e-05
2.94334,0.003662874098224198,0.0001151663190395158
2.94598,0.002738359045504997,8.591931977867364e-05
2.94862,0.002988519006659269,9.488381389013855e-05
2.95127,0.003151685418978911,9.968745214680627e-05
2.95391,0.00290511709211987,9.178477923720222e-05
2.95655,0.003368870560488346,0.0001053469579865458
2.9592,0.002731837333518311,8.557311366787747e-05
2.96184,0.004209356478912317,0.0001304245945790675
2.96449,0.002737379300776914,8.784551726323867e-05
2.96713,0.003814288152053273,0.0001185365323602226
2.96977,0.003459865496670366,0.0001087187744624964
2.97242,0.001830552302996673,5.910484020970816e-05
2.97506,0.002487846559378472,8.022883061365887e-05
2.9777,0.002815147683129855,8.920832432169785e-05
2.98035,0.002574331922863483,8.179133461975968e-05
2.98299,0.002838423487791346,9.049081930703841e-05
2.98564,0.003661173279689236,0.0001138202873705144
2.98828,0.004432914539400663,0.0001365700358232558
2.99092,0.003430525804661485,0.0001068888511048093
2.99357,0.00281398480854606,8.932869084470003e-05
2.99621,0.004461050152608213,0.000137827908392565
2.99885,0.001628235016648172,5.289449046502691e-05
3.0015,0.003151177233629304,9.927121409781012e-05
3.00414,0.002863899139844618,9.091577758509785e-05
3.00679,0.001957060696448392,6.300475390800164e-05
3.00943,0.003784057991120976,0.0001182020497321422
3.01207,0.002899419464483907,9.104957547098241e-05
3.01472,0.002550557089345169,8.165329977164266e-05
3.01736,0.00296665330188679,9.403522364653886e-05
3.02,0.003650492230854605,0.0001137588424495401
3.02265,0.004728573113207547,0.0001443537545020775
3.02529,0.004041341703662596,0.0001245713935339541
3.02794,0.004764423071587122,0.0001458214729582584
3.03058,0.001997793354605994,6.402933356781933e-05
3.03322,0.002958890885127635,9.37205265184844e-05
3.03587,0.003435072003329633,0.0001074475733176346
3.03851,0.002964160446725859,9.260304060533333e-05
3.04115,0.002570525110987792,8.163244829088488e-05
3.0438,0.002514826165371809,7.973790316635545e-05
3.04644,0.003972576442841289,0.0001219746430237541
3.04908,0.002985543146503884,9.434928621622435e-05
3.05173,0.003152278301886796,9.865220456739773e-05
3.05437,0.003052474819644837,9.594906591389161e-05
3.05702,0.002449366398446172,7.744554805066242e-05
3.05966,0.001938328801331852,6.129253269788713e-05
3.0623,0.002411110571587127,7.661658807270719e-05
3.06495,0.002493578523862377,7.860738388229668e-05
3.06759,0.001117927649833518,3.630026332304966e-05
3.07023,0.00266275846281909,8.405073742878706e-05
3.07288,0.002626436945061042,8.298422577802524e-05
3.07552,0.003503022336293006,0.0001092484839454735
3.07817,0.003214494381243062,0.0001008033145551832
3.08081,0.003324939997225303,0.0001030397346450389
3.08345,0.002597532186459492,8.197592052416822e-05
3.0861,0.003021292383462819,9.426486799634042e-05
3.08874,0.00266130029134295,8.368271969759346e-05
3.09138,0.003409774902885683,0.0001059118028123352
3.09403,0.002856480091564929,8.965332781284478e-05
3.09667,0.004095092605438401,0.0001264940983785294
3.09932,0.002374278579356273,7.457422951495058e-05
3.10196,0.00275394110710322,8.649741569550136e-05
3.1046,0.002725132491675914,8.547272084566708e-05
3.10725,0.003225507352941179,0.000100357334983701
3.10989,0.004506193951165375,0.000137538550056818
3.11253,0.001726184309100999,5.524946248833537e-05
3.11518,0.003612012069922309,0.0001117398116173691
3.11782,0.002422753052164263,7.635737522854673e-05
3.12047,0.002364327760821308,7.464184670907288e-05
3.12311,0.002983439442286348,9.362169884568598e-05
3.12575,0.002534514913984463,7.959547388259638e-05
3.1284,0.001933143937291898,6.192513393847986e-05
3.13104,0.002849299112097668,8.942984811758091e-05
3.13368,0.002752924736403998,8.733611298480499e-05
3.13633,0.002375441453940064,7.497431917924681e-05
3.13897,0.003222991606548281,9.998015128121207e-05
3.14161,0.001610530937846835,5.214027109695723e-05
3.14426,0.002502302372364041,7.977359224869416e-05
3.1469,0.002485117924528304,7.863372804869451e-05
3.14955,0.002041119589345172,6.51321742871355e-05
3.15219,0.00273864518590455,8.588254640690834e-05
3.15483,0.004052084558823527,0.0001239644457827008
3.15748,0.00302658254716981,9.463526065893503e-05
3.16012,0.002480706784128744,7.845154443721315e-05
3.16276,0.002319786001664818,7.386210379796693e-05
3.16541,0.002305167660932298,7.349311907632635e-05
3.16805,0.002655559170366262,8.356293541070619e-05
3.1707,0.002672587957824639,8.428022435781172e-05
3.17334,0.003711479051054387,0.0001139695230074095
3.17598,0.002720194852941177,8.578472152703949e-05
3.17863,0.004542513179800221,0.0001377999679437589
3.18127,0.002742149833518314,8.606531048260178e-05
3.18391,0.002039235640954494,6.490699813515736e-05
3.18656,0.002543453940066596,7.990546676497612e-05
3.1892,0.003217264220310767,0.0001008510550448809
3.19185,0.00254175541065483,8.007442227205184e-05
3.19449,0.003709487513873475,0.0001143115073915822
3.19713,0.002907012486126528,9.11562274964134e-05
3.19978,0.003398036279134299,0.0001048161049865437
3.20242,0.003773585252497227,0.0001157820230571423
3.20506,0.003165923765260818,9.799016233774728e-05
3.20771,0.003581362999445063,0.0001099232150762785
3.21035,0.00376512007491676,0.0001153092230958538
3.213,0.001418725305216426,4.547162745190032e-05
3.21564,0.003322014497780246,0.0001012990117600828
3.21828,0.003110842882907882,9.615109156192357e-05
3.22093,0.001896282186459487,6.007392020793557e-05
3.22357,0.003459284059378467,0.0001065624295667622
3.22621,0.003260100582685904,0.0001001841637086785
3.22886,0.002272952830188679,7.114771662741079e-05
3.2315,0.003414996392896784,0.0001078133766716016
3.23414,0.004185588512763598,0.0001325504027197344
3.23679,0.003933633879023308,0.0001260269885564547
3.23943,0.001758506728634848,5.932051900052432e-05
3.24208,0.00215579092674806,7.330634751470144e-05
3.24472,0.003838033226970036,0.0001276961093614848
3.24736,0.002187756243063265,7.481422737747035e-05
3.25001,0.002426907810765818,8.392971494652649e-05
3.25265,0.003832704148168701,0.0001307503059659422
3.25529,0.00283164539400666,9.954607045273475e-05
3.25794,0.002963704911209764,0.0001030786087325596
3.26058,0.003508026359600441,0.000121562930817956
3.26323,0.001269419533851276,4.61611424506504e-05
3.26587,0.002275001595449501,8.184157577623031e-05
3.26851,0.003241927233629301,0.0001157594439165035
3.27116,0.00298316932574917,0.0001065605369141719
3.2738,0.002314367647058824,8.412262074100472e-05
3.27644,0.003236199847391786,0.0001166616707581651
3.27909,0.002494988623751385,9.1923425245211e-05
3.28173,0.002684779827968925,9.782274386765366e-05
3.28438,0.002896802996670366,0.0001073603031951544
3.28702,0.002859613901220864,0.00010233779366423
3.28966,0.002944313748612651,0.000104146095779052
3.29231,0.002841992230854607,9.916648311373511e-05
3.29495,0.004961221281908989,0.0001650028473600532
3.29759,0.003290939650388457,0.000112326722001445
3.30024,0.003839516578801333,0.0001288889136029546
3.30288,0.001565680147058824,5.491637253366343e-05
3.30553,0.002522480993340731,8.632756106803039e-05
3.30817,0.003587266648168698,0.0001199444476818772
3.31081,0.002864677441731406,9.73492608521724e-05
3.31346,0.00329757124028857,0.0001111981745984183
3.3161,0.003232885197003332,0.000108207201717424
3.31874,0.002161181811875695,7.426396225444078e-05
3.32139,0.002121959975027748,7.24183376678406e-05
3.32403,0.003094665649278579,0.0001040909149110824
3.32667,0.004039132699778024,0.0001319407159046347
3.32932,0.002203681673140957,7.471629303645194e-05
3.33196,0.002814268659822419,9.490051050677227e-05
3.33461,0.002192872433407328,7.468129116864238e-05
3.33725,0.002885229189789126,9.653235078780338e-05
3.33989,0.002384904689234186,8.047402153929666e-05
3.34254,0.003990809309101001,0.0001289944209765279
3.34518,0.003974455812985569,0.0001296490449044605
3.34782,0.002941209697558271,9.736541629618689e-05
3.35047,0.004546194089900114,0.0001453081862085384
3.35311,0.00212017216981132,7.103662823963424e-05
3.35576,0.003507632630410655,0.0001148270843650251
3.3584,0.003753711084905665,0.0001217119940348959
3.36104,0.003038105993340731,9.965714027612139e-05
3.36369,0.001911065344062152,6.470118165481881e-05
3.36633,0.003033692563817978,9.95293168413153e-05
3.36897,0.00284080417591565,9.394651024580928e-05
3.37162,0.002376551678690347,7.817148140419455e-05
3.37426,0.002788051331853497,9.227761403017351e-05
3.37691,0.003929781284683683,0.0001272309729542605
3.37955,0.002560313332408437,8.436168079731094e-05
3.38219,0.001169696170921198,3.962633938738247e-05
3.38484,0.002214831992230851,7.348384230803222e-05
3.38748,0.002900927996670366,9.51964075007974e-05
3.39012,0.003446652677580464,0.0001126677489718717
3.39277,0.001742366120976692,5.844672292468552e-05
3.39541,0.002993898446170919,9.755521915058617e-05
3.39806,0.002446951373473918,8.132597631053453e-05
3.4007,0.003306620144284125,0.0001078448924262663
3.40334,0.002271920435627082,7.563230375526047e-05
3.40599,0.003159910238623752,0.0001031844407002987
3.40863,0.002146254439511653,7.092551264259151e-05
3.41127,0.003634154758601556,0.0001173526192686237
3.41392,0.002288560072142066,7.57736219949277e-05
3.41656,0.002273948598779133,7.539117186893953e-05
3.41921,0.003304406562153163,0.000107368985466291
3.42185,0.002922944783573807,9.526399803674663e-05
3.42449,0.003719012555493897,0.0001202907215023104
3.42714,0.001455534406215316,4.862993260064644e-05
3.42978,0.00458658795782464,0.0001452966959458344
3.43242,0.003333968299112098,0.000108389196475162
3.43507,0.002899362236403996,9.498823977775061e-05
3.43771,0.002594574639289678,8.540796196232039e-05
3.44035,0.002731649625416202,8.916521955322506e-05
3.443,0.002327855160932298,7.694875578960666e-05
3.44564,0.001887057019977803,6.296397001951556e-05
3.44829,0.002656891440066592,8.627153090292351e-05
3.45093,0.003671906978357383,0.0001175798361879756
3.45357,0.001692181673140952,5.627805908532287e-05
3.45622,0.00247217064372919,8.10136101175845e-05
3.45886,0.002734733074361822,8.961452768967685e-05
3.4615,0.00252364844617092,8.183164846206026e-05
3.46415,0.003745165788013318,0.0001191978501338874
3.46679,0.002019993271365147,6.658147557725159e-05
3.46944,0.001985281007214206,6.563251017711675e-05
3.47208,0.003151687708102108,0.0001015940301384248
3.47472,0.00431926872918979,0.0001360946292502812
3.47737,0.002510030452275247,8.147535366818674e-05
3.48001,0.001610455396781353,5.300055782153554e-05
3.48265,0.00381928759711432,0.0001202688810597414
3.4853,0.002740620699223087,8.83329389927015e-05
3.48794,0.003650286209766924,0.0001164010139095598
3.49059,0.003152099750277469,0.0001014099723615596
3.49323,0.001802503676470589,5.874954338140428e-05
3.49587,0.003053759017758044,9.68115396920578e-05
3.49852,0.003378457408435072,0.0001079298880122955
3.50116,0.002491852524972257,8.103779274986971e-05
3.5038,0.002118617855160935,6.919293462148891e-05
3.50645,0.003086303482241952,9.87001000264041e-05
3.50909,0.002855756728634849,9.180378575880766e-05
3.51174,0.002490268451720313,8.041746825622722e-05
3.51438,0.003447096767480578,0.000110213933022666
3.51702,0.003236877427857935,0.0001028393519782457
3.51967,0.004828278163152054,0.0001501449171197776
3.52231,0.0033538195754717,0.0001066586754443724
3.52495,0.002971854189789123,9.598754183746658e-05
3.5276,0.003424448182574917,0.0001083027506270131
3.53024,0.002928154827968924,9.355881371247894e-05
3.53288,0.003683803551609321,0.0001163321969053235
3.53553,0.001861324986126527,6.125509437921346e-05
3.53817,0.00374411965871254,0.000118691807286062
3.54082,0.003260693465593785,0.000103541533089464
3.54346,0.003868100860155382,0.0001218060591997179
3.5461,0.002755747225305219,8.951743425278738e-05
3.54875,0.003522459281354049,0.0001117708083576036
3.55139,0.00180139345172031,5.898784675173201e-05
3.55403,0.003177802025527194,0.0001016625097144369
3.55668,0.002825158018867923,9.029708941675461e-05
3.55932,0.002477135751942286,8.032978868887019e-05
3.56197,0.002236129994450611,7.255194803498574e-05
3.56461,0.001292979189789126,4.269522811302723e-05
3.56725,0.00408882269700333,0.0001285623985703272
3.5699,0.001662345241398445,5.490952444370157e-05
3.57254,0.002062582408435073,6.672633798567687e-05
3.57518,0.003777085321864593,0.0001186731382350114
3.57783,0.002779927233629299,8.956444278358155e-05
3.58047,0.002467139150943399,7.99611426651156e-05
3.58312,0.002895946864594895,9.293386586156506e-05
3.58576,0.004097427511098779,0.0001279650833243553
3.5884,0.002177688679245283,7.088821190747303e-05
3.59105,0.002563383046614871,8.270582776406671e-05
3.59369,0.00328110099889012,0.0001044243667967916
3.59633,0.00345250138734739,0.0001089872710463002
3.59898,0.002094046406770253,6.795127320108503e-05
3.60162,0.0030369660099889,9.758408610600005e-05
3.60427,0.002443444436736961,7.942674837349961e-05
3.60691,0.00108267744173141,3.592615035912657e-05
3.60955,0.002826906908990012,9.06834676666279e-05
3.6122,0.002753838096559375,8.873522054734647e-05
3.61484,0.00332947932852386,0.0001066035494205347
3.61748,0.00275408990011099,8.811882755767825e-05
3.62013,0.003004906839622643,9.588917754922259e-05
3.62277,0.00307790697835738,9.836423422504752e-05
3.62541,0.001365780174805774,4.501154610841136e-05
3.62806,0.003012108421198667,9.687277496293764e-05
3.6307,0.003287405244173141,0.0001046146697795511
3.63335,0.003316378676470587,0.0001060044835885824
3.63599,0.002604392688679246,8.405901622143231e-05
3.63863,0.001678272960599334,5.513381728019261e-05
3.64128,0.002095039886237514,6.828884509167125e-05
3.64392,0.003347258948390679,0.0001063824286191123
3.64656,0.002004104467258606,6.528554844861493e-05
3.64921,0.002555062083795781,8.296524235117087e-05
3.65185,0.00235397634572697,7.635640738587864e-05
3.6545,0.0028436083518313,9.101603037208287e-05
3.65714,0.0036176272891232,0.000114204682905041
3.65978,0.002236507699778023,7.273848596317337e-05
3.66243,0.002570786071032186,8.294438037359232e-05
3.66507,0.00153249701720311,5.047986713720896e-05
3.66771,0.003439698321309657,0.0001090283804121659
3.67036,0.000833181326304107,2.775618569928313e-05
3.673,0.002268209766925637,7.345017122904181e-05
3.67565,0.00240701990843507,7.737731550397104e-05
3.67829,0.003232299181465038,0.0001023064231784372
3.68093,0.003013639844617094,9.659622303329022e-05
3.68358,0.002485463582130967,7.93596983779543e-05
3.68622,0.003789648029966705,0.0001193471480936375
3.68886,0.002992138110432854,9.456328599693898e-05
3.69151,0.003667882699778027,0.0001151248068106202
3.69415,0.003544304384017759,0.0001108898223246656
3.6968,0.001629152955049947,5.268436240579609e-05
3.69944,0.003066191245837957,9.756731510054083e-05
3.70208,0.003208764705882355,0.0001006623603618946
3.70473,0.003099269076026638,9.790902028226687e-05
3.70737,0.002105446240288565,6.718908668164675e-05
3.71001,0.002807577552719203,8.837513095012641e-05
3.71266,0.003228666342952276,0.0001012066111568313
3.7153,0.002766169603218648,8.83242743735679e-05
3.71794,0.004612782394561597,0.0001412957191534268
3.72059,0.003127619866814647,9.86346413776311e-05
3.72323,0.003184550360710321,9.988787192519378e-05
3.72588,0.003057771850721419,9.666429751608224e-05
3.72852,0.003073420296892339,9.665910995721443e-05
3.73116,0.002819050638179804,8.874039148339584e-05
3.73381,0.003162666342952279,9.977017064445859e-05
3.73645,0.002131008879023307,6.797752872644765e-05
3.73909,0.002585772960599335,8.270420695943926e-05
3.74174,0.003578476415094341,0.0001108106544479217
3.74438,0.003307499167591565,0.000103603239761376
3.74703,0.002948132006104326,9.369555545860285e-05
3.74967,0.002827220518867922,8.994574565960357e-05
3.75231,0.003186848640399556,9.903241855349825e-05
3.75496,0.003223218229744731,0.0001011267832397124
3.7576,0.003016171614872365,9.461161433752247e-05
3.76024,0.003025888942841286,9.562296455936481e-05
3.76289,0.003011261445615983,9.46360719097011e-05
3.76553,0.002822376734184238,8.937876531213826e-05
3.76818,0.002063926123751391,6.633424110735816e-05
3.77082,0.003480199778024421,0.0001080864897987862
3.77346,0.002469993687569365,7.876316234389799e-05
3.77611,0.002010079078801328,6.461751437221292e-05
3.77875,0.002369645394006658,7.55218557057138e-05
3.78139,0.001971280729744728,6.353658223888021e-05
3.78404,0.001494234322974475,4.857165215293315e-05
3.78668,0.003065653301886794,9.625833998325644e-05
3.78933,0.002994418077136515,9.416769858185272e-05
3.79197,0.002706485294117648,8.86897160182516e-05
3.79461,0.004090912666481688,0.000132543773005471
3.79726,0.003127542036625969,0.0001037577242366642
3.7999,0.001983046822974471,6.867800151114384e-05
3.80254,0.00281413360155383,9.65202395043639e-05
3.80519,0.003869167591564927,0.0001315209593404407
3.80783,0.003618687153163151,0.0001242555880603794
3.81047,0.003292507699778027,0.0001151236813926115
3.81312,0.002862319644839067,0.0001030427068809459
3.81576,0.002003436043285239,7.29692993058588e-05
3.81841,0.001756551817425083,6.425940716604976e-05
3.82105,0.002603261861820203,9.556769209652618e-05
3.82369,0.002417101206992233,8.87782930918642e-05
3.82634,0.0009181032186459492,3.497051316998953e-05
3.82898,0.002463826789678134,9.152949993651009e-05
3.83162,0.002814733351831301,0.0001045168548136777
3.83427,0.003742878953940067,0.0001375728137483707
3.83691,0.001250703662597115,4.891707969027804e-05
3.83956,0.003997479814095449,0.0001481432904386114
3.8422,0.002642552372364041,0.0001009938944733382
3.84484,0.002445813679245285,9.433613040342317e-05
3.84749,0.002066771503884573,7.836771973662295e-05
3.85013,0.001216632352941177,4.581147337346669e-05
3.85277,0.002490586639844617,8.969500856021765e-05
3.85542,0.002485056118202,8.990931816656695e-05
3.85806,0.002695502081021087,9.608325106485481e-05
3.86071,0.002391932297447277,8.517595565776338e-05
3.86335,0.002453814164816874,8.661494552639754e-05
3.86599,0.002839627566592677,9.883864899718418e-05
3.86864,0.002089049250832409,7.352732240729477e-05
3.87128,0.00188336695338513,6.69754853977488e-05
3.87392,0.003272905937846835,0.0001123792216091513
3.87657,0.003041038360155383,0.0001049253058828577
3.87921,0.001320439511653719,4.716146979451297e-05
3.88186,0.001855989039955605,6.539911059847762e-05
3.8845,0.002569103565482796,8.927470457688734e-05
3.88714,0.002531328454495007,8.711293103080859e-05
3.88979,0.002702710529966702,9.357694395459996e-05
3.89243,0.002758551401220865,9.49354282453149e-05
3.89507,0.001849796961709212,6.393581286360846e-05
3.89772,0.002459733837402888,8.385509235619664e-05
3.90036,0.00236936841009989,8.06044630237645e-05
3.903,0.00236016384572697,8.015717613369441e-05
3.90565,0.001260212680355163,4.375898436205654e-05
3.90829,0.002511797655382907,8.471169877181711e-05
3.91094,0.00279966405382908,9.43119607823152e-05
3.91358,0.002845327483351829,9.512419457272247e-05
3.91622,0.002443032394561596,8.182677496536365e-05
3.91887,0.002589845310765818,8.739843153824998e-05
3.92151,0.002319515885127636,7.779552416776664e-05
3.92415,0.003378331506659267,0.0001109466921160104
3.9268,0.001779807019977801,6.057545326203437e-05
3.92944,0.00248020088790233,8.241626232469077e-05
3.93209,0.003252379370144285,0.000106728176835343
3.93473,0.002540459766925639,8.378442900145113e-05
3.93737,0.00149117376526082,5.037849829157583e-05
3.94002,0.00303371774417314,9.962054890262401e-05
3.94266,0.001516729536625972,5.140143363257477e-05
3.9453,0.001730318465593786,5.82967123198492e-05
3.94795,0.002843033781908991,9.345460853008287e-05
3.95059,0.002528597530521642,8.402910437888335e-05
3.95324,0.003115022821864594,0.0001025477696312323
3.95588,0.001551299875138733,5.252977208982509e-05
3.95852,0.002392529758601555,7.974180625236037e-05
3.96117,0.002313346698113208,7.735915780349051e-05
3.96381,0.0008015548002219743,2.748811421651986e-05
3.96645,0.002171212749722531,7.225453623037677e-05
3.9691,0.003377933199223087,0.0001099352663856161
3.97174,0.003175821933962267,0.0001044213054584824
3.97439,0.002968280868479464,9.808858250586569e-05
3.97703,0.003820555771365152,0.0001222344000515977
3.97967,0.001589777746947832,5.353562611230345e-05
3.98232,0.002006377566592675,6.683368527304307e-05
3.98496,0.00268780604883463,8.860061735700387e-05
3.9876,0.002434896850721422,8.051466517376742e-05
3.99025,0.0033763125,0.0001096779621921739
3.99289,0.002678768590455051,8.894770156035838e-05
