0.0431807,7.867130639567148,0.07825207569541431
0.0458244,6.984235280244174,0.0707057042868353
0.0484682,6.160422419533852,0.06679767701938492
0.0511119,5.510634198113208,0.06190084703477692
0.0537556,5.009815933684795,0.0580141097374165
0.0563993,4.577112590177581,0.0544083816336642
0.059043,4.180373066037736,0.05083141313646775
0.0616867,3.779554621947836,0.04882679341216054
0.0643304,3.532513591148724,0.04601494029835877
0.0669742,3.20694173973363,0.0430434724632526
0.0696179,3.015334093368479,0.04160340211406915
0.0722616,2.835809606687014,0.03914350882575924
0.07490529999999999,2.627132357796892,0.0375477202747845
0.07754900000000001,2.500371107796893,0.03633249822945708
0.08019270000000001,2.301117286348502,0.03409637820667939
0.08283649999999999,2.196090437014429,0.03360445884517986
0.08548020000000001,2.059834819644839,0.03219648847753116
0.08812390000000001,1.969136691176471,0.03254420610894035
0.0907676,1.86594548973363,0.03163677740581107
0.0934113,1.768872725443951,0.03100671113573186
0.096055,1.644811336015539,0.029722686267357
0.0986987,1.615296480299667,0.02941171107244382
0.101342,1.543226503884573,0.02855203611000106
0.103986,1.454387326581576,0.0269900209145282
0.10663,1.405662446587125,0.02692966539943266
0.109274,1.369205962125416,0.0266016422476219
0.111917,1.325650700610433,0.02578980728585251
0.114561,1.252163665371809,0.02453838624734705
0.117205,1.225296432436182,0.02445999677602239
0.119848,1.152536331159822,0.02301065300248733
0.122492,1.12806548973363,0.02253054566601631
0.125136,1.057360105438402,0.02165289069117122
0.12778,1.046975246254162,0.02154638334026388
0.130423,0.9798995414816871,0.02057582555682387
0.133067,0.9780257110155384,0.02044780149991957
0.135711,0.9488875991953386,0.01961876856724806
0.138354,0.903289981964484,0.01906483834547524
0.140998,0.8910556256936737,0.01878739112585008
0.143642,0.8690587770532741,0.01835438523634282
0.146286,0.8195637215593785,0.01713252066263697
0.148929,0.8312148321309657,0.01747844580256989
0.151573,0.8144220303829079,0.01738966354972942
0.154217,0.7584275818534961,0.01616708407560512
0.15686,0.7637660231687013,0.01633109850530863
0.159504,0.7415285876803552,0.0157205225243708
0.162148,0.7264493548834627,0.01558116657437708
0.164792,0.6905965350998891,0.01496915202785539
0.167435,0.6817837083795782,0.01463638098804557
0.170079,0.6512811875693674,0.01405978321805865
0.172723,0.637964762763596,0.01377117654387207
0.175366,0.6402539546337402,0.01387010048194359
0.17801,0.6213714123196448,0.01337530141314892
0.180654,0.6000008906770256,0.01294601364810292
0.183298,0.5943946677302997,0.01290527233778975
0.185941,0.5747897010266371,0.01242602665419907
0.188585,0.5701067272475029,0.01233738184435095
0.191229,0.5604451394284129,0.0121015046684252
0.193872,0.547473868618202,0.01184603731607805
0.196516,0.5232268118756938,0.01141451008050141
0.19916,0.531264564372919,0.01150912174205839
0.201804,0.4955018444783574,0.01102982068697645
0.204447,0.4857063658435072,0.01065109371746767
0.207091,0.5006288623751387,0.01079087551933575
0.209735,0.4711697697003329,0.01024894972426012
0.212378,0.4774683837402885,0.01037210508839046
0.215022,0.4643849916759156,0.01006674424840025
0.217666,0.4530661473362931,0.009932105142809275
0.22031,0.4493148238068813,0.009933039576843453
0.222953,0.4282090163706992,0.009360329501068933
0.225597,0.4206956562153163,0.00916314337257618
0.228241,0.425975175499445,0.009301359194859483
0.230885,0.4053914026082132,0.008916475603157026
0.233528,0.3926765135960045,0.008737526524480108
0.236172,0.3924588408712542,0.008646153282487431
0.238816,0.3943464060765816,0.008651886012167365
0.241459,0.3821353759711432,0.008355288562127373
0.244103,0.3657710751942286,0.007986154157846898
0.246747,0.3627218257491677,0.007986785872306848
0.249391,0.3621577857935627,0.007988574449593749
0.252034,0.3545742869034406,0.007873232053072655
0.254678,0.3462193992785794,0.007601618686907233
0.257322,0.3596432297447281,0.007811186317193463
0.259965,0.343351448390677,0.007505636295867407
0.262609,0.3405282956437293,0.007441530406480947
0.265253,0.3344232269700333,0.007406688360437869
0.267897,0.3230815600721421,0.00709315821933277
0.27054,0.3104569769700332,0.006865980899240738
0.273184,0.3191802989733629,0.006915206212447391
0.275828,0.3067292771920089,0.006699915220053031
0.278471,0.3078452476415094,0.006791206830240129
0.281115,0.3031292418146505,0.006686115106177872
0.283759,0.2992309794672586,0.006616624218962016
0.286403,0.2981327039400666,0.00644306214945425
0.289046,0.2797309232796892,0.006203106177793023
0.29169,0.2915385869866815,0.006346679496064204
0.294334,0.2724524729467259,0.006074937323568025
0.296977,0.2834695421753608,0.006229369719184834
0.299621,0.2773268860987791,0.006051998047076097
0.302265,0.2700503128468369,0.005929458953729729
0.304909,0.2621185009711432,0.005771155092533689
0.307552,0.2722717008879023,0.005960977768624089
0.310196,0.2609781513596005,0.005731755542998831
0.31284,0.2606824882075472,0.005687874959909821
0.315483,0.2531417959211987,0.005563106229199653
0.318127,0.2475265011792453,0.005443149224942003
0.320771,0.240699028718091,0.00530322511373703
0.323415,0.2415689046892342,0.005323077606315581
0.326058,0.2347660883740288,0.005172981162506494
0.328702,0.2407633393451721,0.00532302657243445
0.331346,0.2370301708518313,0.005206196786471259
0.333989,0.2337686212541621,0.005109106317782756
0.336633,0.2369669887624861,0.005103833383275764
0.339277,0.2276887832963374,0.004945084485990819
0.341921,0.2250081055771365,0.00496118549352031
0.344564,0.2208719873057714,0.004854132529997109
0.347208,0.228672625554939,0.004967984791259394
0.349852,0.218880878190899,0.004781884210786441
0.352495,0.207574031145949,0.004595809082316909
0.355139,0.2115155327413985,0.0046464433056431
0.357783,0.2082917399417314,0.004599037519285047
0.360427,0.2019583586986682,0.004480207573075662
0.36307,0.2075406992230855,0.004517884345794649
0.365714,0.1977891603079911,0.004380509901902917
0.368358,0.1998952314789123,0.004355808750568445
0.371001,0.1912961470588235,0.004240925598360905
0.373645,0.1924371788290788,0.004263508322381638
0.376289,0.1934178575194229,0.004243068399916589
0.378933,0.1905479356964484,0.004204941979467445
0.381576,0.1857955396781354,0.004061624780106476
0.38422,0.1876463461431743,0.004116795943371155
0.386864,0.1884284662874584,0.004104639059212349
0.389507,0.1793504538013319,0.003977828162971206
0.392151,0.1884250966981132,0.004140165031937931
0.394795,0.1802519013596005,0.003943171620103793
0.397439,0.1756721052302996,0.003877287306444624
0.400082,0.176704012208657,0.00386381467233622
0.402726,0.1727230667314096,0.00381462674504506
0.40537,0.173771160099889,0.003822657610522628
0.408013,0.1712276970033296,0.003732621507785195
0.410657,0.1689126609322975,0.003733270668405961
0.413301,0.1736826831992231,0.003775358196248615
0.415945,0.1654809745421754,0.003662331405296358
0.418588,0.1678639929938956,0.003701938139477076
0.421232,0.1603922216287459,0.003571082473462649
0.423876,0.1576827673418424,0.00357192648543832
0.426519,0.1552012662319645,0.003558540212168775
0.429163,0.1599856939511654,0.003718901760233466
0.431807,0.1611217606132076,0.003817528732824818
0.434451,0.1540805641648169,0.00375925251079209
0.437094,0.1569116876387348,0.003891796993291993
0.439738,0.1425094721836848,0.003659087750365505
0.442382,0.1464664848779134,0.003791798224905794
0.445025,0.1497847085876803,0.00385521597362153
0.447669,0.1471959391648169,0.003832867699635762
0.450313,0.1461963683407325,0.00387300202254626
0.452957,0.1451692593645949,0.003808712346976892
0.4556,0.1429435540371809,0.003745587719282742
0.458244,0.1443997225305216,0.003713045204830672
0.460888,0.1402890181048835,0.003657033941481984
0.463531,0.1398003383740289,0.003687528595537141
0.466175,0.1348502788568257,0.003557057867212103
0.468819,0.1378201804245283,0.003677990898027667
0.471463,0.1436695219894562,0.003699888073988398
0.474106,0.1365286067563818,0.003633400074147158
0.47675,0.1332636555216426,0.003577931473078022
0.479394,0.1243511123057714,0.003419696628017555
0.482037,0.1290781448390677,0.003550598903003598
0.484681,0.1311235015954495,0.003430343898057226
0.487325,0.1309157957130966,0.003406676099078103
0.489969,0.1322154682991121,0.003359157498393358
0.492612,0.1300193063956715,0.003307477399856102
0.495256,0.1315136185488346,0.003279898124243301
0.4979,0.1204978243618202,0.003051140332730172
0.500543,0.1142481220172031,0.002919477478394132
0.5031870000000001,0.1243242036625971,0.003070075574060542
0.505831,0.1188527024833518,0.00297482168133335
0.508475,0.125521804245283,0.003077990420885849
0.511118,0.1201255190760266,0.002941277053098524
0.5137620000000001,0.1192314608074362,0.002926090183138287
0.516406,0.1164725019422863,0.002853963284201455
0.519049,0.1178286288845727,0.002886911948659802
0.521693,0.1173176530937847,0.002842191435927581
0.5243370000000001,0.1157573844339623,0.002810287998917276
0.526981,0.1145427962680355,0.002794835062364521
0.529624,0.1123527257214207,0.002721019987947484
0.532268,0.1154827331437292,0.002777992411782163
0.5349120000000001,0.1152393993479467,0.002748053835424919
0.537555,0.1118185038845727,0.002688678315366092
0.540199,0.110408083518313,0.002673757624506307
0.542843,0.1103198080604883,0.00265778505448421
0.5454870000000001,0.1084497729605993,0.002619052208158784
0.54813,0.1087162772613762,0.002570653910587325
0.550774,0.1066387468784684,0.002561940021789967
0.553418,0.1047104696170921,0.002511123179966711
0.556061,0.1018967572142064,0.002463119192869049
0.558705,0.1031851993618202,0.002496911038879632
0.561349,0.1002550964900111,0.002394591628329807
0.563993,0.1082031268035516,0.002537809836446559
0.566636,0.1018448261653718,0.002420788357595843
0.56928,0.1008918161071032,0.002416955723749353
0.571924,0.1033518292175361,0.002446962350792045
0.574567,0.09881277948113208,0.002362979557288381
0.577211,0.09847822641509434,0.002350272173890957
0.579855,0.0992078020255272,0.002336179635774107
0.582499,0.09386664352108767,0.002266982534493121
0.5851420000000001,0.09286295227524972,0.002234452261405696
0.587786,0.09856248903995561,0.002345193045481227
0.59043,0.09323470130410656,0.002241749642795598
0.593073,0.09659288165926749,0.002261667250412843
0.5957170000000001,0.09141302850998892,0.002183168000993417
0.598361,0.09526315746392897,0.002250758670545046
0.601005,0.09324218215871254,0.002202076095950589
0.603648,0.09102696788290789,0.00215556965560703
0.6062920000000001,0.09554948557158714,0.002224060252579897
0.608936,0.09364423460044394,0.002189226279636892
0.611579,0.08784024743340733,0.002077961023592743
0.614223,0.09129649382630411,0.002131630863643983
0.6168670000000001,0.08878745685349611,0.002087466282514354
0.619511,0.09119049597669257,0.002111753979876715
0.622154,0.08884763332408437,0.002079474316811033
0.624798,0.08731996406770257,0.002040542386493177
0.6274420000000001,0.08633755937846838,0.002013492980368225
0.630085,0.08271864331298556,0.001966391762934054
0.632729,0.08461377864872363,0.001984274840510459
0.635373,0.08604632339067703,0.00200383714564501
0.6380169999999999,0.07776918583518312,0.001856218713915483
0.64066,0.08716056326304106,0.002018510661514184
0.643304,0.08368079612930078,0.001962991931733916
0.645948,0.08239566176470588,0.001932165770267328
0.6485919999999999,0.08262952545782465,0.001929782202669347
0.651235,0.08317497086570479,0.001952076443505429
0.653879,0.0842617664400666,0.001964421877931465
0.656523,0.07943726761931189,0.001875885061839344
0.659166,0.07624258788845727,0.001825158111306357
0.66181,0.08037198071587125,0.001867737855348129
0.664454,0.08148813429522753,0.001902711732558732
0.667098,0.07539324306326303,0.001810147616390876
0.669741,0.08098144145394007,0.001897158096226827
0.672385,0.07600016974195339,0.001803837103367312
0.675029,0.07598969929245283,0.001791926600984931
0.6776720000000001,0.07380793597391788,0.001750488389253502
0.680316,0.08031061619034405,0.001859992400951326
0.68296,0.07842995498057714,0.001814139468371065
0.685604,0.07630088498890121,0.001793732191236402
0.6882470000000001,0.07133397523584906,0.001701145229904444
0.690891,0.07504673619589346,0.00176326716893546
0.693535,0.07251198550221977,0.001711997061251297
0.696178,0.07626102906492786,0.001771953922850826
0.6988220000000001,0.07374806853496116,0.001737174750334102
0.701466,0.07171948418423973,0.001689305411553843
0.70411,0.07174702691453939,0.001698491180012207
0.706753,0.07107958955327415,0.001668157752582444
0.7093970000000001,0.07258220435627082,0.001697327458721834
0.712041,0.0708767823945616,0.001671319132056815
0.714684,0.07505553558546062,0.001728114601636486
0.717328,0.06883428017480579,0.001626538661256031
0.7199719999999999,0.06680982998057715,0.00159312661927293
0.722616,0.06675948071587126,0.001582927064013385
0.725259,0.07116911716148724,0.001656701632663442
0.727903,0.06660026990843508,0.00156277451077612
0.7305469999999999,0.06924339685072142,0.00162618145348739
0.73319,0.06448923134017757,0.001543162453851393
0.735834,0.06773670511931189,0.001583020212034015
0.738478,0.06161176227802442,0.001476444310133467
0.7411219999999999,0.06541666273584905,0.001542502034926505
0.743765,0.06450040912874584,0.001535741444613965
0.746409,0.06358548550221976,0.001495166027118295
0.749053,0.06569228232519422,0.001543399742007799
0.751696,0.06239360543840178,0.001475192986214329
0.75434,0.06263151401220865,0.00149089467452195
0.756984,0.0645169938263041,0.001500562575579898
0.759628,0.06223499895948946,0.001471839005428041
0.762271,0.06501492848224197,0.001513011469211098
0.764915,0.06517298099334073,0.001506124967864092
0.767559,0.06069545831021088,0.001450423842019017
0.7702020000000001,0.05971347024139845,0.001414374031027975
0.772846,0.0607515166481687,0.001427583322893236
0.77549,0.05828118874861266,0.001397709373165604
0.778134,0.06100741315205328,0.001425222431025595
0.7807770000000001,0.05735172232241953,0.001375140011384031
0.783421,0.05914381506659268,0.00139575436019171
0.786065,0.05925805375971144,0.001398345525731169
0.788708,0.05994347905105439,0.001410453050887724
0.7913520000000001,0.06023556888179801,0.001401317399264769
0.793996,0.05737181166759157,0.001361504164922476
0.79664,0.05689767931465039,0.001345670223586424
0.799283,0.05882798245005549,0.001376338985219395
0.8019269999999999,0.0581506995699223,0.001364358985404169
0.804571,0.05595909302164263,0.001320825631003722
0.807214,0.05516187153163152,0.001313232224578993
0.809858,0.05812388478079911,0.001346809780455188
0.8125019999999999,0.05766739470033296,0.001358050333148565
0.815146,0.05659334954217535,0.001322465499830296
0.817789,0.05553414019145395,0.001307124024434683
0.820433,0.05455960779689234,0.001296063736057663
0.8230769999999999,0.05585399250832409,0.001304740842841918
0.82572,0.05555821718923418,0.001308069275410199
0.828364,0.05806184954217537,0.001338120854282843
0.831008,0.05382530743618202,0.001274843716123895
0.8336519999999999,0.05474654217536071,0.001275581206748396
0.836295,0.05416484163429523,0.001270345103957924
0.838939,0.05150484843229745,0.00122979177712548
0.841583,0.05221935016648169,0.001223812728321813
0.844226,0.05290913394839068,0.001255883697729694
0.84687,0.0502429555355161,0.001196994672566492
0.849514,0.05293138193673696,0.001240590538509395
0.852158,0.05172932900943397,0.001224762636710119
0.854801,0.05169957269700334,0.001200255925123752
0.857445,0.05103796344339623,0.00120515889536811
0.860089,0.04952571600998891,0.001168959823554041
0.8627320000000001,0.05097807311320755,0.001194184583818575
0.865376,0.04902483296337403,0.001201116402260697
0.86802,0.05350987312708103,0.001270535978970921
0.870664,0.05056381048834627,0.001238397439920475
0.8733070000000001,0.04957129703107658,0.001204398198548363
0.875951,0.04967810065205328,0.001227335287466597
0.878595,0.04950347259988901,0.00122435496975929
0.881238,0.04922337090732519,0.001213961622714897
0.8838819999999999,0.04951678385127636,0.001237610837266437
0.886526,0.04771158587680355,0.001179927245538111
0.88917,0.04886679189789123,0.00121264151147754
0.891813,0.04871061646781354,0.00121123194266927
0.8944569999999999,0.05062949916759157,0.001218306499399819
0.897101,0.04858464830743617,0.001171859375000754
0.899744,0.04391209232796894,0.001086005560201226
0.902388,0.04840505514705883,0.00115904660834135
0.9050319999999999,0.04829096066870144,0.001142425717892602
0.907676,0.04539907470865705,0.001095297526678542
0.910319,0.04595557200332964,0.001107761321366189
0.912963,0.04553619776637071,0.001097667015781353
0.9156069999999999,0.04541692529134296,0.001095661187952988
0.91825,0.04408546594062154,0.001056091500423353
0.920894,0.0437880378745838,0.00106212833203167
0.923538,0.04496122038013319,0.001077619104609429
0.9261819999999999,0.04198057595726971,0.00101773968033737
0.928825,0.04366751324916759,0.001058704263216056
0.931469,0.04286308559933407,0.00103284229083737
0.934113,0.04349600756104328,0.001053262957817135
0.936756,0.04056966571864595,0.0009839910783940205
0.9394,0.04230628385127637,0.00101772621045719
0.942044,0.0414045547308546,0.0009960504650119036
0.944688,0.04319897093507214,0.001030440520725112
0.947331,0.04175153086847947,0.00100751007169764
0.949975,0.04389295296892342,0.001034833527092777
0.952619,0.04312122544395117,0.001024598435220365
0.9552619999999999,0.0411912153163152,0.000990814579737106
0.957906,0.041144940690899,0.0009883999106746007
0.96055,0.04087656846559379,0.0009885422520178584
0.963194,0.04056852115704772,0.0009606856239028869
0.9658369999999999,0.04076715982241953,0.0009803923422368795
0.968481,0.03879111542730299,0.0009386402694720958
0.971125,0.0387651361681465,0.0009329538956768272
0.973768,0.03936701990843508,0.0009416922283471749
0.9764119999999999,0.04122126005826859,0.0009661241391699837
0.979056,0.0368144048973363,0.0008983612000041741
0.9817,0.03866361813263041,0.0009253359595192083
0.984343,0.03916631874306328,0.0009283418284131349
0.9869869999999999,0.03711503315760267,0.0008895725545210347
0.989631,0.03971953801331853,0.0009470105951156542
0.992274,0.03758355715871255,0.0009336544071371144
0.994918,0.04000512673418424,0.0009744059379947282
0.9975619999999999,0.03602036528856826,0.0009126434130366064
1.00021,0.03731013970588235,0.0009436321119286973
1.00285,0.03929792272475027,0.0009760628007913695
1.00549,0.03756414310488346,0.0009640502165327242
1.00814,0.0376988236681465,0.0009593025847681397
1.01078,0.03944914220310766,0.0009972047585200458
1.01342,0.03482122870421754,0.0009157995661602289
1.01607,0.03589106187569368,0.0009459776190260993
1.01871,0.03508483955327414,0.0009238883202097211
1.02136,0.03752213540510543,0.0009751530658988944
1.024,0.03654861709211987,0.0009652999220593872
1.02664,0.03745607359877914,0.0009838887547689269
1.02929,0.03593149008046615,0.0009585387054398761
1.03193,0.03701316488623752,0.0009764605366313292
1.03457,0.03327705486958935,0.0009019514513352842
1.03722,0.03471723841564928,0.00094121356702065
1.03986,0.03348876442841287,0.0009081520046518319
1.04251,0.03562914726692564,0.0009579979282894092
1.04515,0.03194807463928968,0.0008690098457817683
1.04779,0.03153619041342953,0.0008529853164187853
1.05044,0.03327851761931187,0.0008787362081506257
1.05308,0.0333208480854606,0.0008645575133249289
1.05572,0.03357818673695893,0.0008751533401111305
1.05837,0.03398693028579356,0.0008675836468521517
1.06101,0.03632911306881243,0.0009200381590246423
1.06365,0.0347807776082131,0.0008780228635686216
1.0663,0.03375537173973363,0.0008592890428620062
1.06894,0.03273135536903441,0.0008388672858704506
1.07159,0.03209522863485017,0.0008148035374172794
1.07423,0.03189425964206438,0.0008191922657930754
1.07687,0.03332156458102109,0.0008352952890979775
1.07952,0.03286323404550499,0.0008318448561662794
1.08216,0.03441398224195339,0.0008548047817342914
1.0848,0.03125183324084351,0.0007819746969583952
1.08745,0.03206271392896781,0.0008046497304991981
1.09009,0.03462619998612653,0.0008457820149279049
1.09274,0.03275885689511654,0.0008163134815226086
1.09538,0.03208839560210876,0.000800692444281374
1.09802,0.0338205499445061,0.0008246897578580374
1.10067,0.02971902032463929,0.0007544079064445581
1.10331,0.03141331485849057,0.0007760201127740665
1.10595,0.03028985897613762,0.0007594119597841062
1.1086,0.03075149042730299,0.0007649890164530143
1.11124,0.03045905264983352,0.000759736172582241
1.11389,0.02964333504439512,0.000746718192333425
1.11653,0.03017747447280799,0.0007419066198653335
1.11917,0.02817648321309656,0.000715773342055929
1.12182,0.03156999847391787,0.0007717580226242622
1.12446,0.02891285523029967,0.0007276527304529046
1.1271,0.02989824493618203,0.0007400596717758377
1.12975,0.02926150471698113,0.0007243846932905773
1.13239,0.02736401845172031,0.0006923353093139795
1.13504,0.02991649382630411,0.0007367390607524873
1.13768,0.02818187867647059,0.0007048551146055746
1.14032,0.02934012923140955,0.0007278192076053291
1.14297,0.02866068770810211,0.0007141390666503648
1.14561,0.02925634732241954,0.0007305573844382309
1.14825,0.02719479501942287,0.0006782275997600291
1.1509,0.02841017751109878,0.0007050005114161294
1.15354,0.02974994866814651,0.0007288223372001724
1.15618,0.02825072634572697,0.0006975706268627335
1.15883,0.02658416911764706,0.0006753141114050472
1.16147,0.02599217667869035,0.000651109162528674
1.16412,0.0258767064372919,0.0006579455249221023
1.16676,0.02927199119034407,0.0007087589137308217
1.1694,0.02725018722253052,0.0006779954654368198
1.17205,0.02674433448945616,0.0006645407163391033
1.17469,0.02710138734739179,0.0006701624698401775
1.17733,0.0252643339345172,0.000637426686731514
1.17998,0.02616488415649279,0.0006470950839794143
1.18262,0.02573634655937847,0.0006435714086550494
1.18527,0.02534419915371809,0.0006329361032288953
1.18791,0.02613523085460599,0.0006498943546143367
1.19055,0.02504514123196448,0.000629554300057171
1.1932,0.02361579210599334,0.0005945322881949743
1.19584,0.02374319783573807,0.0006019619244141782
1.19848,0.02644315912874584,0.0006473883216873545
1.20113,0.02426032450055494,0.0006106756651758313
1.20377,0.02465712798279689,0.0006153595012463155
1.20642,0.02377240933684795,0.0005985928194920277
1.20906,0.02401867321032186,0.0006046140970925316
1.2117,0.0239402089345172,0.0005949618106308422
1.21435,0.02372141682852387,0.0005944506387336387
1.21699,0.02630433525249722,0.0006398533940723617
1.21963,0.02242465600721421,0.0005677759561725543
1.22228,0.02360094256381798,0.0005923824499638403
1.22492,0.02466089130133185,0.0006063043770455234
1.22757,0.02314107373751388,0.0005796068554035133
1.23021,0.02239205431465039,0.0005610919782654838
1.23285,0.0235273907463929,0.0005839689464524055
1.2355,0.02362309211986682,0.0005875486867189935
1.23814,0.02285444575471698,0.0005702635602828665
1.24078,0.02351975194228635,0.0005864048006001527
1.24343,0.02369309350721421,0.0005866341173778422
1.24607,0.0225205038845727,0.0005612233897416257
1.24871,0.0229578179800222,0.0005693582440882798
1.25136,0.02205732040788014,0.0005499900049861744
1.254,0.02310877192008879,0.0005721066853585659
1.25665,0.02333616884017758,0.0005752061805529921
1.25929,0.02399153794395116,0.0005885327715281449
1.26193,0.0207934794672586,0.0005207999924254323
1.26458,0.02150005625693674,0.0005356319134798784
1.26722,0.02230607255826859,0.000553224414116721
1.26986,0.02220045470310766,0.0005500354473793135
1.27251,0.02130352358490566,0.0005335608821746542
1.27515,0.02140548113207547,0.0005313493253309854
1.2778,0.02242346795227525,0.0005532690582477519
1.28044,0.01993636764705883,0.0004995769375459437
1.28308,0.02163287576304106,0.0005342001774884403
1.28573,0.02175538734739179,0.0005402103327720195
1.28837,0.02206158275527192,0.0005378039338107089
1.29101,0.01972695407880133,0.0005019418882050716
1.29366,0.02029611251387347,0.0005047033109818416
1.2963,0.02142518819367369,0.0005282124370788669
1.29895,0.01982123161764706,0.0004976864841539456
1.30159,0.02021537056048835,0.000499982396307531
1.30423,0.02064991481687014,0.0005149738362076973
1.30688,0.0193494135682575,0.0004812229973975527
1.30952,0.01914370380133186,0.0004817934303787002
1.31216,0.02014273210321865,0.0004973253904114771
1.31481,0.01897573709766925,0.0004763664317499787
1.31745,0.02060583546059933,0.0005072602128001923
1.3201,0.01938672169811321,0.0004796672835204909
1.32274,0.01919764698945617,0.0004779774653432969
1.32538,0.01774789033018868,0.0004459287291858611
1.32803,0.01962941682852387,0.0004827760178162559
1.33067,0.01940838596004439,0.0004838450807650407
1.33331,0.01928608955327414,0.0004732275434066495
1.33596,0.01916541613485017,0.0004753696577608141
1.3386,0.01844983393451721,0.0004600820771071949
1.34124,0.01788821358213096,0.0004474168775203518
1.34389,0.01897901512208656,0.0004686947969494667
1.34653,0.01921863824916759,0.0004703453324165297
1.34918,0.01866574861265261,0.0004637718101150081
1.35182,0.01801053288013318,0.0004465633931524761
1.35446,0.01824179155105439,0.0004544570394774468
1.35711,0.01783012937014428,0.0004449697186348424
1.35975,0.01642921115427303,0.000417041688816741
1.36239,0.01772085120699224,0.0004439241588766926
1.36504,0.01794663887347392,0.0004426825493941893
1.36768,0.01791672461154273,0.0004462235565969299
1.37033,0.01679922044950055,0.0004230431667961994
1.37297,0.01653705403718092,0.0004177876574469962
1.37561,0.01579138589067703,0.0004063145669170257
1.37826,0.01615677115704772,0.0004063656520857133
1.3809,0.01759639157880133,0.0004399289124848191
1.38354,0.01869944221698114,0.0004604139830034185
1.38619,0.01753891398446171,0.0004383333544103311
1.38883,0.01750465725582686,0.0004342562907999909
1.39148,0.01497759801609323,0.0003843317429657628
1.39412,0.01489445935072142,0.0003831302247530824
1.39676,0.01594917286348502,0.0004009411940090588
1.39941,0.01701107422308546,0.0004239753392194389
1.40205,0.01521996580188679,0.0003864150892742128
1.40469,0.01638761778579356,0.0004153518591840492
1.40734,0.01596914088512763,0.0004016068893991962
1.40998,0.01758108879023308,0.0004328496288486455
1.41263,0.01564085314927858,0.0003927614217339123
1.41527,0.01563316627358491,0.0003935045363740113
1.41791,0.01632775950332963,0.0004090655757701835
1.42056,0.01595870248335183,0.0004009368425794911
1.4232,0.01482682033851276,0.0003762857661695269
1.42584,0.01706721954772475,0.0004210016936423301
1.42849,0.01554678849889012,0.0003919684729703782
1.43113,0.01597540163706992,0.0004005908896011555
1.43377,0.01724207651220866,0.0004242966689047226
1.43642,0.01761174014983351,0.0004292227686790149
1.43906,0.0152619849472808,0.0003850958506321515
1.44171,0.01592528357380689,0.0003971462665371781
1.44435,0.01354574458934517,0.0003473407374973998
1.44699,0.01414684087125416,0.0003594465570135228
1.44964,0.01546944131520533,0.0003883354250830041
1.45228,0.01445153919256382,0.0003652093042106509
1.45492,0.01484996566315205,0.0003726704284675669
1.45757,0.01458704155105438,0.0003665469313158882
1.46021,0.01380466960321864,0.0003511747348608031
1.46286,0.01336612395948946,0.0003415124743913233
1.4655,0.01498500561875694,0.0003758843907464218
1.46814,0.0156829295227525,0.0003874640802689319
1.47079,0.01451827400110988,0.0003665928222760661
1.47343,0.01379599382630411,0.0003486008649187913
1.47607,0.01353538401775805,0.0003459483634359723
1.47872,0.01215851990843507,0.0003127474430753492
1.48136,0.01413307408435072,0.0003574265575711709
1.48401,0.01398017896781354,0.0003555782020022137
1.48665,0.0127204035099889,0.0003254995755074757
1.48929,0.01352477393174251,0.0003417253469320787
1.49194,0.01300980591009989,0.0003285493823245225
1.49458,0.01366636077968923,0.0003480020325568871
1.49722,0.01416590011098779,0.0003540438332649142
1.49987,0.01450870317702553,0.000361573556096295
1.50251,0.01319241384572697,0.0003372087230130267
1.50516,0.01286393382352941,0.000326151746583721
1.5078,0.01362591884017758,0.0003426168056542853
1.51044,0.01350917126803552,0.0003406533776306375
1.51309,0.01521865871254162,0.0003740960026057458
1.51573,0.01277083976137625,0.0003258316233426315
1.51837,0.01261701297169811,0.0003188424205294433
1.52102,0.01188694748890122,0.0003046418638385793
1.52366,0.01189990392619312,0.0003030839187031017
1.5263,0.01272118410099889,0.0003198918447692052
1.52895,0.01197008615427303,0.0003072770782192691
1.53159,0.01206304286903441,0.00030880677485489
1.53424,0.01233515094339623,0.0003160578250957287
1.53688,0.01338899230022197,0.0003353552098037396
1.53952,0.01321938429522753,0.0003301367120768338
1.54217,0.01185999764150944,0.0003006276297081508
1.54481,0.01225413200610433,0.000310758280894387
1.54745,0.01178271684239733,0.0003028925384304526
1.5501,0.01157816308268591,0.0003001545228847776
1.55274,0.01198187513873474,0.0003127632602335842
1.55539,0.01357121566315206,0.0003487914009298389
1.55803,0.01152082741398446,0.0003065619865156905
1.56067,0.01252759295227525,0.0003319046915481801
1.56332,0.01146183442008879,0.0003057960800725661
1.56596,0.01191104966703663,0.0003217718144209731
1.5686,0.0121881526082131,0.0003251733807343842
1.57125,0.01149551200055494,0.0003155410092515604
1.57389,0.01109295366259712,0.0003043824591484847
1.57654,0.01138272918978912,0.000310392323050807
1.57918,0.01208098043840178,0.000332111920183071
1.58182,0.01194239920921199,0.0003268585973445681
1.58447,0.01094599424250832,0.0003060935528384337
1.58711,0.01214446240288568,0.0003318525484489368
1.58975,0.01173079952830189,0.0003238771721132947
1.5924,0.01164910301054384,0.0003280519019999503
1.59504,0.01209235051331853,0.0003324633727829549
1.59769,0.01117794651775805,0.0003155601687594297
1.60033,0.01072808115982242,0.0003032410897035039
1.60297,0.01265643854051054,0.0003486430822185812
1.60562,0.0103323512763596,0.0002938025979229158
1.60826,0.01139694693396227,0.0003119137237551312
1.6109,0.01009993888734739,0.0002814528224162596
1.61355,0.01052749673973363,0.0002872822869540042
1.61619,0.01153638429522752,0.0003101681227590636
1.61883,0.01182712812153163,0.0003165727013006667
1.62148,0.01089030674250832,0.0002920296411302505
1.62412,0.009342852594339623,0.0002586602826836306
1.62677,0.01021001366537181,0.0002746752296624309
1.62941,0.01018167432019978,0.0002770296800579549
1.63205,0.01111035099889012,0.0002951486859554479
1.6347,0.01097268999722531,0.0002914721251696861
1.63734,0.01046600860155383,0.0002805425915585699
1.63998,0.01071445400943397,0.0002856351642955146
1.64263,0.01081165475860155,0.0002865307738313163
1.64527,0.01148739934794672,0.0002996309893421424
1.64792,0.009698531978357383,0.0002612679572437243
1.65056,0.009346391578801332,0.0002526120972201594
1.6532,0.008752959281354052,0.0002376599335129565
1.65585,0.009528436390122087,0.0002569526078405384
1.65849,0.009301955119311877,0.0002485340864914655
1.66113,0.008984291204217535,0.000242703377179386
1.66378,0.01055965892064373,0.0002793344979926098
1.66642,0.008783761723085462,0.0002384642531428401
1.66907,0.00860328038290788,0.0002354520712047985
1.67171,0.008415173973362928,0.0002280022783359828
1.67435,0.008786469755826859,0.0002377449327740597
1.677,0.01013936445615982,0.0002679448270800865
1.67964,0.008730869242508323,0.0002351289051744389
1.68228,0.009601143521087679,0.0002550522425714864
1.68493,0.008411737999445064,0.0002274224924353743
1.68757,0.008120744658712542,0.0002204394141700681
1.69022,0.008413125208102111,0.0002262214892432831
1.69286,0.008611935557713654,0.0002314143025190133
1.6955,0.008401402608213095,0.0002278535253206962
1.69815,0.009871912458379581,0.0002605983025957017
1.70079,0.008166664470033294,0.0002226616306974242
1.70343,0.008225332408435072,0.0002201643747166998
1.70608,0.008803001803551614,0.0002347974839854175
1.70872,0.008868365427302996,0.0002351227469683675
1.71137,0.008806712472253054,0.0002350117794148155
1.71401,0.009222447003329633,0.0002447435154367111
1.71665,0.008435052719200888,0.0002263018925985932
1.7193,0.008422753260266369,0.0002263046571646905
1.72194,0.009093896711986682,0.0002404137564532279
1.72458,0.007544938609877916,0.0002048487571760932
1.72723,0.009653578177025527,0.0002523177128510415
1.72987,0.00792841023862375,0.0002131747162725282
1.73251,0.008151242647058824,0.0002196860772675678
1.73516,0.007409376734184243,0.0001989373001720904
1.7378,0.007602024764150941,0.000205267919721433
1.74045,0.007013660585460602,0.0001902864770875362
1.74309,0.007849410307991123,0.000210771118831057
1.74573,0.008556451789678135,0.0002272140860101447
1.74838,0.0081140695754717,0.000214801428900751
1.75102,0.008841816176470589,0.0002352702763499633
1.75366,0.007220022752497226,0.000193508491648135
1.75631,0.008081117647058824,0.0002146120612598786
1.75895,0.008068053620976692,0.0002156259775436492
1.7616,0.008846632491675914,0.0002323472930115458
1.76424,0.007743194991675918,0.0002078882240616756
1.76688,0.007643780660377361,0.0002026947945593507
1.76953,0.007624423834628189,0.0002041699920344629
1.77217,0.007487392341842397,0.0002012461057245289
1.77481,0.00768953565482797,0.0002057892678870312
1.77746,0.009393650527192012,0.0002454471935564455
1.7801,0.007386847183684798,0.0001966819498168128
1.78275,0.009231060973917867,0.0002408106401973306
1.78539,0.007056183337957825,0.0001878569628713385
1.78803,0.006444323598779133,0.0001740926352312247
1.79068,0.008077052164261928,0.0002143125967803751
1.79332,0.007313769214761377,0.0001936742800686065
1.79596,0.00709400652053274,0.0001919338408679967
1.79861,0.007802055216426195,0.000204890416006324
1.80125,0.008130684031631523,0.0002142080295882408
1.8039,0.0074810743618202,0.0001994707671144001
1.80654,0.007915932228079911,0.0002084798722976697
1.80918,0.007683091773029967,0.0002051705958298892
1.81183,0.007494248265815762,0.0001993530749249339
1.81447,0.00780128607103219,0.0002064841339777269
1.81711,0.007532758185349609,0.0001996301853789203
1.81976,0.007413453662597116,0.0001965028601740664
1.8224,0.00617343562708102,0.000168844577877053
1.82504,0.006926664747502776,0.000185623065566963
1.82769,0.007468596351276361,0.0002001193883635203
1.83033,0.006389222114317424,0.0001729092344592671
1.83298,0.007730595657602665,0.0002043816755728427
1.83562,0.008046414539400666,0.0002131246888997143
1.83826,0.008440203246392898,0.0002232114600332079
1.84091,0.006965431048834628,0.0001887296869420749
1.84355,0.007337866814650389,0.0001966821062569842
1.84619,0.00751667709489456,0.0002011645741820583
1.84884,0.006412603218645948,0.0001727979722418779
1.85148,0.007379425846281911,0.0001984170109751494
1.85413,0.008395453177025527,0.0002225852008196697
1.85677,0.007341591218091011,0.0001956123191516879
1.85941,0.007550482866259711,0.0002024871332728163
1.86206,0.005421932505549391,0.0001488227257679968
1.8647,0.006833158643174252,0.0001852106730689265
1.86734,0.007131321517758045,0.0001917043705581595
1.86999,0.007898223571032184,0.0002087791814407728
1.87263,0.007981641509433963,0.0002137530597891258
1.87528,0.006276970380133183,0.0001709484190018464
1.87792,0.006999589345172032,0.0001892080954532627
1.88056,0.006750196240288569,0.000182909414790575
1.88321,0.007235616259711429,0.000193550986122466
1.88585,0.006115030937846834,0.0001689356321575984
1.88849,0.007486483559933409,0.0001987669522689413
1.89114,0.006230682019977801,0.0001708171331516031
1.89378,0.006683498057713651,0.0001798918646000349
1.89643,0.006152982311320752,0.0001685204381098718
1.89907,0.006483831576026636,0.0001771712213152524
1.90171,0.008093726137624862,0.0002127079701267716
1.90436,0.00631725894839068,0.00017247706539932
1.907,0.005761100443951164,0.0001577858624124828
1.90964,0.006738659059378468,0.0001831724624462665
1.91229,0.006793671268035518,0.0001842387365087364
1.91493,0.006245240843507215,0.0001700227814920786
1.91757,0.005680404273029968,0.0001561315098402349
1.92022,0.00572732443118757,0.000158355881273092
1.92286,0.007357010751942285,0.0001982193127834525
1.92551,0.004952735502219755,0.0001371179455836237
1.92815,0.005124145047169808,0.0001419708716756171
1.93079,0.005518787597114317,0.0001536471954971815
1.93344,0.00694996115427303,0.0001866048613666976
1.93608,0.006265169950055495,0.0001706931615114331
1.93872,0.005169863415649279,0.0001434669968522688
1.94137,0.0066087673418424,0.0001809747930409083
1.94401,0.00581428364317425,0.0001601692815816645
1.94666,0.006161303274139845,0.0001679269865979211
1.9493,0.006359381104328527,0.0001736828395891661
1.95194,0.006457717258601554,0.0001748658769014503
1.95459,0.007314270532741396,0.0001960369243198895
1.95723,0.005022176054384014,0.0001405138473030502
1.95987,0.006772686875693676,0.0001826477247410711
1.96252,0.006104752774694781,0.0001680446717308404
1.96516,0.007341845310765815,0.0001959227064529126
1.96781,0.0064482128190899,0.0001751373043592644
1.97045,0.005904198113207547,0.0001617853188948907
1.97309,0.006207728981687014,0.000169747782330209
1.97574,0.005095320407880133,0.0001422637990325203
1.97838,0.006892041759156494,0.0001857898400562155
1.98102,0.00522060183129856,0.0001458082011475032
1.98367,0.006347058754162042,0.0001721677015329784
1.98631,0.005556777885682574,0.0001532311734241961
1.98896,0.006360184586570478,0.0001733180278083953
1.9916,0.004967921545504993,0.0001384385844101293
1.99424,0.005446382630410656,0.0001493115339865226
1.99689,0.006363675499445061,0.0001720041631047563
1.99953,0.005612339483906771,0.0001537339957717992
2.00217,0.005392894977802444,0.0001483956776550824
2.00482,0.005184030799112099,0.0001432403356428356
2.00746,0.005036924875138735,0.0001393003691035343
2.0101,0.00525704238346282,0.0001438609520250959
2.01275,0.004973420019422866,0.0001379060073790933
2.01539,0.005831333032741397,0.0001576533468823745
2.01804,0.005761411764705886,0.000158365911440586
2.02068,0.005568708795782461,0.0001526373640314068
2.02332,0.006769074639289678,0.0001810013450562388
2.02597,0.005145758948390676,0.0001419834023657987
2.02861,0.006371772128190899,0.0001706776533606538
2.03125,0.003838408643174255,0.0001083968972542648
2.0339,0.005754478010543839,0.0001565105527315812
2.03654,0.004765086917314098,0.0001327957901519293
2.03919,0.004707158365704773,0.0001304473861169418
2.04183,0.004697873682019978,0.0001296487039707025
2.04447,0.005235295713096562,0.0001439758068452381
2.04712,0.004714513318534961,0.0001303431951546501
2.04976,0.005666454356270809,0.0001545019773163847
2.0524,0.005032399278579354,0.0001389881391669685
2.05505,0.005879136792452829,0.0001594490941684558
2.05769,0.005325070546614873,0.000146317588357046
2.06034,0.004284023099334072,0.0001185482846512376
2.06298,0.005031410377358491,0.0001388795046795742
2.06562,0.003793919533851273,0.0001063123080535816
2.06827,0.005047855438401774,0.0001384460673753208
2.07091,0.00577768056326304,0.0001574846964712378
2.07355,0.005206443604328527,0.0001421236530294392
2.0762,0.005664117161487238,0.0001543295419403783
2.07884,0.006020137624861263,0.0001621355402543564
2.08149,0.003701873890122089,0.0001041091350464444
2.08413,0.004419150041620422,0.0001236592357593828
2.08677,0.005553513596004439,0.0001501333554722793
2.08942,0.004537330604883464,0.0001271166499917727
2.09206,0.005289733351831298,0.0001449928521973632
2.0947,0.006368647475027747,0.000171563229509549
2.09735,0.005327171961709211,0.0001459940719584454
2.09999,0.005042730091564927,0.0001388937502808901
2.10263,0.005023979883462816,0.0001398820545315176
2.10528,0.004411801956159824,0.0001214860053512708
2.10792,0.004475757769145396,0.0001252620937144608
2.11057,0.006459605785238625,0.0001751717768470938
2.11321,0.004964258948390675,0.0001412095318545387
2.11585,0.006094708102108768,0.0001727456452849061
2.1185,0.003983042314095452,0.0001156887368176851
2.12114,0.00522357082408435,0.0001520940769204813
2.12378,0.004343627289123196,0.0001262383828570905
2.12643,0.003992125554938957,0.0001184210507632069
2.12907,0.00512593743063263,0.0001513782718258008
2.13172,0.00537507644284129,0.0001576596700975265
2.13436,0.003727624236958933,0.0001138224343643034
2.137,0.005005032810765818,0.0001486052251701292
2.13965,0.006023809378468369,0.0001774337159320225
2.14229,0.00560793292175361,0.0001660867473889929
2.14493,0.004096830049944505,0.0001258267348552627
2.14758,0.004501173903995561,0.0001382182298882532
2.15022,0.005026097322419534,0.0001510765114496553
2.15287,0.004022168007769149,0.0001249874519808871
2.15551,0.005656144145394004,0.0001698742194241284
2.15815,0.003936534198113207,0.0001227240988465508
2.1608,0.004686890468923417,0.0001442117580586674
2.16344,0.00482010141509434,0.0001470288140586313
2.16608,0.004982539886237513,0.0001517482354614772
2.16873,0.004285611750832409,0.0001303371879014805
2.17137,0.005171005688124307,0.0001528617295234059
2.17402,0.005204957963374029,0.0001525659757591281
2.17666,0.006529144769700335,0.0001876560305635481
2.1793,0.005351981478912322,0.0001557849890990698
2.18195,0.003549072627635963,0.0001062782879708072
2.18459,0.005233686459489456,0.000151742205418963
2.18723,0.004792913498890123,0.0001401347049100312
2.18988,0.004140286764705883,0.0001219475714135287
2.19252,0.003624144422863484,0.0001073987326199016
2.19516,0.005734972391786904,0.0001631380396641968
2.19781,0.006046643382352943,0.0001722509590586766
2.20045,0.005813443534961157,0.0001648667090136749
2.2031,0.003814024902885683,0.0001125261167024206
2.20574,0.004022403787458376,0.0001177304680927393
2.20838,0.00341504217536071,0.0001013276354191189
2.21103,0.004892593368479467,0.0001414187971937655
2.21367,0.005382529827968924,0.0001546021557599485
2.21631,0.004707352941176471,0.0001366714312904498
2.21896,0.003605559031631522,0.0001058771961765189
2.2216,0.004829058754162044,0.0001382312010723101
2.22425,0.003069219755826862,9.136215164514875e-05
2.22689,0.003323731340177578,9.839818170330553e-05
2.22953,0.003924516301331853,0.0001140608841342453
2.23218,0.004156498335183131,0.0001221071989575924
2.23482,0.003629613138179801,0.0001065381092728812
2.23746,0.006712343299112098,0.0001889986928343298
2.24011,0.00404634343784684,0.0001180963476280801
2.24275,0.004076447697003328,0.000120087625226129
2.2454,0.004083200610432852,0.0001193792421406938
2.24804,0.005181643243618204,0.0001493058449069687
2.25068,0.005712790788013318,0.0001629810847098251
2.25333,0.004126071309655939,0.0001203380506607228
2.25597,0.004337162805216429,0.000126821799706261
2.25861,0.003573676123751389,0.0001058041667312784
2.26126,0.004590365011098779,0.0001337274684464121
2.2639,0.003726958102108768,0.0001097847173698813
2.26655,0.003687209766925635,0.000109125542514639
2.26919,0.005230310002774693,0.0001522365393336727
2.27183,0.00331775672863485,9.832054749605405e-05
2.27448,0.004660270255271921,0.0001351064193453512
2.27712,0.00371223446170921,0.0001092582754613451
2.27976,0.003055237791342951,9.275913278354651e-05
2.28241,0.003448120005549391,0.0001030333958809553
2.28505,0.004041675915649275,0.0001184966426500111
2.28769,0.003033733768035519,9.071456130646078e-05
2.29034,0.003528937500000002,0.0001035647186580652
2.29298,0.004252478981687012,0.0001248589852820671
2.29563,0.004037475374583795,0.0001180245424907257
2.29827,0.00421894561598224,0.0001233672324935142
2.30091,0.004547668285238624,0.0001344389362971196
2.30356,0.004342796337402886,0.0001255823779637114
2.3062,0.004166739872364041,0.0001228370167049134
2.30884,0.004028092258601552,0.0001180257749660449
2.31149,0.003627651359600445,0.000108439660058851
2.31413,0.004811709489456163,0.0001397673134969534
2.31678,0.00408709669811321,0.000120575375264714
2.31942,0.004664193812430634,0.0001363411991346757
2.32206,0.004173865912874583,0.0001212897374759206
2.32471,0.004526867022752498,0.0001326727472280401
2.32735,0.003274826512208659,9.828915566054594e-05
2.32999,0.003906361265260824,0.000115283095627696
2.33264,0.003960082408435072,0.0001187441169035921
2.33528,0.003515713235294116,0.0001031554258516608
2.33793,0.004135866467813543,0.0001223048916234366
2.34057,0.003371374861265262,0.000100221820235909
2.34321,0.004424016717536072,0.0001293941431647965
2.34586,0.002635009711431739,8.071811594893803e-05
2.3485,0.004147458587680355,0.0001218333119536386
2.35114,0.004158036625971141,0.0001221888073159837
2.35379,0.003731714900110987,0.0001099727306662128
2.35643,0.003579868201997782,0.0001058322613676201
2.35908,0.00388843285238624,0.0001158021899702751
2.36172,0.005317820893451721,0.0001531475599344582
2.36436,0.003430397613762487,0.0001021690403716584
2.36701,0.003383255410654826,0.0001002277598300507
2.36965,0.003106385960044396,9.284205403449895e-05
2.37229,0.004195537042175361,0.0001233528049395834
2.37494,0.002864068534961152,8.624200009502321e-05
2.37758,0.002834584628190898,8.657190934003472e-05
2.38022,0.003909721698113208,0.0001142905699435196
2.38287,0.003058392203107659,9.287299485007465e-05
2.38551,0.002620801123751387,7.838571684656651e-05
2.38816,0.005048240011098781,0.0001466333802518352
2.3908,0.004291236126526084,0.0001264407733570286
2.39344,0.004264135197003327,0.0001253811504841745
2.39609,0.004070898862375139,0.0001203790028906476
2.39873,0.004942111681465039,0.0001425525202675743
2.40137,0.002071883115982243,6.35447792713124e-05
2.40402,0.001759896226415092,5.346440125629591e-05
2.40666,0.003682006589900114,0.0001091786341814635
2.40931,0.00448512486126526,0.0001314226085513057
2.41195,0.004116024347946725,0.0001203726390356673
2.41459,0.004116859877913428,0.0001216722439597525
2.41724,0.003748116467813537,0.0001103324144302716
2.41988,0.003990289678135406,0.0001178394347105952
2.42252,0.004528240496670367,0.0001327626950112216
2.42517,0.003916426539955606,0.0001148005209911386
2.42781,0.004377906908990012,0.0001289001966100294
2.43046,0.003462701720310764,0.0001027800784480796
2.4331,0.004770452622086571,0.0001388633651965832
2.43574,0.003796153718091012,0.0001123289881519664
2.43839,0.003312977039400667,9.946965736681251e-05
2.44103,0.003327094062153163,9.943319720218292e-05
2.44367,0.004398332755271922,0.0001285150188545984
2.44632,0.003166889775249721,9.505912076381442e-05
2.44896,0.003677178829078799,0.0001088509505485769
2.45161,0.004492514150943398,0.000131062830934873
2.45425,0.003289884364594896,9.891516519649412e-05
2.45689,0.00379503891509434,0.0001115570484275578
2.45954,0.002683062985571588,8.164756399689571e-05
2.46218,0.002866199708657047,8.662277697406671e-05
2.46482,0.003499808407325191,0.0001035043906782055
2.46747,0.004414848779134298,0.00012886264481526
2.47011,0.004147696656492784,0.0001229746740414907
2.47275,0.003327485502219756,0.0001004295893909014
2.4754,0.004330100860155383,0.0001262591110987657
2.47804,0.002397359808546063,7.304088594944796e-05
2.48069,0.004401120907325193,0.000129280022727769
2.48333,0.002815133948390674,8.57988450300888e-05
2.48597,0.003947480785238622,0.0001174292906329008
2.48862,0.003563489525527192,0.000105854779891297
2.49126,0.003407510960044393,0.0001027659784736375
2.4939,0.002961299042730298,8.887567352637838e-05
2.49655,0.004383977663706993,0.000129349163069823
2.49919,0.00349737964761376,0.0001042372525531008
2.50184,0.004599049944506108,0.000134414968067127
2.50448,0.003266924458934517,9.832865070606608e-05
2.50712,0.004348306256936736,0.0001286718670454566
2.50977,0.002243583379578246,6.856054924323222e-05
2.51241,0.003646188679245284,0.000108305676108611
2.51505,0.003118621323529411,9.426784545755825e-05
2.5177,0.001894480646503886,5.885046525046779e-05
2.52034,0.003175128329633739,9.516356070297619e-05
2.52299,0.003483390815760266,0.0001046940566615952
2.52563,0.002864613346281909,8.685424555567844e-05
2.52827,0.003492886098779137,0.0001048192473437785
2.53092,0.003857483906770256,0.0001145859692380216
2.53356,0.003488385682574919,0.0001038284428880385
2.5362,0.003497800846281909,0.0001052395875096318
2.53885,0.003364777608213095,0.0001009926219951847
2.54149,0.003446490149833517,0.0001034362387412264
2.54414,0.005082398307436181,0.0001483928304481517
2.54678,0.0034867855854606,0.0001047395282267407
2.54942,0.001704661972807991,5.294704052122446e-05
2.55207,0.004820813332408436,0.0001410388853051209
2.55471,0.003210053482241955,9.667928039739692e-05
2.55735,0.003000749791897895,9.11305033354766e-05
2.56,0.003977612513873473,0.0001190192345286216
2.56264,0.004925112652608214,0.0001454448600404189
2.56529,0.003193212402885684,9.567870751893501e-05
2.56793,0.003903291551054386,0.0001165548553733014
2.57057,0.002561306811875694,7.800575125304924e-05
2.57322,0.003491846836847946,0.0001051607047756288
2.57586,0.004072086917314096,0.0001205962310712855
2.5785,0.003508793215871258,0.000105146297297757
2.58115,0.004049424597669254,0.0001215520981570286
2.58379,0.00219040018035516,6.760966261319781e-05
2.58643,0.003055844408990008,9.265490280972003e-05
2.58908,0.003406554106548278,0.0001024950848932691
2.59172,0.00405162673418424,0.0001205384148372244
2.59437,0.003186182505549391,9.683655127321809e-05
2.59701,0.002422270047169809,7.409085179388163e-05
2.59965,0.004209990566037737,0.0001246900344250355
2.6023,0.003610462333518314,0.0001084186856908005
2.60494,0.004795083587680352,0.000141545661764613
2.60758,0.003027040371809101,9.312887211902257e-05
2.61023,0.003274263387902331,9.920796992159314e-05
2.61287,0.001967194644839068,6.12565338408576e-05
2.61552,0.003873271989456159,0.0001164418841910097
2.61816,0.003576180424528301,0.0001075629248609756
2.6208,0.002264576928412875,6.9697178371267e-05
2.62345,0.003017474125971144,9.201901474789766e-05
2.62609,0.001701367924528306,5.335093674482809e-05
2.62873,0.002701758254716981,8.294968793173303e-05
2.63138,0.004239153995560489,0.000126177899150573
2.63402,0.004242741051609326,0.0001263713118033099
2.63667,0.003818937361265262,0.0001147761538468697
2.63931,0.003697366606548281,0.0001121810540818063
2.64195,0.003980027538845726,0.0001192238596385126
2.6446,0.003007054037180911,9.101682553921018e-05
2.64724,0.002647966148723641,8.098455356308142e-05
2.64988,0.003597677580466148,0.0001091666070880374
2.65253,0.005187748335183131,0.0001528972289465538
2.65517,0.003588175430077691,0.0001083037058249979
2.65782,0.003115478357380689,9.483510103304569e-05
2.66046,0.00369194596281909,0.0001113642790192066
2.6631,0.002119467119866812,6.573959762952977e-05
2.66575,0.003168002289123197,9.574963475810104e-05
2.66839,0.003199063401775803,9.802694984888942e-05
2.67103,0.002930556118201999,9.16449437821671e-05
2.67368,0.00510093562708102,0.0001555449186398162
2.67632,0.002111569644839067,6.921521257311657e-05
2.67896,0.003100212194783575,9.900426209146235e-05
2.68161,0.004240632769145393,0.0001356670946360045
2.68425,0.003291630965593784,0.000108208388527563
2.6869,0.002494134780799114,8.302611795797939e-05
2.68954,0.003355550152608214,0.000110339863536059
2.69218,0.003380538221420642,0.0001113432876665994
2.69483,0.002310771434517204,7.907461850194176e-05
2.69747,0.003285644908435071,0.0001103203767942305
2.70011,0.001814686390122088,6.189560342942084e-05
2.70276,0.001693674181465041,5.965226608025749e-05
2.7054,0.002825833310210879,9.634126372343003e-05
2.70805,0.00392576158435072,0.0001327623618645888
2.71069,0.002002074014983354,6.962250650799739e-05
2.71333,0.001766729259156496,6.263621929857702e-05
2.71598,0.004415894908435071,0.0001503942973085056
2.71862,0.003039834281354052,0.0001067428440689759
2.72126,0.002592734184239737,9.1976096771244e-05
2.72391,0.003258967466703661,0.0001136656886670322
2.72655,0.001572375832408434,5.583649768560671e-05
2.7292,0.003853519145394008,0.000129129247469335
2.73184,0.002165554037180906,7.396338345592184e-05
2.73448,0.002660336570477249,8.95467934043572e-05
2.73713,0.002732874306326306,9.027278134080665e-05
2.73977,0.003270220796337404,0.0001082467023614121
2.74241,0.00315308636237514,0.0001034868364998609
2.74506,0.002919037250277469,9.518253481607318e-05
2.7477,0.002453431881243064,8.125251750106117e-05
2.75035,0.002501542383462819,8.170225589175983e-05
2.75299,0.003970314789123196,0.0001273520091918652
2.75563,0.003276163360155383,0.000104634221883505
2.75828,0.001870383046614874,6.148267461059894e-05
2.76092,0.003504441592674806,0.0001130240640953233
2.76356,0.002434322280799113,7.906163228635649e-05
2.76621,0.004208417938401777,0.0001321222708764682
2.76885,0.002504074153718091,8.161965062699227e-05
2.77149,0.003114038498890125,9.978589369519235e-05
2.77414,0.003260217327968923,0.0001043097917702202
2.77678,0.00135500527192009,4.466159219281709e-05
2.77943,0.001456944506104328,4.79147057785628e-05
2.78207,0.003849815344062153,0.0001215072771026984
2.78471,0.002681575055493898,8.696572695848376e-05
2.78736,0.003287091634295231,0.0001047345657888069
2.79,0.003582901290233074,0.0001124615857744167
2.79264,0.002001348362930074,6.529417041113949e-05
2.79529,0.004101444922308544,0.0001281918324142146
2.79793,0.002976022683129856,9.47142595500424e-05
2.80058,0.003007186806326303,9.490635949866689e-05
2.80322,0.002079652400110985,6.781507710051757e-05
2.80586,0.003253425499445063,0.0001036089008945705
2.80851,0.001651501664816871,5.379330876313818e-05
2.81115,0.004356178551609327,0.0001341476410356932
2.81379,0.0020929201581576,6.750759940548148e-05
2.81644,0.00310604716981132,9.884596264615957e-05
2.81908,0.002316063887347393,7.440124335188134e-05
2.82173,0.003072587056048833,9.719571708288643e-05
2.82437,0.00230451526082131,7.363046070074007e-05
2.82701,0.001299592466703663,4.240398191727981e-05
2.82966,0.002295768521087681,7.399054554108296e-05
2.8323,0.002824681881243061,8.897535148570618e-05
2.83494,0.002442959142619315,7.793460891087038e-05
2.83759,0.002575400943396225,8.127263159750825e-05
2.84023,0.003188247294672584,0.0001002463356368754
2.84288,0.004474054661487237,0.0001383510236360869
2.84552,0.003406409891786902,0.0001052866749755774
2.84816,0.003838115635405108,0.0001202056454881196
2.85081,0.004312348709766924,0.0001328231601717991
2.85345,0.003630093854051053,0.0001130138172080816
2.85609,0.002785480646503886,8.804727784146413e-05
2.85874,0.002127728565482799,6.818516969272783e-05
2.86138,0.003132566662042177,9.915561071441862e-05
2.86402,0.002689875416204216,8.554919035098282e-05
2.86667,0.002526933337957826,8.057110881623112e-05
2.86931,0.003426979952830189,0.0001071494076989009
2.87196,0.002895015191453938,9.089536842951516e-05
2.8746,0.003734578593229744,0.0001172056668761975
2.87724,0.003542198390677027,0.0001108453875168401
2.87989,0.003281549667036628,0.0001032411277426556
2.88253,0.003057158365704775,9.646515564802388e-05
2.88517,0.003463013041065483,0.0001091288727610864
2.88782,0.002339014636514984,7.525751428350836e-05
2.89046,0.003760379300776911,0.0001158256619554693
2.89311,0.00335077046337403,0.0001057028083389408
2.89575,0.003116531354051057,9.8470122027236e-05
2.89839,0.002528190066592674,7.987838582096602e-05
2.90104,0.0028260782463929,8.982701759625695e-05
2.90368,0.00359189067702553,0.0001110873977524807
2.90632,0.003616061528856827,0.000112734579164126
2.90897,0.002834980646503886,9.027681534166297e-05
2.91161,0.002648314095449501,8.415002528199121e-05
2.91426,0.003252699847391787,0.0001015415758246651
2.9169,0.003979143937291897,0.0001239683931635174
2.91954,0.003874189927857939,0.0001206069329211255
2.92219,0.003787356617647059,0.00011613912243285
2.92483,0.003381618687569366,0.0001057803201406243
2.92747,0.002646851345726968,8.372793255070961e-05
2.93012,0.004224480715871256,0.0001312437562261357
2.93276,0.003751561598224195,0.000116492905797322
2.93541,0.003253281284683683,0.0001011040145859987
2.93805,0.001826186945061043,5.864740064302645e-05
2.94069,0.003611309309100998,0.0001118515221936304
2.94334,0.004238382561043287,0.0001313701075750919
2.94598,0.001792149972253055,5.70887518179326e-05
2.94862,0.003151184100998891,9.938049020598658e-05
2.95127,0.003796874791897891,0.0001182166936428049
2.95391,0.001567559517203108,5.069040481577152e-05
2.95655,0.002727504023307435,8.604390634748005e-05
2.9592,0.001765918909544947,5.618366627376795e-05
2.96184,0.003122503676470587,9.840322382927114e-05
2.96449,0.003896499722530523,0.0001218481785574443
2.96713,0.004077171059933407,0.000125638668171361
2.96977,0.001790385058268591,5.794578866577977e-05
2.97242,0.002880916481687013,9.076722160887548e-05
2.97506,0.002060696170921202,6.679659199268269e-05
2.9777,0.002816795851831301,8.894292781433647e-05
2.98035,0.001945006173695891,6.236104901712254e-05
2.98299,0.001808569852941177,5.865396107121744e-05
2.98564,0.001781986265260823,5.727744725528375e-05
2.98828,0.002753224611542731,8.724970254098046e-05
2.99092,0.00233936945061043,7.418365359492242e-05
2.99357,0.002363966079356271,7.54511150473124e-05
2.99621,0.004041156284683684,0.0001253865176614302
2.99885,0.002890686459489459,9.123648424934519e-05
3.0015,0.003173335946170921,9.957436057067333e-05
3.00414,0.002911673140954497,9.202019428077015e-05
3.00679,0.002485161417869037,7.888220602753307e-05
3.00943,0.002794950749167594,8.866420220456967e-05
3.01207,0.00280744249445061,8.800693249992944e-05
3.01472,0.003149826650943395,9.930625754860891e-05
3.01736,0.002233264012208657,7.156318835661635e-05
3.02,0.002587606548279689,8.202743754499581e-05
3.02265,0.002814522752497226,8.875789020638574e-05
3.02529,0.00344626123751387,0.0001070435745227779
3.02794,0.001657579286903438,5.367946317679888e-05
3.03058,0.002276745907325196,7.230870831364184e-05
3.03322,0.001028764012208654,3.377318446362862e-05
3.03587,0.002909809794672584,9.16177106542274e-05
3.03851,0.003072802233629301,9.545988991572649e-05
3.04115,0.00442897266925638,0.0001352968775226027
3.0438,0.003034136653718092,9.489546119856484e-05
3.04644,0.002447928829078805,7.712496922012495e-05
3.04908,0.002828120144284127,8.933457958103054e-05
3.05173,0.002859316315205331,8.967926347311032e-05
3.05437,0.003185999375693672,9.953488918037802e-05
3.05702,0.002205689234184243,6.983431472665549e-05
3.05966,0.003249012069922307,9.979882952976966e-05
3.0623,0.002661677996670366,8.386276031313242e-05
3.06495,0.002695410516093227,8.433684215202718e-05
3.06759,0.002238961639844616,7.07898883179673e-05
3.07023,0.003302774417314095,0.0001025842865527372
3.07288,0.003471672794117646,0.0001075128620031231
3.07552,0.003543631381798,0.0001100401038593385
3.07817,0.003683329703107656,0.0001140694052159928
3.08081,0.003053152400110986,9.477886069903185e-05
3.08345,0.00199389039955605,6.346508318969811e-05
3.0861,0.003172374514428413,9.834232333013052e-05
3.08874,0.003825342327968922,0.000117227846380642
3.09138,0.002363576928412878,7.467615895361136e-05
3.09403,0.002632672516648168,8.270155418638766e-05
3.09667,0.004019116606548277,0.000123885185379859
3.09932,0.003020818534961153,9.337565595033946e-05
3.10196,0.002686022821864595,8.417948768515018e-05
3.1046,0.003612144839067701,0.0001109846151766459
3.10725,0.003976019284128749,0.0001215338907041557
3.10989,0.002572319783573807,8.11459393272584e-05
3.11253,0.004490987305771368,0.0001358137904777839
3.11518,0.002762953385127637,8.658603240681695e-05
3.11782,0.002378252497225304,7.475616842134438e-05
3.12047,0.001135260890677025,3.661725164175362e-05
3.12311,0.002415485086015536,7.637214653587472e-05
3.12575,0.002313362721975583,7.271409318091067e-05
3.1284,0.003167141578801335,9.86436276333446e-05
3.13104,0.001439027538845729,4.630178845646922e-05
3.13368,0.002799874653163155,8.842976586211199e-05
3.13633,0.002970933962264151,9.234734007920221e-05
3.13897,0.003061356617647059,9.492538790863423e-05
3.14161,0.003058884364594895,9.584855027396436e-05
3.14426,0.002686988831853494,8.504642669180583e-05
3.1469,0.00381782255826859,0.0001173088342002465
3.14955,0.003671112652608212,0.0001130627664358482
3.15219,0.00428700811598224,0.0001300818595913551
3.15483,0.001646559447835735,5.259371875771476e-05
3.15748,0.003914052719200888,0.0001199113893650539
3.16012,0.001835174042730298,5.858953238347777e-05
3.16276,0.003154583448945618,9.845805031616801e-05
3.16541,0.002018683892896782,6.450606425722187e-05
3.16805,0.002744308476692563,8.59016296876731e-05
3.1707,0.002072494311875694,6.591430851485671e-05
3.17334,0.002629616537180912,8.213959259381837e-05
3.17598,0.002742834281354054,8.615519591638125e-05
3.17863,0.002608295643729191,8.177091693912733e-05
3.18127,0.00320077566592675,9.920837771210795e-05
3.18391,0.003502717882907878,0.0001079367039878224
3.18656,0.002186648307436183,6.893967908336885e-05
3.1892,0.002967406423418422,9.314122425966766e-05
3.19185,0.003264866537180911,0.0001010454065060128
3.19449,0.001886979189789125,6.006237245951249e-05
3.19713,0.00397166079356271,0.000121599676675151
3.19978,0.002353532255826861,7.382693897032431e-05
3.20242,0.003631842744173143,0.0001113401236911388
3.20506,0.0030710625,9.489231438684184e-05
3.20771,0.003416981062708101,0.0001048339315194182
3.21035,0.003620882422308546,0.0001107995547394269
3.213,0.003009997849611544,9.311716509978127e-05
3.21564,0.003566744658712543,0.0001078766558735006
3.21828,0.00310370081853496,9.560496522046435e-05
3.22093,0.001504489594894563,4.787770650491193e-05
3.22357,0.003516855507769143,0.0001078363783263362
3.22621,0.003336923557158716,0.0001020333779149094
3.22886,0.002989539955604885,9.19438077596656e-05
3.2315,0.002383128329633742,7.651123509813086e-05
3.23414,0.003113683684794674,0.0001002779484264328
3.23679,0.002544845726970037,8.346143454592227e-05
3.23943,0.0025256605854606,8.359391353534921e-05
3.24208,0.002668897891231965,8.951110109263226e-05
3.24472,0.002380479814095449,8.118951176110142e-05
3.24736,0.002740350582685906,9.237002691427681e-05
3.25001,0.0046318599472808,0.0001530235329018542
3.25265,0.004053490080466146,0.0001372218597421119
3.25529,0.003843231825749167,0.0001320184965719576
3.25794,0.002589845310765814,9.041731076209096e-05
3.26058,0.001826459350721418,6.520706891250647e-05
3.26323,0.003739752011653718,0.000128955201316176
3.26587,0.002614318326859045,9.308227287993924e-05
3.26851,0.003639662389012208,0.0001285119271756558
3.27116,0.002307145463374032,8.32222022164017e-05
3.2738,0.001546870421753606,5.690356352243623e-05
3.27644,0.002034158365704774,7.482117375417364e-05
3.27909,0.002165354883462817,8.00220205114701e-05
3.28173,0.002864796476137625,0.0001036493879066925
3.28438,0.003057636792452831,0.000112564027243645
3.28702,0.002447594617092118,8.799278353088403e-05
3.28966,0.003722844547724749,0.0001292698816186963
3.29231,0.003625238623751388,0.0001241711088435341
3.29495,0.003761468923418426,0.0001274256138194814
3.29759,0.002628993895671476,9.058118524011316e-05
3.30024,0.003065380896226415,0.0001040545645883794
3.30288,0.003495701720310767,0.0001175658850554966
3.30553,0.002007107796892341,6.916149449872467e-05
3.30817,0.002283015815760263,7.802400443283432e-05
3.31081,0.00302411487236404,0.0001020868412336287
3.31346,0.003917305563263042,0.0001300790680981071
3.3161,0.00282196469200888,9.487949189471654e-05
3.31874,0.003200054592119867,0.00010733521629602
3.32139,0.002152176401220868,7.314565182490897e-05
3.32403,0.003144728773584907,0.0001052991092745939
3.32667,0.003496724958379575,0.0001149862484597454
3.32932,0.002685152955049947,8.985000651455546e-05
3.33196,0.002865201650943395,9.618017111916437e-05
3.33461,0.00419709135682575,0.0001369917481259791
3.33725,0.002407328940066595,8.102916981637063e-05
3.33989,0.001657135197003333,5.65543107702868e-05
3.34254,0.001690446517758045,5.693680826436315e-05
3.34518,0.001315266093229745,4.505511234548917e-05
3.34782,0.002368013249167595,7.900894045878282e-05
3.35047,0.002463343784683685,8.163809240021174e-05
3.35311,0.001775224195338515,5.968928996881515e-05
3.35576,0.00118592376526082,4.05295529901313e-05
3.3584,0.00228610842119867,7.599679101114769e-05
3.36104,0.002038995283018868,6.800040217288711e-05
3.36369,0.002578475235849058,8.581241098927303e-05
3.36633,0.003389788568257493,0.0001100602857725355
3.36897,0.002686517272475029,8.880084447269085e-05
3.37162,0.002993470380133188,9.693615921767948e-05
3.37426,0.00434403704217536,0.0001390478207800182
3.37691,0.003475092744173141,0.0001130900705634542
3.37955,0.002771576512208657,9.062360046992712e-05
3.38219,0.002778981825749169,9.07651907465345e-05
3.38484,0.003085202413984461,0.0001002632190784216
3.38748,0.002093462680355161,6.957290055776409e-05
3.39012,0.002824354536625972,9.3126803023544e-05
3.39277,0.003056384642064372,9.948073663772955e-05
3.39541,0.002050482103218646,6.78505976776446e-05
3.39806,0.002685684031631519,8.852044152851819e-05
3.4007,0.002688419533851274,8.843917920247652e-05
3.40334,0.001656622433407328,5.564831757612294e-05
3.40599,0.004086684655937844,0.0001306389848844467
3.40863,0.002357105577136512,7.729192230012354e-05
3.41127,0.003813507561043288,0.0001222973448945398
3.41392,0.003011556742508326,9.795617432098307e-05
3.41656,0.002796028926193116,9.141127443927816e-05
3.41921,0.001000845865704774,3.396186944423142e-05
3.42185,0.001943131381798005,6.434552644806131e-05
3.42449,0.003338262694228636,0.0001083794373929018
3.42714,0.002951030036071033,9.533110810655183e-05
3.42978,0.002566757214206436,8.421706492639503e-05
3.43242,0.001847068326859048,6.163977958463494e-05
3.43507,0.002913417452830188,9.508585610574385e-05
3.43771,0.001984477524972252,6.59013766342194e-05
3.44035,0.00166567362652608,5.535367783821817e-05
3.443,0.003210747086570479,0.0001039290786266115
3.44564,0.002197759711431746,7.261117305521034e-05
3.44829,0.002857372849611542,9.209267841459776e-05
3.45093,0.003558595380133188,0.0001137962256550991
3.45357,0.002683985502219754,8.717667166454937e-05
3.45622,0.002247607658157602,7.372543901568664e-05
3.45886,0.003706305632630413,0.0001187597332918218
3.4615,0.003280157880133187,0.0001044294448055132
3.46415,0.002826746670366261,9.125212095186833e-05
3.46679,0.00274514171753607,8.886013500206267e-05
3.46944,0.003353398376803551,0.000107507708548645
3.47208,0.004186623196448391,0.0001318365483981022
3.47472,0.003202954911209767,0.0001027457304523768
3.47737,0.00249728003607103,8.079574529154364e-05
3.48001,0.00174336188956715,5.70160167380875e-05
3.48265,0.003190854605993341,0.0001013304633217902
3.4853,0.00207155577136515,6.742861496052074e-05
3.48794,0.003748352247502773,0.0001188855199555435
3.49059,0.003724792591564928,0.0001181092374975818
3.49323,0.00417758344894562,0.0001295489343602435
3.49587,0.003032561736958932,9.583965313155152e-05
3.49852,0.002608877081021086,8.430968117703448e-05
3.50116,0.003552151498335184,0.0001127430887410562
3.5038,0.003092204841842399,9.871340241887511e-05
3.50645,0.00260558761098779,8.382400914392799e-05
3.50909,0.002885721351276359,9.238517445054355e-05
3.51174,0.002990853912319648,9.530441492509382e-05
3.51438,0.004521954564372919,0.0001411713493267234
3.51702,0.002458026151498335,7.902249295640224e-05
3.51967,0.003087171059933408,9.884542677501534e-05
3.52231,0.003124220518867924,9.944627645633211e-05
3.52495,0.002182289816870144,7.135516522779643e-05
3.5276,0.00216730750554939,7.0022038923359e-05
3.53024,0.00346470241398446,0.0001091741958849294
3.53288,0.002849830188679244,9.113483328652429e-05
3.53553,0.002158888110432852,7.036826283008485e-05
3.53817,0.003397683754162045,0.000108046912567943
3.54082,0.003285828038290787,0.0001039216303613396
3.54346,0.002683914539400666,8.616762442213163e-05
3.5461,0.002485241537180913,8.088291594942768e-05
3.54875,0.002988818881798003,9.548085888482641e-05
3.55139,0.002206124167591565,7.139120056236197e-05
3.55403,0.004393646920088791,0.0001368754191116366
3.55668,0.004103312846836848,0.0001275548363343267
3.55932,0.002580512555493899,8.321461887485915e-05
3.56197,0.002997606825749168,9.544321534477633e-05
3.56461,0.002884320407880134,9.189264982900007e-05
3.56725,0.001965523584905662,6.419198261693019e-05
3.5699,0.001982806465038845,6.483310119424972e-05
3.57254,0.003059793146503887,9.671463443052284e-05
3.57518,0.003268052996670367,0.0001033161320056767
3.57783,0.002370929592119865,7.674363663909148e-05
3.58047,0.0004022126803551613,1.35641951600781e-05
3.58312,0.004592232935627078,0.0001422049625658969
3.58576,0.003636054730854608,0.0001141491761898221
3.5884,0.002003371947835738,6.521386454446252e-05
3.59105,0.001019394630965594,3.383320042126789e-05
3.59369,0.001969067147613761,6.410179962914037e-05
3.59633,0.002618528024417313,8.370764241382373e-05
3.59898,0.002452385751942286,7.873182770765672e-05
3.60162,0.002204411903440623,7.176421817889957e-05
3.60427,0.003447797239178692,0.0001094807892431911
3.60691,0.00307095948945616,9.745662249475875e-05
3.60955,0.001792154550499444,5.849569086027711e-05
3.6122,0.002438122225305212,7.878126582488044e-05
3.61484,0.001659687569367368,5.476889136709189e-05
3.61748,0.002483126387347392,7.95944643263154e-05
3.62013,0.003055565135960048,9.706628937791407e-05
3.62277,0.002253090108213097,7.293995787045849e-05
3.62541,0.0006934143312985559,2.310190107444298e-05
3.62806,0.002001176678690343,6.545778392578319e-05
3.6307,0.001949504300776912,6.348904511429754e-05
3.63335,0.002974681256936734,9.538634202909173e-05
3.63599,0.003376857311320757,0.0001069751837010133
3.63863,0.004227468021642617,0.0001316195891684619
3.64128,0.003747512139289681,0.0001178256406770432
3.64392,0.003073296684239735,9.785132533722269e-05
3.64656,0.001023235779689238,3.390227366784499e-05
3.64921,0.00413446552441731,0.0001297109332692956
3.65185,0.001945596767480578,6.340896439618906e-05
3.6545,0.002551836709211986,8.186400506566511e-05
3.65714,0.003040539331298559,9.671871320618235e-05
3.65978,0.003584938609877911,0.0001131300957021036
3.66243,0.003958521226415093,0.0001238805091219696
3.66507,0.001802167175360709,5.882174236045049e-05
3.66771,0.001489559933407324,4.89334706476298e-05
3.67036,0.002044374722530523,6.615870591935425e-05
3.673,0.003440652885682575,0.0001084691807329926
3.67565,0.002778063887347389,8.833343784228758e-05
3.67829,0.002434242161487233,7.799292807475316e-05
3.68093,0.002674574916759156,8.600431559494345e-05
3.68358,0.004275306118201998,0.0001314355824626072
3.68622,0.002787469894561597,8.921401058354907e-05
3.68886,0.003528433892896785,0.0001099640704080854
3.69151,0.002641210946170924,8.428139028262644e-05
3.69415,0.001431931256936738,4.656207104756955e-05
3.6968,0.002616582269700336,8.263563169221474e-05
3.69944,0.003069556256936738,9.732311753091706e-05
3.70208,0.001922620837957825,6.165337759942913e-05
3.70473,0.0018842207963374,6.078249816888382e-05
3.70737,0.002176340385682575,6.910679770836274e-05
3.71001,0.002297080188679247,7.279015193364863e-05
3.71266,0.003091524972253053,9.682299759060199e-05
3.7153,0.00225519152330744,7.25049031609352e-05
3.71794,0.002417467466703665,7.699162778382552e-05
3.72059,0.002105812499999997,6.755807127156734e-05
3.72323,0.002422318118756936,7.686117758391133e-05
3.72588,0.001775524070477248,5.739873056518872e-05
3.72852,0.00231407235016648,7.362567080193758e-05
3.73116,0.001907178412874586,6.093168814383611e-05
3.73381,0.003977502635960047,0.0001230998499273762
3.73645,0.001689482796892344,5.418958454954303e-05
3.73909,0.003720239525527189,0.0001159635716167375
3.74174,0.003858069922308546,0.0001184181113639551
3.74438,0.00265784600443951,8.402905900895078e-05
3.74703,0.003086921545504994,9.749370698067788e-05
3.74967,0.001707012902330744,5.536773397241735e-05
3.75231,0.003093223501664818,9.595857330300847e-05
3.75496,0.003333027469478358,0.0001039809860198304
3.7576,0.001989110710321866,6.346216883700459e-05
3.76024,0.002414784614317422,7.696613787815828e-05
3.76289,0.002987477455604881,9.36015745328364e-05
3.76553,0.00391566197280799,0.0001209654178277989
3.76818,0.002880181673140957,9.074442255044355e-05
3.77082,0.002491184100998892,7.859399402821378e-05
3.77346,0.003074780036071032,9.653029485669472e-05
3.77611,0.003306844478357381,0.0001032121631782413
3.77875,0.002193909406215314,6.992107585210872e-05
3.78139,0.002590854814095449,8.218079582948058e-05
3.78404,0.002688435557713652,8.497966073128583e-05
3.78668,0.003063913568257493,9.586784783377317e-05
3.78933,0.002948544048279687,9.248084481003993e-05
3.79197,0.003765960183129857,0.0001204352899494037
3.79461,0.003093473016093232,0.000101811195052999
3.79726,0.003346977386237513,0.0001101763706328756
3.7999,0.002991428482241952,0.0001011797085083436
3.80254,0.001922451442841287,6.689313893418704e-05
3.80519,0.002206691870144284,7.723057021223586e-05
3.80783,0.002230814650388458,7.843736159822073e-05
3.81047,0.001932516717536072,6.917852321326671e-05
3.81312,0.001876250069367371,6.866984562539999e-05
3.81576,0.001140056603773583,4.212849650591245e-05
3.81841,0.004117244450610431,0.0001432261427703298
3.82105,0.003196053204772477,0.0001155335338640953
3.82369,0.00396560148446171,0.0001408305214876191
3.82634,0.00254121288845727,9.327739021952123e-05
3.82898,0.00179267875971143,6.726545241379153e-05
3.83162,0.001831898307436183,6.913850290031974e-05
3.83427,0.002585269353496114,9.684825594733764e-05
3.83691,0.0009882053274139844,3.873043782486252e-05
3.83956,0.003422474958379577,0.0001277726476734764
3.8422,0.001373812708102107,5.371076682822996e-05
3.84484,0.002866577413984463,0.0001092634296949439
3.84749,0.002921621670366261,0.0001085245444292429
3.85013,0.001942208865149836,7.178359628992335e-05
3.85277,0.003055794048279689,0.0001084406051732047
3.85542,0.001101068257491676,4.085619526670563e-05
3.85806,0.002461164539400668,8.782949478495043e-05
3.86071,0.001097822280799109,4.001116384205289e-05
3.86335,0.00258088339345172,9.054909464445775e-05
3.86599,0.002281585113762487,8.002171338655951e-05
3.86864,0.0001347675499445052,4.925013314874002e-06
3.87128,0.001821370629855717,6.462477222410273e-05
3.87392,0.003715645255271918,0.000126070876600258
3.87657,0.00377259635127636,0.0001278912014717039
3.87921,0.001584540233074361,5.608282328682869e-05
3.88186,0.00187180917036626,6.570204245842701e-05
3.8845,0.001053076789678135,3.762622626895577e-05
3.88714,0.00300826727247503,0.0001021906025863691
3.88979,0.003185417938401776,0.0001088460818490218
3.89243,0.001501321448390678,5.282763011834012e-05
3.89507,0.001963131451165373,6.745798561810505e-05
3.89772,0.001560898168701443,5.400375856925954e-05
3.90036,0.003768457616537183,0.000124299952600461
3.903,0.002948926331853497,9.864191854718545e-05
3.90565,0.003163710183129856,0.0001053515013123443
3.90829,0.001094901359600445,3.788238330530509e-05
3.91094,0.003231530036071033,0.0001075631501426978
3.91358,0.00231244249445061,7.785385585758961e-05
3.91622,0.001993425707547168,6.713826351619784e-05
3.91887,0.002715884433962265,9.109775335508651e-05
3.92151,0.003062107450055493,0.0001008497139943554
3.92415,0.00227286813263041,7.600692135096758e-05
3.9268,0.003778875416204214,0.0001231982781529696
3.92944,0.002228832269700334,7.417301012840633e-05
3.93209,0.003413556534406216,0.0001112748743428713
3.93473,0.00228856465038846,7.558709134080885e-05
3.93737,0.002762671822974475,9.064633713357054e-05
3.94002,0.002111086639844618,7.034734404826023e-05
3.94266,0.0006906879855715885,2.373970927489275e-05
3.9453,0.002075907394561598,6.920468092731743e-05
3.94795,0.003368685141509433,0.0001092234686875762
3.95059,0.003037881659267479,9.958920075813428e-05
3.95324,0.002984153648723639,9.814488628779009e-05
3.95588,0.003018971212541618,9.88909969385618e-05
3.95852,0.00179765531354051,6.042780925795283e-05
3.96117,0.002729051470588233,9.018688385038911e-05
3.96381,0.003790680424528301,0.0001219472013338454
3.96645,0.001368408088235295,4.613707112340046e-05
3.9691,0.002685244519977803,8.827033335501537e-05
3.97174,0.002627874514428414,8.703627971142276e-05
3.97439,0.002641485640954495,8.754548436126968e-05
3.97703,0.00102253072974473,3.445619902761988e-05
3.97967,0.002779890607658157,9.106242479162211e-05
3.98232,0.002316141717536071,7.639857261835828e-05
3.98496,0.003141487375138737,0.0001022758344567589
3.9876,0.00247660467536071,8.153664085797153e-05
3.99025,0.002517891301331853,8.289040902161753e-05
3.99289,0.001920148584905661,6.452558194994445e-05
