0.0431807,38.29737238485016,0.2842853114242932
0.0458244,33.27921946448391,0.254929478254916
0.0484682,29.11995037458379,0.2359129190161676
0.0511119,25.50259549112098,0.2263511409764948
0.0537556,22.7953348709767,0.2032888733465182
0.0563993,19.94024473501664,0.1931969079807662
0.059043,17.65168681465039,0.1703968368141833
0.0616867,15.9214486286071,0.1671009451817965
0.0643304,14.33007421822975,0.1545085462802371
0.0669742,13.16516558823529,0.1430330442285291
0.0696179,11.85145264220311,0.1372442604587533
0.0722616,10.7000030722808,0.1226855556816154
0.07490529999999999,9.866427238485018,0.1179070727110815
0.07754900000000001,9.061710106132075,0.1117988257434312
0.08019270000000001,8.310800485571587,0.1032561701217426
0.08283649999999999,7.669293121531632,0.1003362491269343
0.08548020000000001,7.113936588512764,0.09310402235719115
0.08812390000000001,6.517435858768036,0.09237836796693694
0.0907676,5.975743880410655,0.08715808070748945
0.0934113,5.620213999028858,0.08400337376716328
0.096055,5.175002588790234,0.08111986991181395
0.0986987,4.774740653440622,0.07502135476583198
0.101342,4.48490089345172,0.07277768382230666
0.103986,4.233850554938956,0.06772374289018764
0.10663,3.953419480438402,0.06588644069474389
0.109274,3.688103326165372,0.06314673016507245
0.111917,3.476540843507215,0.05933680164539929
0.114561,3.260942980022198,0.05615479888724684
0.117205,3.071096356132076,0.05381444279464392
0.119848,2.825962531215316,0.04998564251000832
0.122492,2.712933067425083,0.04768745264178981
0.125136,2.553199332685905,0.04605841772216687
0.12778,2.408347256520533,0.04375402044796047
0.130423,2.307123556465039,0.04254672258505589
0.133067,2.181283174944506,0.04071859506191587
0.135711,2.05911097599889,0.03771943040438009
0.138354,1.930010951720311,0.03622694342470339
0.140998,1.852643028579356,0.03480806647941815
0.143642,1.754187176054384,0.03317371000153255
0.146286,1.671151658573807,0.03125523055311578
0.148929,1.6218134309101,0.03044806633722655
0.151573,1.497666702968923,0.0290163901589681
0.154217,1.443884692008879,0.02757045451624945
0.15686,1.387018041759157,0.02681056726234595
0.159504,1.317225674250832,0.0253497025486674
0.162148,1.269281499722531,0.02462178434307287
0.164792,1.196049358351831,0.02366172047649789
0.167435,1.144371097391787,0.02233586242522575
0.170079,1.113171309655938,0.02185361569066642
0.172723,1.046171283296337,0.0205918600039683
0.175366,1.00983495491121,0.02010558369281877
0.17801,0.9941594741953386,0.01963005970390435
0.180654,0.9328311625971143,0.01848866685253113
0.183298,0.8896684399278579,0.01788497909068688
0.185941,0.8493192099056603,0.01701324534188554
0.188585,0.8558602649833519,0.01709191261002064
0.191229,0.8025027490288568,0.0161875936597669
0.193872,0.7734906763318534,0.01559078974198047
0.196516,0.7234529841842396,0.01478727525425114
0.19916,0.7109600485571588,0.01450385954176684
0.201804,0.6879092875971144,0.01432859522909017
0.204447,0.6830949410377358,0.01396051814537143
0.207091,0.636834210599334,0.01305280623141801
0.209735,0.6177084489456161,0.01270012443384857
0.212378,0.590950750554939,0.01226524100736284
0.215022,0.5929703066037736,0.01220332777308929
0.217666,0.565690321864595,0.01181901064627785
0.22031,0.5445082408435072,0.01154858796839219
0.222953,0.5099224736403997,0.01074462086913426
0.225597,0.5082056312430633,0.01060239312956319
0.228241,0.5023194943118757,0.01058729242558452
0.230885,0.4801099861265261,0.01016856736637228
0.233528,0.4665112666481687,0.009982566480692569
0.236172,0.451171875,0.009646798681021803
0.238816,0.4427828794395117,0.009465780998438336
0.241459,0.4306048127081021,0.009176438590516419
0.244103,0.4059589220310766,0.008653002474119703
0.246747,0.4107096309655938,0.008795674032737524
0.249391,0.3935535682574917,0.008525332621871872
0.252034,0.3807256881243063,0.008326537533303298
0.254678,0.3793947461154273,0.00816656761490079
0.257322,0.3576855715871255,0.007802577287892447
0.259965,0.3530797641509434,0.007685837642418147
0.262609,0.3418175298279689,0.007484812584263548
0.265253,0.3288473806881243,0.007336536010630325
0.267897,0.3271678738901221,0.007180684157861167
0.27054,0.3090100221975582,0.006863406570983561
0.273184,0.3241319013596005,0.007015145048304864
0.275828,0.3089520158157603,0.006756235532965346
0.278471,0.3061709829356271,0.006784693565518153
0.281115,0.2896863658435073,0.006487890870304406
0.283759,0.2909258115982242,0.006502395935341058
0.286403,0.2888162014428413,0.006313923395165485
0.289046,0.2710716280521643,0.006084387030949472
0.29169,0.2580912923140954,0.005827039350391072
0.294334,0.2621363103496115,0.005926878946198061
0.296977,0.2570645061043285,0.005823301888290319
0.299621,0.2497484454772475,0.005626934602967935
0.302265,0.2448081513596005,0.005545289916664061
0.304909,0.2429990572974473,0.005481488718665198
0.307552,0.2346433226970033,0.005378178502902114
0.310196,0.2375736979744728,0.005375109086442832
0.31284,0.2328565933684795,0.005262457572042281
0.315483,0.2289970400943396,0.00519800468435299
0.318127,0.2189021601692563,0.004999166728883336
0.320771,0.2194568811043285,0.004982950136924212
0.323415,0.2062729141231965,0.004775503944929859
0.326058,0.2100389796059933,0.004795685967984978
0.328702,0.2097535030521643,0.004847258503507567
0.331346,0.1988646499028857,0.004605742015200106
0.333989,0.1908541768867925,0.00444194853342998
0.336633,0.1934972259988901,0.004437180176491622
0.339277,0.192037429245283,0.004402037931089083
0.341921,0.1841136750832409,0.004325510376638914
0.344564,0.1913940322558269,0.004400265512357923
0.347208,0.1845933379578246,0.004289443152257283
0.349852,0.1834807783018868,0.004234715052641419
0.352495,0.177057386445616,0.004127915066850022
0.355139,0.175946724472808,0.004096681571410245
0.357783,0.1721677277330744,0.00403844667070908
0.360427,0.1741498840871254,0.00405325242261037
0.36307,0.1686024618479467,0.003919526039953602
0.365714,0.1677859430493896,0.003919170641721191
0.368358,0.156710579009434,0.003686798547788516
0.371001,0.1615803292175361,0.0037863155386419
0.373645,0.1507560911487237,0.003612454381915044
0.376289,0.16234818354606,0.003765763311661479
0.378933,0.1544270824778024,0.003649034257875124
0.381576,0.1535063811043285,0.003567485918525074
0.38422,0.1550613412874584,0.003621414809155514
0.386864,0.1521243458657048,0.003548367770124038
0.389507,0.1421013604328524,0.003399707879212082
0.392151,0.1419972831576027,0.003415699817132517
0.394795,0.1395882144839068,0.00331336712684459
0.397439,0.1384107421614873,0.003300825299144959
0.400082,0.1352295178967814,0.003221727473287459
0.402726,0.1362202275249723,0.003250165234767969
0.40537,0.1361650321864595,0.003242227230132165
0.408013,0.1330063214483907,0.003145903148116346
0.410657,0.1243161917314095,0.003036922332352199
0.413301,0.1318451797308546,0.003129284024697256
0.415945,0.127909526845172,0.003079555156839883
0.418588,0.1318443419117647,0.003146278901144923
0.421232,0.130162953454495,0.003103324140153885
0.423876,0.1200431266648169,0.002977502480124422
0.426519,0.1238403700055494,0.00305660065938909
0.429163,0.1167562662319645,0.003014970958228639
0.431807,0.1173844909128746,0.003083760260770679
0.434451,0.1214022317563818,0.00320578653321904
0.437094,0.118518101345727,0.003226926539665099
0.439738,0.1162875201859046,0.003194691786514086
0.442382,0.1131113045227525,0.0031925039870269
0.445025,0.1107397522891232,0.003145816122298269
0.447669,0.1136705167175361,0.003224650566411295
0.450313,0.1104056753607103,0.003208518166423252
0.452957,0.113293264636515,0.003223440765560891
0.4556,0.1090040520948946,0.003122041613819535
0.458244,0.1055686161209767,0.003006969995644038
0.460888,0.103914552927303,0.002990788083462546
0.463531,0.1152917721975583,0.003244950685425585
0.466175,0.1029505001387347,0.002967565398132759
0.468819,0.1093221532325194,0.003154085013118314
0.471463,0.1021491536487236,0.002936129180144034
0.474106,0.1006153312291898,0.002965129078909455
0.47675,0.1020822265538291,0.002992255735392928
0.479394,0.1003982765677025,0.00296789296746628
0.482037,0.09848536390122087,0.002964645467465786
0.484681,0.09631729182852386,0.002780862479247853
0.487325,0.09555374105160933,0.002760458747191697
0.489969,0.09388366544117649,0.002663327243758497
0.492612,0.09563578322697003,0.002693827562612811
0.495256,0.1005006919395117,0.002737962131020488
0.4979,0.09789124486681465,0.002657343178026187
0.500543,0.09428676172308545,0.002571320768133579
0.5031870000000001,0.08937952483351831,0.002458859930739838
0.505831,0.08820248744450611,0.002437631471027001
0.508475,0.09181618201997781,0.002494018203096131
0.511118,0.0905004420782464,0.002433161953661399
0.5137620000000001,0.08528442764983354,0.002338067417189945
0.516406,0.09105325388457269,0.002421127534660116
0.519049,0.08695295810210876,0.0023563666505983
0.521693,0.08755877684517203,0.002335292863492324
0.5243370000000001,0.08502357061598223,0.002286717536079404
0.526981,0.08081840323251943,0.00221119031120275
0.529624,0.08205979703107658,0.002203295883787626
0.532268,0.08488230653440623,0.002261395221740957
0.5349120000000001,0.0847375652746948,0.002236231454584235
0.537555,0.07990471573251944,0.002145991536363865
0.540199,0.08317303426748059,0.002213089353927896
0.542843,0.07881268264428413,0.002121206453060733
0.5454870000000001,0.07806651546892343,0.002100176205476227
0.54813,0.08139556902053274,0.002116754398467356
0.550774,0.07280896261098778,0.00198404930677326
0.553418,0.0784808261653718,0.002069742525816721
0.556061,0.07757003898446171,0.00205305295244654
0.558705,0.0755285622918979,0.002026539321985793
0.561349,0.07885371746670367,0.002039044297112312
0.563993,0.07871056714761378,0.002052014983724689
0.566636,0.07734667549944509,0.002013168042539944
0.56928,0.07068024285516095,0.001903837202676045
0.571924,0.07559863693118757,0.00198390895469541
0.574567,0.07216754571309657,0.001913804303293099
0.577211,0.07451321254162042,0.00195029435376104
0.579855,0.07107628634850167,0.001866714691784095
0.582499,0.07498748910932296,0.001953247523519645
0.5851420000000001,0.0716332574916759,0.001878143901664587
0.587786,0.07140032547169813,0.001890052693349928
0.59043,0.06889983379578248,0.001829692331203895
0.593073,0.07164336168146504,0.001850221957413086
0.5957170000000001,0.07127014074639292,0.001849347948153608
0.598361,0.07411234586570478,0.001903902387096868
0.601005,0.06563503593229744,0.001737922971186657
0.603648,0.06671238200610433,0.00174929514693544
0.6062920000000001,0.06541565094339623,0.001722131566154184
0.608936,0.06586105480022199,0.001727733456319631
0.611579,0.06551209399278581,0.001706018752640924
0.614223,0.06734548938679245,0.001737719014493206
0.6168670000000001,0.06375172849611542,0.001670181898798535
0.619511,0.06758764428412875,0.001727231250524781
0.622154,0.06433670935072143,0.001673936571723125
0.624798,0.0661991628745838,0.001694314897014779
0.6274420000000001,0.06444852844062153,0.001654117164068511
0.630085,0.06068333740288569,0.001596627037179504
0.632729,0.06440036299944507,0.001651877429412223
0.635373,0.05913999223085461,0.001555115696042015
0.6380169999999999,0.06184116904827969,0.001591797319657764
0.64066,0.06314138873473919,0.001624875514258148
0.643304,0.05698105833795782,0.001513120510119587
0.645948,0.06016685627081022,0.001562876059366205
0.6485919999999999,0.06511249091287458,0.001645568571161622
0.651235,0.06281807297447282,0.001617148053957711
0.653879,0.05939891266648169,0.001550883805741428
0.656523,0.05904603288013318,0.001535509907118326
0.659166,0.05705156333240844,0.00150065333994656
0.66181,0.05704718881798003,0.001480210798685623
0.664454,0.06067796711986682,0.001560758203433708
0.667098,0.05786991342952275,0.001514955775810318
0.669741,0.05824987583240845,0.001518429063231105
0.672385,0.05793525645116537,0.001502181956953323
0.675029,0.05423465073529412,0.001425189054990877
0.6776720000000001,0.05415226519145394,0.001418957734926033
0.680316,0.05568386258324085,0.001451175970271466
0.68296,0.05678297592952276,0.001457537135302964
0.685604,0.05498198307436183,0.001437050561383077
0.6882470000000001,0.05385402448668146,0.001405757933296874
0.690891,0.05837026768867924,0.00148913884882515
0.693535,0.0530530419672586,0.001384623256858153
0.696178,0.05256157637347392,0.001375813387079851
0.6988220000000001,0.05236907713651499,0.001376700683399117
0.701466,0.05423037694228636,0.001397893473701558
0.70411,0.05044865843507215,0.00133677503846442
0.706753,0.05551755778301887,0.001411530176982615
0.7093970000000001,0.05283890593784684,0.00136868853858741
0.712041,0.05456540614594896,0.001400880651940181
0.714684,0.04864814171753607,0.001284258166923871
0.717328,0.05092516460876803,0.001325205841147532
0.7199719999999999,0.05101073661209769,0.001326438755810597
0.722616,0.04986204314650389,0.001297589267435755
0.725259,0.0512984977108768,0.001326330668967856
0.727903,0.04988506943673696,0.001283242279963706
0.7305469999999999,0.05125993056326304,0.00132623022871388
0.73319,0.05186487715038846,0.001331807602841089
0.735834,0.05214894360432853,0.001325734639107977
0.738478,0.05177171441453939,0.001313620303996754
0.7411219999999999,0.04913351137624861,0.001269363866561842
0.743765,0.05122518854051055,0.001314146269437883
0.746409,0.05278153364317426,0.001318771882527627
0.749053,0.04782430230299668,0.001243182544569574
0.751696,0.04810309003884573,0.001235155437950106
0.75434,0.04838634614317425,0.001251074962904459
0.756984,0.0466725002081021,0.001201244588513119
0.759628,0.04759701754994451,0.00122598046540268
0.762271,0.04876075742230855,0.001243467228115809
0.764915,0.0491778700055494,0.001243130980886211
0.767559,0.0440481074500555,0.00116400916741653
0.7702020000000001,0.04707812826026637,0.001202299875193208
0.772846,0.04633908254716981,0.001186197125298271
0.77549,0.04408530570199778,0.001153973167672047
0.778134,0.0462232025527192,0.001178240290480319
0.7807770000000001,0.04570617432019979,0.001178099652085559
0.783421,0.04727324625416204,0.001198234751114821
0.786065,0.04690569318812431,0.001192734012863543
0.788708,0.04328069950055494,0.001127082332493195
0.7913520000000001,0.04962030944783574,0.001229104294748778
0.793996,0.04320749562985572,0.001120446162844759
0.79664,0.045101072072697,0.001147843408780671
0.799283,0.0450175419672586,0.001145709411628611
0.8019269999999999,0.0442898068118757,0.001131715523280811
0.804571,0.04571128364317426,0.001150787557971408
0.807214,0.04275406839622642,0.001102334863097539
0.809858,0.04459464019145395,0.001122709889784205
0.8125019999999999,0.04452093729189791,0.001137970935543569
0.815146,0.04522208428135406,0.001134291160458584
0.817789,0.04237264324361821,0.001084965145138886
0.820433,0.04472793812430632,0.001132125429342483
0.8230769999999999,0.044974362236404,0.001125303675501425
0.82572,0.04230797093507214,0.00108456256011646
0.828364,0.04298408178412876,0.001087655100618348
0.831008,0.04057574791897892,0.001048785577558711
0.8336519999999999,0.0415312050499445,0.001053579780179315
0.836295,0.04358000464761376,0.001094841747627141
0.838939,0.04127507734461709,0.001056197861157382
0.841583,0.0415159365982242,0.001044861595928906
0.844226,0.04380071274972253,0.001104734847190609
0.84687,0.04260177074084351,0.001069625229428107
0.849514,0.04436919131520534,0.001100509856715945
0.852158,0.04627984232796892,0.001137638038987444
0.854801,0.04215962888457269,0.001043106063972754
0.857445,0.0390854669117647,0.001001799305216069
0.860089,0.04028960751942287,0.001013730137833345
0.8627320000000001,0.04010448612652608,0.00101178705278788
0.865376,0.04177073890122086,0.001077514066551314
0.86802,0.0415874785654828,0.001067624647105469
0.870664,0.03876447918978913,0.001030231254997258
0.8733070000000001,0.04027001720310766,0.001043377231915423
0.875951,0.04113067487513873,0.001078818229207489
0.878595,0.04026814241120977,0.00106209370459961
0.881238,0.04361604918146503,0.001119373568305114
0.8838819999999999,0.03919647794117647,0.001053449492952282
0.886526,0.03830026789678136,0.001012718964188164
0.88917,0.03974285044395117,0.001051779246439084
0.891813,0.03609113811043285,0.0009820371676624289
0.8944569999999999,0.03949296059933407,0.001025384897707656
0.897101,0.0397352185072142,0.001020273131456161
0.899744,0.04008772287735848,0.001022220335451229
0.902388,0.03972765295504994,0.001011650443005479
0.9050319999999999,0.03779249230022198,0.0009631581831113958
0.907676,0.03873896233351832,0.0009822681930222758
0.910319,0.0398743788845727,0.001005693056477087
0.912963,0.03792820525804662,0.000967519099513306
0.9156069999999999,0.03693103114594894,0.0009490978871621226
0.91825,0.0369926177164262,0.000935125243269261
0.920894,0.03875068493340732,0.0009777620054912701
0.923538,0.03809254599056603,0.0009614449036534654
0.9261819999999999,0.03821922606825749,0.0009557177170728997
0.928825,0.0399619035099889,0.0009983712609906074
0.931469,0.03759180715871254,0.0009441797973620901
0.934113,0.03620979710044395,0.0009278230606292816
0.936756,0.03614474479744728,0.0009094050318013845
0.9394,0.03528815260821309,0.0008970936026239945
0.942044,0.03599235786625972,0.0009043217469100382
0.944688,0.03548407637347392,0.0008984555614910878
0.947331,0.03845851269422863,0.0009541599330745701
0.949975,0.03604659406215317,0.0009023808331292728
0.952619,0.03469624486681465,0.0008801172579290559
0.9552619999999999,0.03714329009433962,0.0009239677267256348
0.957906,0.03531431499722531,0.0008893591901809334
0.96055,0.03575641793840178,0.0009017527677067751
0.963194,0.03318589282741399,0.0008339150873883581
0.9658369999999999,0.03792626637069922,0.0009352061180456538
0.968481,0.03433833587680355,0.0008630741117225127
0.971125,0.03835858788845727,0.0009301824069431854
0.973768,0.03653894554661488,0.0008964585859923618
0.9764119999999999,0.03568210842119867,0.0008746490873380758
0.979056,0.03384326033573807,0.000849008908301175
0.9817,0.03473019485294118,0.0008600777751464578
0.984343,0.03477475034683685,0.0008556487176940945
0.9869869999999999,0.03618381784128746,0.0008773925015219545
0.989631,0.03628189303551609,0.0008912584393707723
0.992274,0.03675624514428413,0.0009230828984200521
0.994918,0.03630688797169811,0.0009126988586855801
0.9975619999999999,0.03147762319644839,0.00083081189339018
1.00021,0.03384834447835738,0.0008833238491308462
1.00285,0.03436827302996671,0.0008897170963646892
1.00549,0.03399217237791343,0.0009008070511294689
1.00814,0.03472220810210876,0.0009078084508244161
1.01078,0.03333439053829079,0.00088652512641995
1.01342,0.03236795248335184,0.0008720964595894951
1.01607,0.03171231326304106,0.0008680655402094703
1.01871,0.03207304016370699,0.0008690461444465112
1.02136,0.03623892161487236,0.0009553238846262006
1.024,0.03286605882352941,0.0008975603310294097
1.02664,0.03589294582408435,0.0009584201709945769
1.02929,0.03009768250554939,0.0008455856806981521
1.03193,0.03119007040788014,0.0008656048645569727
1.03457,0.03146926560765816,0.0008696895957706861
1.03722,0.03114105570199778,0.0008730586584436174
1.03986,0.03013194839067703,0.0008439395527444069
1.04251,0.03046767806603774,0.0008581063304507784
1.04515,0.03234386403995561,0.0008810389314427151
1.04779,0.03346862243340733,0.0008953269113427478
1.05044,0.03195327552719201,0.0008568636241450952
1.05308,0.0322613731964484,0.0008482091705564289
1.05572,0.03078316731409545,0.0008248656902945705
1.05837,0.03066635106825749,0.000808000561910179
1.06101,0.02961726650943396,0.0007956919142746618
1.06365,0.03107937985571587,0.0008120873964944573
1.0663,0.03091040364872365,0.0008091967972469971
1.06894,0.03113716419256381,0.0008123666402276952
1.07159,0.03118498168701443,0.0008014194585645381
1.07423,0.03306564976415094,0.0008451275138748705
1.07687,0.03096175326026637,0.0007950205682070114
1.07952,0.03081307241953385,0.0007970552111892067
1.08216,0.03123711417869035,0.0007998416969881517
1.0848,0.02889817966148723,0.0007412013593955288
1.08745,0.03391813984461709,0.0008425045278710076
1.09009,0.0274378266509434,0.0007152777257563121
1.09274,0.03073479127358491,0.0007825195474577132
1.09538,0.03001122232241953,0.0007656614833159797
1.09802,0.02787027178135405,0.0007179106138657011
1.10067,0.02765796247225305,0.0007183780218186858
1.10331,0.02847309635127636,0.0007247174566493053
1.10595,0.03087692751109878,0.0007739378403418664
1.1086,0.02825680396781354,0.0007216985162024006
1.11124,0.0305204927164262,0.0007644704004324572
1.11389,0.02857360488346282,0.0007299871064106591
1.11653,0.02916595671476138,0.0007267234332350539
1.11917,0.02754083948390677,0.0007070205156841094
1.12182,0.02709590718645949,0.0006918074504606528
1.12446,0.029854943881798,0.0007487338302941222
1.1271,0.02973933400388457,0.0007406193429807101
1.12975,0.02847860169256382,0.0007132226060658086
1.13239,0.02963194436736959,0.0007382940297352838
1.13504,0.02836043944228635,0.0007113354492435528
1.13768,0.02738611077968924,0.0006931600462833237
1.14032,0.02662763269977803,0.0006800226681040102
1.14297,0.02720249334073252,0.0006900219176098186
1.14561,0.02732233580743618,0.0006974320560290487
1.14825,0.02656794152330744,0.000669563982189964
1.1509,0.02641797648446171,0.0006707974343388005
1.15354,0.02788149764150944,0.0006976910110245407
1.15618,0.02776460814372919,0.0006918231573971032
1.15883,0.02825710613207548,0.0007103039452975318
1.16147,0.02655527809378469,0.0006648827629598129
1.16412,0.02862461570477248,0.0007129777540046481
1.16676,0.02485277018590456,0.0006294509645536043
1.1694,0.02577143652885682,0.0006531983390047359
1.17205,0.02761935183129856,0.0006840873250885749
1.17469,0.02743358490566038,0.0006795386224220505
1.17733,0.0252221225027747,0.0006396663790712684
1.17998,0.02673238068812431,0.0006608063921701647
1.18262,0.02675660876803552,0.0006659023106396486
1.18527,0.02689013561320755,0.0006650779153146519
1.18791,0.02608260391231964,0.0006520045608676403
1.19055,0.02519583421198669,0.0006354576315812597
1.1932,0.02491420567425083,0.0006223069190050887
1.19584,0.02417510960044395,0.0006132331938631676
1.19848,0.02764998487791344,0.0006726270184698468
1.20113,0.02461873251942287,0.0006204996033269101
1.20377,0.02648634343784683,0.0006527374776151179
1.20642,0.02520384385405106,0.0006288457480117458
1.20906,0.02577807040788013,0.0006410530959411478
1.2117,0.02504741204217536,0.0006187914386066764
1.21435,0.02337202795504995,0.0005905590976847823
1.21699,0.0234950317008879,0.0005900491851868174
1.21963,0.02431435009711432,0.0006069600082585601
1.22228,0.02453176872918979,0.0006130780125818384
1.22492,0.02254340656215316,0.000568648141646317
1.22757,0.02252106471975583,0.0005703740532038668
1.23021,0.02495131693951165,0.0006125269879858065
1.23285,0.02304532429245283,0.0005775327328165814
1.2355,0.02325985405105439,0.000583399836700392
1.23814,0.02448192078246393,0.0006039283373426687
1.24078,0.02290351997780244,0.0005773716075747577
1.24343,0.02362206201442841,0.0005880915712773242
1.24607,0.02344272294672586,0.0005815630037161496
1.24871,0.02200155965593785,0.0005536431077726088
1.25136,0.02257834773862375,0.0005626953770008113
1.254,0.02431573501664817,0.0005976841620482422
1.25665,0.02230139359045505,0.0005581784017825009
1.25929,0.02268048841564928,0.0005664553362809299
1.26193,0.02212872502774695,0.0005491944162072788
1.26458,0.02235392210044395,0.000554651922392146
1.26722,0.02143819728079912,0.0005390994129810288
1.26986,0.02264491086293008,0.000561187767081245
1.27251,0.02082457033851277,0.0005267520295881129
1.27515,0.02113632602663707,0.0005286886568942428
1.2778,0.02072287832963374,0.0005230512308155823
1.28044,0.02082557755271921,0.0005194389762959521
1.28308,0.02093258719478357,0.0005232335403541894
1.28573,0.02088989275804661,0.000525986245930056
1.28837,0.02108657651220866,0.0005217847853323704
1.29101,0.02154460946170921,0.0005401343990955039
1.29366,0.02036441995005549,0.0005084677659810309
1.2963,0.02017937867647059,0.0005065948881327224
1.29895,0.01887172620699223,0.0004811841741085786
1.30159,0.02007486417869034,0.0004996621822856113
1.30423,0.01979341648168701,0.0005006359238209246
1.30688,0.01859823779134295,0.0004686752106438476
1.30952,0.02067995726970034,0.0005142757797132829
1.31216,0.01939144187014429,0.0004850395542421098
1.31481,0.0189381954772475,0.0004779294875887213
1.31745,0.01951616703662597,0.0004884712990574469
1.3201,0.01817918632075472,0.0004581041247268876
1.32274,0.0212142958518313,0.0005192361576443252
1.32538,0.01840132054661487,0.0004611368502631397
1.32803,0.01924353933129856,0.0004776082318858346
1.33067,0.0190479635127636,0.0004790876203795207
1.33331,0.01845426796614873,0.0004592509053849625
1.33596,0.0182352080327414,0.0004592983167116356
1.3386,0.01947790205327414,0.0004824960039946235
1.34124,0.01821949549112098,0.0004561777941026531
1.34389,0.01797074791897891,0.0004510670000508868
1.34653,0.01517183469755827,0.0003911818928215969
1.34918,0.01812736972807992,0.0004553542394403899
1.35182,0.01890512222530521,0.0004662625594350129
1.35446,0.0191253702136515,0.00047402393806301
1.35711,0.01848003433684794,0.000459998590870044
1.35975,0.01940710862930078,0.000478330158745265
1.36239,0.01690532817702553,0.0004296318630652869
1.36504,0.01794780632630411,0.0004448526904958435
1.36768,0.01665708879023307,0.0004230710539476315
1.37033,0.01741341509433963,0.000437468378155656
1.37297,0.01628955403718091,0.000414770907459677
1.37561,0.01763630473085461,0.0004460430072004277
1.37826,0.01788835550776914,0.0004429814140910621
1.3809,0.01598706929800222,0.0004094001657002944
1.38354,0.01897145872641509,0.0004679326183834717
1.38619,0.01598670532741398,0.0004089791630154587
1.38883,0.01614979390954495,0.000409130605938176
1.39148,0.01610837909267481,0.0004096099937098522
1.39412,0.01614374833518313,0.0004109308295793319
1.39676,0.0152973679245283,0.0003895364960964016
1.39941,0.01626562125416204,0.0004110148617911335
1.40205,0.01690437132352941,0.0004225931361824782
1.40469,0.01719652524972253,0.0004337557208769528
1.40734,0.0164379304245283,0.000413068576111884
1.40998,0.01571382810765816,0.0003975159010963883
1.41263,0.01648357096281909,0.000411744393037393
1.41527,0.01446674354883463,0.0003712684178201416
1.41791,0.01646808275527193,0.0004138894752914186
1.42056,0.01547883358768036,0.0003930827280590343
1.4232,0.01506333254716981,0.0003830162416997704
1.42584,0.01658430611820199,0.0004134390643268424
1.42849,0.01647038103496115,0.0004126174751570072
1.43113,0.01524203523862375,0.0003875635244121618
1.43377,0.01676868583518313,0.0004169919791555401
1.43642,0.01327492758046615,0.0003428992576311162
1.43906,0.01517634884850166,0.0003852176050296211
1.44171,0.01521810474472808,0.0003846846394732343
1.44435,0.01446054689234184,0.000368244986851888
1.44699,0.01355931451165372,0.0003488469356777314
1.44964,0.01347021268035516,0.0003485437488073283
1.45228,0.01479474743340733,0.0003740841217641105
1.45492,0.01404433164539401,0.0003578286709133055
1.45757,0.01339257706714761,0.0003434106080455041
1.46021,0.0138415015954495,0.0003536690459401652
1.46286,0.01380684884850166,0.0003524799421131086
1.4655,0.01332280459211987,0.0003430793228806272
1.46814,0.0134613583518313,0.0003436744855523272
1.47079,0.0138346731409545,0.0003541468037608014
1.47343,0.01329073855438402,0.0003397164268373906
1.47607,0.01452803940066593,0.0003683678962020583
1.47872,0.01292006541342952,0.0003305714316128264
1.48136,0.01374957727524972,0.0003511785897163083
1.48401,0.01539858837402886,0.0003865143742243334
1.48665,0.01268867626248613,0.0003264207366088933
1.48929,0.01264291211154273,0.0003247834339868417
1.49194,0.01440358435072142,0.0003590174489848094
1.49458,0.01389284662874584,0.0003544546695526035
1.49722,0.01276056159822419,0.0003264337605375524
1.49987,0.01364300256659267,0.000345501547500149
1.50251,0.01243604175915649,0.0003226897536063737
1.50516,0.01273855854605994,0.000325102164117232
1.5078,0.01348099445061043,0.0003412827773950193
1.51044,0.01303175173418424,0.0003323146526520692
1.51309,0.01278294006659267,0.0003258526108237901
1.51573,0.01274041731409545,0.0003267880019873741
1.51837,0.01184134357658157,0.0003038988203329086
1.52102,0.01114827032463929,0.0002900845326761893
1.52366,0.01219792487513874,0.000310932423798051
1.5263,0.01245514220310766,0.0003158613550881871
1.52895,0.01112533102108768,0.0002903957421951426
1.53159,0.01217475208102108,0.0003127167951251158
1.53424,0.01221938998335183,0.0003151329458539261
1.53688,0.01107358996947836,0.000287697869778268
1.53952,0.01227148127081021,0.0003119018685695429
1.54217,0.01087835294117647,0.0002809070164634713
1.54481,0.01288002407047725,0.0003254718347418556
1.54745,0.01185003995560488,0.0003058398221258308
1.5501,0.01233236050221976,0.000317970148559683
1.55274,0.01259730591009989,0.0003276819634625703
1.55539,0.01054769596281909,0.0002839895924624258
1.55803,0.01081831839622642,0.0002921742691102134
1.56067,0.01120571587125416,0.0003038318055906209
1.56332,0.01188188852663707,0.0003167142624384315
1.56596,0.01137246476137625,0.0003110631957851399
1.5686,0.01160941648168702,0.0003137528078547387
1.57125,0.01088841363762486,0.0003029489656303955
1.57389,0.01249774278579356,0.0003379705966302802
1.57654,0.01199003357380688,0.0003258124316117901
1.57918,0.01243858726415095,0.000341942805830581
1.58182,0.01030711827136515,0.0002901315961143795
1.58447,0.0110553227663707,0.0003101991616830372
1.58711,0.0121991724472808,0.0003347316290414817
1.58975,0.01034848959489456,0.0002928184514925273
1.5924,0.01096973702830189,0.0003134506695279627
1.59504,0.01006437049112098,0.0002861148304349187
1.59769,0.01108564907047725,0.0003149110233564779
1.60033,0.01102532380688124,0.0003118566368727809
1.60297,0.0115396897891232,0.0003243688055209876
1.60562,0.01026301373473918,0.0002935693746085608
1.60826,0.01094770650665927,0.0003030208039077998
1.6109,0.01211152878745838,0.0003296645659126306
1.61355,0.01073489130133185,0.0002935025638682335
1.61619,0.009616885821309656,0.0002671106815649642
1.61883,0.008490616606548278,0.0002398707845184257
1.62148,0.01003250360710322,0.0002737200481147891
1.62412,0.009959130341287458,0.0002745410568271618
1.62677,0.01065886494173141,0.0002863060621695303
1.62941,0.01163794582408435,0.0003116286699629394
1.63205,0.01117900180355161,0.0002981469494079184
1.6347,0.01021716488623752,0.000275708953118808
1.63734,0.009356333240843505,0.000256179644135467
1.63998,0.01048107789955605,0.0002817425797359102
1.64263,0.01164784857103219,0.0003065734724802578
1.64527,0.008969707200332959,0.0002438788315199507
1.64792,0.01009590087402886,0.0002717171810656873
1.65056,0.01031553766648169,0.0002762044769031846
1.6532,0.01098135203940067,0.0002899782562577196
1.65585,0.0101355118618202,0.0002722141355937403
1.65849,0.00888457928690344,0.0002400637410867993
1.66113,0.008953044672586015,0.0002431745253708512
1.66378,0.00987264726692564,0.000265103054775872
1.66642,0.00999038145116537,0.000267660124993004
1.66907,0.01010643312985571,0.0002717008831312959
1.67171,0.008280047031076583,0.0002259279343233833
1.67435,0.010246243618202,0.000272610374640852
1.677,0.009399062014428413,0.0002523638377567897
1.67964,0.01026268181187569,0.0002714833529020979
1.68228,0.008763461778579357,0.0002368976060784617
1.68493,0.009224949014983353,0.000247537333913231
1.68757,0.009354055563263042,0.000250413168127418
1.69022,0.01011941474750278,0.000266503520414292
1.69286,0.009184307921753607,0.0002458704562014245
1.6955,0.009856277746947834,0.0002627477110987703
1.69815,0.008997673418423975,0.0002418544654389901
1.70079,0.01069321552441732,0.0002820686166053626
1.70343,0.007700825610432851,0.000208865841024057
1.70608,0.008945659961154274,0.0002392711334468596
1.70872,0.007151179661487237,0.0001957267232849294
1.71137,0.007292640607658159,0.0002002840441534844
1.71401,0.00878073779134295,0.000235766599668327
1.71665,0.008328837402885684,0.0002249346786222237
1.7193,0.007924868965038842,0.000215658974965189
1.72194,0.00845731444228635,0.0002269014833849621
1.72458,0.008684441245837959,0.0002327425059952233
1.72723,0.00807220609045505,0.0002171873150102392
1.72987,0.007779571448390679,0.0002107061481238869
1.73251,0.007598304938956717,0.0002076258305685924
1.73516,0.008253353565482797,0.000219746535277952
1.7378,0.007632103842952272,0.000207006282243306
1.74045,0.007878147960599336,0.0002118457671505574
1.74309,0.008023269214761375,0.0002159148505296846
1.74573,0.008437783643174249,0.0002255887574040401
1.74838,0.007919654342397338,0.000211335868457446
1.75102,0.007327469617092122,0.0002006991192497269
1.75366,0.008621080604883466,0.0002271312335121368
1.75631,0.006995592536071031,0.0001899874911748061
1.75895,0.008723681395671475,0.0002319256413464045
1.7616,0.008954495976692563,0.0002359568334914567
1.76424,0.007180780313540512,0.0001955152638204292
1.76688,0.007723762624861265,0.0002055719430394677
1.76953,0.008332770116537181,0.0002217547094615104
1.77217,0.008602630271920091,0.0002282998590065986
1.77481,0.009278004023307437,0.0002434274754683927
1.77746,0.008162514289678135,0.0002184530986675829
1.7801,0.009244150180355164,0.0002402957676039018
1.78275,0.006549238693118756,0.0001791875055214483
1.78539,0.008481757699778025,0.0002218787549706658
1.78803,0.006029854952830188,0.0001648605430213653
1.79068,0.007744488346281908,0.0002076054038002279
1.79332,0.007526932366814653,0.0001996236868982486
1.79596,0.007240807991120978,0.0001964114169874813
1.79861,0.008839760543840178,0.0002295552665035005
1.80125,0.007615837333518314,0.000203308219659622
1.8039,0.007324406770255274,0.0001967648764687824
1.80654,0.006857006728634851,0.0001846052027145828
1.80918,0.00811500353773585,0.0002163005125610217
1.81183,0.007436631034961155,0.0001989871745214556
1.81447,0.007610281631520536,0.0002030486392507179
1.81711,0.006626746115427302,0.0001791174766533995
1.81976,0.007046301193118759,0.00018881273754881
1.8224,0.008278169950055494,0.0002198833930859658
1.82504,0.007500364802996669,0.0002001223157033112
1.82769,0.007048633809655941,0.000191104245761591
1.83033,0.00825847433407325,0.0002179337387354765
1.83298,0.006682337472253053,0.0001805742980354981
1.83562,0.00711146795227525,0.0001921632665654406
1.83826,0.008620860849056604,0.0002284757336504254
1.84091,0.006260129300776917,0.0001724754638465073
1.84355,0.008899231964483906,0.0002339050275476264
1.84619,0.008159760474472809,0.000217225572074754
1.84884,0.005222579633740286,0.0001443188443942631
1.85148,0.006701158643174254,0.00018310406338564
1.85413,0.006078608698668143,0.0001681792453015973
1.85677,0.004841090385682575,0.0001352280349284097
1.85941,0.007168680008324086,0.0001944025080536506
1.86206,0.006275546545504998,0.0001706250346564185
1.8647,0.006820476900665925,0.0001858271156345067
1.86734,0.006242180285793564,0.0001711370811567811
1.86999,0.007941098848501667,0.0002108112281434287
1.87263,0.008116379300776912,0.0002179768753804497
1.87528,0.005162625208102108,0.0001440179222605174
1.87792,0.007636263179800221,0.0002053077305372579
1.88056,0.006894800152608214,0.0001873098071710983
1.88321,0.006042227663706989,0.0001656741468733763
1.88585,0.00702516342952275,0.0001920933335023869
1.88849,0.006174907533296337,0.0001683484141837804
1.89114,0.00515790732519423,0.0001447599791564901
1.89378,0.005819216703662598,0.00015969786911954
1.89643,0.006645967882907878,0.0001814257061419152
1.89907,0.00609216259711432,0.0001684106525682722
1.90171,0.00591226040510544,0.0001617976294974308
1.90436,0.006378630341287461,0.0001748416155436819
1.907,0.005314194922308546,0.0001474046685227778
1.90964,0.006644759225860157,0.0001818033597586656
1.91229,0.006800836223640399,0.0001853285313286907
1.91493,0.00562587278024417,0.0001555596409946242
1.91757,0.005895650527192012,0.0001622639913907486
1.92022,0.006212046268035516,0.0001711847755894298
1.92286,0.007308984947280799,0.0001980596285262625
1.92551,0.007047557921753608,0.0001892843981615883
1.92815,0.005624844963928968,0.0001552664732292057
1.93079,0.006203258324084351,0.0001715360995934123
1.93344,0.006692572142064371,0.0001813557184467552
1.93608,0.005856034961154275,0.0001614566133649813
1.93872,0.006913259642064374,0.0001871638119919301
1.94137,0.006155246254162043,0.0001707056839360885
1.94401,0.006440770879578245,0.0001764313798749942
1.94666,0.006145462541620423,0.000168375039400377
1.9493,0.007128755410654832,0.0001931852446202279
1.95194,0.006679189927857935,0.0001810955902768449
1.95459,0.00677900485571587,0.0001841990469201738
1.95723,0.005796929800221975,0.0001608095627361193
1.95987,0.00627729772475028,0.0001715412663433991
1.96252,0.006534695893451722,0.0001794621484987604
1.96516,0.006412438401775807,0.0001746304132888824
1.96781,0.005309969200887903,0.0001477724841726306
1.97045,0.006060453662597115,0.0001664511899031133
1.97309,0.006677273931742505,0.0001820510786461327
1.97574,0.007651515607658158,0.0002056860346608182
1.97838,0.006555426193118756,0.0001785947066547777
1.98102,0.00601726248612653,0.0001665746943329665
1.98367,0.006217975097114318,0.0001698745517861986
1.98631,0.005395966981132074,0.0001499577258892261
1.98896,0.003695690968368481,0.0001061289054160435
1.9916,0.005503439026082131,0.0001526835164112478
1.99424,0.00464825693673696,0.0001298660437294671
1.99689,0.006025984045504996,0.0001646256179038428
1.99953,0.006098068534961153,0.0001664900244824427
2.00217,0.006239962125416204,0.0001700714889240996
2.00482,0.005217658018867923,0.0001448056945194134
2.00746,0.004523497433407326,0.0001268716082638084
2.0101,0.005847063887347394,0.0001591725131867889
2.01275,0.005741237721975587,0.0001578619132359747
2.01539,0.005401687500000002,0.0001478523469528279
2.01804,0.006536554661487238,0.0001781974018232012
2.02068,0.004260886931187568,0.0001201401850299073
2.02332,0.005534207130965591,0.0001518446846764557
2.02597,0.006622243410099888,0.0001790459696302785
2.02861,0.005969046684239733,0.0001617830219344292
2.03125,0.004322008809655938,0.000121580956405267
2.0339,0.005511167105993337,0.0001512759089568477
2.03654,0.00413528045227525,0.0001171549737664533
2.03919,0.005142000208102108,0.000142113367566616
2.04183,0.006192922932852384,0.0001673578058570409
2.04447,0.003880958865149837,0.000109907350700146
2.04712,0.004937954633740286,0.0001366589950939303
2.04976,0.005937394977802443,0.0001619423718954701
2.0524,0.004795108768035515,0.0001336570960899307
2.05505,0.006437202136514984,0.0001738022282998299
2.05769,0.00532296455327414,0.0001469964956612446
2.06034,0.005654269353496114,0.0001534937515524297
2.06298,0.00446940774139845,0.00012523998593903
2.06562,0.005278393035516094,0.0001447750337382744
2.06827,0.005695997780244171,0.0001552485911449559
2.07091,0.00558649299389567,0.0001535361516360251
2.07355,0.005491714137069924,0.0001499109186863136
2.0762,0.004115571101553828,0.0001158483180612603
2.07884,0.003067718091009987,8.755825814944653e-05
2.08149,0.005956362652608214,0.0001617820618196288
2.08413,0.00492603059100999,0.0001372741506699667
2.08677,0.005880469062153163,0.0001588704080899674
2.08942,0.005927217536071033,0.0001628593262843463
2.09206,0.005497837541620421,0.0001508961101712046
2.0947,0.00471331381798002,0.0001313660309350213
2.09735,0.005364873820754714,0.0001476646489007954
2.09999,0.005610180840732518,0.0001537545635149826
2.10263,0.005208185627081022,0.0001452598937374655
2.10528,0.005178314858490569,0.000141371885940062
2.10792,0.004097731964483911,0.0001160625455015277
2.11057,0.004395480507769145,0.0001241373387671641
2.11321,0.004739535724195337,0.000136041359485081
2.11585,0.004944835738068813,0.0001437199775874405
2.1185,0.005091092397336293,0.0001456674288919664
2.12114,0.005892406839622642,0.000170421008031543
2.12378,0.004454993132630414,0.0001298630920157389
2.12643,0.003986196725860154,0.0001188517329091999
2.12907,0.005623844617092121,0.000165447650290108
2.13172,0.00364406437291898,0.0001108412724062229
2.13436,0.004716708587680353,0.0001421523338239781
2.137,0.004756571379023308,0.0001425636965913883
2.13965,0.00487709600443951,0.0001473109447284995
2.14229,0.004223906145948946,0.0001288470256200391
2.14493,0.004983384572697,0.000151359080114977
2.14758,0.004451774625416205,0.0001375093973439978
2.15022,0.004946161140399556,0.000149627519249185
2.15287,0.005138207130965595,0.0001572594776716454
2.15551,0.0035573615427303,0.0001115125213660254
2.15815,0.003220610918423973,0.0001022792716134217
2.1608,0.004493596906215318,0.0001394382559688654
2.16344,0.005452288568257493,0.0001653001481433786
2.16608,0.005238784336847947,0.0001596176788903376
2.16873,0.005435346767480579,0.0001627394957568658
2.17137,0.003796089622641507,0.0001156133587099494
2.17402,0.003769128329633737,0.000113947282672162
2.17666,0.006304833587680359,0.0001828038151382683
2.1793,0.005747084142619311,0.000166974679126172
2.18195,0.005165949014983354,0.0001509709099450776
2.18459,0.004880955466148723,0.0001431148539389436
2.18723,0.005348277677580464,0.0001556112816150222
2.18988,0.005304855299667036,0.0001537924672564666
2.19252,0.004356526498335183,0.000128011225041285
2.19516,0.00444205271920089,0.0001299283104679839
2.19781,0.004394743410099889,0.0001295373800092648
2.20045,0.004901411071032188,0.0001419424733757183
2.2031,0.004336357033851277,0.0001273475623410149
2.20574,0.005539565968368478,0.0001585799775944966
2.20838,0.004323595172031076,0.0001267597214427862
2.21103,0.004017759156492786,0.0001185716697402329
2.21367,0.004073929661487238,0.000120396995845978
2.21631,0.004839320893451719,0.0001408701132514404
2.21896,0.003916673765260822,0.0001149251225342509
2.2216,0.005092033226970034,0.0001458115524727838
2.22425,0.004328260405105443,0.0001264730339312855
2.22689,0.005108286001664819,0.0001471166455064652
2.22953,0.0037037990427303,0.0001086266595322764
2.23218,0.003862300221975586,0.0001146576136769508
2.23482,0.004002236612097672,0.0001172519596894674
2.23746,0.004929894630965595,0.0001438737332152819
2.24011,0.003926965663152057,0.000115441211649278
2.24275,0.005688608490566037,0.0001636071278741379
2.2454,0.005383765954495009,0.0001545686728493727
2.24804,0.004209246600998895,0.0001240483639263779
2.25068,0.005751179384017755,0.0001647850267116607
2.25333,0.003421364733629302,0.0001016048288193157
2.25597,0.005052468021642621,0.0001465785285082102
2.25861,0.004571596490011102,0.0001335463098798295
2.26126,0.002936290371809101,8.867052313937583e-05
2.2639,0.003996387902330741,0.0001177212446862812
2.26655,0.003640534544950053,0.0001083793520585028
2.26919,0.004087098987236403,0.0001220658228442747
2.27183,0.003083373404550501,9.224200143993911e-05
2.27448,0.00475128579356271,0.0001382077820173148
2.27712,0.003959574223085462,0.0001165827120067467
2.27976,0.004361686182019976,0.0001298371553777043
2.28241,0.00451714053829079,0.0001329934809148692
2.28505,0.004168058407325193,0.0001225286489171102
2.28769,0.003610798834628194,0.0001073311593835827
2.29034,0.00355006610710322,0.0001046657630588964
2.29298,0.004167575402330744,0.0001231708528110556
2.29563,0.004765988831853495,0.000138179075774354
2.29827,0.003906411625971144,0.000115462082441846
2.30091,0.004693897475027749,0.0001390851672811345
2.30356,0.004228431742508323,0.0001231409344602084
2.3062,0.004164496531631523,0.0001233919122836603
2.30884,0.003387320893451719,0.0001009538696277029
2.31149,0.002680091703662597,8.200077808904625e-05
2.31413,0.004311787874583796,0.0001270098821634335
2.31678,0.003684371254162044,0.0001100622262048812
2.31942,0.005026562014428412,0.000146712411946949
2.32206,0.005173274209211987,0.0001484102918393839
2.32471,0.004064487028301888,0.0001207425576873073
2.32735,0.004682156562153163,0.0001375902138476201
2.32999,0.004402849195338514,0.0001293886890672822
2.33264,0.003905120560488346,0.0001178056429437791
2.33528,0.004359346698113207,0.0001265702489575772
2.33793,0.003347011723085462,0.0001009629170515206
2.34057,0.003826727247502777,0.0001133588153829333
2.34321,0.003649217189234182,0.0001088158675709687
2.34586,0.00276212472253052,8.482586629515507e-05
2.3485,0.004043921545504991,0.0001196146446612642
2.35114,0.00314857907880133,9.477024681203778e-05
2.35379,0.003375412874583796,0.000100643242685077
2.35643,0.004413475305216428,0.0001291316477364009
2.35908,0.002930549250832409,8.934381103341194e-05
2.36172,0.003835132907880132,0.0001140143494927704
2.36436,0.004424312014428415,0.0001300403674945782
2.36701,0.003378631381798,0.0001006012864469984
2.36965,0.003899338235294118,0.0001154003874036157
2.37229,0.0034393480854606,0.0001030742356986947
2.37494,0.003823279827968922,0.0001136221902136724
2.37758,0.003907084628190899,0.0001174875647825747
2.38022,0.004057003884572698,0.0001188651925204529
2.38287,0.004067964206437294,0.0001217887733302799
2.38551,0.003997983421198666,0.0001170960886128144
2.38816,0.004011450332963375,0.0001193208270113357
2.3908,0.005008830466148725,0.0001464105416407024
2.39344,0.003843669048279691,0.0001144735100963192
2.39609,0.003960471559378469,0.0001179409095563424
2.39873,0.002572571587125417,7.796728790625044e-05
2.40137,0.001963126872918979,6.0645670039494e-05
2.40402,0.003116842674805771,9.265471581709608e-05
2.40666,0.002573178204772475,7.832591814942896e-05
2.40931,0.004043438540510542,0.0001200413208461032
2.41195,0.003891278232519421,0.0001148473027391482
2.41459,0.003372757491675916,0.0001015938663038162
2.41724,0.003829906839622641,0.0001131311284601602
2.41988,0.003462211847946725,0.0001037852883468929
2.42252,0.005057531562153163,0.0001476094906076123
2.42517,0.004042809031631523,0.0001188220042186795
2.42781,0.003929719478357383,0.0001172488580791147
2.43046,0.003644229189789125,0.0001083374385494693
2.4331,0.004586315552164265,0.0001346187309787984
2.43574,0.005490997641509434,0.0001583673136434122
2.43839,0.004041673626526083,0.0001202926870869155
2.44103,0.002954997086570478,8.938616465083755e-05
2.44367,0.003761864941731409,0.0001117872446256497
2.44632,0.002433157117092121,7.445837088441675e-05
2.44896,0.001927830882352941,5.933333943873699e-05
2.45161,0.003840640538290789,0.0001139534355574731
2.45425,0.003404317633185351,0.0001026450683199548
2.45689,0.003878294325749166,0.0001143990480193011
2.45954,0.002405804384017762,7.398100164444019e-05
2.46218,0.003610851484461706,0.0001081236150984372
2.46482,0.003162391648168699,9.45971179884957e-05
2.46747,0.003721084211986684,0.0001105532232110353
2.47011,0.0031278464900111,9.502721802351937e-05
2.47275,0.002362482727524973,7.301779252815932e-05
2.4754,0.004334953801331851,0.0001270210121072406
2.47804,0.003990864248057714,0.0001185383811977278
2.48069,0.004720957200332961,0.000138569181199106
2.48333,0.003705946240288568,0.0001115753626455237
2.48597,0.003812765885127637,0.0001142777280592321
2.48862,0.004979266440066591,0.0001448381344599462
2.49126,0.003777341703662597,0.0001136896423210105
2.4939,0.004899453870699222,0.0001426157612820328
2.49655,0.003806111403995559,0.0001140743827229919
2.49919,0.002875745352386236,8.716804672125249e-05
2.50184,0.004028760682574919,0.0001195708377660524
2.50448,0.002374006173695894,7.306616389111782e-05
2.50712,0.004387198460044393,0.0001303789845277938
2.50977,0.003452675360710323,0.0001035863635796466
2.51241,0.003555081576026636,0.0001063100865275944
2.51505,0.002590978426748057,7.952654751058022e-05
2.5177,0.004358836223640399,0.0001297780043734475
2.52034,0.004550250416204219,0.0001335935243205736
2.52299,0.003276614317425083,9.93636541166748e-05
2.52563,0.004427672447280799,0.0001310251002856318
2.52827,0.003288032463928971,9.955289793999962e-05
2.53092,0.003191783990011101,9.648915959560109e-05
2.53356,0.002104862513873477,6.467207732201463e-05
2.5362,0.003204152122641508,9.743159188707551e-05
2.53885,0.004890775804661488,0.0001434581216710296
2.54149,0.004501226553829078,0.000133138228470735
2.54414,0.003908696170921199,0.0001171687681605808
2.54678,0.003880720796337404,0.0001162938378576349
2.54942,0.003973961362375139,0.0001187232128104943
2.55207,0.002689113138179802,8.228166702278699e-05
2.55471,0.003494934864039954,0.000105216813782939
2.55735,0.002404021157047727,7.424035731052792e-05
2.56,0.002889088651498333,8.870227699949549e-05
2.56264,0.004290682158712544,0.0001288148717858461
2.56529,0.002576888873473916,7.8536074643046e-05
2.56793,0.002794577622086572,8.565757306411241e-05
2.57057,0.003225198321309658,9.746305133021404e-05
2.57322,0.002005542036625968,6.248358393258144e-05
2.57586,0.002952820130410654,8.974944959658567e-05
2.5785,0.003540428898446174,0.0001065627612537355
2.58115,0.003038181534406216,9.343516998409714e-05
2.58379,0.003839919464483906,0.0001153882610322929
2.58643,0.003855023099334073,0.0001157104448380654
2.58908,0.003328815482796892,0.0001008073296909463
2.59172,0.003096284059378469,9.425412147207569e-05
2.59437,0.003166816523307436,9.676728460146383e-05
2.59701,0.002464069436736958,7.568528004749233e-05
2.59965,0.003926711570477249,0.0001174949513941841
2.6023,0.003319308754162042,0.0001007307736326514
2.60494,0.002244748543285238,6.990502110572825e-05
2.60758,0.003110662042175363,9.602629768557318e-05
2.61023,0.003812939858490566,0.0001149236638663362
2.61287,0.004541267896781354,0.0001352452760880451
2.61552,0.00377413006381798,0.0001142429741089437
2.61816,0.003498075541065485,0.0001058970724259519
2.6208,0.002865197072697006,8.759206819545826e-05
2.62345,0.003126024347946726,9.56066376336156e-05
2.62609,0.003777511098779136,0.000114313410626773
2.62873,0.0022443227663707,6.988208548442823e-05
2.63138,0.003282598085460599,9.99713850840639e-05
2.63402,0.003391965524417318,0.0001031648680309223
2.63667,0.002149067771920087,6.706127862357739e-05
2.63931,0.003569404619866816,0.0001091061007464118
2.64195,0.004185361889567145,0.0001255242355302533
2.6446,0.004604564442286348,0.0001359851140001918
2.64724,0.002927536764705885,8.949749747947111e-05
2.64988,0.002378696587125419,7.428200156282114e-05
2.65253,0.003646779273029967,0.0001111242966344155
2.65517,0.003334609253607102,0.0001016426883772385
2.65782,0.003942584350721421,0.0001187475677364736
2.66046,0.002464953038290792,7.65217391123161e-05
2.6631,0.002306992092119864,7.164865177042645e-05
2.66575,0.0008654556742508331,2.753993880124457e-05
2.66839,0.004202088512763595,0.0001269710295421689
2.67103,0.003578767133740291,0.0001110933672470128
2.67368,0.002539635682574916,8.167191142313157e-05
2.67632,0.005425807991120976,0.0001678725321461097
2.67896,0.003099823043840178,9.948939948928767e-05
2.68161,0.004214330743618201,0.0001355687305398119
2.68425,0.003877005549389565,0.0001266632175939852
2.6869,0.002849475374583797,9.466779175303094e-05
2.68954,0.003313178482241954,0.0001095820159063005
2.69218,0.001160649556048831,4.016244788988546e-05
2.69483,0.003040269214761378,0.000103069947999169
2.69747,0.003283996739733631,0.0001108218576311285
2.70011,0.003293665996115429,0.0001096984892384178
2.70276,0.003109130618756939,0.000106975975135371
2.7054,0.002303890330188681,7.975407388382122e-05
2.70805,0.003864344408990011,0.0001314910846478552
2.71069,0.002224073182574918,7.738428816311794e-05
2.71333,0.003444542105993342,0.0001187557328845538
2.71598,0.002359506867369588,8.399485269194655e-05
2.71862,0.004117095657602665,0.0001423295893611542
2.72126,0.004018194089900113,0.0001393781677457735
2.72391,0.004119311528856824,0.0001420712192672976
2.72655,0.004087549944506103,0.0001389109666223209
2.7292,0.003480758324084352,0.000118052592122821
2.73184,0.003848082477802439,0.0001278368128483449
2.73448,0.003123792452830188,0.0001047248666224706
2.73713,0.002486358629300778,8.293927575727116e-05
2.73977,0.004177629231409546,0.0001366280826274253
2.74241,0.002537907394561599,8.472697458360055e-05
2.74506,0.002932222599889012,9.60674494131338e-05
2.7477,0.003907002219755827,0.0001264561665210654
2.75035,0.003606982866259716,0.0001159018284238719
2.75299,0.003046562014428414,9.994554762028273e-05
2.75563,0.003444047655382908,0.0001101952838990972
2.75828,0.003445116675915651,0.0001103571622511845
2.76092,0.003744570615982241,0.0001208245613408937
2.76356,0.00252085113762486,8.214236855306852e-05
2.76621,0.001906933476692562,6.289564647104412e-05
2.76885,0.003304809447835736,0.0001065667044749447
2.77149,0.003448593854051056,0.0001103550726760923
2.77414,0.002247829703107657,7.372428571015456e-05
2.77678,0.001974158157602662,6.45693044444394e-05
2.77943,0.00315146795227525,0.000100713552888808
2.78207,0.003260595033296334,0.0001045903190420924
2.78471,0.002792093923418424,9.080585229442123e-05
2.78736,0.002623039886237516,8.508961904564482e-05
2.79,0.004060870213651496,0.0001269665260003292
2.79264,0.002841067425083241,9.160698982078368e-05
2.79529,0.003358441315205326,0.0001069816622907418
2.79793,0.003545831229189789,0.0001121932526530773
2.80058,0.002732949847391788,8.714424069180772e-05
2.80322,0.002682149625416203,8.684459186761e-05
2.80586,0.002995509988901223,9.635645538344482e-05
2.80851,0.003565643590455048,0.0001124252792437812
2.81115,0.003309179384017759,0.0001044369942001408
2.81379,0.002663094963928965,8.534571889251021e-05
2.81644,0.002592345033296336,8.375697484558051e-05
2.81908,0.001547010058268593,5.073679484396552e-05
2.82173,0.004243588027192009,0.0001319693466578686
2.82437,0.003739154550499448,0.0001167929232854059
2.82701,0.003081443673695897,9.748538041444575e-05
2.82966,0.003012813471143175,9.621155701599979e-05
2.8323,0.003197030660377356,0.0001004827841045205
2.83494,0.002139604536625973,6.901603630935556e-05
2.83759,0.003912935627081023,0.0001209914923992083
2.84023,0.001921148931742509,6.224727081879758e-05
2.84288,0.00342021101553829,0.0001084167636350173
2.84552,0.002037468437846834,6.499451662889764e-05
2.84816,0.003216939164816871,0.000102467375362698
2.85081,0.0030932990427303,9.798913452855525e-05
2.85345,0.00366605597946726,0.0001146279595467739
2.85609,0.003713720102663708,0.0001159031062744465
2.85874,0.004896835113762489,0.0001495477479320137
2.86138,0.004807106062708099,0.0001481886686778149
2.86402,0.003341840593784681,0.000105479650038979
2.86667,0.003332544464483909,0.0001051227496478961
2.86931,0.00207410814372919,6.692503476882511e-05
2.87196,0.004124594825194229,0.0001271824832370392
2.8746,0.002736452205882355,8.799139487654984e-05
2.87724,0.002334640122086571,7.518170521466903e-05
2.87989,0.003543837402885685,0.0001114929612075244
2.88253,0.003339796406770257,0.0001053368388483479
2.88517,0.003073656076581575,9.808086703313359e-05
2.88782,0.002638363276914541,8.481064063575764e-05
2.89046,0.002522490149833518,7.998088830808782e-05
2.89311,0.002473853149278581,7.979898350809246e-05
2.89575,0.003144756243063266,9.980636059088682e-05
2.89839,0.001473522336293004,4.778755062990905e-05
2.90104,0.001848988901220868,6.023035123120399e-05
2.90368,0.002787950610432853,8.799756448870711e-05
2.90632,0.002515840246947834,8.052058996444696e-05
2.90897,0.002627540302441731,8.443794643315166e-05
2.91161,0.00288120948945616,9.159152809882382e-05
2.91426,0.002921738415649279,9.2254769478809e-05
2.9169,0.002400656145948945,7.752003250271576e-05
2.91954,0.002275054245283022,7.34075120134566e-05
2.92219,0.002855271434517203,8.955767008824391e-05
2.92483,0.002813595657602663,8.942845175110118e-05
2.92747,0.004046329703107658,0.0001252451748961929
2.93012,0.003491686598224195,0.0001105363753233755
2.93276,0.001968220172031077,6.356828847448933e-05
2.93541,0.002723852871809101,8.594994601054591e-05
2.93805,0.003086829980577138,9.717977047243984e-05
2.94069,0.003171133809655939,9.954160764309997e-05
2.94334,0.003694372433407328,0.0001162590547067661
2.94598,0.002769399556048837,8.696943912231396e-05
2.94862,0.004105038845726972,0.0001277775166596345
2.95127,0.003182153648723642,0.0001007409635373874
2.95391,0.002408194228634853,7.694521345922224e-05
2.95655,0.00312446087680355,9.830529523533493e-05
2.9592,0.003147908365704772,9.796683151778571e-05
2.96184,0.001154679522752497,3.805167072980328e-05
2.96449,0.005235659683684796,0.0001605622333378293
2.96713,0.003144582269700334,9.913377789326508e-05
2.96977,0.002567382144839065,8.221079217252831e-05
2.97242,0.003299322419533852,0.0001036298677464419
2.97506,0.004275102386237514,0.0001333707555084656
2.9777,0.003097991745283021,9.777851991101634e-05
2.98035,0.003698451650943393,0.0001151522272481263
2.98299,0.002681778787458382,8.58878367494568e-05
2.98564,0.003055173695893454,9.622730629913152e-05
2.98828,0.002617502497225304,8.358852741665603e-05
2.99092,0.003783142341842397,0.0001172710143269613
2.99357,0.004123386168146504,0.000127839582154323
2.99621,0.002692679592119866,8.617141626441515e-05
2.99885,0.004046075610432854,0.0001255549823531111
3.0015,0.002033558615427303,6.559147036739741e-05
3.00414,0.004110670088790233,0.0001276123273292228
3.00679,0.003402367300221975,0.0001066174361452743
3.00943,0.003955375971143173,0.0001233397042449297
3.01207,0.003089988970588235,9.682185205937638e-05
3.01472,0.004148113276914539,0.0001289686873286554
3.01736,0.002927051470588235,9.298850011538195e-05
3.02,0.003045820338512764,9.616690594871575e-05
3.02265,0.002545688124306326,8.11122609126137e-05
3.02529,0.003574223224195339,0.0001113046504964575
3.02794,0.002799119242508323,8.903282618919002e-05
3.03058,0.003910332894006659,0.0001209741894970298
3.03322,0.00370074993063263,0.000115730261588337
3.03587,0.002457730854605991,7.84664347348301e-05
3.03851,0.003608365496670365,0.0001115255711754407
3.04115,0.001250236681465036,4.084605525832105e-05
3.0438,0.004431096975582688,0.0001356747118625281
3.04644,0.003264161487236407,0.0001017238362692788
3.04908,0.002947017203107657,9.334000288384679e-05
3.05173,0.004129985710321869,0.000127061391074164
3.05437,0.00390045761653718,0.0001208115574234713
3.05702,0.003400291065482798,0.0001056936235925707
3.05966,0.002752638596004438,8.578633276616924e-05
3.0623,0.00284954633740289,8.990162824726532e-05
3.06495,0.001322073945615983,4.273568694464232e-05
3.06759,0.002916427649833515,9.143878392064506e-05
3.07023,0.003405716287458378,0.0001061003481422045
3.07288,0.00169012832963374,5.450807197471154e-05
3.07552,0.0026501179245283,8.415871607008241e-05
3.07817,0.003721649625416205,0.0001157499458805072
3.08081,0.003714594547724751,0.0001144346097222922
3.08345,0.002763035793562709,8.704426652340526e-05
3.0861,0.002985536279134297,9.335171768928536e-05
3.08874,0.001808716356825746,5.793486512180337e-05
3.09138,0.00281556430355161,8.860260004467739e-05
3.09403,0.001966766578801332,6.293148523540319e-05
3.09667,0.003213894630965592,0.0001010943637050685
3.09932,0.003421003052164264,0.0001054773151190165
3.10196,0.002381889913984465,7.547870916230998e-05
3.1046,0.002261630826859045,7.169549373479769e-05
3.10725,0.001909856687014431,6.108171176399747e-05
3.10989,0.003810964345172032,0.0001179900713019422
3.11253,0.00267584995837958,8.415723488589632e-05
3.11518,0.003174743756936736,9.918771032548158e-05
3.11782,0.003574822974472806,0.0001103465121565604
3.12047,0.00429215864317425,0.0001308262614371964
3.12311,0.0009316754300776921,3.051618298934845e-05
3.12575,0.003252200818534964,0.0001008609710539624
3.1284,0.002660123682019978,8.409947897491523e-05
3.13104,0.003309367092119869,0.0001031034958996328
3.13368,0.001921126040510544,6.207462118794948e-05
3.13633,0.002872799250832407,8.991718521966622e-05
3.13897,0.002648925291342953,8.321456862095011e-05
3.14161,0.002204560696448389,7.061268926974404e-05
3.14426,0.003215730507769146,0.000101240754210812
3.1469,0.003972384156492786,0.0001223138583849251
3.14955,0.003216881936736961,0.0001004379956049908
3.15219,0.004560054730854605,0.0001383670060272399
3.15483,0.001893693188124306,6.048760315905876e-05
3.15748,0.002157608490566039,6.873508913227957e-05
3.16012,0.003028471073806882,9.488954281028216e-05
3.16276,0.002734346212541622,8.647609301604151e-05
3.16541,0.003778676262486124,0.0001172277930005062
3.16805,0.003070279619866818,9.597944578860899e-05
3.1707,0.003039328385127637,9.529818802257132e-05
3.17334,0.002211210599334073,6.999162546018065e-05
3.17598,0.002773165163706995,8.749409507552302e-05
3.17863,0.002436565621531631,7.703114421116593e-05
3.18127,0.003592421753607105,0.0001110638044705045
3.18391,0.001486165163706991,4.791676254540468e-05
3.18656,0.001989829495005552,6.330008522838873e-05
3.1892,0.002315693049389567,7.399948837071886e-05
3.19185,0.002615739872364042,8.240520441395401e-05
3.19449,0.002356775943396227,7.467811921416144e-05
3.19713,0.004083186875693675,0.0001253795759726947
3.19978,0.002183381728634852,6.906850270088928e-05
3.20242,0.003364930979467259,0.0001042060893079081
3.20506,0.002597923626526081,8.142501630565279e-05
3.20771,0.001477603842952274,4.734632972107864e-05
3.21035,0.001601395047169813,5.123684686745788e-05
3.213,0.002869834836293006,8.94697408365227e-05
3.21564,0.002987733837402886,9.182864274687165e-05
3.21828,0.003475019492230857,0.0001068171612646265
3.22093,0.0009742897475027752,3.151053412920098e-05
3.22357,0.0009697527053274145,3.144874708102747e-05
3.22621,0.003271317286348501,0.0001006554875761084
3.22886,0.002303169256381799,7.215685040763715e-05
3.2315,0.003399132769145396,0.0001075044358210289
3.23414,0.002891249583795784,9.399035861446491e-05
3.23679,0.002578656076581576,8.493828454900562e-05
3.23943,0.005053791134850166,0.0001603069670819488
3.24208,0.003491036487236405,0.0001158113131777639
3.24472,0.002868040163706995,9.736382967890805e-05
3.24736,0.002762555077691457,9.354619047866667e-05
3.25001,0.002821598432297449,9.69592288723485e-05
3.25265,0.00325383067425083,0.0001124099574331046
3.25529,0.00326992092119867,0.0001141378466716383
3.25794,0.001342900388457266,4.832783641085611e-05
3.26058,0.002604394977802439,9.198927632638318e-05
3.26323,0.001928483282463929,6.927005887944942e-05
3.26587,0.00359127032463929,0.0001260941669513618
3.26851,0.002061197488901222,7.547068726935263e-05
3.27116,0.002118544603218646,7.709506717318685e-05
3.2738,0.00316427330743618,0.0001132893857285446
3.27644,0.0027683259572697,0.0001008537139826464
3.27909,0.003152882630410652,0.0001148471390286073
3.28173,0.002548233629300779,9.323451051480374e-05
3.28438,0.001506510890677026,5.752406237794071e-05
3.28702,0.003637480854605994,0.0001284432242958093
3.28966,0.002193870491120975,7.888576607589435e-05
3.29231,0.002444806465038847,8.610428010370018e-05
3.29495,0.003947299944506107,0.0001339252620949989
3.29759,0.004633189927857937,0.0001544421937373592
3.30024,0.001147459628190902,4.068558266349755e-05
3.30288,0.001371660932297448,4.83785039900973e-05
3.30553,0.002649458657047726,9.057859197824318e-05
3.30817,0.002271661764705881,7.804430113491544e-05
3.31081,0.003151298557158711,0.000106651192574367
3.31346,0.003164824986126529,0.0001071559232649833
3.3161,0.00310300034683685,0.000104276051257573
3.31874,0.003850440274694782,0.0001281917190652169
3.32139,0.002273454148168703,7.74676426136796e-05
3.32403,0.003273629300776914,0.0001098894718840668
3.32667,0.002000782949500552,6.809475817294018e-05
3.32932,0.002735902816315208,9.191601107924029e-05
3.33196,0.002477973571032186,8.424750426293674e-05
3.33461,0.001651595518867927,5.696140894389915e-05
3.33725,0.003667445477247504,0.0001210298585822643
3.33989,0.003194636237513874,0.0001062431011967392
3.34254,0.002288800430077693,7.654883467239819e-05
3.34518,0.002117633532186458,7.171462347854842e-05
3.34782,0.002991639081576027,9.908303712296158e-05
3.35047,0.003113088512763597,0.0001023728471184843
3.35311,0.001623537735849056,5.503676222152003e-05
3.35576,0.00230442369589345,7.734919495246962e-05
3.3584,0.002513052094894562,8.358224853082708e-05
3.36104,0.00333271614872364,0.0001088540796359902
3.36369,0.002854612167036625,9.495534561059361e-05
3.36633,0.003504061598224197,0.0001140912524799937
3.36897,0.003487641717536071,0.0001140664078088126
3.37162,0.002426637694228636,7.985747282549568e-05
3.37426,0.001702970310765817,5.771008153534452e-05
3.37691,0.00477334607380688,0.0001523661119585804
3.37955,0.002389178482241955,7.910716758178725e-05
3.38219,0.002863770948945615,9.384679493175834e-05
3.38484,0.003738884433962262,0.0001206027432465498
3.38748,0.003073848362930079,0.00010067803224873
3.39012,0.002337274902885682,7.821429305876178e-05
3.39277,0.002586977039400662,8.541751910686765e-05
3.39541,0.002007057436182018,6.680743946575906e-05
3.39806,0.003160104814095448,0.0001037058381670185
3.4007,0.002329095865704772,7.756051974999948e-05
3.40334,0.00288918250554939,9.515011303037408e-05
3.40599,0.002627689095449501,8.684103904892248e-05
3.40863,0.001878266786903441,6.249886355089176e-05
3.41127,0.002924137416759158,9.586044268010878e-05
3.41392,0.002190700055493898,7.278358534092468e-05
3.41656,0.003074248959489456,0.0001004595008006017
3.41921,0.002966646434517204,9.717419892386072e-05
3.42185,0.002534503468368482,8.335818390747773e-05
3.42449,0.002392854814095451,7.953952718093992e-05
3.42714,0.002223706922863487,7.324331210592394e-05
3.42978,0.002989375138734741,9.775521421211994e-05
3.43242,0.003972175846281909,0.0001277651050373836
3.43507,0.00165779217536071,5.577614004448525e-05
3.43771,0.003520502081021087,0.00011397887072997
3.44035,0.001740939997225305,5.805625017356139e-05
3.443,0.003543310904550503,0.0001145339148152607
3.44564,0.002057047308546061,6.849944137748299e-05
3.44829,0.002420425013873475,7.907779538276699e-05
3.45093,0.002431247988346281,7.988410422747151e-05
3.45357,0.001548017272475027,5.171481387709556e-05
3.45622,0.003753461570477246,0.000120160232046407
3.45886,0.003196334766925639,0.0001039480047374198
3.4615,0.003847677302996672,0.0001217888825974471
3.46415,0.002796392896781355,9.078042358247473e-05
3.46679,0.00357330070754717,0.0001143946167510005
3.46944,0.001243367022752494,4.180783194818723e-05
3.47208,0.00277865219200888,9.036622928105503e-05
3.47472,0.002660249583795783,8.669730866914463e-05
3.47737,0.002702614386792453,8.752084492928251e-05
3.48001,0.00296131277746948,9.500529823542521e-05
3.48265,0.001385397960599336,4.584914709202441e-05
3.4853,0.002249466426193118,7.332388770784478e-05
3.48794,0.001989481548279691,6.5653244888859e-05
3.49059,0.002918723640399554,9.446967539925007e-05
3.49323,0.002454423071587128,7.906668072496045e-05
3.49587,0.003433181187569365,0.0001082124300734499
3.49852,0.001914036625971144,6.304523452699683e-05
3.50116,0.002471319089900113,8.052218035337691e-05
3.5038,0.001197415163706992,3.991723086494353e-05
3.50645,0.002063797932852384,6.746138845974539e-05
3.50909,0.002930565274694783,9.420863617726036e-05
3.51174,0.003062205882352944,9.793347004430923e-05
3.51438,0.002112537943951166,6.946927765691994e-05
3.51702,0.002523632422308545,8.14322608985572e-05
3.51967,0.001781706992230857,5.885657572271745e-05
3.52231,0.002280243687569366,7.417233157822791e-05
3.52495,0.002264034406215318,7.427711851232729e-05
3.5276,0.002276361334628193,7.375149662868195e-05
3.53024,0.003961922863485018,0.0001242945591974207
3.53288,0.003082611126526082,9.862384965933946e-05
3.53553,0.001720086084905659,5.68561458626431e-05
3.53817,0.003352885613207546,0.0001072499524011491
3.54082,0.001782233490566039,5.838014711770182e-05
3.54346,0.002938236126526083,9.433267060016511e-05
3.5461,0.00313807658157603,0.000101318957145101
3.54875,0.002352854675360707,7.649800297891932e-05
3.55139,0.002361372502774695,7.655837351793923e-05
3.55403,0.002783317425083239,8.986672020066788e-05
3.55668,0.002175619311875692,7.054079150284773e-05
3.55932,0.002268756867369592,7.399097546624849e-05
3.56197,0.002998934517203108,9.596185198972352e-05
3.56461,0.002908058615427306,9.307160495185546e-05
3.56725,0.002589149417314097,8.392103372672937e-05
3.5699,0.00255961972807991,8.3139275820538e-05
3.57254,0.003250568673695892,0.0001028817941363452
3.57518,0.002830097946725857,9.068985868386622e-05
3.57783,0.003439492300221976,0.0001095554815186164
3.58047,0.002753371115427304,8.8863622694102e-05
3.58312,0.003158394839067702,0.0001009865108973193
3.58576,0.001889833726415094,6.173138032449028e-05
3.5884,0.002862319644839067,9.204679695620599e-05
3.59105,0.00181827344617092,5.96446908800724e-05
3.59369,0.002261456853496113,7.355077221378666e-05
3.59633,0.002125427996670366,6.895963410408062e-05
3.59898,0.001628644769700332,5.343190134827665e-05
3.60162,0.002122873335183129,6.957300828962766e-05
3.60427,0.001862771711986685,6.13678856626523e-05
3.60691,0.00316550027746948,0.00010077279349054
3.60955,0.003018964345172031,9.662257224026754e-05
3.6122,0.002314578246392895,7.535339042309195e-05
3.61484,0.003052747225305216,9.841951101526357e-05
3.61748,0.001992201026637072,6.481657508230652e-05
3.62013,0.001323669464483908,4.376193369999879e-05
3.62277,0.003083606895116536,9.868097931262276e-05
3.62541,0.002178276983906769,7.069680236439472e-05
3.62806,0.002923267549944506,9.432053407375841e-05
3.6307,0.003247025110987789,0.0001035632781743141
3.63335,0.003462104259156491,0.0001105119284122619
3.63599,0.003614674320199779,0.0001145600218460194
3.63863,0.003472675430077691,0.000110223364276363
3.64128,0.003125030868479469,9.993707161316528e-05
3.64392,0.002212815274694786,7.203438222187082e-05
3.64656,0.002846776498335185,9.131864924961362e-05
3.64921,0.003677556534406215,0.000116969058565145
3.65185,0.001957545990566037,6.410407487531447e-05
3.6545,0.001972070477247501,6.433654749083164e-05
3.65714,0.003158543632075472,0.0001007453400303096
3.65978,0.002658850929522751,8.586831245377291e-05
3.66243,0.0037367967536071,0.0001180227972054215
3.66507,0.003352260682574918,0.0001066139051413822
3.66771,0.00135819630965594,4.496751730876106e-05
3.67036,0.002268228079911213,7.343726796404239e-05
3.673,0.002617438401775807,8.428696421269024e-05
3.67565,0.003952544325749165,0.0001234785323870741
3.67829,0.002223963304661487,7.191845365625255e-05
3.68093,0.002739975166481686,8.843433133671214e-05
3.68358,0.003130721628745837,9.884751227436298e-05
3.68622,0.002900621254162041,9.30908766767498e-05
3.68886,0.002593166828523862,8.272982762778691e-05
3.69151,0.002939758393451723,9.372290726957148e-05
3.69415,0.00304896101553829,9.644742599190749e-05
3.6968,0.00356562985571587,0.000111092974702496
3.69944,0.003996719825194227,0.0001251051362231838
3.70208,0.0004398779134295225,1.462762460042556e-05
3.70473,0.003561534614317423,0.0001116729946241491
3.70737,0.002268111334628191,7.224879916906724e-05
3.71001,0.001650414331298557,5.32642496731465e-05
3.71266,0.002873554661487239,9.083486433141988e-05
3.7153,0.003405727733074362,0.0001075327506547499
3.71794,0.001945104605993342,6.286592276644588e-05
3.72059,0.002888177580466149,9.165329457126142e-05
3.72323,0.001701482380688122,5.506624959148903e-05
3.72588,0.002086657117092119,6.736248055826976e-05
3.72852,0.003464425430077692,0.0001082918676281353
3.73116,0.001905850721420646,6.119746025236841e-05
3.73381,0.002095065066592676,6.761279400501129e-05
3.73645,0.003307732658157601,0.0001032465409246504
3.73909,0.002682373959489455,8.575474231782528e-05
3.74174,0.002317924944506105,7.368510865936824e-05
3.74438,0.002504154273029966,7.98139978443482e-05
3.74703,0.003549942494450607,0.0001116716806470781
3.74967,0.003196662111542731,0.0001011090426728013
3.75231,0.002174277885682575,6.90359865715269e-05
3.75496,0.002012043146503886,6.477228415862047e-05
3.7576,0.001853365704772474,5.959446110312131e-05
3.76024,0.002712393521087678,8.637339296663056e-05
3.76289,0.001065236612097669,3.489104669830664e-05
3.76553,0.003414687361265259,0.0001070421320440084
3.76818,0.002977148931742509,9.409149282850339e-05
3.77082,0.003128796476137628,9.797429729026144e-05
3.77346,0.003307858559933406,0.0001038931591272652
3.77611,0.002059478357380689,6.623614136367667e-05
3.77875,0.003487859184239732,0.0001089127854072053
3.78139,0.000876704425638178,2.895458010587134e-05
3.78404,0.0030315522336293,9.565544371360253e-05
3.78668,0.001069434864039957,3.503042808112299e-05
3.78933,0.00209660106825749,6.722269459118085e-05
3.79197,0.0035962903718091,0.0001159667484655408
3.79461,0.003821620213651501,0.0001246368781502821
3.79726,0.003380558823529411,0.0001117684162176985
3.7999,0.00322391183407325,0.0001090988601347576
3.80254,0.003449754439511655,0.0001170399263606928
3.80519,0.002969839761376246,0.0001028749292178221
3.80783,0.00272908809655938,9.548309453616958e-05
3.81047,0.001924092744173142,6.92361475407151e-05
3.81312,0.00357915857380688,0.000127239276860587
3.81576,0.002454187291897892,8.870554358442975e-05
3.81841,0.002057262486126525,7.490256588262642e-05
3.82105,0.002527308754162045,9.306074220848789e-05
3.82369,0.002761019076026639,0.0001008644945003376
3.82634,0.002672654342397337,9.833931421749855e-05
3.82898,0.002226696517758045,8.323618935587962e-05
3.83162,0.002514606409544951,9.406973323131615e-05
3.83427,0.002742623682019976,0.0001029367607896524
3.83691,0.002910249306326308,0.0001101811359851742
3.83956,0.00179209274417314,6.945826898759015e-05
3.8422,0.00333379890399556,0.0001258665569169262
3.84484,0.003964189095449501,0.0001487099130983633
3.84749,0.001226745699223086,4.740374953895835e-05
3.85013,0.002248676678690344,8.300976264145803e-05
3.85277,0.002391513387902334,8.642641792044981e-05
3.85542,0.003024075957269701,0.0001084021611087594
3.85806,0.002512349334073255,9.001435701295996e-05
3.86071,0.001759081298557157,6.354676172931984e-05
3.86335,0.0007458558546059955,2.732062931342995e-05
3.86599,0.002914573460044397,0.0001014473610578673
3.86864,0.001028761723085462,3.706386958183829e-05
3.87128,0.002064924181465041,7.326640994060563e-05
3.87392,0.002689225305216425,9.352495002719941e-05
3.87657,0.002845661695338512,9.870814855301747e-05
3.87921,0.003191225443951166,0.0001099144430061847
3.88186,0.0032650015954495,0.0001119934236821043
3.8845,0.002047503953940068,7.201063109252191e-05
3.88714,0.002209454841842398,7.664494356803786e-05
3.88979,0.003360444298002218,0.0001150061866050583
3.89243,0.002433518798557158,8.442167717720858e-05
3.89507,0.002238673210321863,7.688569983124227e-05
3.89772,0.003420341495560489,0.0001146049787326237
3.90036,0.002699253953940065,9.1357003294947e-05
3.903,0.00220221434517203,7.514245189152494e-05
3.90565,0.00314033823529412,0.0001051457854585609
3.90829,0.003762597461154272,0.0001240424355528198
3.91094,0.002617678759711433,8.863145057087809e-05
3.91358,0.002563925568812428,8.63206464306247e-05
3.91622,0.002366438332408434,7.950037114592924e-05
3.91887,0.002257464622641509,7.681005443534035e-05
3.92151,0.00101403350443951,3.499327406748801e-05
3.92415,0.002146783226970032,7.233511161616044e-05
3.9268,0.002935631104328523,9.776139415935926e-05
3.92944,0.003998507630410656,0.0001292415798143388
3.93209,0.002242029064927857,7.517731946078294e-05
3.93473,0.002220509017758047,7.380863075965484e-05
3.93737,0.003019259642064375,9.906521379870484e-05
3.94002,0.00231200298279689,7.711910698288015e-05
3.94266,0.0030891740427303,0.0001015638569980728
3.9453,0.00267526852108768,8.857137353620395e-05
3.94795,0.002623575541065482,8.674306697982291e-05
3.95059,0.001612927649833517,5.469263554906466e-05
3.95324,0.002152103149278579,7.233224268728888e-05
3.95588,0.001474234253607103,5.007495172206939e-05
3.95852,0.003412448598779135,0.0001116520882165492
3.96117,0.002163042869034407,7.266057502348006e-05
3.96381,0.004571202760821307,0.0001456640318183594
3.96645,0.003907215108213099,0.0001258736113485305
3.9691,0.0008774598362930057,3.009388853723157e-05
3.97174,0.003870731062708104,0.0001257670516429837
3.97439,0.002273165718645946,7.627967859343846e-05
3.97703,0.002752015954495006,8.999132291206274e-05
3.97967,0.00124393243618202,4.225669511238156e-05
3.98232,0.00195709274417314,6.535433383380168e-05
3.98496,0.002836164123196449,9.335536292503765e-05
3.9876,0.001751753815205328,5.882352773212591e-05
3.99025,0.002403641162597114,7.970970204682782e-05
3.99289,0.003489370005549388,0.0001141928559590054
