0.0431807,68.53950543146505,0.4830507596354901
0.0458244,59.40782101831299,0.4331416228663114
0.0484682,51.8654567563818,0.3986415868678285
0.0511119,45.7616104744728,0.3899237490584447
0.0537556,40.2552329009434,0.3426405781926026
0.0563993,35.7509485363485,0.3339632146712675
0.059043,31.46668036348502,0.290682429582123
0.0616867,28.22339812916205,0.2851157005689394
0.0643304,25.49576019214762,0.2652303707697475
0.0669742,23.07782901775805,0.2409696884631423
0.0696179,20.97462723987237,0.2348432709031139
0.0722616,18.93594327760821,0.2089695024780322
0.07490529999999999,17.37093764359046,0.200138265534263
0.07754900000000001,15.77252884919534,0.1881183421029934
0.08019270000000001,14.44113421198668,0.1728813127397365
0.08283649999999999,13.17484729744728,0.1667379812270097
0.08548020000000001,12.18369893590455,0.1533326835037855
0.08812390000000001,11.24688341703663,0.1538898399811701
0.0907676,10.25235022058824,0.144272100372898
0.0934113,9.540701443534964,0.1372508230464356
0.096055,8.758347968923418,0.1327384955513605
0.0986987,8.146667193396228,0.1230840375964137
0.101342,7.531355319089901,0.1181051840139384
0.103986,6.948661390122088,0.1069899212035468
0.10663,6.564132438263041,0.1053117898442584
0.109274,6.083652438263041,0.1004842553419283
0.111917,5.720749153718092,0.09390437914010742
0.114561,5.270497849611543,0.08739265518579931
0.117205,4.921087893312985,0.08284012518786354
0.119848,4.688473283157602,0.07962925267792659
0.122492,4.33461432436182,0.07306286345382071
0.125136,4.024585917036626,0.06973060445234915
0.12778,3.82895422100444,0.06657806484566739
0.130423,3.578964982658158,0.06327468349649294
0.133067,3.335910505688124,0.05991244334297866
0.135711,3.163131057852386,0.05542719553992301
0.138354,2.941904583795782,0.05287280149936928
0.140998,2.793190871254162,0.05022185576517064
0.143642,2.634727943257491,0.04767612113791644
0.146286,2.496635579217536,0.04472334223711704
0.148929,2.3158831381798,0.04162845667065846
0.151573,2.199117459073252,0.04075654150223328
0.154217,2.040180224750277,0.03730672024121585
0.15686,1.982021593368479,0.03663360683801844
0.159504,1.871649938956715,0.03445616655355252
0.162148,1.775550624306327,0.03288408936128877
0.164792,1.69365415163707,0.03206885980667641
0.167435,1.600673469755827,0.02977135749932733
0.170079,1.510100006936737,0.02842253702806457
0.172723,1.441981743895671,0.02706323598565066
0.175366,1.36608639081576,0.02599174666987007
0.17801,1.306766487236404,0.02477119279136158
0.180654,1.27133548418424,0.02399773305329898
0.183298,1.167680849750278,0.02247371465676545
0.185941,1.111372081714761,0.02129394126371328
0.188585,1.065390349611543,0.02050456552509419
0.191229,1.037287585321865,0.02006816462029413
0.193872,0.9871352309933409,0.01904628484152359
0.196516,0.9240151997780244,0.0180865615278831
0.19916,0.8829489705882353,0.01730273710178369
0.201804,0.8384086077968924,0.01685303952187633
0.204447,0.8167621094617091,0.01615311304867073
0.207091,0.7648097031076583,0.01512775729308055
0.209735,0.7236456367924529,0.01443421810621913
0.212378,0.7041746753607103,0.01410655090430047
0.215022,0.6676872877358491,0.01342042271603745
0.217666,0.6471977580466148,0.01315391373110217
0.22031,0.6283956784128746,0.01293731880903045
0.222953,0.6001633726415093,0.01223282613715091
0.225597,0.5785751096004439,0.01172940665338319
0.228241,0.5640605806048835,0.01160231629942552
0.230885,0.5294694339622642,0.01097672988595015
0.233528,0.4978951456714761,0.01050298318680841
0.236172,0.481193496809101,0.01014914474437856
0.238816,0.4760170567425084,0.01000961028904115
0.241459,0.4582439150943396,0.009634761646886475
0.244103,0.4532723515538291,0.009407584318117446
0.246747,0.4143733726415095,0.008862552030437272
0.249391,0.4015474153718091,0.008662648359166331
0.252034,0.3972815427302997,0.008604377424740366
0.254678,0.3860487694228635,0.008281742038616282
0.257322,0.3669203523862375,0.007958419024077802
0.259965,0.354405853218646,0.007714168393501139
0.262609,0.3391896163984462,0.007449509933221026
0.265253,0.3289155965593785,0.007344327644111359
0.267897,0.3188645373196449,0.007052418063045765
0.27054,0.3180648779134295,0.007016875579994256
0.273184,0.2963781139012208,0.006575531754429107
0.275828,0.2832002955049944,0.006349807018907243
0.278471,0.2804622981409545,0.00637057711228736
0.281115,0.2793537215593785,0.006324873382352517
0.283759,0.2745954356270811,0.006241857367684966
0.286403,0.2660712444506105,0.005953388628944619
0.289046,0.2462376172308546,0.005687715293524987
0.29169,0.2465522801054384,0.005644011879115503
0.294334,0.2324878156215316,0.005444769005109681
0.296977,0.2316680577136515,0.005412113743901431
0.299621,0.2234844193951166,0.005201518931348607
0.302265,0.2206116613485017,0.005156745710922655
0.304909,0.2141908996947836,0.005014187515405797
0.307552,0.2037101720310766,0.004874454436085514
0.310196,0.2054110592397336,0.00485310342533669
0.31284,0.2068729848779134,0.004844158073055789
0.315483,0.1934306811875694,0.004622658442804394
0.318127,0.189594286972808,0.004519414923911558
0.320771,0.1925508704217536,0.004550250679974703
0.323415,0.1823647391786903,0.004386055792837316
0.326058,0.1738540080466149,0.004204909522836742
0.328702,0.1704045740843508,0.00420157968833431
0.331346,0.1735133430216426,0.004187306920407548
0.333989,0.1712119890399556,0.004122720264818824
0.336633,0.1635016086293008,0.003950481597915069
0.339277,0.151053013318535,0.003732265239374483
0.341921,0.1612544908435072,0.003951010261751922
0.344564,0.1532912561736959,0.003772516552840153
0.347208,0.1468901512208657,0.003667917973678042
0.349852,0.1472282089345172,0.00363652047316571
0.352495,0.1454563383046615,0.003609332575148414
0.355139,0.1381787326581576,0.003469763304541675
0.357783,0.1371192600582686,0.003455169360774001
0.360427,0.1279375228218646,0.003280902700680224
0.36307,0.1256776706437292,0.003204557349632892
0.365714,0.1239467386931188,0.003186040830347432
0.368358,0.1252150823390677,0.003162071536876991
0.371001,0.1209350926748058,0.003109117265029606
0.373645,0.1212341391509434,0.003115105764075681
0.376289,0.1201187135127636,0.003061503873128961
0.378933,0.118260172100444,0.003044661193890212
0.381576,0.1211352948113208,0.003033256774225987
0.38422,0.1160941465038846,0.002975663404581488
0.386864,0.1103652219755827,0.002849307286975079
0.389507,0.1127999883462819,0.002907261718998052
0.392151,0.1088453769422864,0.002851484857115313
0.394795,0.1072258955327414,0.002767760706991106
0.397439,0.1079204681603774,0.002788199105822175
0.400082,0.1023167334905661,0.002664694932645235
0.402726,0.1029163693118757,0.002687378447370978
0.40537,0.09625707644284129,0.002561597120615566
0.408013,0.09873608698668146,0.002568437213957595
0.410657,0.09865212194783575,0.002598300588541593
0.413301,0.09372077143451721,0.002479050380206909
0.415945,0.09147732998057716,0.002454037634074996
0.418588,0.0917009498473918,0.002459062547963105
0.421232,0.09473909246670367,0.002500288196269974
0.423876,0.09114198487791343,0.002473418879534374
0.426519,0.09016796295782463,0.002462955707318429
0.429163,0.08778823626526082,0.002489954268005427
0.431807,0.0860563291481687,0.002499122990592466
0.434451,0.08295892570754718,0.002477671650157511
0.437094,0.08440604529689236,0.002566805077854319
0.439738,0.07917694166204217,0.002459641069007995
0.442382,0.08561879758601552,0.002646332651603339
0.445025,0.08432304168978912,0.002614867316192374
0.447669,0.07614224188401776,0.00245734041598967
0.450313,0.08330497475027747,0.002652025212427379
0.452957,0.07583570081853497,0.002451659918106639
0.4556,0.07598782221143173,0.002443118284860624
0.458244,0.07767267411209768,0.002440804590481976
0.460888,0.07518388214483906,0.002401481046576569
0.463531,0.07824419034406216,0.002495210035671133
0.466175,0.07473659891786903,0.002386098163892816
0.468819,0.07183032124028857,0.002373935415130157
0.471463,0.0737035702691454,0.002348877649286701
0.474106,0.06859132179522752,0.002287904276376692
0.47675,0.06954050901775805,0.002303366785556262
0.479394,0.0666056676609323,0.002245323675083022
0.482037,0.07773801026637071,0.002526517176762186
0.484681,0.06748324424250832,0.002176282838685697
0.487325,0.06193853919256382,0.002054690905307591
0.489969,0.06973485786625971,0.002172791370459511
0.492612,0.06395747717813541,0.002048682516143032
0.495256,0.06451970414816871,0.002021308263974149
0.4979,0.06224389678135404,0.0019493631610879
0.500543,0.06111855695061043,0.00191158553255598
0.5031870000000001,0.06360882769145396,0.001948517381816268
0.505831,0.06314519554661488,0.001940932912932657
0.508475,0.061251099472808,0.001890513612650675
0.511118,0.06161578197835738,0.001870659874691016
0.5137620000000001,0.05923134427025528,0.001822378900103446
0.516406,0.06348657935627081,0.001891960403814702
0.519049,0.05828668035516093,0.001792776355644242
0.521693,0.05835439490843507,0.001767745931531402
0.5243370000000001,0.05993583337957824,0.001800911878715412
0.526981,0.05710803142341843,0.001742884246308021
0.529624,0.05740266675915649,0.001724051286356757
0.532268,0.05882615572974473,0.001760434202471484
0.5349120000000001,0.05575932581853497,0.001677511071075776
0.537555,0.0547930800499445,0.001656262086219731
0.540199,0.05394138887347392,0.001644504232312336
0.542843,0.05463725256659268,0.001649042656520303
0.5454870000000001,0.05585593139567148,0.00166881416744743
0.54813,0.05348248147891233,0.001584675373490038
0.550774,0.0576152278718091,0.001690990717809324
0.553418,0.05260805701997781,0.001570687647651416
0.556061,0.05159258823529412,0.001550409894558901
0.558705,0.05348419145394007,0.001598745724288625
0.561349,0.05225573120144284,0.001534100871411324
0.563993,0.05412613942841288,0.001587163231950758
0.566636,0.04806487541620422,0.001448094042544705
0.56928,0.04859853641786904,0.001469942194517669
0.571924,0.04936246947835737,0.00147757082639519
0.574567,0.04776714060765817,0.001438115618997817
0.577211,0.04879392910654827,0.001455572751965514
0.579855,0.04718198349056604,0.001404828523435395
0.582499,0.05356232609600444,0.001550568644223851
0.5851420000000001,0.0439881576026637,0.001337830461254092
0.587786,0.04826170796337403,0.001442590474138604
0.59043,0.04635016190344062,0.001389450115666049
0.593073,0.05072171420643729,0.001456986263932335
0.5957170000000001,0.04689072690066592,0.00138409467997672
0.598361,0.04758978620976692,0.00140163407438903
0.601005,0.04613816162597115,0.00136010767669339
0.603648,0.04762928960876803,0.001384461149181755
0.6062920000000001,0.04535730049944506,0.001334946651816229
0.608936,0.04724210502219756,0.001372410631426112
0.611579,0.04677497967536071,0.001349750119562379
0.614223,0.04519428516925639,0.001317097927109614
0.6168670000000001,0.04526570810210877,0.001316576394090923
0.619511,0.04458321517758047,0.001293382867263364
0.622154,0.04528447433407325,0.001311483080561994
0.624798,0.04522855105438402,0.001299627813182636
0.6274420000000001,0.04807470491120977,0.001349977696840179
0.630085,0.04401229411764707,0.001276816733905699
0.632729,0.04113822440344063,0.001207257738420721
0.635373,0.04208774125971144,0.001225755290942696
0.6380169999999999,0.03914130778301887,0.00115362977898147
0.64066,0.04017610363485018,0.00118403186198148
0.643304,0.0431153355299667,0.00124530125588565
0.645948,0.04403210876803552,0.001256996107364226
0.6485919999999999,0.04059350922586015,0.001182398581431646
0.651235,0.04060451304106548,0.001191977419044365
0.653879,0.04109414504716982,0.001197884871296735
0.656523,0.0412857103218646,0.0011946342128079
0.659166,0.04286481388734739,0.001228741743066898
0.66181,0.03933599084350722,0.001138922425829319
0.664454,0.04226716731409545,0.001212796568742527
0.667098,0.04186390621531632,0.001207829885250453
0.669741,0.03739303343507214,0.001111042859297759
0.672385,0.03915867764983352,0.00114042022665232
0.675029,0.04090085148446171,0.001168833636994437
0.6776720000000001,0.03989984080188679,0.00114435552118272
0.680316,0.04196043167314096,0.0011902143502997
0.68296,0.03876913297724751,0.001113566769072082
0.685604,0.03845723765260822,0.001117048613018185
0.6882470000000001,0.04005454890399556,0.001140947017017002
0.690891,0.0361884350027747,0.001062463878369025
0.693535,0.0402738514844617,0.001140505875712781
0.696178,0.03905909163429523,0.001115983196281014
0.6988220000000001,0.03920618382352942,0.001122720220950202
0.701466,0.03916487888457269,0.00111151481392397
0.70411,0.03753283018867925,0.001084691777594604
0.706753,0.03653262298834629,0.001049256720425723
0.7093970000000001,0.03766069145394006,0.001077896015127669
0.712041,0.04007092986958935,0.001127716196643316
0.714684,0.03639808206159822,0.001045059802038605
0.717328,0.03599314532463929,0.001035828726080786
0.7199719999999999,0.03807757970310766,0.001078701100191606
0.722616,0.03650436834073252,0.001040062972997616
0.725259,0.03798621621809101,0.001072951173861142
0.727903,0.03639208455882353,0.001025511781752433
0.7305469999999999,0.03391565614594895,0.0009885052664153587
0.73319,0.03764418000832408,0.001061535204111744
0.735834,0.03701490919811321,0.001039913771078282
0.738478,0.036611309309101,0.00102746814844121
0.7411219999999999,0.03319340801886792,0.0009592358551890539
0.743765,0.03551397461154273,0.001013032598177488
0.746409,0.03596453586293007,0.001004127979263256
0.749053,0.03670007921753608,0.001030568641481969
0.751696,0.03764326206992231,0.001037936791821311
0.75434,0.03642483046614873,0.001022861358372279
0.756984,0.03385601990843508,0.0009541188928579321
0.759628,0.03694021052996671,0.001024253836490421
0.762271,0.03593425076304107,0.001000890345113426
0.764915,0.03266321961709212,0.0009275466315331301
0.767559,0.0326592388318535,0.0009393106201160214
0.7702020000000001,0.03584198994173141,0.0009897993142965059
0.772846,0.03673206742508325,0.00100560831843186
0.77549,0.03532586133462819,0.0009852900290748211
0.778134,0.03514004633740289,0.0009687034405929481
0.7807770000000001,0.03789710523029966,0.001031830840593819
0.783421,0.03282162236403996,0.000922623731358006
0.786065,0.03574704168978912,0.0009833031155838166
0.788708,0.03344490940621531,0.000936875392530368
0.7913520000000001,0.0343568709073252,0.000945651539981326
0.793996,0.03334091682852387,0.0009304121911236563
0.79664,0.03489078142341843,0.0009554873151224612
0.799283,0.03240532013041066,0.0009045791251197581
0.8019269999999999,0.03154032914816871,0.0008862287084388037
0.804571,0.03552125173418424,0.0009612965264197963
0.807214,0.03432778301886793,0.0009422370724368942
0.809858,0.03352185370421754,0.0009147881374943431
0.8125019999999999,0.03472465746392897,0.0009533465935398824
0.815146,0.03567030570199778,0.0009576077278122915
0.817789,0.03382862826026637,0.0009232255899313998
0.820433,0.03551286667591565,0.0009607368568317916
0.8230769999999999,0.03272196767480578,0.0008956612272531019
0.82572,0.03284471274972253,0.0009044034474524316
0.828364,0.0327440554245283,0.000894485831902526
0.831008,0.03098722891231965,0.0008632560102380851
0.8336519999999999,0.03371178912319645,0.0009068164716129355
0.836295,0.03571910980854606,0.0009503346217633092
0.838939,0.03487324673973363,0.0009365405545359028
0.841583,0.03220616412319645,0.0008701529867808268
0.844226,0.03146707720588235,0.000871403409494973
0.84687,0.0328895932991121,0.0008879760822534316
0.849514,0.03287461098779135,0.0008877191700593258
0.852158,0.03242954821032187,0.000881843221621235
0.854801,0.03132269076026638,0.0008412616028200844
0.857445,0.03234908095172032,0.0008742885153327702
0.860089,0.03180396517758046,0.0008543970291469263
0.8627320000000001,0.03394283032741399,0.0008978331678938089
0.865376,0.03483732810765816,0.0009468953807057694
0.86802,0.03346354057991121,0.0009132930180000008
0.870664,0.03375045241398446,0.000933124477499779
0.8733070000000001,0.03117633795782464,0.0008668007628809147
0.875951,0.03218544526914539,0.0009046930867314378
0.878595,0.03252211577413985,0.0009107166807254373
0.881238,0.03075765503607104,0.0008699866807959407
0.8838819999999999,0.03270271614872364,0.0009252279647328695
0.886526,0.03112272211431743,0.000871082074960504
0.88917,0.02987954508879024,0.0008552650338826068
0.891813,0.03232289796059934,0.0009073224239862838
0.8944569999999999,0.03123497155937847,0.0008652068776325505
0.897101,0.03425588165926748,0.000917613347489779
0.899744,0.03036277212819091,0.0008359229238218554
0.902388,0.03012393417036626,0.0008278630647651676
0.9050319999999999,0.03147503877635961,0.0008437371472492501
0.907676,0.03456296066870145,0.0009054881294863356
0.910319,0.03170495602108768,0.0008524022530071221
0.912963,0.03283779044117648,0.0008723909067000465
0.9156069999999999,0.0329159548418424,0.0008739534696673725
0.91825,0.03340537853773586,0.0008692178878460327
0.920894,0.03099149583795783,0.0008320417892334959
0.923538,0.03388458816592675,0.0008843226672820618
0.9261819999999999,0.03095132859322975,0.0008202939566863928
0.928825,0.03176617862097669,0.0008463243229242541
0.931469,0.03173824445061044,0.0008355069798794527
0.934113,0.03202814130133185,0.0008496527883684081
0.936756,0.03058483081298558,0.0008056516994227663
0.9394,0.03211963984461709,0.0008385634442132392
0.942044,0.03207591988068812,0.000832284468958042
0.944688,0.03163145914261931,0.0008270658381594621
0.947331,0.02957195331576026,0.0007882252580974587
0.949975,0.03310255271920089,0.0008492060085380385
0.952619,0.03051632880133185,0.0008020435760809988
0.9552619999999999,0.03064879578246393,0.0008038899166747822
0.957906,0.03174600686736959,0.0008238585086408974
0.96055,0.0315630189372919,0.0008242470538366496
0.963194,0.03140023938679246,0.0008017102729752665
0.9658369999999999,0.02929080091564928,0.0007753138815615256
0.968481,0.03119374445061043,0.0008053677760033511
0.971125,0.03089618361542731,0.0007952320649103822
0.973768,0.03230949285516094,0.000820592899799436
0.9764119999999999,0.0345985061736959,0.000856451858830908
0.979056,0.0312249612236404,0.0008014380510516875
0.9817,0.03117390461986682,0.0007956865763024496
0.984343,0.03080889019145394,0.0007839448961872533
0.9869869999999999,0.0311604514428413,0.0007874791810705168
0.989631,0.0317082248890122,0.0008088142322297399
0.992274,0.03301167452830189,0.000854981911409918
0.994918,0.03092506777192009,0.0008126291145340525
0.9975619999999999,0.03062261279134295,0.0008152619527585656
1.00021,0.03035965205327414,0.0008166506341719598
1.00285,0.0290160283018868,0.0007862632034314661
1.00549,0.02971027587402886,0.0008170045019760466
1.00814,0.02857982672031077,0.0007872809140186727
1.01078,0.03132009947280799,0.0008480010354124848
1.01342,0.03123927740011099,0.000850771859000554
1.01607,0.03120502067147614,0.0008590339556833303
1.01871,0.02914516003052164,0.0008106296747929451
1.02136,0.02919920394006659,0.0008162916617463293
1.024,0.03104776248612652,0.0008619780698361241
1.02664,0.03247331624583796,0.0008921489172368158
1.02929,0.03008339837680355,0.0008465155778922845
1.03193,0.03165130584073252,0.0008762917866696086
1.03457,0.03135199382630411,0.0008685491637956273
1.03722,0.02925374230022197,0.0008346744827376377
1.03986,0.03037422918978912,0.0008502006379774187
1.04251,0.03149249562985572,0.0008806185602034915
1.04515,0.03110434961154273,0.0008572211945716878
1.04779,0.03045886036348501,0.0008364592452669886
1.05044,0.03202552025527192,0.0008595261776669863
1.05308,0.02982574611542731,0.0008014846331434065
1.05572,0.02722220726970034,0.0007538171174259688
1.05837,0.02869385939234185,0.0007700666691556292
1.06101,0.03134949181465039,0.0008310916708280316
1.06365,0.02981191523307437,0.0007885211941998945
1.0663,0.03088879432574917,0.0008099491625827274
1.06894,0.02735976754994451,0.000738813365843431
1.07159,0.0288116416481687,0.0007567200020666455
1.07423,0.02839039033018868,0.0007562100947670175
1.07687,0.02845415614594895,0.0007477176947972167
1.07952,0.02673815843507214,0.0007180900519420318
1.08216,0.03128623876248613,0.0008019243772548435
1.0848,0.02975222863485016,0.0007585813246827774
1.08745,0.02768034780799112,0.0007259151034866796
1.09009,0.0267596510127636,0.0007029604840202688
1.09274,0.02801755625693674,0.000731519679394911
1.09538,0.02865599271642619,0.0007408699312981522
1.09802,0.02900830937846837,0.0007407941945840578
1.10067,0.02833197190621532,0.0007325179028265003
1.10331,0.02697882540233075,0.0006969832579381686
1.10595,0.02935873522475028,0.0007466036577998576
1.1086,0.02885765302441731,0.0007341961372095204
1.11124,0.02881619471420644,0.0007335739538880274
1.11389,0.0287381012763596,0.000734189560010013
1.11653,0.02809828676470588,0.000707770938667997
1.11917,0.02890362319644839,0.0007340548568563299
1.12182,0.02768766842397336,0.0007041694812141611
1.12446,0.02791344693396227,0.0007131979341335415
1.1271,0.02819580112375138,0.0007127868506973834
1.12975,0.02793314941731409,0.0007039862323064332
1.13239,0.0281957942563818,0.0007124667937818706
1.13504,0.02767796025249723,0.0006994933014110764
1.13768,0.02805808289400666,0.0007069064159367626
1.14032,0.02650122731687014,0.0006785769559741915
1.14297,0.03001149930632631,0.0007436058951633191
1.14561,0.02855379252219756,0.0007218976250188182
1.14825,0.02818053725027747,0.0007009193912987513
1.1509,0.02863444291065483,0.0007135515698058302
1.15354,0.02556131104328524,0.0006544581801499256
1.15618,0.02889722051886793,0.0007138805703088373
1.15883,0.02705982602663707,0.0006886510883966205
1.16147,0.02608969332685905,0.0006570116937191918
1.16412,0.02728644006659267,0.0006889625301603528
1.16676,0.02622402365427303,0.0006566028972215157
1.1694,0.02633852101831299,0.0006649879205760388
1.17205,0.02687879758601554,0.0006712159875754537
1.17469,0.02702630410654829,0.0006729247188102836
1.17733,0.02723320879578247,0.0006787908665918527
1.17998,0.02809431742508324,0.0006869712718329101
1.18262,0.02745641662042176,0.0006799390817113381
1.18527,0.02592346177857936,0.0006478906626774653
1.18791,0.02478327469478358,0.000628157180984989
1.19055,0.02553874486681465,0.0006429485819442303
1.1932,0.02511933400388457,0.0006271156404264612
1.19584,0.02526038290788014,0.0006349765865863234
1.19848,0.02213892078246393,0.0005689746169727099
1.20113,0.02471652386237514,0.0006232874399648693
1.20377,0.0253304048973363,0.000632003812601344
1.20642,0.02385424549112098,0.0006039320752469372
1.20906,0.02723395276082131,0.0006691389618627254
1.2117,0.02556189248057714,0.0006293421291530244
1.21435,0.02433217778856826,0.0006099122594989357
1.21699,0.0253323964345172,0.0006257724110487547
1.21963,0.0249819042036626,0.000620492894165632
1.22228,0.02237253038290788,0.0005721190642466163
1.22492,0.02268883455882353,0.0005723164858706468
1.22757,0.02412244374306327,0.000602045733997745
1.23021,0.02400675603496115,0.0005956362840822411
1.23285,0.02245223536348501,0.0005669029729174223
1.2355,0.02120980688124307,0.0005440770373987861
1.23814,0.02385112999445061,0.0005928974967202071
1.24078,0.0234573275527192,0.0005888910716679521
1.24343,0.02371825097114317,0.0005907827240532661
1.24607,0.02268529786348502,0.0005679274288966302
1.24871,0.02216976442841288,0.0005577307449783124
1.25136,0.02217028863762487,0.000555644164031045
1.254,0.02257762666481687,0.0005655028416304681
1.25665,0.02319122155937847,0.0005760560548040067
1.25929,0.02289985509156493,0.0005714970289101072
1.26193,0.02308159544950055,0.0005681572465467333
1.26458,0.02178333525249723,0.0005444954234254027
1.26722,0.02212587278024417,0.0005532373165439609
1.26986,0.0230861393590455,0.0005704099316177265
1.27251,0.02366095421753607,0.0005821042888885481
1.27515,0.02068999278579357,0.0005207480869265268
1.2778,0.02002904508879023,0.0005101156704380753
1.28044,0.02287287777469479,0.0005594501958308173
1.28308,0.02333573161764706,0.0005698962066196503
1.28573,0.02196914567147614,0.0005477449826063082
1.28837,0.02262447814927858,0.0005517917523234015
1.29101,0.02190697766370699,0.0005479404098183279
1.29366,0.01918945879578246,0.0004860355579783853
1.2963,0.02060531582963374,0.0005156774083087982
1.29895,0.02133944679522752,0.000530462838724236
1.30159,0.02108677108768035,0.0005199690165170794
1.30423,0.02114496059933408,0.0005278628557945915
1.30688,0.02072126220865705,0.0005109503045541091
1.30952,0.02081831187569368,0.0005177165607768308
1.31216,0.01928998793007769,0.000483756663536643
1.31481,0.02096171170921199,0.0005181901033764455
1.31745,0.01791020976692564,0.0004570785731981143
1.3201,0.01959125485571587,0.0004866987242610807
1.32274,0.02098050769977803,0.0005155510593472623
1.32538,0.01776897315482798,0.0004491851130168617
1.32803,0.02006879113485017,0.0004943239315540637
1.33067,0.01901557241953385,0.000479157785486672
1.33331,0.01879033414261931,0.0004665399527113329
1.33596,0.02034005681187569,0.0005011886959031653
1.3386,0.01767144048279689,0.0004474404178502996
1.34124,0.02013585786625971,0.0004942466406745991
1.34389,0.01782451872918979,0.0004488164877466129
1.34653,0.01729307359877914,0.0004353113931018266
1.34918,0.0183508339345172,0.0004604813338089584
1.35182,0.01950988568257492,0.0004786624969716296
1.35446,0.01873051935349612,0.0004669956920791561
1.35711,0.01988839449223085,0.0004880839281095624
1.35975,0.01947266911764706,0.0004803087973886953
1.36239,0.01781335467536072,0.0004486001495668965
1.36504,0.01753899181465039,0.0004374128923391897
1.36768,0.01860822294672586,0.0004627271555280809
1.37033,0.01781256950610433,0.000446088826729075
1.37297,0.01714055847669257,0.0004326872581031654
1.37561,0.01778713505826859,0.0004497372667038222
1.37826,0.01808400686736959,0.0004474854658657548
1.3809,0.01727744804384018,0.0004363305968771431
1.38354,0.01847517681742509,0.0004589384411384401
1.38619,0.01674600749167592,0.0004251366426553413
1.38883,0.01620601477524972,0.0004108863439565526
1.39148,0.01776064532463929,0.0004435119316390365
1.39412,0.01755785418978913,0.0004401540473680753
1.39676,0.01636380174805772,0.0004119085513527689
1.39941,0.01811195935072142,0.0004485059040812091
1.40205,0.0158054548418424,0.0004009533256872314
1.40469,0.01836104800221975,0.0004575646542427479
1.40734,0.01696076616259711,0.0004241956481723989
1.40998,0.01548285557713651,0.0003933736606915937
1.41263,0.01521647259988901,0.0003865533301058122
1.41527,0.01551559690621532,0.0003936061785974369
1.41791,0.01643756874306327,0.000413890437854773
1.42056,0.0149361740427303,0.000382441151513074
1.4232,0.01454967619311875,0.0003729169624677638
1.42584,0.01587403697280799,0.0003997272593155761
1.42849,0.01595654155105439,0.0004028385798252186
1.43113,0.0169356430355161,0.0004224506038280959
1.43377,0.0142685054800222,0.0003665470259950601
1.43642,0.01524320726970033,0.0003845872382526524
1.43906,0.01680464796059934,0.0004187853080591057
1.44171,0.01522968770810211,0.0003854980949968554
1.44435,0.01449181631520533,0.0003694467202693113
1.44699,0.01438893854051054,0.0003668040205825719
1.44964,0.01548697599889012,0.0003911761825930082
1.45228,0.01487070054106548,0.0003762075822982751
1.45492,0.01548849368756937,0.0003880770914440086
1.45757,0.01535396649556049,0.0003845885823794092
1.46021,0.01518123383740289,0.0003819279712254722
1.46286,0.01506403530799112,0.0003790625964822296
1.4655,0.01551805084628191,0.0003891522021518034
1.46814,0.01490389511653718,0.0003741415428264433
1.47079,0.01425019478357381,0.0003633718628993664
1.47343,0.01268695942008879,0.00032739096928489
1.47607,0.01381074264705882,0.0003539710965765082
1.47872,0.01358070636792453,0.0003449884598704381
1.48136,0.01345993451720311,0.0003456092814558156
1.48401,0.0151984961154273,0.0003830212826353329
1.48665,0.01339056721698113,0.0003417931413015572
1.48929,0.01281812160099889,0.0003290064185514171
1.49194,0.01489812652608213,0.0003695995856804123
1.49458,0.01428531680077691,0.0003631629062187098
1.49722,0.01310225901775804,0.0003341541358298091
1.49987,0.01407177823251942,0.0003549124083454151
1.50251,0.01333827677580466,0.0003424688734709159
1.50516,0.01291122710876804,0.0003292366537260488
1.5078,0.013806759572697,0.000348577041163543
1.51044,0.01293608927580466,0.0003307922214491243
1.51309,0.01258433573806881,0.0003221316096149257
1.51573,0.01264209947280799,0.0003251833498422761
1.51837,0.01272780653440621,0.0003232234951011347
1.52102,0.01094378294950056,0.000286018981902243
1.52366,0.01230851241675916,0.0003137514581898782
1.5263,0.01207235502219756,0.0003082004090922952
1.52895,0.01479486417869034,0.0003682895936802877
1.53159,0.01181178870699223,0.0003053789723799866
1.53424,0.01264026817425083,0.0003246049911657126
1.53688,0.01256891391509434,0.0003203247187221812
1.53952,0.01336117258601554,0.0003351928440158902
1.54217,0.01257800402330744,0.0003177811971828536
1.54481,0.01217623314372919,0.0003110998225142301
1.54745,0.01158578357380688,0.0003005723810410472
1.5501,0.01145445886514983,0.0002993785309642245
1.55274,0.01187085266370699,0.0003123414712340605
1.55539,0.01230315586847947,0.0003236767179757532
1.55803,0.01149855424528302,0.0003080388819889991
1.56067,0.01253240011098779,0.0003341484075349656
1.56332,0.01121712715038846,0.0003022270447507655
1.56596,0.01113396101553829,0.0003060278501323721
1.5686,0.01328624500554939,0.0003515096753195128
1.57125,0.01311012215593785,0.0003542770198261097
1.57389,0.01228606756381798,0.0003337048471762831
1.57654,0.01126703690344063,0.0003097202642337317
1.57918,0.009767386514983352,0.0002793765505163932
1.58182,0.01048159524139844,0.0002947414364971778
1.58447,0.01166965475860155,0.000325126882660829
1.58711,0.01216820061043285,0.0003345253644678551
1.58975,0.01200565455049945,0.0003323369549183996
1.5924,0.01107531139012209,0.000316467233920326
1.59504,0.00949689685072142,0.0002726536836714902
1.59769,0.01069691016925638,0.0003060119054736299
1.60033,0.01062175138734739,0.0003026311990978631
1.60297,0.01096486806326304,0.0003111849361366647
1.60562,0.01005394811320755,0.0002889142861416739
1.60826,0.01128134621254162,0.0003112404810721698
1.6109,0.01112679377081021,0.0003075016982210653
1.61355,0.01126255708934517,0.0003060791960078272
1.61619,0.01084873168701443,0.0002964206344703747
1.61883,0.01104211910377359,0.0003007686795708151
1.62148,0.009234263457269697,0.0002553292070534523
1.62412,0.00899399021920089,0.0002519508651280432
1.62677,0.00902786466426193,0.0002487614440048227
1.62941,0.009697891023862376,0.0002674874924700117
1.63205,0.01152520879578247,0.0003063547489117097
1.6347,0.008494737028301889,0.0002355591965727584
1.63734,0.009239977108768034,0.0002538200130285119
1.63998,0.009686454564372921,0.0002638522191523612
1.64263,0.009296415441176471,0.0002535444926435234
1.64527,0.009451041134850164,0.0002554981345749319
1.64792,0.01032723966426193,0.0002774229252342149
1.65056,0.01097473647336293,0.0002915239375250226
1.6532,0.01028179599056604,0.0002746564328093628
1.65585,0.01015350437014428,0.0002730377160169015
1.65849,0.009651778926193118,0.0002581993293179474
1.66113,0.009797204633740288,0.0002631671717308171
1.66378,0.008689674181465039,0.0002379092281815199
1.66642,0.00924930070754717,0.0002509424500450269
1.66907,0.008809736403995563,0.0002418902877533806
1.67171,0.008771018174250833,0.0002378705042874844
1.67435,0.01043454689234185,0.0002772812114146293
1.677,0.008979694644839067,0.0002430063694255879
1.67964,0.009031133532186458,0.000243675908344528
1.68228,0.008253193326859047,0.000225192534030989
1.68493,0.01074939060765816,0.0002824627753249956
1.68757,0.009351239941731412,0.0002507279176096916
1.69022,0.008259090108213097,0.0002240554950906452
1.69286,0.008911787805216427,0.0002399241642609684
1.6955,0.009585039539400665,0.0002569419503275553
1.69815,0.00944634156492786,0.0002525753290876649
1.70079,0.008498060835183129,0.0002319979938643708
1.70343,0.01067389303551609,0.0002772029204899372
1.70608,0.008403801609322975,0.000226986150782539
1.70872,0.007448468091009991,0.0002032006791271613
1.71137,0.008781234531076584,0.0002359438661786707
1.71401,0.009953089345172033,0.0002629373260600759
1.71665,0.008912426470588233,0.0002388853948964994
1.7193,0.009849426401220863,0.0002606644874984666
1.72194,0.009078033088235295,0.0002416048538681935
1.72458,0.008478443049389568,0.0002282943898416296
1.72723,0.009566408365704772,0.0002519821397222436
1.72987,0.009196538706992233,0.0002440704593557041
1.73251,0.009595610710321868,0.0002545589423063236
1.73516,0.008906028371254164,0.0002351095885230936
1.7378,0.009324956229189788,0.0002467454842944533
1.74045,0.01019490087402886,0.0002650814669811569
1.74309,0.00976487992508324,0.0002562585873323281
1.74573,0.007209852178135404,0.0001968529968607054
1.74838,0.007163534059378471,0.0001937640936391649
1.75102,0.00892017286348502,0.0002386074753942411
1.75366,0.00764238887347392,0.0002047646423103164
1.75631,0.008594796892341843,0.0002279042514924912
1.75895,0.008782282949500555,0.0002336274019488481
1.7616,0.007050380410654829,0.0001917272093967611
1.76424,0.008230938471143177,0.0002207059258903698
1.76688,0.007507028440621535,0.0002007970602214985
1.76953,0.008211744173140951,0.0002192804186902002
1.77217,0.007653788706992232,0.0002065002591983614
1.77481,0.007681775527192011,0.0002069428728863484
1.77746,0.008417179245283018,0.0002247088107283332
1.7801,0.008606720935072145,0.0002262547415021103
1.78275,0.008515389497780244,0.0002260530871417121
1.78539,0.008599647544395118,0.0002248958966545299
1.78803,0.007007356340177582,0.000188760899121431
1.79068,0.007445666204217534,0.0002008625625302402
1.79332,0.007506765191453939,0.0001994556437929673
1.79596,0.007354485849056605,0.0001994304936260365
1.79861,0.007677023307436182,0.0002033165854620251
1.80125,0.007303806950610432,0.0001962674279620021
1.8039,0.007728505688124306,0.0002065814638758125
1.80654,0.007027706645394006,0.0001889610760751934
1.80918,0.008906422100443956,0.0002348620574134106
1.81183,0.007066525596559379,0.0001905157730975964
1.81447,0.007160629162042177,0.0001927388435232483
1.81711,0.007261497086570475,0.000194540210710288
1.81976,0.007198825471698114,0.0001927180281210365
1.8224,0.007665348779134294,0.0002059018789452573
1.82504,0.00716924313263041,0.0001926072033638112
1.82769,0.007815375624306327,0.000209608892065884
1.83033,0.006449700749167591,0.0001755049337521589
1.83298,0.007283163637624864,0.000195192938321584
1.83562,0.007655386514983354,0.0002053587517335724
1.83826,0.006078720865704776,0.0001681716710922687
1.84091,0.007026115704772475,0.0001914230763530159
1.84355,0.007662716287458379,0.0002056468895217382
1.84619,0.009102512971698113,0.0002391759512078202
1.84884,0.008749271503884572,0.0002286398201994868
1.85148,0.006654460529966704,0.000182247101733416
1.85413,0.00672540045782464,0.000184346964431893
1.85677,0.007590373127081024,0.0002027428472142242
1.85941,0.007401254925083239,0.0002002581190636406
1.86206,0.00728271496947836,0.0001950673146854312
1.8647,0.006833708032741399,0.000186430821672284
1.86734,0.007080182505549391,0.0001917272481128607
1.86999,0.007103554453385127,0.0001914221402379675
1.87263,0.00761258906770255,0.0002064106322278521
1.87528,0.006392113276914536,0.0001748814916874896
1.87792,0.007357035932297448,0.0001989974488341629
1.88056,0.007931246462264153,0.0002122075111015014
1.88321,0.005995460876803552,0.0001647731960240558
1.88585,0.006439170782463928,0.0001780699203348349
1.88849,0.007098339830743618,0.0001908777855590146
1.89114,0.00689869395116537,0.000188261531487095
1.89378,0.008252554661487237,0.0002180347672822774
1.89643,0.00661927670643729,0.0001810529922119146
1.89907,0.004996267758046613,0.0001409931226559489
1.90171,0.005943896087680357,0.0001628241079325669
1.90436,0.004511461223640401,0.0001279371470855945
1.907,0.006846282186459486,0.0001853271754018856
1.90964,0.007173981617647058,0.0001948793015146425
1.91229,0.007618991745283018,0.0002051777382185143
1.91493,0.005636173834628188,0.0001560547601643553
1.91757,0.006759474056603774,0.0001836663430177031
1.92022,0.006852108004994453,0.0001870883368148561
1.92286,0.006768889220310765,0.0001853416488100173
1.92551,0.00552158261653718,0.0001523534450776697
1.92815,0.006262159753052165,0.0001712581927373202
1.93079,0.007347934378468367,0.0001996679438002913
1.93344,0.006687375832408433,0.0001815062689184381
1.93608,0.006201967258601553,0.0001702546874237265
1.93872,0.006615398931742512,0.0001802598205969519
1.94137,0.007671195199778024,0.0002077619882905291
1.94401,0.005920201373473918,0.0001638538638972
1.94666,0.005610402885682576,0.0001553641654012122
1.9493,0.006491829772475028,0.0001780599161820439
1.95194,0.006361848779134293,0.0001736698092073299
1.95459,0.005985457408435071,0.0001650652717280274
1.95723,0.006576879855715868,0.0001803237414198845
1.95987,0.005919027053274141,0.000162984061343442
1.96252,0.005619435765815761,0.000157006545901999
1.96516,0.006076738485016648,0.000166684250720314
1.96781,0.007752143174250829,0.0002074877232411552
1.97045,0.005661505271920088,0.0001567986457506472
1.97309,0.007003336639844615,0.0001901992872951983
1.97574,0.006339825124861264,0.0001743941546246212
1.97838,0.006161788568257492,0.0001692503740984131
1.98102,0.005790067008879027,0.0001611589828547603
1.98367,0.005744035030521645,0.0001584388450416593
1.98631,0.005975618756936738,0.0001646705924604289
1.98896,0.00557506111265261,0.000154985205149485
1.9916,0.005102521989456161,0.0001427778549812876
1.99424,0.005554337680355161,0.0001529818479771868
1.99689,0.005594392758046615,0.0001542066325611317
1.99953,0.005408813540510544,0.0001496519710611712
2.00217,0.00528429897336293,0.0001466350259697852
2.00482,0.006696935210876805,0.0001815378361050207
2.00746,0.006235051956159821,0.0001700472115102302
2.0101,0.006126932089345174,0.0001662521657365567
2.01275,0.005032731201442844,0.0001403165861280518
2.01539,0.005069810418978912,0.0001397866038601676
2.01804,0.005009320338512764,0.0001404379476356972
2.02068,0.004537619034406212,0.0001274952904077623
2.02332,0.004754623335183128,0.0001324509520685069
2.02597,0.005536855646503885,0.0001527234303560929
2.02861,0.005184701512208657,0.0001426602319812279
2.03125,0.005452446517758046,0.0001505574081314288
2.0339,0.004891272544395114,0.0001359406365025088
2.03654,0.00487881055771365,0.0001365766930441174
2.03919,0.004959442633185349,0.0001377192756996993
2.04183,0.004664681395671477,0.000129651294779249
2.04447,0.005513882006104333,0.0001518910110576076
2.04712,0.005617709766925638,0.0001538702607215859
2.04976,0.006084471143174251,0.0001657912584866197
2.0524,0.004609666897891229,0.0001291115582894968
2.05505,0.006089072280799113,0.0001656243885421801
2.05769,0.005120262694228632,0.000142119325851447
2.06034,0.005270360502219756,0.00014424485124233
2.06298,0.005517620144284132,0.0001519934233950681
2.06562,0.004673148862375136,0.0001297367018551985
2.06827,0.005000058546059933,0.0001381473610461282
2.07091,0.005266862721975582,0.0001457768773541072
2.07355,0.004841648931742511,0.0001338881909643029
2.0762,0.004410524625416204,0.0001236732644471544
2.07884,0.004367688263041066,0.0001218730727754317
2.08149,0.0043673448945616,0.0001221398107368863
2.08413,0.004857471351276358,0.000135736798873871
2.08677,0.005047731825749166,0.0001385676991245903
2.08942,0.00519508726415094,0.00014478970983966
2.09206,0.005110929938956714,0.0001414520122323852
2.0947,0.006051054522752498,0.0001649632736307157
2.09735,0.005548026567702551,0.0001524511568437336
2.09999,0.005488193465593785,0.0001509615236413905
2.10263,0.005391979328523861,0.0001501281667963467
2.10528,0.006132009364594895,0.0001649462338371673
2.10792,0.005394611820199779,0.0001494822038202557
2.11057,0.005905180147058823,0.0001626873905300154
2.11321,0.004804111889567148,0.0001379453495362068
2.11585,0.005135359461709212,0.0001489787052563917
2.1185,0.004256661209766925,0.0001238208290457593
2.12114,0.004735003260266369,0.0001399920449174133
2.12378,0.00489853364317425,0.0001418904027724168
2.12643,0.004937853912319643,0.0001449531408552857
2.12907,0.004292879716981132,0.0001295539768753098
2.13172,0.004540095865704774,0.0001360437049164025
2.13436,0.005659140607658158,0.0001680079460949714
2.137,0.005041704564372922,0.0001505737339713846
2.13965,0.006112398446170924,0.0001809433908857188
2.14229,0.00430800853218646,0.0001314125905140442
2.14493,0.004474398029966704,0.0001373656889786811
2.14758,0.004795257561043285,0.0001474338318194874
2.15022,0.004282040718645947,0.0001312960974326288
2.15287,0.003813377081021089,0.0001197415252380187
2.15551,0.004011203107658159,0.0001248712447631625
2.15815,0.004974766023862378,0.0001531898918562016
2.1608,0.004364513249167591,0.0001359562924996867
2.16344,0.004089047031076582,0.0001272102649114363
2.16608,0.004747630063817978,0.0001461559956222786
2.16873,0.003696070962819089,0.0001143895236057878
2.17137,0.004811361542730298,0.0001440726617354526
2.17402,0.005228856409544948,0.0001542024002264018
2.17666,0.003193571795227525,9.810745794594897e-05
2.1793,0.003754928898446173,0.0001132256229291039
2.18195,0.004758805563263042,0.0001402940022490994
2.18459,0.003943857103218643,0.0001178089574998932
2.18723,0.003453707755271919,0.0001041858317428298
2.18988,0.005583784961154273,0.0001613417858407363
2.19252,0.004441018035516093,0.0001304939065018812
2.19516,0.003794986265260823,0.0001125038416685287
2.19781,0.005136556673140953,0.0001496282311797656
2.20045,0.004987230299667038,0.0001444277586623507
2.2031,0.005389697072697004,0.0001555730900128785
2.20574,0.005377702067147614,0.0001546169522631575
2.20838,0.004323892758046616,0.0001269619892327263
2.21103,0.00416465219200888,0.000122764420250502
2.21367,0.004030733906770254,0.0001193982751634322
2.21631,0.004757416065482794,0.0001389023709586678
2.21896,0.004790683892896781,0.0001385772107821521
2.2216,0.00349923841564928,0.0001032870468740113
2.22425,0.004870759711431747,0.0001411559538278495
2.22689,0.005466602455604882,0.0001566921811716394
2.22953,0.00453063034128746,0.0001310901122507791
2.23218,0.004998002913429524,0.0001455533942578723
2.23482,0.003940430285793565,0.0001157497432284587
2.23746,0.004361459558823531,0.0001288007115089333
2.24011,0.005555562361265262,0.0001588407081398517
2.24275,0.005229753745837956,0.0001518599071561675
2.2454,0.004736813956714762,0.000137760961028037
2.24804,0.006602891162597119,0.0001868786039458085
2.25068,0.005818342258601551,0.0001667696936212204
2.25333,0.00419305105438402,0.0001229423136502868
2.25597,0.004550005480022199,0.0001333994434118431
2.25861,0.004404971212541621,0.0001292659349934865
2.26126,0.003247473779134297,9.763202940406323e-05
2.2639,0.003912216842397337,0.0001155982356930466
2.26655,0.004082747364039955,0.0001207378055131447
2.26919,0.005237017133740287,0.0001534098234004513
2.27183,0.006178840246947837,0.0001751489029749664
2.27448,0.003206562569367372,9.613123328190065e-05
2.27712,0.003917591703662598,0.0001156136021555963
2.27976,0.004873923279689232,0.0001439568193983382
2.28241,0.005641145810210879,0.0001630606139759661
2.28505,0.003268776359600442,9.787171124219344e-05
2.28769,0.004618631104328528,0.0001349796949489923
2.29034,0.004669493132630413,0.00013509405254599
2.29298,0.004017294464483904,0.0001192401461550519
2.29563,0.004331696379023308,0.0001267689463978909
2.29827,0.005443145810210877,0.0001567513099845966
2.30091,0.003513007491675916,0.0001065758171796784
2.30356,0.003505755549389568,0.0001036218794283996
2.3062,0.00263451526082131,8.049226229287648e-05
2.30884,0.004653320477247504,0.0001356782320666246
2.31149,0.005045602941176468,0.0001479191826887492
2.31413,0.00460795463374029,0.0001352158404114563
2.31678,0.003681441176470589,0.0001101494744949689
2.31942,0.005112564372918981,0.0001492225714627261
2.32206,0.004783161834073252,0.0001383779356107778
2.32471,0.003850980507769146,0.0001150336859650387
2.32735,0.003045547932852389,9.241419520813911e-05
2.32999,0.00515333823529412,0.0001496311090681314
2.33264,0.004246543285238623,0.0001274868254273309
2.33528,0.003165752081021087,9.411359686744552e-05
2.33793,0.005300114525527191,0.0001544732429749752
2.34057,0.003235332269700334,9.705826291033706e-05
2.34321,0.002676843437846837,8.144988548232708e-05
2.34586,0.003834784961154272,0.0001155514225326677
2.3485,0.004523790441176469,0.0001328377065072822
2.35114,0.005063865566037736,0.0001473504627920676
2.35379,0.004837452968923415,0.0001406265319739891
2.35643,0.003237987652608214,9.697747819994666e-05
2.35908,0.005191172863485016,0.000151938368006564
2.36172,0.003368380688124306,0.0001011766694575233
2.36436,0.003910793007769147,0.0001162020680937587
2.36701,0.003355282325194229,0.0001001033189816688
2.36965,0.004279538706992232,0.0001259681195811579
2.37229,0.004426074639289681,0.000130430437429733
2.37494,0.003587660377358489,0.0001072537181012072
2.37758,0.004075197835738066,0.0001223462792814715
2.38022,0.003809870144284127,0.0001123077620985347
2.38287,0.004150487097669257,0.0001242593608804115
2.38551,0.002814712749722529,8.442061634210335e-05
2.38816,0.003005105993340736,9.124266361575579e-05
2.3908,0.003503640399556048,0.000105448731080821
2.39344,0.004558058615427304,0.0001341775375631975
2.39609,0.004278842813540512,0.0001268731554167166
2.39873,0.004457321170921201,0.0001305449957612178
2.40137,0.004968722738623751,0.0001452056480797053
2.40402,0.00317656589900111,9.446718112585333e-05
2.40666,0.003673445269145393,0.0001096579140788088
2.40931,0.00353310141509434,0.0001060587260784865
2.41195,0.004035790579911211,0.0001189748704066433
2.41459,0.003219706714761375,9.741847830220715e-05
2.41724,0.003911903232519423,0.0001155532213656482
2.41988,0.003079378884572697,9.313400676143314e-05
2.42252,0.004084127705327415,0.0001215132230616494
2.42517,0.002892593299112098,8.700844745335295e-05
2.42781,0.004054980299667037,0.0001208905627209715
2.43046,0.003204442841287458,9.621095321387295e-05
2.4331,0.004734261584350723,0.0001388024001014974
2.43574,0.004379170504994454,0.0001290311783761528
2.43839,0.003720761445615982,0.0001115789155111513
2.44103,0.002415450749167591,7.394714615538836e-05
2.44367,0.005148112167036626,0.0001493605824353375
2.44632,0.003745396989456161,0.0001119303652246315
2.44896,0.003164461015538289,9.52052241024927e-05
2.45161,0.004008616398446174,0.0001187517682842913
2.45425,0.004422542522197558,0.0001310388598236254
2.45689,0.003626330535516092,0.000107633161299901
2.45954,0.002204315760266373,6.816180322894938e-05
2.46218,0.003946574292452827,0.0001176167052864646
2.46482,0.002364105715871253,7.193278770612437e-05
2.46747,0.002870949639289678,8.681223934747944e-05
2.47011,0.004394899070477245,0.0001305582907974281
2.47275,0.003197989802996671,9.739558057671395e-05
2.4754,0.003352713928967811,0.0001001992535851701
2.47804,0.00260381582963374,7.952943076880373e-05
2.48069,0.003288973293562707,9.927077035222151e-05
2.48333,0.00353172107380688,0.0001068473076562828
2.48597,0.003382021573251943,0.0001023534157531416
2.48862,0.003743551956159822,0.0001115531142146293
2.49126,0.003022526220865706,9.243938533115564e-05
2.4939,0.002200188471143173,6.745704012743806e-05
2.49655,0.004658145948945617,0.0001376508351128983
2.49919,0.003995355507769145,0.0001187520897564154
2.50184,0.003856458379578247,0.0001149980310656712
2.50448,0.003054287805216428,9.290905582104142e-05
2.50712,0.002915063332408437,8.92204843643896e-05
2.50977,0.0033850775527192,0.0001018442103823721
2.51241,0.003275259156492785,9.861161867660289e-05
2.51505,0.005898692771920091,0.0001706096689790581
2.5177,0.003104785862930077,9.478610238532989e-05
2.52034,0.002612232935627081,7.967238019904588e-05
2.52299,0.003875220033296337,0.0001163770434873302
2.52563,0.002240621254162042,6.922427544230698e-05
2.52827,0.003390241814650391,0.0001026056588893049
2.53092,0.003272223779134296,9.89208206450459e-05
2.53356,0.003201673002219757,9.644095932908896e-05
2.5362,0.003673468160377358,0.0001108829875175858
2.53885,0.003262476692563819,9.875590823258246e-05
2.54149,0.003793773029966704,0.0001138588772782207
2.54414,0.003776247502774693,0.0001136530160461223
2.54678,0.004392225374583794,0.0001305864267426035
2.54942,0.003108306534406217,9.452787097707858e-05
2.55207,0.003902829148168701,0.0001168676066941672
2.55471,0.003661972183684796,0.0001100683032641712
2.55735,0.00250288838790233,7.726060273653882e-05
2.56,0.00363870782463929,0.0001102909091900203
2.56264,0.003434321170921199,0.0001049285135048417
2.56529,0.004352630410654829,0.0001284474243135251
2.56793,0.004084429869589346,0.0001223527808499072
2.57057,0.003434698876248615,0.0001035420780768449
2.57322,0.00373298307436182,0.000112650287642565
2.57586,0.002903878676470589,8.848064717437902e-05
2.5785,0.003043940968368479,9.26326377571509e-05
2.58115,0.002986630480022197,9.208341196072402e-05
2.58379,0.003124316662042178,9.530980589957507e-05
2.58643,0.003333652400110987,0.0001012025360000993
2.58908,0.003345045366259712,0.0001014230817174833
2.59172,0.002679228704217539,8.234539293257798e-05
2.59437,0.004824530868479468,0.0001432050229148813
2.59701,0.004398012278024417,0.0001304230393115667
2.59965,0.003686834350721425,0.0001109818173984771
2.6023,0.004497566245837956,0.0001337277481512773
2.60494,0.003686278093784682,0.0001117902057951403
2.60758,0.003563519284128748,0.0001092202731799158
2.61023,0.004151524070477247,0.0001245297190579477
2.61287,0.002961498196448392,9.100366093222678e-05
2.61552,0.003595624236958936,0.0001093753831189085
2.61816,0.003384351900665928,0.0001028323946113929
2.6208,0.003140052094894564,9.563680981331202e-05
2.62345,0.003961829009433965,0.0001194436323408995
2.62609,0.00479907810765816,0.0001427549417992108
2.62873,0.003363818465593783,0.0001026325085493901
2.63138,0.003774324639289681,0.00011405696807659
2.63402,0.002366415441176473,7.353737026852118e-05
2.63667,0.003477697766370697,0.0001058876361761813
2.63931,0.00450858608490566,0.0001356345474920072
2.64195,0.004181859531076582,0.0001256193473207969
2.6446,0.001472471628745837,4.624625099051891e-05
2.64724,0.003938161764705884,0.0001182962585261961
2.64988,0.003288142341842398,0.0001010239007207465
2.65253,0.003727562430632633,0.000113585904166454
2.65517,0.003284729259156493,0.000100371532552695
2.65782,0.004504747225305216,0.0001344947364528438
2.66046,0.003628399902885686,0.0001102971530359562
2.6631,0.004396000138734736,0.0001314315868726596
2.66575,0.00443329224472808,0.0001317201250195503
2.66839,0.003890287042175357,0.0001184179965725727
2.67103,0.003179772960599334,9.961303502000653e-05
2.67368,0.004651100027746946,0.0001439164135010727
2.67632,0.004455265538290788,0.0001404913272161419
2.67896,0.003608626456714763,0.0001148764805989909
2.68161,0.002902823390677023,9.589465954056261e-05
2.68425,0.0048631827136515,0.0001562430880116263
2.6869,0.00356104932019978,0.0001168798723707979
2.68954,0.004166792522197558,0.0001358447358677221
2.69218,0.003675285724195338,0.0001211681832367009
2.69483,0.004768168077136517,0.0001567481955257767
2.69747,0.003787809864039957,0.0001268009888555557
2.70011,0.0032177586709212,0.0001074890251556709
2.70276,0.003570869658712542,0.0001219627768774497
2.7054,0.003787310835183129,0.00012761396311848
2.70805,0.003668326789678133,0.0001254705962145184
2.71069,0.003380492438956717,0.0001151681244789276
2.71333,0.003610160169256384,0.0001242679677649403
2.71598,0.002864647683129854,0.000101121079083072
2.71862,0.003461147405660376,0.0001213377968716479
2.72126,0.004071645116537183,0.0001413077097662682
2.72391,0.003945017688679245,0.0001367104619478818
2.72655,0.00258762486126526,9.062366631945954e-05
2.7292,0.003667917036625972,0.0001241478135284088
2.73184,0.002910572072697002,9.859317530159114e-05
2.73448,0.003255485710321866,0.00010903085410305
2.73713,0.005511915649278578,0.0001741842164642887
2.73977,0.003666284891786901,0.0001212384627475143
2.74241,0.003920743826304108,0.0001276511368293056
2.74506,0.004654833587680355,0.0001478680408985441
2.7477,0.003488069783573811,0.0001139652187508558
2.75035,0.004151565274694787,0.0001322576950206824
2.75299,0.001602995144284128,5.420727562488501e-05
2.75563,0.00237092959211987,7.757128116747485e-05
2.75828,0.003816458240843507,0.0001215882477729927
2.76092,0.003653417730299667,0.0001182677288610843
2.76356,0.00384819922308546,0.0001224290062971749
2.76621,0.004301356340177579,0.0001356935981436609
2.76885,0.002809145602108769,9.160678602937809e-05
2.77149,0.002853582061598226,9.250483584896954e-05
2.77414,0.002904487583240844,9.418167320271045e-05
2.77678,0.003870399139844618,0.0001221923921088979
2.77943,0.001229108074361823,4.088128492433689e-05
2.78207,0.002360946725860156,7.719922282028993e-05
2.78471,0.003874757630410657,0.0001235971235033192
2.78736,0.004058846628745839,0.0001282883165608447
2.79,0.002850061390122087,9.131685981690179e-05
2.79264,0.00346558601553829,0.0001105713718211474
2.79529,0.003225809517203109,0.0001031768118813786
2.79793,0.002961921684239734,9.491059345540358e-05
2.80058,0.003959278926193118,0.0001235426372151167
2.80322,0.00335249646226415,0.0001073019024352211
2.80586,0.003499300221975584,0.000111640484750172
2.80851,0.002775644284128746,8.898601351585042e-05
2.81115,0.002854536625971143,9.102109001211839e-05
2.81379,0.003873423071587126,0.0001214453736558893
2.81644,0.002176594478357378,7.102473639675104e-05
2.81908,0.003366061806326306,0.0001066232129173808
2.82173,0.003062904064927857,9.754407270287469e-05
2.82437,0.002729307852386237,8.704435966087868e-05
2.82701,0.002468599611542732,7.916407429855781e-05
2.82966,0.004588897683129856,0.0001424656878460151
2.8323,0.003277012624861263,0.0001029966331380367
2.83494,0.004833101345726972,0.0001483824060827436
2.83759,0.002867012347391784,9.055547495478372e-05
2.84023,0.003694257977247503,0.0001158005758345948
2.84288,0.003757238623751386,0.0001185190504654952
2.84552,0.005100269492230855,0.0001538575425751473
2.84816,0.002944716634295229,9.444085031389624e-05
2.85081,0.004299804314650387,0.0001333336657018699
2.85345,0.003262826928412876,0.0001029647398430419
2.85609,0.003563965663152054,0.0001117142650307261
2.85874,0.004571115774139846,0.0001406458752468019
2.86138,0.002423877011653718,7.831750535288287e-05
2.86402,0.002676392480577136,8.570249584145783e-05
2.86667,0.003320114525527194,0.0001049164721551193
2.86931,0.002475139636514984,7.934924313204651e-05
2.87196,0.0030292951581576,9.548948901084788e-05
2.8746,0.003119903232519425,9.972450196176272e-05
2.87724,0.002941418007769145,9.37309851652236e-05
2.87989,0.003601477524972255,0.0001133563958025177
2.88253,0.003026369658712543,9.617792391007579e-05
2.88517,0.001680774972253054,5.524258368624271e-05
2.88782,0.002293873127081019,7.435777888832186e-05
2.89046,0.003140095588235292,9.851382991275092e-05
2.89311,0.003249545435627079,0.0001033860435546855
2.89575,0.004715369450610432,0.0001455475175258098
2.89839,0.001317793285238622,4.294024742989634e-05
2.90104,0.00344407283573807,0.000108883216916954
2.90368,0.003210019145394006,0.0001006529714245038
2.90632,0.003035471212541619,9.631738838799335e-05
2.90897,0.002054755896226416,6.690132146430581e-05
2.91161,0.003168792036625974,0.0001003277707808922
2.91426,0.003023695962819088,9.543178219665569e-05
2.9169,0.003217232172586014,0.0001023742308013676
2.91954,0.003079062985571589,9.794679754328452e-05
2.92219,0.002593349958379582,8.188168609393682e-05
2.92483,0.002637287389012207,8.424424886830247e-05
2.92747,0.002591477455604885,8.26049217029018e-05
2.93012,0.004579432158712542,0.0001422711703559271
2.93276,0.003122899694783575,9.876662111216372e-05
2.93541,0.002370801401220863,7.544763708467498e-05
2.93805,0.003905214414539399,0.0001212430138198566
2.94069,0.002221903093784684,7.116649490030707e-05
2.94334,0.003518315968368483,0.0001112601017274361
2.94598,0.002712217258601557,8.539887150197803e-05
2.94862,0.004025148446170924,0.0001256700585084223
2.95127,0.002958941245837959,9.422346689059441e-05
2.95391,0.002393658296337405,7.662049176387896e-05
2.95655,0.002257432574916761,7.234944693814607e-05
2.9592,0.00288795553551609,9.04633514405683e-05
2.96184,0.002998639220310764,9.534928009060697e-05
2.96449,0.005508614733629302,0.0001683753316490207
2.96713,0.003655308546059935,0.0001142817846342702
2.96977,0.002922997433407324,9.308725613008127e-05
2.97242,0.003655052164261931,0.000114204065035194
2.97506,0.003056373196448392,9.774912891293948e-05
2.9777,0.002370142133740288,7.59970481635407e-05
2.98035,0.002635543077136512,8.388734215614411e-05
2.98299,0.00173469984739179,5.671523550052268e-05
2.98564,0.002768461015538293,8.781929834101381e-05
2.98828,0.002417227108768035,7.761895395644394e-05
2.99092,0.004576872918978912,0.0001400402974429843
2.99357,0.003357193743063261,0.0001057687284353838
2.99621,0.004323840108213095,0.0001343296597439008
2.99885,0.003413430632630411,0.0001073555237454167
3.0015,0.002409135058268594,7.723972377600188e-05
3.00414,0.00354795782463929,0.0001114870639382365
3.00679,0.00373529737791343,0.0001164924101157085
3.00943,0.002899288984461712,9.238999742849513e-05
3.01207,0.002529863415649277,8.025949917309699e-05
3.01472,0.003536093299112096,0.0001113857087487135
3.01736,0.002191029689234182,7.073162425886667e-05
3.02,0.004243031770255272,0.0001311572369080247
3.02265,0.003610107519422863,0.0001128521906661907
3.02529,0.002284142064372916,7.304970496769382e-05
3.02794,0.002739052649833517,8.735944388518638e-05
3.03058,0.002310167105993339,7.380391105651336e-05
3.03322,0.004012368271365147,0.0001249340518957084
3.03587,0.002880463235294116,9.134154835827282e-05
3.03851,0.00232478544672586,7.376052147117493e-05
3.04115,0.002677793423973361,8.511574663296161e-05
3.0438,0.003922087541620422,0.0001214075314981916
3.04644,0.002576554661487237,8.150283819196021e-05
3.04908,0.004010955882352942,0.0001246652166950169
3.05173,0.003172422586015539,9.954300973515357e-05
3.05437,0.003800056673140952,0.0001181051651775343
3.05702,0.002330721143174252,7.409197423987021e-05
3.05966,0.001617119034406215,5.162346106380638e-05
3.0623,0.00222081576026637,7.105311487059279e-05
3.06495,0.002101817980022196,6.697529999996423e-05
3.06759,0.002454825957269698,7.778868573597052e-05
3.07023,0.003015375000000002,9.480320220511239e-05
3.07288,0.003386814997225304,0.000105745598953353
3.07552,0.003137380688124305,9.883490402070082e-05
3.07817,0.003120296961709212,9.832405248084288e-05
3.08081,0.003527206922863484,0.0001092149757632905
3.08345,0.002864237930077694,9.019253367925155e-05
3.0861,0.002682616606548282,8.450812509778875e-05
3.08874,0.001634742993895668,5.262964669835709e-05
3.09138,0.003701523654273032,0.0001146796381343825
3.09403,0.002650230091564927,8.377120493230882e-05
3.09667,0.004601675568812428,0.0001412477100681488
3.09932,0.002506315205327412,7.875603106935111e-05
3.10196,0.003669796406770256,0.0001135816404431372
3.1046,0.00353289539400666,0.0001094255298939992
3.10725,0.003157177025527193,9.865744960242887e-05
3.10989,0.002243281215316316,7.169812570489441e-05
3.11253,0.002844581229189789,8.930669462897987e-05
3.11518,0.002804775665926745,8.840099992401628e-05
3.11782,0.003498595172031076,0.0001083153055071791
3.12047,0.001950637416759156,6.228029961239927e-05
3.12311,0.002841994519977804,8.969721787280574e-05
3.12575,0.002286190829633743,7.237130468712491e-05
3.1284,0.001854993271365151,5.969717971363194e-05
3.13104,0.002732324916759155,8.621430692177377e-05
3.13368,0.003632474542175362,0.0001136218740641991
3.13633,0.001788945199778024,5.731099832739438e-05
3.13897,0.002547105091564929,8.02997987883917e-05
3.14161,0.002463140052719202,7.860684038600364e-05
3.14426,0.002539500624306328,8.114389691640568e-05
3.1469,0.003334199500554941,0.0001040730567530513
3.14955,0.003522388318534961,0.0001095024603846412
3.15219,0.001567511445615981,5.048340380836498e-05
3.15483,0.002786611473362928,8.758074403565138e-05
3.15748,0.003588745421753606,0.000111344870394075
3.16012,0.003446831229189786,0.0001072966054804359
3.16276,0.003860365912874585,0.0001196597097990666
3.16541,0.00306691918701443,9.660401658447147e-05
3.16805,0.002877901706437293,9.043972162870473e-05
3.1707,0.004875823251942284,0.0001479348440065677
3.17334,0.003239644977802443,0.0001006704470617695
3.17598,0.002943475929522755,9.270283434103026e-05
3.17863,0.002966863901220865,9.297141060295519e-05
3.18127,0.002605306048834632,8.224075298314353e-05
3.18391,0.002838505896226414,8.918302830082809e-05
3.18656,0.003125280382907879,9.737286719453725e-05
3.1892,0.002141353426748058,6.877522740191614e-05
3.19185,0.002559450332963376,8.084648188344732e-05
3.19449,0.002949338374028858,9.250478151646865e-05
3.19713,0.001799580466148724,5.787294109604589e-05
3.19978,0.002394232866259715,7.553618441587099e-05
3.20242,0.004154792938401775,0.0001269497367801237
3.20506,0.002185148931742508,6.915934411596786e-05
3.20771,0.003741418493340735,0.0001148358227238851
3.21035,0.002239327899556048,7.083944586535409e-05
3.213,0.002301468437846837,7.267003346764347e-05
3.21564,0.002371524764150942,7.389006936414838e-05
3.21828,0.001913585668701443,6.075176103193788e-05
3.22093,0.002776724750277469,8.669233334732605e-05
3.22357,0.002005782394561598,6.376420039448261e-05
3.22621,0.00284700541065483,8.846003828392914e-05
3.22886,0.003087331298557159,9.53948632071639e-05
3.2315,0.003595333518312986,0.0001134561360973715
3.23414,0.001276941592674805,4.296440645273858e-05
3.23679,0.002875234877913433,9.429694544853689e-05
3.23943,0.001981536001664815,6.674181695877247e-05
3.24208,0.002590060488346282,8.757537279425716e-05
3.24472,0.002262704425638182,7.786493956494613e-05
3.24736,0.002260481687014431,7.742281960677156e-05
3.25001,0.002980097322419536,0.0001022441921665188
3.25265,0.004238954841842395,0.0001439405614674804
3.25529,0.003573481548279689,0.0001241952546253117
3.25794,0.002309885543840177,8.162612637186353e-05
3.26058,0.003469179938956713,0.0001206689349747584
3.26323,0.004142225652053274,0.0001426829407879189
3.26587,0.003527174875138735,0.0001241856468386008
3.26851,0.002194882283573807,8.026916640307476e-05
3.27116,0.002312982727524974,8.397195421157981e-05
3.2738,0.003513776637069921,0.000125160623645993
3.27644,0.00275582734461709,0.0001005774924224609
3.27909,0.002586027053274138,9.53934999903262e-05
3.28173,0.002656738068812432,9.714650102604824e-05
3.28438,0.003550530799112102,0.0001303160068521025
3.28702,0.001195238207547168,4.436882624172834e-05
3.28966,0.003355646295782464,0.0001181068608012223
3.29231,0.002745482796892343,9.626940918393218e-05
3.29495,0.002049731270810212,7.225980124637203e-05
3.29759,0.002745166897891231,9.498629449494933e-05
3.30024,0.002570678482241956,8.868536853345051e-05
3.30288,0.00269567605438402,9.268535298285251e-05
3.30553,0.00309675332963374,0.000105107051515886
3.30817,0.003456374583795779,0.000116204911361017
3.31081,0.003601271503884571,0.0001210193132647937
3.31346,0.00292918264428413,9.979015564065972e-05
3.3161,0.002380369936182022,8.126966679471468e-05
3.31874,0.003984056395671476,0.0001325096054416553
3.32139,0.002532720241398449,8.599045067630925e-05
3.32403,0.001720280660377359,5.96684259132407e-05
3.32667,0.002051097877358491,6.984333414928518e-05
3.32932,0.003862563471143173,0.0001271750617529315
3.33196,0.002245261306881243,7.6813728353214e-05
3.33461,0.002727016440066592,9.215922409728292e-05
3.33725,0.001998697558268592,6.828372977015927e-05
3.33989,0.00403774320199778,0.0001323439905141598
3.34254,0.002995590108213098,9.896102735717817e-05
3.34518,0.00342094582408435,0.0001131026986003499
3.34782,0.003045090108213097,0.0001009025501384985
3.35047,0.003316820477247504,0.0001088109756645914
3.35311,0.002865327552719201,9.48686600184549e-05
3.35576,0.001826866814650385,6.201260568334854e-05
3.3584,0.003090117161487238,0.0001017764301096381
3.36104,0.002628902330743616,8.719959035269912e-05
3.36369,0.002307420158157604,7.772179346524081e-05
3.36633,0.002817713790233076,9.311519465646481e-05
3.36897,0.003019310002774694,9.980115234316357e-05
3.37162,0.00204064574084351,6.778012992578081e-05
3.37426,0.004078773446170922,0.0001320661839827112
3.37691,0.003940814858490563,0.0001279457095693828
3.37955,0.003182794603218649,0.0001039210757477627
3.38219,0.003330889428412877,0.0001083300135851347
3.38484,0.003006662597114314,9.850284130599819e-05
3.38748,0.002833788013318534,9.339727433347832e-05
3.39012,0.002834678482241951,9.406227667326449e-05
3.39277,0.002105711778579353,7.03175703489347e-05
3.39541,0.003946883324084348,0.0001266506843771843
3.39806,0.00316486619034406,0.0001040121059126295
3.4007,0.003364260266370696,0.0001099329790024227
3.40334,0.001901837888457271,6.398263087084646e-05
3.40599,0.004485243895671474,0.0001432504404524963
3.40863,0.001709169256381796,5.715667323076182e-05
3.41127,0.002335878537735852,7.758854717549173e-05
3.41392,0.002957373196448393,9.692723592606097e-05
3.41656,0.0009149716981132069,3.130571441495009e-05
3.41921,0.002360486612097672,7.837778273140606e-05
3.42185,0.002244379994450614,7.435771252636936e-05
3.42449,0.002716834420088793,8.986604114037527e-05
3.42714,0.002637740635405105,8.629840628264124e-05
3.42978,0.003677645810210878,0.000118855023294642
3.43242,0.003000328593229745,9.847395822517984e-05
3.43507,0.003860313263041064,0.0001245246269280988
3.43771,0.002966030660377359,9.721370369055017e-05
3.44035,0.002107588859600444,6.986698829448241e-05
3.443,0.002063598779134299,6.878761554304158e-05
3.44564,0.003454854605993344,0.0001120893186081375
3.44829,0.002377641301331853,7.786558391632945e-05
3.45093,0.003397441107103218,0.0001096944775449496
3.45357,0.001189075887902331,4.008685087309105e-05
3.45622,0.002502867785793562,8.221714178217265e-05
3.45886,0.003833535099889014,0.0001233434358037172
3.4615,0.004615243201997781,0.000144244557160374
3.46415,0.002850576442841288,9.258290386902553e-05
3.46679,0.00250377656770255,8.197199412975042e-05
3.46944,0.003094246739733626,0.0001003537066414256
3.47208,0.002761003052164261,8.996183572269413e-05
3.47472,0.00365528565482797,0.0001169887869491606
3.47737,0.002329349958379579,7.611412334479785e-05
3.48001,0.002779396157047728,8.962267461536531e-05
3.48265,0.002778377497225309,8.95266422264118e-05
3.4853,0.003935749028856828,0.0001243483259718559
3.48794,0.003331022197558269,0.0001071947575482909
3.49059,0.002973273446170919,9.628026291417493e-05
3.49323,0.002298922932852388,7.440226247343017e-05
3.49587,0.002860007630410654,9.128490988380878e-05
3.49852,0.001822677719200889,6.024173063802228e-05
3.50116,0.002878828801331856,9.318432250170968e-05
3.5038,0.001793287666481688,5.913568202155663e-05
3.50645,0.001928190274694782,6.330136834348711e-05
3.50909,0.004273570962819091,0.0001340975168404386
3.51174,0.002382313401775807,7.732918946312105e-05
3.51438,0.003390578315760266,0.000108852811910122
3.51702,0.003509145740843508,0.0001112406318988374
3.51967,0.001903923279689236,6.283227712210418e-05
3.52231,0.002144727594339623,7.006299473161958e-05
3.52495,0.002458999028856828,8.047981458404617e-05
3.5276,0.002352337333518313,7.621301645054725e-05
3.53024,0.003411045366259713,0.0001083000199633887
3.53288,0.001799053967813538,5.91488815242632e-05
3.53553,0.002175690274694784,7.135855703965761e-05
3.53817,0.002186119519977804,7.168108843181457e-05
3.54082,0.003649340801886794,0.0001153673343740696
3.54346,0.001863996392896781,6.124379066682662e-05
3.5461,0.003002560488346284,9.735173108706477e-05
3.54875,0.0029961669672586,9.633010287989013e-05
3.55139,0.002530996531631517,8.190423963608269e-05
3.55403,0.002105714067702554,6.902639162903957e-05
3.55668,0.004036447558268592,0.0001264543177518751
3.55932,0.00225053544672586,7.353682226466518e-05
3.56197,0.002822626248612651,9.077598960873388e-05
3.56461,0.00188346996392897,6.162274923254284e-05
3.56725,0.002926520394006659,9.437036359324494e-05
3.5699,0.002826119450610431,9.145163738874279e-05
3.57254,0.003680145532741401,0.0001157087745628949
3.57518,0.002090138873473915,6.808056483087803e-05
3.57783,0.00220453322697003,7.206998616462879e-05
3.58047,0.001294748682019979,4.311562095212873e-05
3.58312,0.003589574084350722,0.0001139986739388704
3.58576,0.003122833310210877,9.966360955093646e-05
3.5884,0.003365331576026636,0.0001073346469905654
3.59105,0.00243349819644839,7.895671112884855e-05
3.59369,0.002898886098779134,9.323191751253759e-05
3.59633,0.002202022058823527,7.144473528017406e-05
3.59898,0.002361782255826859,7.645937189945907e-05
3.60162,0.002292978079911208,7.500380635580975e-05
3.60427,0.001796313887347393,5.935171832664138e-05
3.60691,0.002302088790233076,7.468048848568061e-05
3.60955,0.002722316870144284,8.777364145441999e-05
3.6122,0.002460784544950055,7.999971192308664e-05
3.61484,0.002753375693673694,8.943381207131545e-05
3.61748,0.003187695615982244,0.0001014391332472494
3.62013,0.000457009711431743,1.541584155189822e-05
3.62277,0.0026715189372919,8.632466114056486e-05
3.62541,0.00423164338235294,0.0001321742948931045
3.62806,0.003305711362375138,0.000106022653620573
3.6307,0.002529316315205327,8.194549027795273e-05
3.63335,0.003283735779689232,0.0001053446736077454
3.63599,0.003507360224750281,0.0001115582485505582
3.63863,0.003365658920643728,0.0001072114601193716
3.64128,0.003063293215871254,9.823167690000874e-05
3.64392,0.002592237444506106,8.387125139468228e-05
3.64656,0.002690910099889013,8.671784171794226e-05
3.64921,0.002470570546614871,8.060203539443556e-05
3.65185,0.001207343091009988,4.022064273489661e-05
3.6545,0.002486711154273032,8.040377942590554e-05
3.65714,0.001879885197003331,6.160871265802147e-05
3.65978,0.003367128537735848,0.0001074031832515995
3.66243,0.003094651914539397,9.911342595589856e-05
3.66507,0.003010792175360711,9.654006993403155e-05
3.66771,0.003968623127081021,0.0001249058273730919
3.67036,0.003064568257491677,9.781188665713606e-05
3.673,0.003272127635960047,0.0001041732249817747
3.67565,0.004172529064927856,0.0001300137529273039
3.67829,0.00243891197280799,7.864905239935294e-05
3.68093,0.003189902330743621,0.000102199176263597
3.68358,0.002774488276914541,8.834763653058254e-05
3.68622,0.003623709489456157,0.0001148319052270048
3.68886,0.002488599680910103,7.968341283253754e-05
3.69151,0.001724822280799114,5.644732298473461e-05
3.69415,0.002507171337402883,8.028217542924619e-05
3.6968,0.002721240982241955,8.632499173373544e-05
3.69944,0.003498583726415096,0.0001107272979487532
3.70208,0.003137046476137627,9.884574883629531e-05
3.70473,0.00261445567425083,8.364170703121624e-05
3.70737,0.001848995768590454,5.949475236399959e-05
3.71001,0.003364979051054386,0.0001050893242813784
3.71266,0.002951957130965596,9.331316725104078e-05
3.7153,0.003188924875138737,0.0001012727484025014
3.71794,0.003352391162597117,0.0001054886244405959
3.72059,0.003640658157602662,0.0001140106458325302
3.72323,0.002274440760266369,7.286089386628987e-05
3.72588,0.001682533018867926,5.485712621274434e-05
3.72852,0.001961547377913429,6.327376035037033e-05
3.73116,0.002882207547169815,9.088914026880875e-05
3.73381,0.001115034198113209,3.678552438824519e-05
3.73645,0.003026124722530523,9.511800214934985e-05
3.73909,0.002370023099334074,7.636472539479762e-05
3.74174,0.001991404411764708,6.38254623583509e-05
3.74438,0.004820426470588237,0.0001471962592787424
3.74703,0.001791545643729186,5.846418202385686e-05
3.74967,0.003024520047169811,9.613609218719613e-05
3.75231,0.003342760821309658,0.0001038774347216063
3.75496,0.003151797586015539,9.932286671023751e-05
3.7576,0.003148414261931185,9.880309131454843e-05
3.76024,0.002951080396781353,9.367751642333501e-05
3.76289,0.00384125173418424,0.0001191642529548971
3.76553,0.001912283157602661,6.187548005632534e-05
3.76818,0.001049860571587128,3.456989966048838e-05
3.77082,0.002120918423973364,6.785394381293262e-05
3.77346,0.004176351900665925,0.0001292059747941862
3.77611,0.003036247225305215,9.589525465317477e-05
3.77875,0.004023811598224196,0.0001245730783980678
3.78139,0.002234690135960044,7.185961846849703e-05
3.78404,0.002996665996115427,9.476471104143763e-05
3.78668,0.002519788984461709,8.021945767460314e-05
3.78933,0.00212702351553829,6.826093717425428e-05
3.79197,0.003266473501664816,0.0001061746156464583
3.79461,0.004574970657602666,0.0001473360118408846
3.79726,0.002192023168701444,7.431095152381232e-05
3.7999,0.002664610363485014,9.130341235925817e-05
3.80254,0.002003463512763594,7.005464228268035e-05
3.80519,0.001767887555493894,6.284684544202928e-05
3.80783,0.002945524694783573,0.0001027748653473189
3.81047,0.002368892272475031,8.460527738870138e-05
3.81312,0.00345382907880133,0.0001232711196112003
3.81576,0.002530964483906769,9.148067563423019e-05
3.81841,0.00423561501109878,0.000147978663919073
3.82105,0.002662710391231967,9.792760166066317e-05
3.82369,0.002055190829633742,7.627240586591007e-05
3.82634,0.001367460391231964,5.174947698532839e-05
3.82898,0.001928126179245281,7.262351309405144e-05
3.83162,0.002999374028856828,0.0001113045469749395
3.83427,0.002438490774139841,9.22216676699593e-05
3.83691,0.00223965066592675,8.607206406197549e-05
3.83956,0.001703148862375139,6.623446277575439e-05
3.8422,0.003379993410099889,0.0001276915064214823
3.84484,0.002362192008879024,9.153925146325978e-05
3.84749,0.001836165233074362,7.016380574337027e-05
3.85013,0.002264563193673698,8.369775128072679e-05
3.85277,0.003073855230299669,0.0001097570399941982
3.85542,0.003540090108213097,0.0001258233786849879
3.85806,0.002186950471698113,7.899173470003677e-05
3.86071,0.003024645948945616,0.0001066870390379634
3.86335,0.002185895185904552,7.780955644862887e-05
3.86599,0.002332724125971144,8.226791420266029e-05
3.86864,0.003127624445061045,0.000108181832251
3.87128,0.002828690135960046,9.898489542276997e-05
3.87392,0.002242686043285238,7.880903008238686e-05
3.87657,0.00208120900388457,7.342275992226391e-05
3.87921,0.003297967258601553,0.0001135308649787601
3.88186,0.003853649625416207,0.0001308936629273838
3.8845,0.003454055701997779,0.0001183176717729051
3.88714,0.003158365080466151,0.0001076761618453056
3.88979,0.002932401151498334,0.0001013671176132197
3.89243,0.002910503399001111,0.0001001649369148722
3.89507,0.001707939997225303,5.938304621534808e-05
3.89772,0.002925204148168704,9.910932765971299e-05
3.90036,0.001103762555493895,3.866657807926254e-05
3.903,0.001942559100998893,6.673645577660617e-05
3.90565,0.003660816176470588,0.0001215459113628279
3.90829,0.002971659614317427,9.961682022026152e-05
3.91094,0.00303001852108768,0.0001019172156521654
3.91358,0.002718258254716978,9.137809168273e-05
3.91622,0.002418012278024418,8.127386752334378e-05
3.91887,0.002536668978912323,8.595456297220203e-05
3.92151,0.002897839969478356,9.637419443207551e-05
3.92415,0.002677676678690343,8.941024355106781e-05
3.9268,0.003899260405105435,0.0001276661164449049
3.92944,0.002282992924528302,7.639186924768865e-05
3.93209,0.003036057228079913,0.0001003531783041738
3.93473,0.003560790649278579,0.0001154923540686149
3.93737,0.001835119103773585,6.174624300982473e-05
3.94002,0.003215130757491675,0.0001055270297926014
3.94266,0.003686497849611544,0.0001199985767490008
3.9453,0.003303838859600445,0.0001082231693299077
3.94795,0.001616826026637072,5.46440550353889e-05
3.95059,0.002133792452830189,7.169245304216105e-05
3.95324,0.002525184447835737,8.436199151441179e-05
3.95588,0.002092791967258602,7.029037722157373e-05
3.95852,0.0008956308962264174,3.088438677458832e-05
3.96117,0.002937682158712542,9.731864626332179e-05
3.96381,0.002712343160377358,8.968006864672644e-05
3.96645,0.005681674736403998,0.0001775089549373768
3.9691,0.003017648099334072,9.919723529281035e-05
3.97174,0.003131985224750281,0.0001033792158998303
3.97439,0.002074927649833518,7.001664091163549e-05
3.97703,0.00219388193673696,7.264653134206668e-05
3.97967,0.001858793215871251,6.24361149472573e-05
3.98232,0.00213026491398446,7.099569169516686e-05
3.98496,0.002618811875693677,8.670575484174002e-05
3.9876,0.004545811806326305,0.0001447942155225981
3.99025,0.004267330812985571,0.0001367148173405324
3.99289,0.003149664123196447,0.0001039214638414631
