0.0431807,68.67348781215317,0.4837552813232158
0.0458244,59.4129028718091,0.4330278580068368
0.0484682,52.17670883740289,0.4007149449454064
0.0511119,45.66187337680356,0.3890122730261086
0.0537556,40.14320321170921,0.3416358724030372
0.0563993,35.62779370837958,0.3327862037639777
0.059043,31.45097697835738,0.2904579756323304
0.0616867,28.10642393382354,0.2839200477203692
0.0643304,25.4693437104606,0.2649037551059404
0.0669742,23.21620651498336,0.2422661685046876
0.0696179,20.93185497294673,0.2343315714967502
0.0722616,18.95114076650944,0.209072885740256
0.07490529999999999,17.27769249930633,0.1990668118077082
0.07754900000000001,15.75029230646504,0.1878200485227456
0.08019270000000001,14.4069598917869,0.1724473430369206
0.08283649999999999,13.21807967813541,0.1672176180073998
0.08548020000000001,12.0913717300222,0.1521928510292804
0.08812390000000001,11.18817885266371,0.1530876530959565
0.0907676,10.16949311736959,0.1431288320567019
0.0934113,9.511000070061044,0.1368079218410963
0.096055,8.713792475027748,0.1320632270759936
0.0986987,8.12121901082131,0.122685430941344
0.101342,7.536604278579357,0.1181514360742361
0.103986,6.970128787458381,0.1072656517347866
0.10663,6.522648947697004,0.1046540969962152
0.109274,6.086589383324085,0.1005001983103984
0.111917,5.673176595449501,0.09314277115124193
0.114561,5.318063540510543,0.08810160257146919
0.117205,4.945396092536072,0.08319085342288607
0.119848,4.639076293701443,0.07881847394446501
0.122492,4.338995706159823,0.07310357288928303
0.125136,4.087216327691454,0.07070908179746074
0.12778,3.818490638873474,0.06638367768185996
0.130423,3.607100595865705,0.06370556828475793
0.133067,3.366033077830189,0.06038815852897078
0.135711,3.163295874722531,0.05540492444319327
0.138354,2.952384189789123,0.05302080136112738
0.140998,2.804295407880133,0.05037950961905301
0.143642,2.621245007630411,0.04743214393243327
0.146286,2.497500867785793,0.04471617942537399
0.148929,2.357682527746948,0.04227552880138719
0.151573,2.261893686875694,0.04178134830804715
0.154217,2.138213528024417,0.0388775705983686
0.15686,1.976947065066593,0.03652934012617737
0.159504,1.91370227663707,0.0351233720891158
0.162148,1.765806742508324,0.03270505167968842
0.164792,1.684105989872364,0.03188985556238554
0.167435,1.577231245837958,0.02937189999703424
0.170079,1.509135828246393,0.02838825611056018
0.172723,1.425358817980022,0.02677445875607897
0.175366,1.378473980993341,0.02617658755058733
0.17801,1.312402766370699,0.02484561640262599
0.180654,1.225688994173141,0.0232421208424958
0.183298,1.178399898029967,0.0226319943460897
0.185941,1.127434172447281,0.02153715244495975
0.188585,1.072717604051054,0.02060589170378659
0.191229,1.022757833657048,0.01981396882333539
0.193872,0.977708850582686,0.01887844413249727
0.196516,0.9339119950055494,0.01823214872442165
0.19916,0.901331774417314,0.01758289895910999
0.201804,0.8464111535793563,0.01697086436965738
0.204447,0.8150347370976694,0.01611003038023846
0.207091,0.7586492147613764,0.01501396589085193
0.209735,0.7499204217536072,0.01484532376605326
0.212378,0.6943080965593784,0.01393325116362969
0.215022,0.6693642993895672,0.01343340616052566
0.217666,0.6524419103773585,0.01322471163773438
0.22031,0.6243881104328524,0.01285778920032635
0.222953,0.6126297086570477,0.01242299579451537
0.225597,0.5840445116537181,0.01180213260482173
0.228241,0.5640315087402886,0.01158892927251423
0.230885,0.5373286806326305,0.01109056183992194
0.233528,0.5134554605993341,0.01074300822710191
0.236172,0.4944120387069922,0.01035412858145812
0.238816,0.4729429932019977,0.009947677880773139
0.241459,0.4649173959489456,0.009731587662938409
0.244103,0.4344656021087681,0.009099734014021083
0.246747,0.4353128981687015,0.009190407332786914
0.249391,0.4025946892341842,0.008668180109205595
0.252034,0.3856642425083242,0.008403334242559374
0.254678,0.3795330091564929,0.008164988676498891
0.257322,0.3740045019422864,0.008061072994612624
0.259965,0.3591576151498335,0.007780715818389993
0.262609,0.34915806118202,0.007598658342071524
0.265253,0.3442344089900111,0.007585922549675122
0.267897,0.3240626782741399,0.00712669161245344
0.27054,0.3148273709766926,0.006954288633788178
0.273184,0.3045843916481687,0.006698230013995938
0.275828,0.297051551054384,0.00656269888607707
0.278471,0.2876547232241954,0.006479118511692241
0.281115,0.2872825575749168,0.006445195722564156
0.283759,0.2655186043285239,0.006083040106336465
0.286403,0.2723134544950056,0.006045361359595644
0.289046,0.2566565614594895,0.005848245561594934
0.29169,0.2502485273307437,0.005695771663682655
0.294334,0.2448172620699223,0.005640076047493921
0.296977,0.2382502025527192,0.005512144569706779
0.299621,0.2286537173973363,0.005278637219795602
0.302265,0.2253554113485017,0.005226091106210065
0.304909,0.2279624937569368,0.005233255837760571
0.307552,0.2185004259156493,0.005111337445827822
0.310196,0.2078565295504994,0.004885646812277338
0.31284,0.1969813401775805,0.004672168828226142
0.315483,0.1983823293562708,0.004696776026100573
0.318127,0.1904273675776915,0.004525827191914615
0.320771,0.1866289087125416,0.004444482927562134
0.323415,0.1831079259156493,0.004390878965287518
0.326058,0.179182239872364,0.004286850099081712
0.328702,0.1822024403440622,0.004392388209389745
0.331346,0.1653286059239734,0.004040835718057617
0.333989,0.1610438640399557,0.003944538400366383
0.336633,0.156997477108768,0.003834243356411221
0.339277,0.1610377795504994,0.003893390391701505
0.341921,0.158757103218646,0.003901726861965874
0.344564,0.1556183101415094,0.00380537005388236
0.347208,0.1534550818534961,0.003772775670589557
0.349852,0.1488584766925638,0.003657784278376953
0.352495,0.1475367392480577,0.003637928804726509
0.355139,0.1433189359045505,0.003551587648664538
0.357783,0.1368281064789123,0.003443762798259821
0.360427,0.1377879633046615,0.003445605562625326
0.36307,0.1325179827968923,0.003316963616321902
0.365714,0.1329891415788013,0.003337034025490116
0.368358,0.1275273485710322,0.003196063815729181
0.371001,0.1241483577968923,0.00315908994072659
0.373645,0.1258761376248613,0.003190026520662722
0.376289,0.1226137433407325,0.003099240213398445
0.378933,0.1204478184655938,0.003076947907807647
0.381576,0.1188648508601554,0.002988430354894551
0.38422,0.1162952001942286,0.002973401249801648
0.386864,0.1090210946170921,0.002820062524129074
0.389507,0.111706153718091,0.002882437507195744
0.392151,0.1152710831021088,0.002959493214516787
0.394795,0.1076240198390677,0.002769428571104746
0.397439,0.1071959606687015,0.002770027758009902
0.400082,0.1037001879855716,0.002684025370438259
0.402726,0.1043878405937847,0.002708173181284072
0.40537,0.09585403052164262,0.002549201151075813
0.408013,0.09824893867924529,0.002554715210798126
0.410657,0.09731536556603775,0.002569184380705733
0.413301,0.1003797850305216,0.00259329374327916
0.415945,0.09939607096281909,0.002591495814103028
0.418588,0.09655936202830188,0.002542056475603716
0.421232,0.09414774327136516,0.002484682031961897
0.423876,0.0924464646226415,0.002492319964879105
0.426519,0.09182322794117648,0.002488844186087425
0.429163,0.08593535127635961,0.002449189142368846
0.431807,0.08390558344894559,0.002451348804235747
0.434451,0.08679645761653718,0.002549948008913271
0.437094,0.08082551324916759,0.002487090764899663
0.439738,0.07897852046337403,0.00245040039963258
0.442382,0.0850730935072142,0.002629465048319769
0.445025,0.07829214060765817,0.002480216744976478
0.447669,0.077984161972808,0.002492697211466068
0.450313,0.07979650430077691,0.002570051578011397
0.452957,0.07764145276082132,0.00248653555175437
0.4556,0.07826002878745837,0.002487837352007648
0.458244,0.06982414053829079,0.002263681556603626
0.460888,0.07808369762763598,0.002459420393902915
0.463531,0.07469062416759156,0.002412171531466187
0.466175,0.07232592327968923,0.002328061880827611
0.468819,0.07396701172308547,0.002416907530648699
0.471463,0.07629215656215316,0.002400589936356524
0.474106,0.073579046545505,0.002395381116596118
0.47675,0.07276535710321864,0.002371452780912069
0.479394,0.06556924424250832,0.002216510548785056
0.482037,0.07270125249722532,0.002408301124586574
0.484681,0.0653717112236404,0.002124222687149169
0.487325,0.0664780536209767,0.002152847005902843
0.489969,0.06783609884850167,0.002127278297514505
0.492612,0.06837333317147613,0.002140534266102229
0.495256,0.06139747745560489,0.001948724744012938
0.4979,0.06346779938956715,0.001971708072318051
0.500543,0.06384744360432852,0.001966202453900032
0.5031870000000001,0.06377330119311876,0.00194791330820623
0.505831,0.06237502004716981,0.001920444571092595
0.508475,0.06709214067702553,0.002009279513415177
0.511118,0.06080898050776915,0.001849723171783302
0.5137620000000001,0.06127800353773585,0.001861845978969415
0.516406,0.05934296878468369,0.001801518606953183
0.519049,0.05673646323529411,0.001755756137647047
0.521693,0.06150246580188679,0.00182966076483577
0.5243370000000001,0.05864959794672586,0.001770220110596044
0.526981,0.05474114671198668,0.001688603613813638
0.529624,0.05735974569922308,0.001719500171077513
0.532268,0.05811682512486127,0.00174196804994894
0.5349120000000001,0.05459194166204218,0.001649339149879037
0.537555,0.05918496892341842,0.001743880661119833
0.540199,0.05320307796892342,0.001625258684456916
0.542843,0.05169678225582686,0.001582915521974824
0.5454870000000001,0.05110655015260821,0.001564816907072715
0.54813,0.05427151935349611,0.001597613872822012
0.550774,0.05100726172308546,0.001549931510501982
0.553418,0.05448621392896782,0.001606363993937186
0.556061,0.04935474139844617,0.00149957346846745
0.558705,0.05087147780244174,0.001540297829804389
0.561349,0.05339663020255273,0.001554262224525852
0.563993,0.05183655840732519,0.001536549786438351
0.566636,0.04998453412874584,0.001485483228828539
0.56928,0.05250698536348503,0.001548598220868959
0.571924,0.05052909822419534,0.00149884450446558
0.574567,0.04914645178967814,0.001464127500002977
0.577211,0.05009872932852386,0.001479671764943549
0.579855,0.04861502039400666,0.001431764211607602
0.582499,0.04659540253884573,0.001403001873643362
0.5851420000000001,0.05025355646503886,0.001466900206096994
0.587786,0.0478550910099889,0.001430908359265988
0.59043,0.04721451193118757,0.001404692646339869
0.593073,0.0505567828801332,0.001450516524403795
0.5957170000000001,0.04530672232241954,0.001347869529821261
0.598361,0.04827089192563818,0.001412685999601244
0.601005,0.04533502275249723,0.001340323879113459
0.603648,0.04712174521365149,0.001370998402845444
0.6062920000000001,0.04591319117647059,0.001343604351952908
0.608936,0.04839298460044395,0.001392887631398125
0.611579,0.04430600006936736,0.001295864330771683
0.614223,0.04612561494173141,0.001333374828226659
0.6168670000000001,0.04449287721975583,0.001297763375224865
0.619511,0.04847884503329634,0.001369411206595381
0.622154,0.0449927942563818,0.001302627695365834
0.624798,0.04469683351831299,0.001285928562994889
0.6274420000000001,0.04321480480022198,0.001248952954039289
0.630085,0.04630581243063264,0.001320709711405784
0.632729,0.04588925381520533,0.001302243062058955
0.635373,0.04298743534961154,0.001241676556838581
0.6380169999999999,0.04111965961431743,0.001192729628316311
0.64066,0.04131340871254162,0.001205303663861992
0.643304,0.04498119984739178,0.001280580571554137
0.645948,0.04295896781354051,0.001232384619448652
0.6485919999999999,0.04400636299944506,0.001249872784650608
0.651235,0.04145879092674806,0.001207205452082476
0.653879,0.04161073147891232,0.00120599720127412
0.656523,0.04013455604883463,0.001168025121933557
0.659166,0.04129772592952276,0.001193837739022061
0.66181,0.04296782214206437,0.00121085110057071
0.664454,0.04176072169811321,0.001199761697623258
0.667098,0.04103565566037736,0.00118806121756498
0.669741,0.03668482450055494,0.001093336366967324
0.672385,0.0388949477663707,0.001132373904282361
0.675029,0.03680448841564928,0.001080755071487661
0.6776720000000001,0.04047383844339622,0.001153615897702296
0.680316,0.0409683485710322,0.001167422661385804
0.68296,0.04261245636792452,0.001189231179715886
0.685604,0.03994058948390678,0.001145363781608455
0.6882470000000001,0.03860049784961154,0.001108455601414137
0.690891,0.03769321302719201,0.001091872459633964
0.693535,0.03922520414816869,0.001116596750316447
0.696178,0.03601513006381798,0.001050011055607535
0.6988220000000001,0.03763337305771365,0.001087634663502776
0.701466,0.03864632380688125,0.001098472089742848
0.70411,0.03871037805216426,0.001106664030405536
0.706753,0.038091286972808,0.001079158936611395
0.7093970000000001,0.03660064428412875,0.001053538950616903
0.712041,0.03660217570754717,0.001054071597414226
0.714684,0.03618729959766925,0.001038349577807835
0.717328,0.03738596233351832,0.001062395942962855
0.7199719999999999,0.03962205112375138,0.00110761679544504
0.722616,0.03423108587680355,0.0009902803451950391
0.725259,0.03731138269977802,0.001056806842228122
0.727903,0.03601540933684795,0.001015517793155053
0.7305469999999999,0.03598742709489456,0.001029850699490994
0.73319,0.03767288561320755,0.001059771425141035
0.735834,0.03696033650110988,0.001036499201002614
0.738478,0.03675930112375139,0.001028191616262378
0.7411219999999999,0.03465759988901222,0.0009878030201193263
0.743765,0.03538729453385128,0.00100813953343315
0.746409,0.03774554238346282,0.001037706212415085
0.749053,0.0370941975582686,0.001036247855904574
0.751696,0.03533330785238624,0.0009890447413667275
0.75434,0.03604865885127637,0.001012919377331481
0.756984,0.03408129252219756,0.0009566397904525991
0.759628,0.03604724646226416,0.001003987504689546
0.762271,0.03517085106825749,0.0009831698519997684
0.764915,0.03645583892896781,0.001002839732377832
0.767559,0.03649802975860155,0.001016340492994188
0.7702020000000001,0.03589599035793564,0.0009886889033584537
0.772846,0.03585430313540511,0.0009858793284764455
0.77549,0.03472041114039956,0.0009707652519915077
0.778134,0.03500299653163153,0.0009637988990552957
0.7807770000000001,0.03221529543562708,0.000914510802472719
0.783421,0.03557227857935627,0.0009763844540882306
0.786065,0.03614267085183131,0.000988985835055485
0.788708,0.03400743854051055,0.0009462690151358425
0.7913520000000001,0.03571155112375139,0.0009705518553421816
0.793996,0.03546291114039956,0.0009711351869599296
0.79664,0.03411815656215316,0.0009378763720289827
0.799283,0.03702467917591565,0.0009949240534446657
0.8019269999999999,0.03220197731687015,0.0008978889623249318
0.804571,0.03571074535238624,0.0009628821875101509
0.807214,0.03404377150388458,0.0009344416861282038
0.809858,0.03127778045227525,0.0008672887969847763
0.8125019999999999,0.03237961098779134,0.0009038043439190708
0.815146,0.03418178045227525,0.0009261801360324796
0.817789,0.03233284649001109,0.0008910562623000241
0.820433,0.03332590704772475,0.0009151740756151201
0.8230769999999999,0.03302154522752498,0.0008996629228085313
0.82572,0.03348312631798002,0.000915197083133675
0.828364,0.03439810717258602,0.0009253132842772654
0.831008,0.03141076248612652,0.0008699906255070027
0.8336519999999999,0.0334639915371809,0.0008998972886279758
0.836295,0.0354289863346282,0.0009426156498208573
0.838939,0.03293408469755827,0.0008961589994427464
0.841583,0.0327283360155383,0.000878551084067672
0.844226,0.0352398040371809,0.0009444468864466407
0.84687,0.03356087867647059,0.00089924365975004
0.849514,0.03179430507769145,0.0008642418339060446
0.852158,0.03487808594617092,0.0009279920470642682
0.854801,0.03176659753052164,0.0008481723756751459
0.857445,0.03298944027469478,0.0008849736922870357
0.860089,0.03245753274139845,0.0008653834294527169
0.8627320000000001,0.0310104635127636,0.0008381979205642028
0.865376,0.03358272835738069,0.0009198314540443145
0.86802,0.03271300575749168,0.0008961904830974255
0.870664,0.03324368632075472,0.0009207788859987567
0.8733070000000001,0.03199536334628191,0.0008816125812305315
0.875951,0.03435869304938957,0.0009468328172909377
0.878595,0.03040151782741398,0.0008645292724290419
0.881238,0.03156949257769145,0.0008849151035687989
0.8838819999999999,0.03254385099889013,0.0009198647460340785
0.886526,0.03295459295227525,0.0009066746968690832
0.88917,0.03373616828523862,0.0009332314253763845
0.891813,0.03148745955882353,0.0008879958840119329
0.8944569999999999,0.0301072807991121,0.0008400418499870989
0.897101,0.0323239532463929,0.000877433340710519
0.899744,0.03237546080743618,0.0008745281684845492
0.902388,0.03038100270532742,0.000831222042015164
0.9050319999999999,0.03086526213928968,0.0008297384181930244
0.907676,0.03208274146781354,0.000855390947128376
0.910319,0.03211713554384018,0.0008586235343704412
0.912963,0.03089945248335183,0.0008322706969782488
0.9156069999999999,0.0315161560072142,0.0008445433942152525
0.91825,0.02992474382630411,0.0007994749264571474
0.920894,0.03284712777469478,0.0008664661009677763
0.923538,0.03347103516925638,0.0008744554972515807
0.9261819999999999,0.03252393333795783,0.000848953195253399
0.928825,0.02985208247780245,0.000806525376848947
0.931469,0.02898216301331854,0.0007792742479886457
0.934113,0.03275367889844617,0.0008617871136721256
0.936756,0.03201404488068813,0.0008314476931281086
0.9394,0.03086352927302997,0.0008123845484183729
0.942044,0.0283601464345172,0.0007577539714045714
0.944688,0.02866999757214207,0.0007671162886257751
0.947331,0.03272485425915649,0.0008476468392480895
0.949975,0.03040333310210877,0.0007958305726384054
0.952619,0.03137697044950056,0.0008168626350077117
0.9552619999999999,0.03248492438956715,0.0008372611076110351
0.957906,0.03179307124028857,0.0008229093525379659
0.96055,0.03193852670643729,0.0008295921598030074
0.963194,0.03201658580743619,0.00081150419619328
0.9658369999999999,0.03205695449500555,0.0008268893469904952
0.968481,0.03123764983351832,0.0008043979873558233
0.971125,0.02926587007491676,0.0007621139147117076
0.973768,0.03120576921476138,0.0007980363948718076
0.9764119999999999,0.03172721316592675,0.0008019588109040893
0.979056,0.03126660037458379,0.0008004183940757253
0.9817,0.03142172509711432,0.0007985583016655181
0.984343,0.03132648383740289,0.0007918777418946947
0.9869869999999999,0.03233101748057714,0.000807387294541185
0.989631,0.02939231895116538,0.0007629115901111364
0.992274,0.0298565531354051,0.0007922722842619191
0.994918,0.03085160980854606,0.0008093768525783646
0.9975619999999999,0.02758343548834629,0.0007524883688549452
1.00021,0.02986543035516093,0.0008049710570323643
1.00285,0.02995942175360711,0.0008034125117057526
1.00549,0.0308029888318535,0.0008372541596759999
1.00814,0.03005979064927858,0.0008156427446933167
1.01078,0.02852013554384018,0.0007892047350349337
1.01342,0.03047722828801332,0.0008334605714864128
1.01607,0.03086455937846837,0.000850172633535945
1.01871,0.03127306028024417,0.0008522928061947986
1.02136,0.03117343534961155,0.0008549412936777601
1.024,0.02922740593784683,0.000822352594701691
1.02664,0.03259502892619313,0.0008926011657070491
1.02929,0.03102791349889012,0.0008641677211931398
1.03193,0.03026721039123197,0.0008459013324682465
1.03457,0.03137227545782464,0.00086700912191793
1.03722,0.03160371039123197,0.0008819114904386805
1.03986,0.03202624361820199,0.0008822067939304838
1.04251,0.03236833705604884,0.0008965640688392205
1.04515,0.03059126553829079,0.0008448347956168102
1.04779,0.03019455819922309,0.0008292009293991751
1.05044,0.02984419187014429,0.0008139753157270672
1.05308,0.03009123862375139,0.0008049715621500886
1.05572,0.02848042383462819,0.0007779688315021058
1.05837,0.02853471954772476,0.000765141313523286
1.06101,0.02872915538290788,0.0007772311754717234
1.06365,0.03091998820754718,0.0008083537916942569
1.0663,0.02956398716703663,0.0007822810567717344
1.06894,0.02800578100721421,0.0007501580508948072
1.07159,0.02722754550499444,0.0007236795924057255
1.07423,0.02854820248335183,0.0007576228625210602
1.07687,0.02945711258324084,0.0007655586015661587
1.07952,0.0298414769700333,0.0007777341262110783
1.08216,0.03013025443951166,0.0007781393186918603
1.0848,0.02904401970033296,0.000743394904493729
1.08745,0.02986309544950055,0.0007664603818431845
1.09009,0.03148994096836848,0.0007918925482733609
1.09274,0.03251515683962265,0.0008150219334071222
1.09538,0.03042298980299667,0.000772809574479255
1.09802,0.02736817549944507,0.0007076075029039334
1.10067,0.02945673258879024,0.0007523988303693851
1.10331,0.02693473688956714,0.0006945525157252962
1.10595,0.02906996233351831,0.0007394511415786917
1.1086,0.02781763568257492,0.0007127054587885965
1.11124,0.02713226990843507,0.000699648308168742
1.11389,0.02530682006104328,0.0006656772484304147
1.11653,0.02879509586570477,0.0007192385101057487
1.11917,0.02914336306881243,0.0007369049940671302
1.12182,0.02760789248057714,0.0007010552888495184
1.12446,0.02783579987513873,0.0007101034259977471
1.1271,0.02811339268867924,0.0007096206991279474
1.12975,0.02872617036625971,0.0007172739942799236
1.13239,0.02825595241398447,0.0007119886527032917
1.13504,0.02689530903163153,0.0006830316122213431
1.13768,0.0270423989317425,0.0006860511793656863
1.14032,0.02713382651220866,0.0006891705023478795
1.14297,0.02795543174250832,0.0007037206657182422
1.14561,0.02596605320477247,0.0006706299162533214
1.14825,0.02833789157880133,0.0007022671406501489
1.1509,0.02586018583518313,0.0006595557104072658
1.15354,0.02668169950055494,0.0006744720508903477
1.15618,0.0270675472391787,0.0006781731137629744
1.15883,0.02715182588790233,0.0006888402468098825
1.16147,0.02778803960876804,0.0006874199147995305
1.16412,0.02637706298557159,0.0006701435002280213
1.16676,0.02880931360987792,0.0007031201171872829
1.1694,0.02532977309933408,0.0006441845839788249
1.17205,0.02581543118756937,0.0006495704462244351
1.17469,0.02562437638734739,0.0006449534419026714
1.17733,0.02638733199223086,0.0006613562256642747
1.17998,0.02677706437291898,0.0006611032754776496
1.18262,0.02798882089345172,0.0006882314043709327
1.18527,0.02429530001387348,0.0006153242233027486
1.18791,0.02339494436736959,0.0005997454493011645
1.19055,0.02599885862930078,0.0006502178165715017
1.1932,0.0252480285099889,0.000628127449436095
1.19584,0.02377275041620422,0.0006049333754770723
1.19848,0.02709750499445061,0.0006619906504604119
1.20113,0.02780395588235294,0.0006796020116207685
1.20377,0.02357769193951165,0.0005970467492753386
1.20642,0.02401732262763596,0.0006056966581558665
1.20906,0.02468815018035517,0.0006198741545104648
1.2117,0.02360105244173141,0.0005908271274896336
1.21435,0.02657654862652608,0.0006506131608102621
1.21699,0.02382132332130966,0.0005958165372453438
1.21963,0.02492671344339623,0.0006180410086724429
1.22228,0.02319363887347392,0.0005868576987345227
1.22492,0.02435733067425083,0.0006029778625916179
1.22757,0.02485906069644839,0.0006145737118432224
1.23021,0.02263183996947836,0.0005679755521668097
1.23285,0.02506852004716981,0.0006153477811203173
1.2355,0.02520993521087681,0.0006198819609848003
1.23814,0.02221928274139845,0.0005602485326196213
1.24078,0.02445192869034407,0.0006064361293706444
1.24343,0.02544299084350721,0.0006217283185798712
1.24607,0.02263617327968924,0.0005656848860627751
1.24871,0.02337933712541621,0.0005796666376251469
1.25136,0.02197182165649279,0.0005505280053154579
1.254,0.02097567536071033,0.000532980489246935
1.25665,0.02242013041065483,0.0005600065481009117
1.25929,0.02222648661209766,0.0005572537339046582
1.26193,0.02173174528301887,0.0005411145244705958
1.26458,0.02413616474750278,0.0005877638923052366
1.26722,0.02131044131520533,0.0005361662220750687
1.26986,0.02418745942008879,0.0005897695083484621
1.27251,0.02217595421753607,0.000552577905106256
1.27515,0.0217876731409545,0.0005408364306463478
1.2778,0.02220316273584906,0.0005512696348699312
1.28044,0.02108800263596005,0.0005241046830617394
1.28308,0.02027382332130966,0.0005099281005726755
1.28573,0.01985264525527192,0.0005050674265858465
1.28837,0.02129220844894561,0.0005253018623971189
1.29101,0.02198224403440622,0.0005481276387920948
1.29366,0.02095277039400666,0.0005194573177171245
1.2963,0.02036733858213096,0.0005098536372881625
1.29895,0.02232013006381798,0.0005479448816358116
1.30159,0.02171712694228635,0.0005307729804727391
1.30423,0.02092811195893452,0.000522449634025767
1.30688,0.02029637805216427,0.0005015996022231145
1.30952,0.02026901387347392,0.0005058743045506023
1.31216,0.02004510099889013,0.0004974200241463345
1.31481,0.01985251706437292,0.0004955414332231253
1.31745,0.01806394728079911,0.0004591296495591286
1.3201,0.02060982311320755,0.0005052423592755926
1.32274,0.0197904612236404,0.0004914784391807994
1.32538,0.02086054848779135,0.0005084409794328406
1.32803,0.01930692515260821,0.0004784493958743814
1.33067,0.01930239955604884,0.0004837075206842295
1.33331,0.01958159246670366,0.0004808359069422169
1.33596,0.02126030722807992,0.000517536599975438
1.3386,0.01850660418978912,0.0004630552124568783
1.34124,0.01978770511931187,0.00048642727721676
1.34389,0.01860785668701443,0.0004633016173743767
1.34653,0.0187231804245283,0.0004626019618851422
1.34918,0.01990269922308546,0.0004897475166138722
1.35182,0.01739865024972253,0.0004362006940042718
1.35446,0.01907425409267481,0.0004726362375158699
1.35711,0.01901983247780244,0.0004701806877248446
1.35975,0.017901987236404,0.0004484262165789721
1.36239,0.01763587895394007,0.000444013071603586
1.36504,0.01758491162597114,0.0004373136808189582
1.36768,0.01717784142619312,0.0004332552336721389
1.37033,0.01837866967258602,0.0004562339157955711
1.37297,0.01793822634572697,0.0004476049191418419
1.37561,0.01800052712264151,0.0004529592044945525
1.37826,0.01781656860432853,0.0004412037232831211
1.3809,0.01710255903163152,0.0004317980185542142
1.38354,0.01889822967536071,0.0004661263581104787
1.38619,0.0182930885127636,0.000455050154023855
1.38883,0.0170763394145394,0.0004274782235489486
1.39148,0.01675592626248613,0.0004224163115030011
1.39412,0.01742648140954495,0.0004365161682391807
1.39676,0.0153837365427303,0.000390991670676259
1.39941,0.01466106034961154,0.0003775686997180686
1.40205,0.01596951630133185,0.0004033708105544991
1.40469,0.01658734378468368,0.0004210961489065157
1.40734,0.01533370317702553,0.0003902087264975877
1.40998,0.01617275152608213,0.0004065087759557239
1.41263,0.01608391294395117,0.0004033520803729918
1.41527,0.01484151879855716,0.0003787793113214985
1.41791,0.01556571039123197,0.0003952144175329057
1.42056,0.01613807817702553,0.0004061986410239175
1.4232,0.01645228093784684,0.0004109250343383632
1.42584,0.01480812964761376,0.0003769487865790514
1.42849,0.01535045040233074,0.0003895295770369751
1.43113,0.01578451165371809,0.0003983349100889911
1.43377,0.01574979710044395,0.000396200019498459
1.43642,0.01674713831853496,0.0004139582840613265
1.43906,0.01515316003052164,0.0003844199776601816
1.44171,0.014020618618202,0.0003595070441596877
1.44435,0.01525558226970033,0.0003843072704238373
1.44699,0.01388299653163152,0.0003553795344669823
1.44964,0.01484185529966704,0.0003770241446857628
1.45228,0.01573452407047725,0.0003929087803466148
1.45492,0.01478932678967814,0.0003729373054021611
1.45757,0.01446086508046615,0.0003654333944443559
1.46021,0.01285848342119867,0.0003325483526774547
1.46286,0.01474875437014428,0.0003717270973511092
1.4655,0.01501002573529412,0.0003779186918434472
1.46814,0.0154200237236404,0.0003837415517563218
1.47079,0.01323716620421754,0.0003412363435237122
1.47343,0.01274441641231965,0.0003278528276888169
1.47607,0.01341932547169811,0.0003449051695532486
1.47872,0.0134436336709212,0.0003413194966180299
1.48136,0.01421532228079911,0.0003605843511945127
1.48401,0.01361371323529412,0.0003493368523044286
1.48665,0.01394693860987791,0.0003526000973871211
1.48929,0.01295743763873474,0.0003311894679086514
1.49194,0.012758368618202,0.000324588869012351
1.49458,0.01208922357103219,0.0003157229125428512
1.49722,0.01354905008324084,0.0003427235916721999
1.49987,0.01280882318257492,0.0003277048857337586
1.50251,0.0136926788290788,0.0003491216946215927
1.50516,0.01447305008324085,0.0003607486673921232
1.5078,0.01230729231409545,0.0003162028933114418
1.51044,0.01269914213374029,0.0003250049688036843
1.51309,0.01261750513318535,0.0003220817256123084
1.51573,0.01066431992230854,0.0002812788189101066
1.51837,0.01308305556326304,0.0003299056419938588
1.52102,0.01181264254994451,0.0003042855081160172
1.52366,0.01233978183962264,0.0003136805774476149
1.5263,0.01282378260266371,0.0003233468739750144
1.52895,0.01307641939511654,0.0003320502054016189
1.53159,0.01452549847391787,0.0003613534036117176
1.53424,0.01211715774139845,0.0003126746374938272
1.53688,0.01272191890954495,0.0003227992386662313
1.53952,0.01259532352941176,0.0003184674245417192
1.54217,0.01092033546059934,0.000281587199506336
1.54481,0.01300022592952275,0.000327707769142769
1.54745,0.01286256492785793,0.0003271534338597868
1.5501,0.01258464476970034,0.000323098258313372
1.55274,0.0113596685627081,0.0003003256670027785
1.55539,0.01172121496947836,0.0003101201961478644
1.55803,0.01161660432852386,0.0003099601883488897
1.56067,0.01119090524417314,0.0003032381403092378
1.56332,0.01250327101831298,0.000330191079652127
1.56596,0.01190979064927858,0.0003230603593678143
1.5686,0.01183933601553829,0.000318678668351861
1.57125,0.0115077817008879,0.0003171176788506888
1.57389,0.01154198806881243,0.000315992239951074
1.57654,0.009995222946725862,0.0002791586270007277
1.57918,0.01109993091009989,0.0003106413373043616
1.58182,0.01081106874306326,0.0003018586815065394
1.58447,0.01097167820477247,0.0003079568598339661
1.58711,0.01064760474472808,0.000298359423796981
1.58975,0.01185942536071032,0.0003281810136244757
1.5924,0.01181888727802442,0.0003334022623261958
1.59504,0.01184349993063263,0.0003280607717905489
1.59769,0.01006334954217536,0.0002898476740485984
1.60033,0.009298706853496116,0.000269496959217769
1.60297,0.009537874445061044,0.0002757180636353729
1.60562,0.01158956062708102,0.0003249713987169093
1.60826,0.01250488256104329,0.0003383869826723521
1.6109,0.0109839753745838,0.0003034547528909402
1.61355,0.00894878003607103,0.000251029694981133
1.61619,0.008436110294117647,0.0002383444486426673
1.61883,0.01085587604051054,0.0002957899581925922
1.62148,0.01063138401775805,0.0002873116150271347
1.62412,0.01094212562430633,0.0002970957327965437
1.62677,0.009196481478912319,0.0002521693030597922
1.62941,0.01109615614594895,0.0002991564591729212
1.63205,0.01172488901220866,0.0003100722617304745
1.6347,0.009098859531076583,0.0002494122443865248
1.63734,0.01044755826859045,0.0002812692840162747
1.63998,0.009763689581021088,0.0002650252185027871
1.64263,0.009480827205882352,0.0002572515017808341
1.64527,0.009188135335738066,0.000248784452798634
1.64792,0.01012364504716981,0.0002721234266824445
1.65056,0.01000275187291898,0.0002688291151816793
1.6532,0.008916952067147614,0.0002425005596309196
1.65585,0.0088501234045505,0.0002421171302826351
1.65849,0.01003282637347392,0.0002662657766967167
1.66113,0.007268982519422863,0.0002025214990988838
1.66378,0.008809692910654828,0.0002401823810985986
1.66642,0.01031104182852386,0.0002747238105927165
1.66907,0.009986139705882354,0.0002687186347156714
1.67171,0.009442990288568254,0.0002528989947856479
1.67435,0.008908960738068813,0.0002415982243753335
1.677,0.0100675775527192,0.0002674177643709851
1.67964,0.008522604814095449,0.0002312018112448696
1.68228,0.008183970241398443,0.0002230142844540244
1.68493,0.01003181915926748,0.0002657453235110599
1.68757,0.009836923210321867,0.0002612389389469756
1.69022,0.009125889497780244,0.00024371541637505
1.69286,0.009520374098224194,0.0002533740817065749
1.6955,0.009118928274139845,0.0002455958680953678
1.69815,0.009208318534961157,0.0002465162018798757
1.70079,0.009157603010543839,0.000246900374876692
1.70343,0.008688948529411763,0.0002318572088267778
1.70608,0.008703974334073255,0.0002334632028169641
1.70872,0.007442218784683684,0.0002025708461722729
1.71137,0.009810561667591569,0.0002589385967529154
1.71401,0.009028695615982239,0.0002412971426415245
1.71665,0.008860188679245283,0.000237116016470631
1.7193,0.008198258948390675,0.0002219541721094268
1.72194,0.009384157533296338,0.0002480126652772487
1.72458,0.008528780868479467,0.0002289285029255357
1.72723,0.009508653787458382,0.000250085555691607
1.72987,0.008271870283018869,0.0002221298706549328
1.73251,0.009419142203107661,0.0002499534711675106
1.73516,0.008771244797447286,0.0002314815997841273
1.7378,0.007076098709766923,0.0001934909546556324
1.74045,0.00937704293840178,0.0002461988592230173
1.74309,0.007290932921753606,0.0001983503538918455
1.74573,0.008583234531076582,0.0002287676334893719
1.74838,0.009089556534406218,0.0002380350990723833
1.75102,0.008424188540510547,0.0002265436529030121
1.75366,0.008741671614872364,0.0002296888228459016
1.75631,0.008383030105438402,0.000222493438952582
1.75895,0.007871715524417313,0.0002119020353719066
1.7616,0.007991049805771366,0.0002135521187989287
1.76424,0.008933630618756936,0.0002363913972241023
1.76688,0.007825971975582689,0.0002077804887781904
1.76953,0.00746775624306326,0.0002013044212412771
1.77217,0.007978523723640402,0.0002136418848112954
1.77481,0.008221573668146505,0.0002190737684242489
1.77746,0.008207518451720313,0.0002193159327011917
1.7801,0.007990580535516096,0.0002115861726018681
1.78275,0.007912182644284126,0.0002115411473997663
1.78539,0.0086193797863485,0.0002248128497639742
1.78803,0.006767616467813543,0.0001825930696780545
1.79068,0.007573925776914538,0.0002034172948758582
1.79332,0.00743596261098779,0.0001973318667196421
1.79596,0.006891533573806879,0.0001878506305410123
1.79861,0.008537367369589346,0.0002225466949662403
1.80125,0.008256448460044398,0.0002179831201106621
1.8039,0.007291740982241955,0.0001958256347537766
1.80654,0.00767511646781354,0.0002037454714856116
1.80918,0.006422677649833521,0.0001757969517686098
1.81183,0.008654215663152054,0.000226959682488083
1.81447,0.008196091148723642,0.0002164718593709222
1.81711,0.006884135127635957,0.0001851291627870241
1.81976,0.006858364178690346,0.0001841827868008907
1.8224,0.006870061598224194,0.0001864941128132018
1.82504,0.008198593160377358,0.0002161582695020144
1.82769,0.006661726206992234,0.0001816138769640653
1.83033,0.008920351415094337,0.0002328142296095731
1.83298,0.007719470518867924,0.0002049645090350457
1.83562,0.007215645948945617,0.0001944820112578419
1.83826,0.006626073113207548,0.0001811951137462159
1.84091,0.006387587680355165,0.0001754611617576089
1.84355,0.007104696725860154,0.0001919419719845541
1.84619,0.006990087194783575,0.0001894580996244148
1.84884,0.008034378329633737,0.0002117878436265286
1.85148,0.006965163221420647,0.0001893276715381588
1.85413,0.007215730646503882,0.0001957366571751397
1.85677,0.006398449569922309,0.0001738542339443826
1.85941,0.006840122155937847,0.0001863362265914572
1.86206,0.006961322072697007,0.0001869867091198458
1.8647,0.007752607866259712,0.0002078724296665069
1.86734,0.007385299736403995,0.0001985318570717313
1.86999,0.00763609607380688,0.0002035278689146044
1.87263,0.007585119589345169,0.0002052695604860914
1.87528,0.00717082720588235,0.0001932357093344374
1.87792,0.006761360294117649,0.0001842466103502244
1.88056,0.007195568049389571,0.0001943545126227194
1.88321,0.006809587541620421,0.0001841818405902632
1.88585,0.008026082547169808,0.0002157526292060723
1.88849,0.006895546406770254,0.0001856001045732089
1.89114,0.006496838374028857,0.0001780551076481601
1.89378,0.006429863207547166,0.0001745080203014523
1.89643,0.006004738693118758,0.0001655563671065296
1.89907,0.006612434517203107,0.0001810410488484679
1.90171,0.0052819961154273,0.0001459987427857757
1.90436,0.007430093299112099,0.0002000035806500504
1.907,0.007828682297447277,0.0002080966329541377
1.90964,0.005822414608768037,0.0001613910886940596
1.91229,0.006202871462264151,0.0001705935825048542
1.91493,0.006938341564927856,0.0001874976034686246
1.91757,0.005608571587125415,0.0001549853517228664
1.92022,0.006905215663152057,0.0001879267874923208
1.92286,0.00696133580743618,0.0001895551124833586
1.92551,0.005791310002774693,0.0001586841144487738
1.92815,0.00629640503607103,0.0001716876248916653
1.93079,0.006846067008879022,0.0001871238881092909
1.93344,0.005830602802441732,0.0001601747701703734
1.93608,0.005806154966703663,0.0001600813984690624
1.93872,0.006201594131520535,0.000169759400250008
1.94137,0.007958937985571589,0.0002140517641944665
1.94401,0.005565387278024417,0.0001546078794407411
1.94666,0.004967662874583795,0.0001387898218666176
1.9493,0.006939467813540513,0.0001884804810369655
1.95194,0.007927563263041061,0.0002104676672504954
1.95459,0.005944001387347389,0.0001636482381708566
1.95723,0.006160122086570475,0.0001696830602115398
1.95987,0.005993858490566037,0.0001644433687281358
1.96252,0.006582401220865707,0.0001804738279712371
1.96516,0.00655484475582686,0.00017793204676973
1.96781,0.005752937430632626,0.0001587480710908621
1.97045,0.006788600860155384,0.0001840331271627556
1.97309,0.006276150874028855,0.0001721277991596267
1.97574,0.006809919464483907,0.0001854244783826327
1.97838,0.005560596143174254,0.0001539645016141583
1.98102,0.006439971975582689,0.0001768503279365795
1.98367,0.005606138249167595,0.0001546352717898255
1.98631,0.004662188540510544,0.0001311423366346943
1.98896,0.005944365357935628,0.000163810730021974
1.9916,0.00446248314372919,0.0001260075940829858
1.99424,0.004406067702552719,0.0001235270382872098
1.99689,0.005303857241953386,0.0001465908812675331
1.99953,0.005543413984461709,0.0001526558109931347
2.00217,0.006266790649278582,0.0001705804138091072
2.00482,0.004349851415094337,0.0001224885042209464
2.00746,0.005800805285793563,0.0001589861679999342
2.0101,0.006385488554384019,0.0001721071619785881
2.01275,0.006059471628745842,0.0001655667939619824
2.01539,0.00601762187846837,0.0001628465035766885
2.01804,0.006195086154273031,0.0001697227517098797
2.02068,0.005058966842397333,0.0001404886858478316
2.02332,0.00606079703107658,0.0001646644699153905
2.02597,0.005246777955049941,0.0001451120692317415
2.02861,0.005824671684239734,0.0001581250505575371
2.03125,0.00481476546892342,0.0001341308963301298
2.0339,0.006261679037180908,0.0001695370971989705
2.03654,0.006484401567702555,0.0001761270727675497
2.03919,0.006052224264705884,0.000164527638874131
2.04183,0.005043714414539401,0.0001389133810413848
2.04447,0.004393653787458381,0.0001231606760755875
2.04712,0.005270770255271921,0.0001448947943481468
2.04976,0.005218450055493893,0.0001439948495243146
2.0524,0.005635308546059934,0.0001546538385126597
2.05505,0.004943434794672585,0.0001368427506415493
2.05769,0.005505338998335183,0.0001514222286278785
2.06034,0.00519079057991121,0.0001419268900398516
2.06298,0.006742461293007772,0.000181477813859154
2.06562,0.003733509572697001,0.0001051709092619991
2.06827,0.004769864317425081,0.0001320099996015559
2.07091,0.00408473661209767,0.0001151898099917287
2.07355,0.005405116606548281,0.0001476436233382123
2.0762,0.004814760890677026,0.0001337098431540367
2.07884,0.005714951720310764,0.0001553579959591961
2.08149,0.005675510127635963,0.0001547589746141917
2.08413,0.004494118826304107,0.0001261069278748854
2.08677,0.006074174667036623,0.0001634254675502291
2.08942,0.004670672031076583,0.0001310809005574564
2.09206,0.005034106964483907,0.0001391852711738814
2.0947,0.004893101553829078,0.0001358185732296311
2.09735,0.006573897128190896,0.0001770875329305442
2.09999,0.004649756312430632,0.0001295088935054696
2.10263,0.005082604328523862,0.0001419528624031403
2.10528,0.005073427233629304,0.000138644799073068
2.10792,0.006007524556048837,0.0001643082236781701
2.11057,0.004761282394561601,0.0001334794556919305
2.11321,0.005962843160377355,0.0001673576193371579
2.11585,0.00498070629855716,0.0001445461268095496
2.1185,0.006142578246392898,0.0001724382127684474
2.12114,0.003256618826304105,9.873913101420425e-05
2.12378,0.00482633469755827,0.0001396442319408394
2.12643,0.005256019145394004,0.0001530703724122499
2.12907,0.004403100998890121,0.0001322943312006112
2.13172,0.005262360016648172,0.0001552992836408869
2.13436,0.00487101838235294,0.0001462738138233213
2.137,0.006585878399001112,0.0001910854435858988
2.13965,0.003618192702552721,0.0001117571337228432
2.14229,0.00417711646781354,0.0001274197836642627
2.14493,0.004981255688124307,0.0001511712824426782
2.14758,0.004848960391231965,0.0001485874158052395
2.15022,0.004513860224750276,0.0001374949524410075
2.15287,0.005417709073251944,0.0001648593247785404
2.15551,0.005271182297447282,0.0001600355930220855
2.15815,0.004231373265815763,0.0001317455886871501
2.1608,0.004493528232519423,0.0001393173510990116
2.16344,0.003469999445061042,0.0001089376378797907
2.16608,0.004547675152608214,0.0001401764344483559
2.16873,0.005297152400110988,0.0001588522995188343
2.17137,0.003794372780244171,0.0001154661112722731
2.17402,0.004528018451720309,0.0001348863592817251
2.17666,0.005236591356825753,0.0001545393598692517
2.1793,0.00533099021920089,0.0001558733938249127
2.18195,0.004027407810765817,0.0001200310064562079
2.18459,0.004896910654827967,0.0001434195117344619
2.18723,0.00595704710044395,0.0001713556575174448
2.18988,0.004896475721420645,0.000142856752492048
2.19252,0.003952084211986681,0.0001168896632591176
2.19516,0.005164454217536073,0.0001489910919669451
2.19781,0.004179085113762487,0.0001235623973699437
2.20045,0.005019300915649281,0.0001449287595294865
2.2031,0.003513943743063263,0.0001046906513173848
2.20574,0.003916280036071032,0.0001153263509294384
2.20838,0.003157057991120974,9.452819306489166e-05
2.21103,0.005589356687014427,0.0001602630612025505
2.21367,0.006897586015538293,0.0001938838901520273
2.21631,0.004334798140954495,0.0001272362010266194
2.21896,0.004698432228079912,0.0001358082674339229
2.2216,0.004259135751942286,0.0001236771784475344
2.22425,0.004364382769145396,0.000127335897187582
2.22689,0.004063141023862372,0.0001191346143281655
2.22953,0.004439111195893454,0.0001283470839633762
2.23218,0.005304791204217539,0.0001532848936472253
2.23482,0.004038404758601555,0.0001181321793871847
2.23746,0.00526012354328524,0.0001524809362451402
2.24011,0.005070886306881245,0.0001458773109336346
2.24275,0.004781932574916758,0.0001396400015333624
2.2454,0.005690004855715872,0.0001623616274540048
2.24804,0.005333022960599334,0.000153893248145115
2.25068,0.005203804245283017,0.0001504115958069816
2.25333,0.004645084211986682,0.0001347667181727018
2.25597,0.003247013665371812,9.730061628843835e-05
2.25861,0.005462431673140957,0.0001569322391797014
2.26126,0.004799613762486127,0.0001398758126667544
2.2639,0.00359647807991121,0.0001066412875949032
2.26655,0.00405827663706992,0.0001197817445054379
2.26919,0.004614718992785792,0.0001363757767718875
2.27183,0.002871904203662596,8.619060161423224e-05
2.27448,0.004495911209766928,0.0001312714862549127
2.27712,0.003892960738068813,0.000114665475860414
2.27976,0.00408065052719201,0.0001220012822170976
2.28241,0.003457001803551609,0.0001037106846056023
2.28505,0.003705495283018868,0.0001097743286015993
2.28769,0.004130452691453943,0.0001214971453666191
2.29034,0.004102843576581576,0.0001196337602172514
2.29298,0.00448107082408435,0.0001315707826025997
2.29563,0.003456335668701444,0.0001025606243515126
2.29827,0.004384243201997781,0.0001283468121099974
2.30091,0.004476362097669257,0.0001330541758746601
2.30356,0.004243288152053272,0.0001234350877587966
2.3062,0.005681063540510542,0.0001636819534586917
2.30884,0.004397602524972252,0.0001285119546915394
2.31149,0.003848734877913431,0.0001150483597380264
2.31413,0.003295234045504994,9.883125009491287e-05
2.31678,0.003617918007769145,0.0001081199290420572
2.31942,0.004113911487236406,0.0001219745506867294
2.32206,0.004112814997225304,0.0001201450096814495
2.32471,0.004060664192563819,0.0001205345017572231
2.32735,0.004952089969478358,0.0001446962095482295
2.32999,0.005497210321864596,0.0001582716589343046
2.33264,0.004117963235294121,0.0001236266289745707
2.33528,0.003676386792452829,0.0001079930523690924
2.33793,0.003937513942841287,0.0001173557393472512
2.34057,0.003277612375138734,9.80132944931346e-05
2.34321,0.004128170435627077,0.0001219009419039531
2.34586,0.003836341564927857,0.0001153189803701035
2.3485,0.003165790996115427,9.512564661022635e-05
2.35114,0.003796629855715871,0.0001127852717334826
2.35379,0.003205422586015538,9.580218673457194e-05
2.35643,0.004512663013318536,0.0001316847666857787
2.35908,0.004130667869034408,0.0001229679136915014
2.36172,0.003537157741398445,0.000105654567875886
2.36436,0.004057640260821311,0.0001199549369670139
2.36701,0.003166315205327412,9.457784010057155e-05
2.36965,0.004802168423973363,0.0001396985840514533
2.37229,0.002702685349611544,8.208729236888599e-05
2.37494,0.002869081714761375,8.674444916935687e-05
2.37758,0.003283229883462818,9.981851215728624e-05
2.38022,0.004380456992230853,0.000127476427177764
2.38287,0.00436429120421754,0.00012983422725737
2.38551,0.002856283226970031,8.539479302118548e-05
2.38816,0.005006669533851278,0.0001461371645589923
2.3908,0.00327257630410655,9.869329461188033e-05
2.39344,0.003902980230299668,0.0001160119647022238
2.39609,0.004467581021087683,0.0001317011418499735
2.39873,0.003996451997780246,0.0001177629978468766
2.40137,0.003525842605438402,0.0001055519330615491
2.40402,0.00346144728079911,0.0001021410344908496
2.40666,0.003799759087125416,0.0001128915559783868
2.40931,0.003723281770255272,0.0001111026412161956
2.41195,0.004072714137069921,0.0001196957633637369
2.41459,0.004088337402885683,0.0001213957828931265
2.41724,0.002691136723085458,8.117670896249479e-05
2.41988,0.003899457269700333,0.0001158320267716852
2.42252,0.003808173903995564,0.0001136159701957761
2.42517,0.003663478426748058,0.0001083388349981999
2.42781,0.003161627081021088,9.563005405905513e-05
2.43046,0.00351601539955605,0.0001046899663207486
2.4331,0.004707410169256385,0.0001377531688911244
2.43574,0.004625846420643728,0.0001353667918727569
2.43839,0.003932322211431742,0.0001171763717956769
2.44103,0.004909473362930078,0.0001431401043748031
2.44367,0.004376448737513876,0.0001284569124716021
2.44632,0.005883392272475027,0.0001688158791632164
2.44896,0.002850759572697004,8.608000527238781e-05
2.45161,0.002632853357380691,7.98594441620837e-05
2.45425,0.004779851761931188,0.0001403768706026231
2.45689,0.002561430424528303,7.740251596661197e-05
2.45954,0.004437195199778028,0.0001311861620325329
2.46218,0.004577387971698114,0.0001345270379624025
2.46482,0.003658879578246393,0.0001083349070157768
2.46747,0.001818891509433962,5.601814272698795e-05
2.47011,0.002809475235849058,8.581487132742287e-05
2.47275,0.003202407810765817,9.728873495368021e-05
2.4754,0.004600194506104328,0.0001340342629925229
2.47804,0.003923403787458381,0.0001165804108961465
2.48069,0.003673752011653717,0.0001098214170937871
2.48333,0.003682139359045502,0.000110814080659121
2.48597,0.003405897128190901,0.0001027830861036348
2.48862,0.003178481895116536,9.55084554914159e-05
2.49126,0.00321998598779134,9.786727064008074e-05
2.4939,0.003052612167036623,9.183737848046626e-05
2.49655,0.004292504300776917,0.0001273891138237787
2.49919,0.002852670990566037,8.64332149595154e-05
2.50184,0.004300388041065484,0.0001268911955000702
2.50448,0.003186759364594894,9.646225868875539e-05
2.50712,0.00368368222807991,0.0001108238413817366
2.50977,0.004615000554938958,0.000135411301001644
2.51241,0.002620226553829078,7.969910123701187e-05
2.51505,0.003760605923973364,0.0001127608164359831
2.5177,0.004569801817425087,0.0001354224108279839
2.52034,0.002679601831298557,8.14242274296579e-05
2.52299,0.003983266648168704,0.0001190971421898312
2.52563,0.003335943812430632,0.0001006521649666106
2.52827,0.002858158018867925,8.718080134804543e-05
2.53092,0.002913426609322976,8.847104532000061e-05
2.53356,0.004788081159822421,0.00013974424199265
2.5362,0.003309978288013321,0.0001003602366296889
2.53885,0.002604147752497227,7.964495696738022e-05
2.54149,0.002388709211986679,7.348066502352215e-05
2.54414,0.003884225443951164,0.0001163888898161715
2.54678,0.004240548071587127,0.0001261262222614369
2.54942,0.002919133393451723,8.888492000092211e-05
2.55207,0.003859908088235294,0.0001153989688956756
2.55471,0.00445114740566038,0.0001315412890885145
2.55735,0.003408396850721424,0.0001031301626491918
2.56,0.003103533712541619,9.480922407968571e-05
2.56264,0.003221913429522755,9.860305299026118e-05
2.56529,0.00257537805216426,7.842528981529654e-05
2.56793,0.00408445276082131,0.0001220613452889314
2.57057,0.003777609531076582,0.0001128816252594777
2.57322,0.002243793978912316,6.951453130942609e-05
2.57586,0.003143687222530523,9.512152559387954e-05
2.5785,0.00402750853218646,0.000120023107015645
2.58115,0.003254320546614873,9.957922561513834e-05
2.58379,0.003128917799667035,9.521395956376158e-05
2.58643,0.003465826373473916,0.0001047011205167547
2.58908,0.003819305910099891,0.0001145003737413378
2.59172,0.003998221490011099,0.0001195612967741819
2.59437,0.001836194991675914,5.754374374491092e-05
2.59701,0.00477697662319645,0.0001403607818421884
2.59965,0.003666644284128746,0.0001101523714323083
2.6023,0.002332215940621533,7.209032223932547e-05
2.60494,0.003366052649833519,0.0001024570221726883
2.60758,0.003503841842397339,0.0001072566828818673
2.61023,0.003831619103773584,0.000115347655975151
2.61287,0.003226052164261932,9.839041081277731e-05
2.61552,0.00325461355438402,9.94122608752682e-05
2.61816,0.002956354536625974,9.034949031692711e-05
2.6208,0.004222761584350723,0.0001257434616744199
2.62345,0.004285762832963377,0.0001281304957046221
2.62609,0.003905701997780246,0.0001178097422618876
2.62873,0.003973549320199778,0.0001195671813689076
2.63138,0.003884133879023308,0.0001168555205676933
2.63402,0.005656366190344063,0.0001649609234945649
2.63667,0.003653662666481687,0.0001106093910384214
2.63931,0.002604859669811321,8.105509182773634e-05
2.64195,0.005517746046059933,0.0001614371758834471
2.6446,0.00262335120699223,8.032652477948319e-05
2.64724,0.004692656770255272,0.0001387043849691575
2.64988,0.002183274139844617,6.838860675088026e-05
2.65253,0.005615471004439513,0.0001649370856392545
2.65517,0.003116707616537182,9.531658921190001e-05
2.65782,0.002985959766925639,9.149874968856661e-05
2.66046,0.004258732866259713,0.000127640198877646
2.6631,0.003873233074361819,0.0001166377555487158
2.66575,0.00366265892064373,0.0001101216546047494
2.66839,0.0045268006381798,0.0001358499321559087
2.67103,0.002964137555493897,9.302140814840695e-05
2.67368,0.002798855993340731,8.947173763566025e-05
2.67632,0.00399100846281909,0.0001266375978846104
2.67896,0.004549913915094339,0.0001420006870604736
2.68161,0.004366465871254159,0.0001399479588685725
2.68425,0.004282088790233074,0.0001387199079873264
2.6869,0.003435193326859049,0.0001127490269872424
2.68954,0.00419064518590455,0.0001362369712532652
2.69218,0.003753070130410653,0.0001232575681882238
2.69483,0.002493443465593784,8.537052337926955e-05
2.69747,0.00313405917036626,0.000105977083676608
2.70011,0.004109166134850168,0.0001346891141977348
2.70276,0.003092259780799113,0.0001063391337459995
2.7054,0.002960159059378467,0.0001010777938056607
2.70805,0.003235590940621531,0.0001113105448509901
2.71069,0.002235129647613764,7.768524271929552e-05
2.71333,0.00415471968645949,0.0001412328371639603
2.71598,0.002004372294672586,7.180232447892676e-05
2.71862,0.003280901845172031,0.0001151447888459888
2.72126,0.002888580466148727,0.0001022988837495977
2.72391,0.00390266890954495,0.0001350272279013809
2.72655,0.003765058268590451,0.000128609877789687
2.7292,0.002159293285238623,7.509812269508823e-05
2.73184,0.004270654619866813,0.0001406451208455782
2.73448,0.003830078523862377,0.0001265827932519534
2.73713,0.002215166204217538,7.422509736005718e-05
2.73977,0.00485154710044395,0.0001566024546283719
2.74241,0.00336892778856826,0.0001105708939082065
2.74506,0.004279920990566037,0.0001365679384037764
2.7477,0.004285142480577138,0.0001376103605273007
2.75035,0.003028109392341844,9.829644473053659e-05
2.75299,0.002952547724750279,9.695457717276627e-05
2.75563,0.005552101206992231,0.0001708451062320485
2.75828,0.003303763318534963,0.0001060230264920035
2.76092,0.00416574639289678,0.0001332475262544865
2.76356,0.003266464345172033,0.0001048184865366179
2.76621,0.002489286417869036,8.108331586763359e-05
2.76885,0.004047355230299668,0.0001285680972044288
2.77149,0.002057951512208659,6.760830020402017e-05
2.77414,0.003166019908435072,0.0001019011544378689
2.77678,0.002637546059933409,8.5058202731834e-05
2.77943,0.002229157325194229,7.247237249064427e-05
2.78207,0.004547334073251941,0.0001422722774228873
2.78471,0.004438980715871255,0.0001397783894350282
2.78736,0.004073084975027747,0.0001283976755719393
2.79,0.001837948460044393,5.994150459505191e-05
2.79264,0.002466749999999999,8.005975948617707e-05
2.79529,0.002442906492785794,7.915314112309648e-05
2.79793,0.003902476623196451,0.0001225543488600733
2.80058,0.002712187500000001,8.644306680926991e-05
2.80322,0.002709710668701443,8.761396021160671e-05
2.80586,0.003045824916759157,9.779489348877216e-05
2.80851,0.002160808684794673,6.995227883835322e-05
2.81115,0.003704213374028858,0.0001159343576011803
2.81379,0.003310161417869032,0.0001046567188129163
2.81644,0.002245748890122086,7.300332320321074e-05
2.81908,0.002362189719755827,7.612876291850504e-05
2.82173,0.002636600652053274,8.446606347655314e-05
2.82437,0.003947762347391789,0.0001227261129200862
2.82701,0.004759096281908993,0.0001457869026846957
2.82966,0.00268963505826859,8.636437491795571e-05
2.8323,0.002970018312985568,9.367734018600825e-05
2.83494,0.003700580535516095,0.0001157143774833718
2.83759,0.002812119173140953,8.870351388880511e-05
2.84023,0.002572862305771364,8.221264033962362e-05
2.84288,0.004165984461709213,0.0001300977061004963
2.84552,0.004058306395671476,0.0001244400074920994
2.84816,0.004548934170366259,0.0001411816149616044
2.85081,0.002545694991675917,8.144623357908635e-05
2.85345,0.002863260474472807,9.084077010065816e-05
2.85609,0.00212367223917869,6.829611605377744e-05
2.85874,0.003534555008324086,0.0001106221438401819
2.86138,0.003926228565482795,0.0001229143627807106
2.86402,0.002554794256381796,8.180875678695129e-05
2.86667,0.001840814442286347,5.976171707242252e-05
2.86931,0.002908195962819088,9.222222921950924e-05
2.87196,0.003134777955049942,9.838006473353658e-05
2.8746,0.003160512278024419,0.0001007017767349482
2.87724,0.004104475721420643,0.0001276137651859346
2.87989,0.002873856825749169,9.15109134765344e-05
2.88253,0.00320308996947836,0.0001012043465807879
2.88517,0.00309950027746948,9.877116146505265e-05
2.88782,0.003202242993895672,0.0001017250070880809
2.89046,0.001919489317425083,6.155388046968772e-05
2.89311,0.003381490496670368,0.0001070528639859603
2.89575,0.003726330882352943,0.0001168593195481073
2.89839,0.003523569506104328,0.0001096835361835439
2.90104,0.001737188124306328,5.666949038407609e-05
2.90368,0.003426638873473919,0.0001067486403384925
2.90632,0.003305221490011097,0.000104084925031924
2.90897,0.003254439581021088,0.0001032156569670842
2.91161,0.003114127774694784,9.846534207852589e-05
2.91426,0.003265106895116537,0.0001023283378684041
2.9169,0.003371152816315207,0.000106696207036427
2.91954,0.003398304106548284,0.0001071871323442294
2.92219,0.001564503537735851,5.030026934745319e-05
2.92483,0.004270164747502773,0.000131921011766427
2.92747,0.004388507838512763,0.0001348680121509059
2.93012,0.003819878190899002,0.0001200718920203557
2.93276,0.002251682297447282,7.225273788762253e-05
2.93541,0.0027479573390677,8.659564475994022e-05
2.93805,0.002353623820754716,7.510166620232726e-05
2.94069,0.003399748543285237,0.0001061612423725737
2.94334,0.003765541273584909,0.0001182383517401399
2.94598,0.002384987097669258,7.539568014008765e-05
2.94862,0.003251241675915652,0.0001027641105026002
2.95127,0.00339293611265261,0.0001068905226975081
2.95391,0.003783613901220866,0.0001176265927724361
2.95655,0.002895914816870146,9.143790774438019e-05
2.9592,0.003057785585460597,9.524413753508002e-05
2.96184,0.002643687777469478,8.444545532779807e-05
2.96449,0.003396852802441731,0.000107683114746069
2.96713,0.004276782602663709,0.00013184489663401
2.96977,0.002478129231409543,7.942572235022817e-05
2.97242,0.003597434933407325,0.0001122579717122841
2.97506,0.004529813124306328,0.0001405312655602083
2.9777,0.002433802649833522,7.7753232881354e-05
2.98035,0.002924544880688122,9.233861470193858e-05
2.98299,0.004121866190344065,0.0001283088410337601
2.98564,0.003785175083240845,0.0001174742973475782
2.98828,0.001142879092674805,3.757848591536068e-05
2.99092,0.00259575124861265,8.224006096782992e-05
2.99357,0.003370310418978914,0.0001059018484483635
2.99621,0.003341462888457269,0.0001054978738250211
2.99885,0.002760435349611543,8.771114491313713e-05
3.0015,0.004719409753052167,0.0001444756570551046
3.00414,0.003812626248612655,0.0001189202966460333
3.00679,0.003129297794117648,9.849153614024355e-05
3.00943,0.002522682436182022,8.079316154822752e-05
3.01207,0.001475333032741397,4.769264664050231e-05
3.01472,0.003503267272475026,0.0001101572884151421
3.01736,0.002627954633740289,8.390334368079358e-05
3.02,0.003932992924528304,0.0001219866790942847
3.02265,0.002867813540510542,9.072053913899864e-05
3.02529,0.002574036625971143,8.165218677902544e-05
3.02794,0.004247745074916758,0.0001313219606531931
3.03058,0.003428266440066592,0.000106927815883266
3.03322,0.004480906007214204,0.0001379906190467586
3.03587,0.004818503607103219,0.0001470071865544506
3.03851,0.003630638665371811,0.0001120714898335746
3.04115,0.003127171198668143,9.829777074729671e-05
3.0438,0.002296649833518314,7.31823457056064e-05
3.04644,0.002231194644839071,7.089557042423018e-05
3.04908,0.003610176193118758,0.0001127914707735434
3.05173,0.002374525804661489,7.550687457687218e-05
3.05437,0.00353767737236404,0.0001102349825546603
3.05702,0.003557485155382909,0.0001101552670066501
3.05966,0.00140972447280799,4.508534693265236e-05
3.0623,0.00298739733629301,9.391747200611262e-05
3.06495,0.003566353218645949,0.0001102043454000547
3.06759,0.002984620629855714,9.337271095756536e-05
3.07023,0.004251799112097669,0.0001302360412137197
3.07288,0.003464805424528301,0.0001077607118852152
3.07552,0.00364874791897891,0.0001135478575179937
3.07817,0.003223971351276361,0.0001011447639539586
3.08081,0.002978481201442843,9.298008906846528e-05
3.08345,0.002990208379578247,9.37040054752116e-05
3.0861,0.002360193604328525,7.464918906424744e-05
3.08874,0.003506765052719199,0.0001085582211887746
3.09138,0.00257122329356271,8.123669624871118e-05
3.09403,0.003134631451165373,9.791168789319571e-05
3.09667,0.00209645914261931,6.736061175139945e-05
3.09932,0.001887679661487235,5.990086700973305e-05
3.10196,0.002249921961709212,7.142506516254321e-05
3.1046,0.002868980993340731,8.97876253041281e-05
3.10725,0.003190552441731411,9.939831598096531e-05
3.10989,0.002921548418423976,9.191783605284544e-05
3.11253,0.004091420851831299,0.000125154641945644
3.11518,0.00248269603218646,7.856361480373073e-05
3.11782,0.003753603496115426,0.0001153775862214441
3.12047,0.001448495352386236,4.661167896981683e-05
3.12311,0.002558807089345172,8.101234341368363e-05
3.12575,0.002078796268035517,6.5923897759454e-05
3.1284,0.003833230646503887,0.0001183717650356824
3.13104,0.003422541342952275,0.0001063085963029808
3.13368,0.003643645463374032,0.0001136751348436011
3.13633,0.001717066731409545,5.495785155265987e-05
3.13897,0.002425941800776915,7.648001022992224e-05
3.14161,0.001935382699778023,6.227777325959581e-05
3.14426,0.003650000069367369,0.0001138633717673664
3.1469,0.00399399347946726,0.0001228247285423146
3.14955,0.002633407325194228,8.309198249740828e-05
3.15219,0.003261892966148722,0.0001013200905504041
3.15483,0.002077006173695892,6.604161014853845e-05
3.15748,0.002609344062153161,8.23093814012782e-05
3.16012,0.00413164532463929,0.0001266669093658157
3.16276,0.004141195546614874,0.0001273902068696698
3.16541,0.00253891003052164,8.061675405621584e-05
3.16805,0.003161272266925641,9.856695280878458e-05
3.1707,0.00380256784128746,0.000117397688710904
3.17334,0.00239333324084351,7.541911123058398e-05
3.17598,0.0033432484045505,0.0001042384173458175
3.17863,0.002640892758046615,8.30844633044263e-05
3.18127,0.002242502913429523,7.113679342870263e-05
3.18391,0.001824401428967812,5.836117481646409e-05
3.18656,0.002776852941176472,8.689407128492189e-05
3.1892,0.00440760828246393,0.0001351863896583054
3.19185,0.003944507214206438,0.0001210072275445412
3.19449,0.003563761931187571,0.0001101936733511262
3.19713,0.00273702219755827,8.616654994724134e-05
3.19978,0.003319473571032187,0.0001026098975820495
3.20242,0.003475175152608213,0.0001073005868745375
3.20506,0.003508994658712541,0.0001079661516290424
3.20771,0.002169592050499448,6.848750393412687e-05
3.21035,0.003373039053829078,0.0001041301064903423
3.213,0.002537133670921196,7.954680821080616e-05
3.21564,0.002770656284683685,8.544422110511241e-05
3.21828,0.002878084836293009,8.941580480617939e-05
3.22093,0.001993043423973362,6.30544100282677e-05
3.22357,0.002132622710876803,6.746132261749536e-05
3.22621,0.00292165371809101,9.043064200179141e-05
3.22886,0.001996472530521645,6.288065827887543e-05
3.2315,0.003470461847946728,0.0001095156583571255
3.23414,0.002679139428412876,8.738497131735875e-05
3.23679,0.003287574639289679,0.0001067004314218345
3.23943,0.002063257699778025,6.921285224746776e-05
3.24208,0.001415582339067703,4.890442381647378e-05
3.24472,0.003269231895116536,0.0001100256840036036
3.24736,0.002113886237513874,7.243989362166096e-05
3.25001,0.002191105230299668,7.618386425924276e-05
3.25265,0.002991336917314092,0.0001037848074787684
3.25529,0.003477063679245285,0.0001207793270978716
3.25794,0.002440342674805771,8.580648920011082e-05
3.26058,0.001973787319644837,7.054748164396676e-05
3.26323,0.004350925013873474,0.0001489353546938629
3.26587,0.00311362187846837,0.0001102368972153079
3.26851,0.003478027400110986,0.0001236993306054951
3.27116,0.003338074986126527,0.0001184993452542846
3.2738,0.002464763041065481,8.937813321459253e-05
3.27644,0.003359286001664816,0.0001208889395574657
3.27909,0.003476152608213096,0.000125733639410872
3.28173,0.003956799805771368,0.0001408058085154193
3.28438,0.002554899556048837,9.539480519330835e-05
3.28702,0.002657942147613763,9.555492055311305e-05
3.28966,0.004198455674250832,0.0001450908035681816
3.29231,0.00117991252774695,4.260783034112183e-05
3.29495,0.001438972599889015,5.124413788727113e-05
3.29759,0.001656716287458381,5.846031102945789e-05
3.30024,0.002503103565482799,8.62625302267488e-05
3.30288,0.002839936598224198,9.713538198099416e-05
3.30553,0.003420549805771363,0.0001150990481941247
3.30817,0.001940242508324082,6.704880136323414e-05
3.31081,0.003001773029966703,0.0001017987162703816
3.31346,0.004528478565482798,0.0001492860416971676
3.3161,0.003753683615427306,0.0001244686656163838
3.31874,0.002686260890677025,9.139472189040262e-05
3.32139,0.00246374895948946,8.356276165560718e-05
3.32403,0.004828104189789123,0.0001572751590233724
3.32667,0.00277359094062153,9.287294902473927e-05
3.32932,0.002158128121531631,7.328492275104438e-05
3.33196,0.002794399070477246,9.432625237852296e-05
3.33461,0.004037356340177579,0.0001327202865183481
3.33725,0.003219303829078801,0.0001070720214528966
3.33989,0.001478519492230857,5.08585789299818e-05
3.34254,0.002721742300221975,9.017769979026418e-05
3.34518,0.003041454980577134,0.000101049871156456
3.34782,0.002600176123751391,8.671211141296607e-05
3.35047,0.002449700610432855,8.154646559386517e-05
3.35311,0.00269460474472808,8.930352909630237e-05
3.35576,0.003816023307436181,0.0001242726961752984
3.3584,0.001749354814095453,5.903477843463535e-05
3.36104,0.004822225721420645,0.0001530232888142048
3.36369,0.002637397266925638,8.80353324453487e-05
3.36633,0.00242577011653718,8.05957238105932e-05
3.36897,0.003641493687569369,0.0001186475548938014
3.37162,0.002966046684239733,9.649869059298666e-05
3.37426,0.004321603634850167,0.000138962194321288
3.37691,0.003395797516648166,0.0001111389130005915
3.37955,0.00327989920921199,0.0001066372038156506
3.38219,0.003473799389567146,0.0001123987514044989
3.38484,0.002761108351831298,9.067561692522665e-05
3.38748,0.003152067702552721,0.0001029944458279865
3.39012,0.003133569298002221,0.0001031226896908352
3.39277,0.00379918222807991,0.0001223998928552857
3.39541,0.001073791065482794,3.641828912797948e-05
3.39806,0.003042627011653717,9.999481881945948e-05
3.4007,0.002629245699223082,8.695515381476584e-05
3.40334,0.002672837472253053,8.832504503979877e-05
3.40599,0.004405216148723641,0.0001405678400688474
3.40863,0.00281108448945616,9.173913359268849e-05
3.41127,0.002929356617647062,9.593955956386441e-05
3.41392,0.002638429661487239,8.680719805599893e-05
3.41656,0.002691828038290789,8.855401596904081e-05
3.41921,0.001025863693118759,3.493764987496704e-05
3.42185,0.003028221559378472,9.855523173102431e-05
3.42449,0.001956685280244172,6.556190102965253e-05
3.42714,0.002924979814095452,9.493055654145298e-05
3.42978,0.004037908018867924,0.000129303357708929
3.43242,0.002074195130410656,6.918491674217483e-05
3.43507,0.004074987236403996,0.0001306083210855444
3.43771,0.003232988207547168,0.0001051617211205865
3.44035,0.003198562083795783,0.0001035255761311788
3.443,0.002237480577136516,7.414269982893511e-05
3.44564,0.002623879994450613,8.631163760668045e-05
3.44829,0.002329432366814651,7.617755329323038e-05
3.45093,0.004637504925083242,0.0001459370909048857
3.45357,0.002774886584350721,9.034186284033764e-05
3.45622,0.003419043562708101,0.000110057991314435
3.45886,0.002427990566037738,8.010224759317079e-05
3.4615,0.002837326997780244,9.14908780315808e-05
3.46415,0.003086699500554939,9.955136628962138e-05
3.46679,0.002789504925083237,9.059284485416764e-05
3.46944,0.002159139913984459,7.117168428134486e-05
3.47208,0.002146968645948945,7.066075609895916e-05
3.47472,0.003227242508324086,0.0001039056847540169
3.47737,0.002328663221420642,7.591062927009466e-05
3.48001,0.002704450263596008,8.712521217374166e-05
3.48265,0.002305375971143175,7.480687308198665e-05
3.4853,0.003832143312985573,0.0001210212547161888
3.48794,0.001923852386237515,6.351848840693929e-05
3.49059,0.002209507491675914,7.246992232035738e-05
3.49323,0.003152239386792456,0.0001000792372917321
3.49587,0.002016786209766923,6.529967968608416e-05
3.49852,0.001682862652608211,5.564798286306116e-05
3.50116,0.004122257630410658,0.0001299704746341035
3.5038,0.002551285030521642,8.265618830284272e-05
3.50645,0.002954862028301885,9.479888934356118e-05
3.50909,0.003096961639844618,9.914792425953179e-05
3.51174,0.002828852663706994,9.080282223361799e-05
3.51438,0.003666921268035519,0.0001168191308415272
3.51702,0.002596724125971144,8.35970437296225e-05
3.51967,0.002709992230854605,8.777904490828748e-05
3.52231,0.003245544048279689,0.0001034947184456092
3.52495,0.003121929106548283,0.0001006011095046234
3.5276,0.003433627566592676,0.0001086411877378756
3.53024,0.002563474611542731,8.2548949563919e-05
3.53288,0.002407617369589343,7.799607556126421e-05
3.53553,0.002720776290233073,8.805763872735368e-05
3.53817,0.003238704148168702,0.0001037390579969602
3.54082,0.002644186806326305,8.504001467755705e-05
3.54346,0.002566917452830188,8.294763223016243e-05
3.5461,0.001840816731409548,6.095902884857502e-05
3.54875,0.003014823321309653,9.666330733803605e-05
3.55139,0.004384751387347391,0.0001365967875939164
3.55403,0.002528652469478355,8.198860704432715e-05
3.55668,0.0009651149417314104,3.20566532960863e-05
3.55932,0.003306805563263042,0.000105564877024941
3.56197,0.002335455049944506,7.566816879613542e-05
3.56461,0.002887616745283021,9.237512781546459e-05
3.56725,0.002710816315205328,8.757736527976209e-05
3.5699,0.001927890399556049,6.337184672203278e-05
3.57254,0.002000707408435071,6.48460079907854e-05
3.57518,0.001111859184239733,3.687099072772097e-05
3.57783,0.002530985086015537,8.200115233778314e-05
3.58047,0.003627289678135407,0.0001150061882526349
3.58312,0.003044350721420644,9.747318320916986e-05
3.58576,0.002908754508879023,9.300005011718773e-05
3.5884,0.003593282463928967,0.0001138337608341763
3.59105,0.002080469617092121,6.782223366674118e-05
3.59369,0.003871786348501665,0.0001219147441221095
3.59633,0.002059455466148724,6.685065488872761e-05
3.59898,0.002358852178135403,7.618627827596203e-05
3.60162,0.003727319783573806,0.000118255277905353
3.60427,0.004082456645394009,0.0001286036224357481
3.60691,0.003122098501664817,9.939101071314642e-05
3.60955,0.003301968645948944,0.0001050103313147889
3.6122,0.004043781908990008,0.0001271695127982211
3.61484,0.004089033296337404,0.0001291129072378827
3.61748,0.002507185072142065,8.066173038381917e-05
3.62013,0.002779634225860157,8.914708269679226e-05
3.62277,0.00245883650110988,7.960070593443574e-05
3.62541,0.001534273376803554,5.04173855054728e-05
3.62806,0.002390016301331851,7.787903377211445e-05
3.6307,0.002316588096559378,7.519465724773379e-05
3.63335,0.002928944575471697,9.439626149445351e-05
3.63599,0.002962617577691454,9.500505779272285e-05
3.63863,0.002033641023862375,6.636092885277536e-05
3.64128,0.003640610086015539,0.0001151742890716043
3.64392,0.00258910134572697,8.35747769772236e-05
3.64656,0.002267559655937847,7.351966891025542e-05
3.64921,0.003703057366814649,0.0001176218169453695
3.65185,0.001680868826304106,5.531026456248374e-05
3.6545,0.003496947003329635,0.0001105776272846204
3.65714,0.003487193049389567,0.0001104302631710071
3.65978,0.002313628260266371,7.517569124288368e-05
3.66243,0.003483253468368476,0.0001104560513551904
3.66507,0.003028670227524972,9.684740782863478e-05
3.66771,0.001595663082685905,5.252074841328266e-05
3.67036,0.002179661903440623,7.0636028134891e-05
3.673,0.003563990843507216,0.0001125562207459156
3.67565,0.002460928759711432,7.907377452427914e-05
3.67829,0.001237225305216425,4.080127613941419e-05
3.68093,0.003277072142064375,0.0001045626262559491
3.68358,0.001467813263041069,4.788042642073245e-05
3.68622,0.003821970449500554,0.000120365089574011
3.68886,0.003316461084905663,0.0001042139118857125
3.69151,0.002367981201442843,7.629573118155019e-05
3.69415,0.002410135405105437,7.713963978947462e-05
3.6968,0.004149241814650389,0.0001277484354294362
3.69944,0.002290544741953383,7.406988981677592e-05
3.70208,0.003263726553829081,0.0001023418192291248
3.70473,0.004243716218091008,0.0001312441473632633
3.70737,0.002561760058268588,8.105429308897351e-05
3.71001,0.001832846004439511,5.887781818918932e-05
3.71266,0.002013576859045507,6.470012854784671e-05
3.7153,0.002842260058268592,9.067157962320464e-05
3.71794,0.002713084836293009,8.625061732327839e-05
3.72059,0.003159049528301887,9.962584949844748e-05
3.72323,0.002787982658157602,8.818687036598982e-05
3.72588,0.002203837333518314,7.091411121888841e-05
3.72852,0.002970203731964481,9.366050229757976e-05
3.73116,0.002828184239733632,8.906719880712355e-05
3.73381,0.003103309378468372,9.807199069855972e-05
3.73645,0.001150199708657047,3.746626868127829e-05
3.73909,0.003756041412319645,0.0001174860181957118
3.74174,0.002720696170921201,8.57208490131355e-05
3.74438,0.003204442841287458,0.0001006393429542247
3.74703,0.002865334420088788,9.127016697676325e-05
3.74967,0.002949093437846839,9.365440837301594e-05
3.75231,0.003618211015538293,0.0001115802444919808
3.75496,0.002646565205327417,8.403740820653498e-05
3.7576,0.002710848362930077,8.559897333789106e-05
3.76024,0.0005428495421753608,1.806879427454837e-05
3.76289,0.002482451096004439,7.888851850012484e-05
3.76553,0.00278618569644839,8.835123445243661e-05
3.76818,0.003591160446725864,0.0001120606542999585
3.77082,0.004572225998890124,0.0001392330538488863
3.77346,0.003421193049389567,0.0001071245110112452
3.77611,0.003184445061043283,0.0001000440563681909
3.77875,0.002174062708102111,6.960560573652627e-05
3.78139,0.002527354536625971,8.060234937482169e-05
3.78404,0.002695188471143177,8.553616428471213e-05
3.78668,0.001995946032186462,6.406711211926997e-05
3.78933,0.001082595033296338,3.542057857794336e-05
3.79197,0.002953115427302997,9.635479830564932e-05
3.79461,0.003553678343507214,0.0001163960321850587
3.79726,0.00235184975027747,7.928143793013205e-05
3.7999,0.002331657394561598,8.023380783919157e-05
3.80254,0.001753321864594894,6.147668460078281e-05
3.80519,0.003522571448390677,0.0001206103626249267
3.80783,0.002354793562708102,8.293433620063041e-05
3.81047,0.002249949431187571,8.035718395990401e-05
3.81312,0.002456435210876804,8.921050190354781e-05
3.81576,0.002614792175360711,9.412715702449363e-05
3.81841,0.003736036764705883,0.0001314518270690033
3.82105,0.003228764775249727,0.0001171266826251837
3.82369,0.002687881589900111,9.825125019797824e-05
3.82634,0.002629298349056603,9.674402869378886e-05
3.82898,0.00215284940344062,8.0526192589578e-05
3.83162,0.001317083657047725,5.04552767484144e-05
3.83427,0.004155378953940064,0.0001516465393070409
3.83691,0.002283968091009992,8.748612841583933e-05
3.83956,0.003639735640954493,0.0001358837009248962
3.8422,0.002738397960599333,0.0001045209383536505
3.84484,0.003717261376248615,0.0001399743845988027
3.84749,0.001249144769700333,4.820511473674016e-05
3.85013,0.003826637971698113,0.0001368679689981354
3.85277,0.003383138665371809,0.0001197903447495599
3.85542,0.002922553343507218,0.0001048832081977434
3.85806,0.003298869173140955,0.0001162840489459362
3.86071,0.001661182366814649,6.008036849869095e-05
3.86335,0.002012425430077691,7.171596024522634e-05
3.86599,0.002843770879578247,9.903630257075058e-05
3.86864,0.00206480743618202,7.275492063174513e-05
3.87128,0.002489030036071031,8.748206567732104e-05
3.87392,0.001215769353496115,4.352548393491565e-05
3.87657,0.001640138457269701,5.825259774832047e-05
3.87921,0.002194129162042177,7.701297722219039e-05
3.88186,0.004423091911764709,0.0001482817957246859
3.8845,0.003492261168146504,0.0001192531581623466
3.88714,0.003352208032741401,0.000113584037313695
3.88979,0.003157788221420645,0.0001084102454396136
3.89243,0.002391124236958933,8.295090544938909e-05
3.89507,0.001906681673140952,6.586681727147772e-05
3.89772,0.002256734392341844,7.729626501808136e-05
3.90036,0.002733064303551609,9.236015432436243e-05
3.903,0.002673911071032189,9.03025809593946e-05
3.90565,0.001883380688124307,6.45988412468783e-05
3.90829,0.002287806950610431,7.755202254333579e-05
3.91094,0.002164409475582686,7.389263154010068e-05
3.91358,0.002215383670921195,7.504322167149437e-05
3.91622,0.003928169741953385,0.0001279236629870997
3.91887,0.001151440413429525,4.006136463646158e-05
3.92151,0.002650889359045506,8.837926008451872e-05
3.92415,0.00303395581298557,0.0001003626815031891
3.9268,0.003445601970033297,0.0001135178908317524
3.92944,0.001989802025527192,6.681574597318186e-05
3.93209,0.003407536140399554,0.0001115532501592288
3.93473,0.002818473779134298,9.250549030809332e-05
3.93737,0.002827362444506106,9.303710551015057e-05
3.94002,0.002617669603218645,8.67130388364862e-05
3.94266,0.002848838998335184,9.40246604006133e-05
3.9453,0.002134028232519426,7.135560624294866e-05
3.94795,0.003683805840732518,0.0001192186129800456
3.95059,0.004535700749167594,0.0001451340744088803
3.95324,0.002603792938401775,8.664345598760719e-05
3.95588,0.00219729044117647,7.346731909050851e-05
3.95852,0.001653424528301887,5.597794314232279e-05
3.96117,0.001202194852941176,4.116155013239241e-05
3.96381,0.003301403232519423,0.0001076490847915058
3.96645,0.003129531284683683,0.000102244351697311
3.9691,0.001327629647613762,4.505904732112205e-05
3.97174,0.003034674597669259,0.0001001185899050181
3.97439,0.001883556950610432,6.365648156614129e-05
3.97703,0.001928137624861266,6.403537649776464e-05
3.97967,0.00215880570199778,7.189843909170762e-05
3.98232,0.002475052649833518,8.171964898766334e-05
3.98496,0.003307242785793565,0.0001077739605305663
3.9876,0.004537937222530521,0.0001442202747884512
3.99025,0.002507269769700334,8.290227833151205e-05
3.99289,0.003371754855715871,0.0001105018482015306
