0.0431807,68.18601902746948,0.480696696092015
0.0458244,59.20482157325195,0.4317284862920508
0.0484682,51.72332509711432,0.397595865610807
0.0511119,45.260040690899,0.3858582113452638
0.0537556,39.98367421614873,0.3404539213705067
0.0563993,35.47623086154273,0.3315031724350144
0.059043,31.481513881798,0.2907920675923567
0.0616867,28.00103270185905,0.2829696552757184
0.0643304,25.34197689581022,0.2636934903936077
0.0669742,22.95233928412875,0.2397172879226286
0.0696179,20.80305745629856,0.2329983816958224
0.0722616,18.67129774486682,0.2061894771295152
0.07490529999999999,17.19208615912875,0.1981703739359182
0.07754900000000001,15.69942112167037,0.187278107222876
0.08019270000000001,14.28450553551609,0.1710952343904441
0.08283649999999999,13.11871112930078,0.1660529438024346
0.08548020000000001,12.05158905799112,0.151756367475726
0.08812390000000001,11.10043218229745,0.1519793580448289
0.0907676,10.13827634433962,0.1427427121217902
0.0934113,9.461179592813542,0.1361640103566887
0.096055,8.765432805216427,0.1328328605814494
0.0986987,8.18225619173141,0.1235823129476137
0.101342,7.481608093784684,0.1173592864369736
0.103986,6.944483740288569,0.1069221662461582
0.10663,6.475818065344062,0.1039736965004948
0.109274,5.940911872225306,0.09825707895640054
0.111917,5.61761270810211,0.09231253290205947
0.114561,5.275272960599334,0.08746042741229255
0.117205,4.92516482172586,0.082897433551873
0.119848,4.590709409683686,0.07807105106615191
0.122492,4.304871746670366,0.07259269519202202
0.125136,4.014641965871254,0.06956530349903982
0.12778,3.784712336986682,0.0658635575379863
0.130423,3.578484266786904,0.06326115399019339
0.133067,3.302931107796892,0.05936059173471521
0.135711,3.141466795921199,0.05507550047319434
0.138354,2.962016820199778,0.05319727262444893
0.140998,2.754037708102109,0.04957741898963497
0.143642,2.62716239109323,0.04754701896519441
0.146286,2.461257180216426,0.04414364624670954
0.148929,2.324396387347392,0.04175992651319377
0.151573,2.203070317008879,0.04081780905236379
0.154217,2.103470589622642,0.03833017820756912
0.15686,1.979332789261931,0.03658486614700657
0.159504,1.848976173695893,0.03408122692009256
0.162148,1.762027857935627,0.03266007366111891
0.164792,1.638107661625971,0.03113075581074125
0.167435,1.585235622918979,0.0295170065788835
0.170079,1.523619110710322,0.02864093920705893
0.172723,1.416362105993341,0.02664292349368005
0.175366,1.351396858351831,0.0257465943372596
0.17801,1.314886465038846,0.02490000207734923
0.180654,1.220310470310766,0.02316900509401701
0.183298,1.170533326165372,0.02251666825516961
0.185941,1.108662217674806,0.02124630386185888
0.188585,1.077350331576027,0.02069407059333457
0.191229,1.01686563054939,0.0197296006145062
0.193872,0.9667682151775805,0.01871598602765258
0.196516,0.9198373210321864,0.01801500019914691
0.19916,0.8954551373473918,0.01750078554489638
0.201804,0.844904452691454,0.01695770452370899
0.204447,0.7916222717813541,0.01574089171573216
0.207091,0.777323423973363,0.01532523425417977
0.209735,0.7504549320199778,0.01486512759204534
0.212378,0.7144663443396226,0.01426883912813146
0.215022,0.6876198279689234,0.01373803734231767
0.217666,0.6455168548834629,0.01312362747985486
0.22031,0.6068934864039957,0.01258200682175522
0.222953,0.6010955036071032,0.01224520573367098
0.225597,0.566272903718091,0.01153183483522774
0.228241,0.572617094200888,0.01173829960591336
0.230885,0.5225686431742509,0.01086249492053097
0.233528,0.5093517494450611,0.01068643305899102
0.236172,0.502304477663707,0.01049279562230152
0.238816,0.4791911549667037,0.01005783683946451
0.241459,0.4533390108213097,0.00955239916442743
0.244103,0.4314071046059934,0.009060968850476791
0.246747,0.4302038041065483,0.00911680030448982
0.249391,0.4057367397336294,0.008728139302764875
0.252034,0.4031320837957824,0.008697174522920422
0.254678,0.3841410141509435,0.008248367343905745
0.257322,0.371541405382908,0.008030251695900737
0.259965,0.3556362569367369,0.007731848870416367
0.262609,0.3425044956992231,0.00750044182734661
0.265253,0.3353933573806882,0.007448853386083799
0.267897,0.3321174160654828,0.007265155025766848
0.27054,0.3157915496670367,0.006977815902289856
0.273184,0.2965772676193119,0.006576628246703154
0.275828,0.2912966953385128,0.006478106033904516
0.278471,0.2898209205049945,0.006522189534960434
0.281115,0.281508702136515,0.006358160433509562
0.283759,0.2627714275804662,0.006045004083217229
0.286403,0.2654900360710322,0.005941986238571778
0.289046,0.2493322828801332,0.005736290327453874
0.29169,0.247217728218646,0.005653008516132625
0.294334,0.238332176054384,0.005539890649081562
0.296977,0.2297882297447281,0.005379009418614795
0.299621,0.2364344471420644,0.005413270764239046
0.302265,0.2212988561320755,0.005166193611328926
0.304909,0.2130103988623752,0.004992784415284436
0.307552,0.1989382887069922,0.004792688210430641
0.310196,0.2014565531354051,0.004785373613431763
0.31284,0.197855006936737,0.004692891099645396
0.315483,0.1963114282741399,0.004668767963953989
0.318127,0.1914329336154273,0.004548607748170094
0.320771,0.1828489711431742,0.004387488658883412
0.323415,0.1752289927857935,0.004264437173339825
0.326058,0.1752236133462819,0.004226333425338867
0.328702,0.171856519145394,0.004224542083342713
0.331346,0.1749099599750278,0.004209397196703394
0.333989,0.1669663980299667,0.004050004838727975
0.336633,0.1632954044117647,0.003945498279573167
0.339277,0.1593881229189789,0.003871287480203807
0.341921,0.1550756666204218,0.003844709992611009
0.344564,0.1482144158573807,0.00368409600011667
0.347208,0.1556913949778025,0.003815912278669481
0.349852,0.1500530327413985,0.003683251592927144
0.352495,0.1481374738485017,0.003653326611068847
0.355139,0.1449375749167592,0.0035842910318869
0.357783,0.1376072782325194,0.003462208908392582
0.360427,0.1319591002358491,0.003349810301998598
0.36307,0.1315532547169811,0.003305185373483018
0.365714,0.1331002785099889,0.00334381196455189
0.368358,0.1223289558129856,0.003110607049432381
0.371001,0.1248748797169811,0.003176410527330416
0.373645,0.1204275894839068,0.003099646451269575
0.376289,0.118793906354051,0.00303702767377297
0.378933,0.1163298231825749,0.003009504727298621
0.381576,0.1175437062985571,0.002969977924363513
0.38422,0.1151745370421754,0.002958366985178935
0.386864,0.11352256381798,0.002903636284576433
0.389507,0.1077747448668147,0.002817264909971506
0.392151,0.1141590728357381,0.002944414237401955
0.394795,0.1130438165926748,0.002868567848039913
0.397439,0.1067751282602664,0.002766828919780441
0.400082,0.1021789740566038,0.002661107191307949
0.402726,0.09947925083240844,0.002624813928255033
0.40537,0.09698362125416204,0.002573645592793635
0.408013,0.09584556534406215,0.00251569261354317
0.410657,0.0963366051609323,0.002555580328243749
0.413301,0.09359262631798003,0.002475660571606213
0.415945,0.09626072759433964,0.002539526309221319
0.418588,0.08728736008601554,0.00237666843837393
0.421232,0.09397251089067704,0.002485374512766677
0.423876,0.0909485768590455,0.002468756996284759
0.426519,0.08702682810765816,0.002402892202520746
0.429163,0.08947147433407326,0.002521023566508789
0.431807,0.08527821039123197,0.002482589091697318
0.434451,0.08843862881520534,0.002586774835567554
0.437094,0.08501062562430634,0.002578128369772901
0.439738,0.08467314934794672,0.002574164850758814
0.442382,0.08075182408435073,0.002541921582300006
0.445025,0.08140759149556048,0.00255151522426705
0.447669,0.07687244929245285,0.002472323465747116
0.450313,0.0802850718645949,0.002584914015846605
0.452957,0.07861428433684794,0.002511878599716626
0.4556,0.07857517237791345,0.002498674646235052
0.458244,0.0742770116537181,0.002365944077717883
0.460888,0.08229282290510544,0.00255335543796566
0.463531,0.07631452816315205,0.002451886963955351
0.466175,0.06924847183684794,0.002262981991543817
0.468819,0.07088125076304107,0.002351367415545979
0.471463,0.07114261369311876,0.002291147539919787
0.474106,0.07126716946448391,0.002347537252387415
0.47675,0.07133163346281911,0.002342989207119755
0.479394,0.069872338027192,0.002319419144386916
0.482037,0.07101773973362932,0.002373779096595132
0.484681,0.06473723494728081,0.002113216772974657
0.487325,0.06324750561875693,0.002083619915990072
0.489969,0.06242795373196448,0.002011307789679314
0.492612,0.06482164407602663,0.002066772871193011
0.495256,0.06314815309378469,0.001990470719919504
0.4979,0.06284133504439512,0.001961419837257161
0.500543,0.06611811646781354,0.002017638796073213
0.5031870000000001,0.06010884988901222,0.001872592033200363
0.505831,0.05871729876526081,0.001844690720915265
0.508475,0.06076672100443951,0.001879268072095471
0.511118,0.05991784773862376,0.001833888141112142
0.5137620000000001,0.0607003432991121,0.001852744766341733
0.516406,0.05789919589345172,0.001773812525163765
0.519049,0.06100755507769146,0.001849504491803701
0.521693,0.05758898078523863,0.001750749391646275
0.5243370000000001,0.05659856645394007,0.001729827498356244
0.526981,0.0579469721836848,0.001759836007620232
0.529624,0.054141650527192,0.001654295537814759
0.532268,0.0567362778163152,0.001715985810311868
0.5349120000000001,0.05447975173418423,0.001649729150007034
0.537555,0.05761121961709212,0.001714367701936777
0.540199,0.05230928981687014,0.001608825645377692
0.542843,0.05300357401498336,0.001613611268620213
0.5454870000000001,0.05775295067980021,0.001707308297324592
0.54813,0.05910999327136515,0.001698643600811669
0.550774,0.05118128086847946,0.00155627830384817
0.553418,0.05207203593229746,0.001558694780240213
0.556061,0.05071667813540511,0.001531160110751846
0.558705,0.04955328620976693,0.001514705071635504
0.561349,0.04972290794950056,0.001480557343726457
0.563993,0.05201913887347392,0.001542958163840205
0.566636,0.04972696198668147,0.001482579165340593
0.56928,0.05013339352108769,0.001501727813069681
0.571924,0.04676234600443951,0.001421442170924935
0.574567,0.05154961910377358,0.001516708581328074
0.577211,0.04758511182019978,0.001429351671952357
0.579855,0.04763200221975583,0.001413629539030928
0.582499,0.0510062682436182,0.001497738362269539
0.5851420000000001,0.0471225853218646,0.001404163571464639
0.587786,0.04823806132075473,0.00144140892504672
0.59043,0.04870457089345172,0.001438316281205807
0.593073,0.04782405049944507,0.001397039141782097
0.5957170000000001,0.04552233483629301,0.001354731178982028
0.598361,0.04818692688679245,0.00141335224441784
0.601005,0.04764559503329634,0.001390780998890825
0.603648,0.04780701713374029,0.001387455273356828
0.6062920000000001,0.04827870241398446,0.001394567202495466
0.608936,0.04314768770810211,0.001286300335394704
0.611579,0.04689650922586016,0.001351593141333534
0.614223,0.04482587368201998,0.001308842590500874
0.6168670000000001,0.04528903426748059,0.001316431090433382
0.619511,0.04368901498335184,0.001274268535280912
0.622154,0.0415524710044395,0.001232958232842438
0.624798,0.04155894922308546,0.001222863042919214
0.6274420000000001,0.0441328576581576,0.00126996482849756
0.630085,0.04240571878468368,0.00124288378606231
0.632729,0.04394340753329633,0.001264909487056962
0.635373,0.04371828371254161,0.001258846461879996
0.6380169999999999,0.04320308220033297,0.001237892123021231
0.64066,0.04231638804106548,0.001228265976799453
0.643304,0.04051280847669257,0.001190528897996082
0.645948,0.04187058129855716,0.001212074630240993
0.6485919999999999,0.04140257692841288,0.001198668581171144
0.651235,0.03912551054384018,0.001160082715114833
0.653879,0.03999905140122087,0.001174314952412308
0.656523,0.04135433823529412,0.001195483107159859
0.659166,0.0409033100027747,0.001187701432472948
0.66181,0.03859312458379579,0.001122801866010918
0.664454,0.04146286098779134,0.001195703805806125
0.667098,0.04100868978912321,0.00118955254771481
0.669741,0.03846915024972253,0.001133495326029981
0.672385,0.04134959746115427,0.001185324728949158
0.675029,0.04141153197835739,0.001178710300008963
0.6776720000000001,0.04049977420921198,0.001156141876138978
0.680316,0.03625151865982242,0.001070648943209993
0.68296,0.03813142903718091,0.001099762411242681
0.685604,0.03973802497225305,0.00114316640155179
0.6882470000000001,0.03756640933684794,0.001088755897029619
0.690891,0.04083698036903441,0.00115870241393796
0.693535,0.03899095817147613,0.001113708588535749
0.696178,0.03633270012486126,0.001058573369008409
0.6988220000000001,0.04005760030521643,0.001139641751931093
0.701466,0.0403299281354051,0.00113463261860377
0.70411,0.038209105854606,0.001098227423049676
0.706753,0.03595990725582687,0.001036756429043551
0.7093970000000001,0.03691633726415094,0.001061949636270024
0.712041,0.0368343843645949,0.001060758860317168
0.714684,0.03869212687291899,0.001091801790789568
0.717328,0.03931514379855716,0.001103619955174079
0.7199719999999999,0.03438474327136515,0.00100114353837067
0.722616,0.0384681384572697,0.001079722729065822
0.725259,0.03687915045782464,0.001049761583294468
0.727903,0.03746675922586017,0.001046904223595937
0.7305469999999999,0.03866693736126527,0.001086661763568529
0.73319,0.03372906971420644,0.000979466933813811
0.735834,0.03434247232241953,0.0009842128171866169
0.738478,0.03427331333240844,0.0009787428920922769
0.7411219999999999,0.03598078177025527,0.001016900675000383
0.743765,0.03785668618201998,0.00106059148535707
0.746409,0.03668604460321865,0.001018247697310139
0.749053,0.03639054397891232,0.001023765274537117
0.751696,0.03753784794672586,0.001035330779726496
0.75434,0.03489899250832409,0.0009910471626693714
0.756984,0.03572234205049945,0.0009918817874381514
0.759628,0.03528217570754717,0.000990166244546217
0.762271,0.03535807845449501,0.0009887029082358647
0.764915,0.03466469159267481,0.0009683955442569818
0.767559,0.03400267945338512,0.0009669825137373321
0.7702020000000001,0.03508179501942287,0.0009739630802660774
0.772846,0.03251403745837957,0.0009193576428028718
0.77549,0.03581525298279689,0.0009947254159351387
0.778134,0.03416442203107659,0.0009485018954936403
0.7807770000000001,0.03610913977524972,0.0009958493406566108
0.783421,0.03492621933962264,0.0009651034176803362
0.786065,0.03419046080743618,0.0009514669372296789
0.788708,0.03338365246947836,0.000935159546912355
0.7913520000000001,0.0347060766509434,0.0009522026117268923
0.793996,0.03255229099611543,0.0009137519334816604
0.79664,0.034528184309101,0.0009477609781853857
0.799283,0.03431099230022198,0.0009428854989268753
0.8019269999999999,0.03335274243895672,0.0009229873711021844
0.804571,0.03270906388734739,0.0009045021336347462
0.807214,0.03740289955604884,0.001002362519152542
0.809858,0.03360641391509434,0.0009160345627164064
0.8125019999999999,0.03477508684794673,0.0009538878934612988
0.815146,0.03323941710599334,0.0009089605882871471
0.817789,0.03468920123473918,0.0009398859717698263
0.820433,0.03387362555493896,0.0009277692969505169
0.8230769999999999,0.03479190732519423,0.0009363583584560447
0.82572,0.03429047717813541,0.0009329103657628931
0.828364,0.03379595331576027,0.0009150293710652064
0.831008,0.0337026097391787,0.000917804722241502
0.8336519999999999,0.03225368632075472,0.0008773309998965408
0.836295,0.03283662298834628,0.0008932769835498885
0.838939,0.03279085425915649,0.0008948657103437902
0.841583,0.03440150194228635,0.0009128500242198016
0.844226,0.03311091946448391,0.0009041169122122294
0.84687,0.03483951422031076,0.0009258148816037827
0.849514,0.0322172205882353,0.0008742195970822541
0.852158,0.0331151177164262,0.0008950453843078672
0.854801,0.03300581437291898,0.000874004013414559
0.857445,0.03271314310488346,0.0008810758795491354
0.860089,0.03129660391231965,0.0008438789034916427
0.8627320000000001,0.0330173378190899,0.0008793928237653004
0.865376,0.03092768881798002,0.0008673743701932061
0.86802,0.03100394637902331,0.0008628938694176366
0.870664,0.03334944381243063,0.0009245475981344763
0.8733070000000001,0.03330256714761376,0.0009096024570783595
0.875951,0.03325902115704773,0.0009262461477506592
0.878595,0.03174356208379579,0.0008941695561162464
0.881238,0.03237833136792453,0.0009031508303316762
0.8838819999999999,0.03321909655937847,0.0009354321349206124
0.886526,0.03117477677580467,0.0008717358416431038
0.88917,0.03221227608213097,0.0009036938842441793
0.891813,0.03094580722807991,0.000878230642697036
0.8944569999999999,0.0332614865427303,0.0009058101451404464
0.897101,0.03387703177025527,0.0009097434152116582
0.899744,0.02998866072419535,0.0008278622205564474
0.902388,0.03541462437569367,0.0009318736377371055
0.9050319999999999,0.03322102171198669,0.0008775579023927904
0.907676,0.03064666003052164,0.0008283628769902582
0.910319,0.03349626359600445,0.000887101430524249
0.912963,0.03066577878745838,0.0008290653873381135
0.9156069999999999,0.03302624479744729,0.0008756729521001793
0.91825,0.02976702323806881,0.0007977358005586455
0.920894,0.03303002871809101,0.0008715293536319745
0.923538,0.03375658039678135,0.0008814481701235193
0.9261819999999999,0.03016705209489456,0.0008044339103013493
0.928825,0.03120186397058823,0.0008348121176098989
0.931469,0.03207296004439512,0.00084158625489967
0.934113,0.033868184309101,0.0008846695644914212
0.936756,0.03110448466981133,0.000815364711933371
0.9394,0.03123816717536071,0.0008211165007581759
0.942044,0.0330494381936737,0.0008504039769436619
0.944688,0.02997756763318535,0.0007944356914387736
0.947331,0.03199551671753607,0.0008351645739133561
0.949975,0.03105165857380688,0.0008097673066620659
0.952619,0.02990936778579356,0.0007897935051674222
0.9552619999999999,0.03279594755826859,0.0008446200541673926
0.957906,0.0306067331437292,0.0008015450975565484
0.96055,0.03351387839900111,0.0008609592256583875
0.963194,0.0292247253745838,0.0007596568191935398
0.9658369999999999,0.03057662430632631,0.0007999928353958139
0.968481,0.03260901775804662,0.0008317591525515143
0.971125,0.03068224216148723,0.0007907603579473115
0.973768,0.02873033428135406,0.0007518481597563957
0.9764119999999999,0.03233138145116538,0.0008145943860602173
0.979056,0.03088676616259711,0.0007946304144472323
0.9817,0.03111564643451721,0.0007941998055034786
0.984343,0.02923765892064373,0.0007536924296661562
0.9869869999999999,0.02974732991120977,0.0007604609981057915
0.989631,0.0298450846281909,0.0007729989139964029
0.992274,0.02999564026082131,0.000796411102893138
0.994918,0.0306078868618202,0.0008060547826849796
0.9975619999999999,0.02884066773029967,0.0007793710195023865
1.00021,0.02986927608213097,0.000806468250091808
1.00285,0.02973041786903441,0.0008002516587960507
1.00549,0.03094223619589345,0.0008415341167322773
1.00814,0.03344341231964484,0.0008840426656545345
1.01078,0.02993879675360711,0.0008197296328224736
1.01342,0.02983984482519423,0.0008219228763463759
1.01607,0.02946011362375139,0.0008227394189925562
1.01871,0.02968763644561598,0.0008214472523510969
1.02136,0.0292495417591565,0.0008169358291242496
1.024,0.02986522433407325,0.0008371341902105772
1.02664,0.02953138089622641,0.0008313194812528534
1.02929,0.03116473439234185,0.0008685126025178632
1.03193,0.03217013561320755,0.0008864133324464216
1.03457,0.02874374396503885,0.0008138674996024017
1.03722,0.02979582956437292,0.0008457431691606081
1.03986,0.03024386362375139,0.0008470739531438957
1.04251,0.0286139003190899,0.0008197659840306366
1.04515,0.0281829705882353,0.0007961659393332591
1.04779,0.02917553211709212,0.0008097239566447135
1.05044,0.02806362028301887,0.0007788303527744686
1.05308,0.02775434142619312,0.0007591555996000001
1.05572,0.03019067355715872,0.0008138703456868398
1.05837,0.02750214185627081,0.000745584198330007
1.06101,0.02926238374028857,0.0007893495458531322
1.06365,0.02994667591564928,0.0007907823926964931
1.0663,0.02815787035238624,0.0007556985876987634
1.06894,0.02926221205604883,0.0007765251921149935
1.07159,0.02863167078246392,0.0007528154530661059
1.07423,0.02836688103496116,0.000755369342786305
1.07687,0.03036738242230855,0.0007844371569841205
1.07952,0.02988934253607103,0.0007800369920326852
1.08216,0.02944374639289678,0.000766276289645557
1.0848,0.02864905438401776,0.0007371215795444135
1.08745,0.02808362264150944,0.000733456385144156
1.09009,0.02754358414261932,0.0007180346547101088
1.09274,0.0281143861681465,0.0007330469898679843
1.09538,0.02812326796614872,0.0007302030496184711
1.09802,0.03084292716426193,0.0007749475072399922
1.10067,0.02773460231687015,0.0007205640661006524
1.10331,0.02994701699500555,0.0007532368277565453
1.10595,0.02719892459766926,0.0007047838345429901
1.1086,0.02821852982796892,0.0007216579897880272
1.11124,0.02969663727802442,0.000749825033564067
1.11389,0.02643879148168701,0.000689312607288577
1.11653,0.02709153038290788,0.000688309395978807
1.11917,0.02814475596559379,0.0007192789105007156
1.12182,0.02924191440066593,0.000733204573007458
1.12446,0.02889770123473918,0.0007315196120957273
1.1271,0.02665892959211987,0.0006830680782979825
1.12975,0.02960867314095449,0.0007349482351696403
1.13239,0.02876990635405106,0.0007229239574493822
1.13504,0.0267504304245283,0.0006814655772250019
1.13768,0.02743539560210877,0.0006947649606786777
1.14032,0.02815166225027747,0.0007097275624272421
1.14297,0.02795513415649279,0.0007049605419196402
1.14561,0.02823777906492786,0.0007155636238839111
1.14825,0.02776883844339622,0.0006928849420438153
1.1509,0.02902398300499445,0.0007204089163734451
1.15354,0.02458976137624862,0.0006351703084708376
1.15618,0.02532362451442842,0.0006460101952994473
1.15883,0.02745879730854606,0.0006959079923819947
1.16147,0.0278492278718091,0.0006897695528295764
1.16412,0.02756591911764706,0.0006938889017549143
1.16676,0.0256838592536071,0.0006460115826102635
1.1694,0.0269722189927858,0.0006766549721942985
1.17205,0.02742566911764706,0.0006811332767819613
1.17469,0.02467876248612653,0.0006279256422046364
1.17733,0.02589633795782464,0.0006532043335199288
1.17998,0.02443357450055494,0.0006178079581146387
1.18262,0.02499453329633741,0.000633084057343226
1.18527,0.02530846594062153,0.0006358920839448037
1.18791,0.02640088360155383,0.0006586350464603598
1.19055,0.02551335849056604,0.0006421445847432878
1.1932,0.02567158497502775,0.0006372402286117219
1.19584,0.02384646018312985,0.0006074512620319629
1.19848,0.02527227261376249,0.0006291966212475705
1.20113,0.0250654320199778,0.00062964278746046
1.20377,0.02590795067980023,0.000642564859490967
1.20642,0.02585766322142065,0.0006417781661082688
1.20906,0.02452804890399556,0.0006179135592300913
1.2117,0.02571569866814651,0.0006318990852354201
1.21435,0.02404544221698113,0.0006041192414235132
1.21699,0.02545980903163152,0.0006278433178245306
1.21963,0.02394756388734739,0.0006005503498565171
1.22228,0.02410709059378468,0.0006055533668954289
1.22492,0.02292214199500555,0.000576558790162675
1.22757,0.02279452337680355,0.0005762456906047688
1.23021,0.02477173522475028,0.0006097582927850649
1.23285,0.02446519873751387,0.0006051315436258488
1.2355,0.02232417494450611,0.0005658013008785594
1.23814,0.0236501678690344,0.0005887851493421517
1.24078,0.02276894242508324,0.0005753268361042409
1.24343,0.02125590982241954,0.0005427752215836545
1.24607,0.02384080147058824,0.0005896698781639636
1.24871,0.02396253704217537,0.0005917590202863344
1.25136,0.02360414962541621,0.0005828176014524652
1.254,0.02358490954495006,0.0005844782018852231
1.25665,0.02376357103218646,0.0005866089656144066
1.25929,0.02297580819922308,0.0005726644157846498
1.26193,0.02077720380133185,0.0005234998516918652
1.26458,0.02286682304384018,0.00056496453059565
1.26722,0.02155588110432853,0.0005419179139865679
1.26986,0.02007401949223085,0.0005116042511534373
1.27251,0.02202851179245283,0.0005507280756375998
1.27515,0.02161910210876804,0.0005385577670862791
1.2778,0.01885992119866815,0.0004863878542242905
1.28044,0.02255436917314095,0.0005531534335413832
1.28308,0.02255637673418424,0.0005549317122144988
1.28573,0.01940063498890122,0.0004969199963322677
1.28837,0.02153361938124306,0.0005308631552003647
1.29101,0.02178505896226415,0.0005453137647066985
1.29366,0.01993067688679245,0.0005004645629635131
1.2963,0.02142569180077691,0.0005312886302961638
1.29895,0.0196082515954495,0.0004963646996096841
1.30159,0.02063762222530522,0.0005110688231678188
1.30423,0.01966408102108768,0.0004985604344118355
1.30688,0.02008923529411764,0.0004984833286564039
1.30952,0.01878337291897891,0.0004774103403367796
1.31216,0.01848927552719202,0.0004675968802180034
1.31481,0.01779754827968923,0.0004554678752593697
1.31745,0.02079727483351831,0.0005139066517843584
1.3201,0.01905667591564928,0.000475975237514658
1.32274,0.01920902393174251,0.0004809865383020721
1.32538,0.01925056236126527,0.0004783209252604944
1.32803,0.01912434468645949,0.0004757449253594942
1.33067,0.01805292744173141,0.0004596795505913293
1.33331,0.01804064629578246,0.0004515129600310322
1.33596,0.01901724119034406,0.0004752357653909329
1.3386,0.01850491023862375,0.000463858590405941
1.34124,0.02029552420921199,0.0004970552032020574
1.34389,0.0167700570199778,0.0004272884280283444
1.34653,0.01888456360987791,0.0004665895056802259
1.34918,0.01948905466148724,0.0004826166569595791
1.35182,0.01872261043285239,0.0004631602585925451
1.35446,0.0173334445754717,0.0004389527191086288
1.35711,0.01909054349334073,0.0004724079281251074
1.35975,0.01872039456159823,0.0004654129744272289
1.36239,0.01714937160099889,0.0004350098379849419
1.36504,0.0169344801609323,0.0004251039119713866
1.36768,0.01637497724750277,0.0004177248172871764
1.37033,0.01885439525527192,0.0004663755790688771
1.37297,0.01736981416481687,0.000437076895417215
1.37561,0.01762861327691454,0.0004463267989283176
1.37826,0.01808435023584905,0.0004472671337817829
1.3809,0.0169370554245283,0.0004292355668701135
1.38354,0.01943921816037736,0.0004774353081782892
1.38619,0.0163175294117647,0.000416181851411493
1.38883,0.01691898508601554,0.0004250970309506426
1.39148,0.01607724701720311,0.0004093765401808103
1.39412,0.01751436084905661,0.0004390637428818644
1.39676,0.01636579328523862,0.0004117407652969895
1.39941,0.01775508504439512,0.000441256942085298
1.40205,0.01509612423695894,0.0003861163603760464
1.40469,0.01727959753052164,0.0004358510967573572
1.40734,0.01607785134572697,0.000406174652464817
1.40998,0.01848282019977803,0.0004529969446944395
1.41263,0.01537405584073252,0.0003896011547112576
1.41527,0.01638127462541621,0.0004110226839065385
1.41791,0.01496417459766926,0.0003835004333131155
1.42056,0.01631060939234184,0.0004104319612949113
1.4232,0.01529483157602664,0.0003881633407965436
1.42584,0.01508552559655938,0.0003833797309655828
1.42849,0.01406872454217536,0.0003634989504887195
1.43113,0.01571402955049945,0.0003976220637788726
1.43377,0.01485740531354051,0.0003786252382348803
1.43642,0.01402594311875694,0.0003591494174824819
1.43906,0.01656566349889012,0.0004138013935848275
1.44171,0.01468679925083241,0.0003740950068039962
1.44435,0.01531578620976693,0.0003862372267309759
1.44699,0.01458685613207547,0.0003707279370404276
1.44964,0.01566415413429523,0.0003945896806825521
1.45228,0.0151526060627081,0.0003817972352665109
1.45492,0.01602504127358491,0.000398686345587684
1.45757,0.01406892140677025,0.0003579614352780441
1.46021,0.01469007956437292,0.0003716661120742078
1.46286,0.01263651172308546,0.000327929337189278
1.4655,0.01446963242230855,0.0003674774532126008
1.46814,0.01505550374583796,0.0003770442774961913
1.47079,0.0138679341009989,0.0003551959465472033
1.47343,0.01357671871531632,0.0003460679282130747
1.47607,0.01499030493895672,0.0003782390809370591
1.47872,0.01301581943673696,0.0003329285826199861
1.48136,0.01403812125416204,0.000357558018880888
1.48401,0.01349689927857936,0.0003475079115520884
1.48665,0.01463552975860155,0.0003674349519651145
1.48929,0.01456646233351831,0.0003652875968857236
1.49194,0.01289635696448391,0.0003280993392899878
1.49458,0.0132447958518313,0.0003411550449752615
1.49722,0.0127304596281909,0.000326117762684851
1.49987,0.01350982137902331,0.0003430658760836215
1.50251,0.01197572197558269,0.000313014884486718
1.50516,0.01348817771920089,0.0003411459399461561
1.5078,0.01292656881243063,0.0003299722512713574
1.51044,0.01310626269422864,0.000334214769461793
1.51309,0.01225678509988901,0.0003149833191174506
1.51573,0.01239347780244173,0.0003196960124906016
1.51837,0.01281238963651499,0.0003248379661817799
1.52102,0.01315093264428413,0.0003333080436518289
1.52366,0.01176042764983352,0.0003018824502709881
1.5263,0.0110242570754717,0.0002853909840824835
1.52895,0.01396372932852386,0.0003511272238975516
1.53159,0.01269841190344062,0.000324168293557879
1.53424,0.0121050711709212,0.0003129880043042707
1.53688,0.0118782625554939,0.0003054436276814496
1.53952,0.01195761958934517,0.0003055334008932006
1.54217,0.01209113041065483,0.0003073333768342897
1.54481,0.01138479168978913,0.0002939371639167004
1.54745,0.01200494492230854,0.0003094839001757104
1.5501,0.01072418278301887,0.0002830550122904099
1.55274,0.01157635696448391,0.0003056867249623913
1.55539,0.01152803586293008,0.000306393809387415
1.55803,0.01086613817980022,0.0002935580143612852
1.56067,0.01231408643174251,0.0003291314180280622
1.56332,0.009832985918423973,0.0002701248968320107
1.56596,0.0114897365427303,0.0003140680172657665
1.5686,0.01201642258601554,0.0003232458187324843
1.57125,0.01152190559100999,0.0003180289772205782
1.57389,0.01259395463374029,0.0003404662271313082
1.57654,0.009589658990011102,0.0002699348702120902
1.57918,0.009851672031076581,0.0002812885775158888
1.58182,0.01025817681742508,0.0002892479945833001
1.58447,0.01122254321587125,0.0003144641836640501
1.58711,0.01105543493340732,0.0003085452912469756
1.58975,0.01103774458934517,0.0003095510758313192
1.5924,0.01165523786071032,0.0003301452488408505
1.59504,0.009941330119311875,0.0002834065219480698
1.59769,0.01090872273862376,0.0003109718293785949
1.60033,0.009955318951165373,0.000286254348442751
1.60297,0.009613026359600449,0.0002780917863176482
1.60562,0.01054629273029967,0.0003007222634483299
1.60826,0.01131392043562708,0.0003118359673844981
1.6109,0.0111835869173141,0.0003086650539075346
1.61355,0.0108706591981132,0.0002969301720242908
1.61619,0.0110384313263041,0.0003006375127836796
1.61883,0.01038227934239734,0.0002853543833766493
1.62148,0.01128678288013319,0.0003027547795496944
1.62412,0.009915499653163153,0.0002737886341335157
1.62677,0.009080628953940068,0.0002498874302827423
1.62941,0.01157698647336293,0.0003105707634204786
1.63205,0.009274107935627085,0.0002545421527417538
1.6347,0.01076396774417315,0.0002884784431223105
1.63734,0.009553564095449499,0.0002610719810121785
1.63998,0.0105067618618202,0.0002826087052366802
1.64263,0.008877711917314093,0.0002435436778386929
1.64527,0.009331960946170918,0.0002525986263003889
1.64792,0.009566083310210877,0.0002597474949357678
1.65056,0.01046954987513874,0.0002799823459697557
1.6532,0.00829694304938957,0.000228219168606107
1.65585,0.008970622849611544,0.0002454137671019265
1.65849,0.01038805251109878,0.0002747786839396682
1.66113,0.009358906215316314,0.0002529034021479828
1.66378,0.01021363505826859,0.0002731575070553459
1.66642,0.009805282949500557,0.0002636843608442211
1.66907,0.009030522336293006,0.0002469843045256913
1.67171,0.008116328940066593,0.0002222521025767221
1.67435,0.008925053274139847,0.0002424227165741771
1.677,0.009236969200887899,0.0002488663803030572
1.67964,0.008475906700887902,0.0002305262050267318
1.68228,0.008913765607658157,0.0002406549320313023
1.68493,0.008940502566592675,0.0002411847156928958
1.68757,0.00867132456992231,0.0002347832776097514
1.69022,0.008185265885127635,0.0002221949930925172
1.69286,0.008919319020532742,0.0002399757499471314
1.6955,0.008929549112097666,0.0002416380306274207
1.69815,0.009289010127635965,0.0002488307369183897
1.70079,0.009300375624306325,0.0002506705390218422
1.70343,0.008889429938956714,0.0002369156868109245
1.70608,0.009095002358490567,0.0002429626742837105
1.70872,0.00952566426193119,0.0002515582036615511
1.71137,0.008419896434517207,0.0002273813458121585
1.71401,0.009351622225305218,0.0002491590294730717
1.71665,0.008129363207547169,0.0002204591242972518
1.7193,0.008357810835183129,0.0002261292829155832
1.72194,0.008622154203662599,0.0002309640158873374
1.72458,0.009803479120421756,0.0002585765606409684
1.72723,0.006741058060488346,0.0001854650031542242
1.72987,0.009121730160932297,0.0002422332758792767
1.73251,0.008873873057713654,0.0002378901230830556
1.73516,0.009109920574361823,0.0002396265253659384
1.7378,0.007048720796337404,0.0001931865217655216
1.74045,0.008521162666481688,0.0002270754630508368
1.74309,0.008708151983906771,0.0002320890711983479
1.74573,0.009003998265815759,0.0002388793663047573
1.74838,0.008122356201442841,0.0002162763032087776
1.75102,0.009473453940066592,0.0002511522433773616
1.75366,0.007727452691453942,0.0002066572786913597
1.75631,0.007987400943396226,0.0002137066765473276
1.75895,0.007448365080466147,0.0002022423251369963
1.7616,0.007751927996670366,0.0002083313729955132
1.76424,0.006883972599889014,0.0001885387998617148
1.76688,0.008333997086570481,0.0002199253314369605
1.76953,0.008258190482796891,0.0002202467712092094
1.77217,0.007878122780244174,0.0002116816202918956
1.77481,0.007511716564927858,0.000202811870478554
1.77746,0.008898604744728082,0.0002356706499231701
1.7801,0.009290985640954498,0.0002415838778337323
1.78275,0.006136395324639288,0.0001692347691089648
1.78539,0.006267374375693674,0.0001700471339958232
1.78803,0.007785864248057715,0.0002069941903883916
1.79068,0.009204468229744725,0.0002414313249201674
1.79332,0.006228999514428415,0.0001689243307336717
1.79596,0.006527036487236402,0.0001793286835500791
1.79861,0.008446809655937849,0.0002209011325994797
1.80125,0.007658735502219757,0.0002045171343886771
1.8039,0.006261154827968922,0.0001713742274393639
1.80654,0.009615812222530523,0.0002482180713433266
1.80918,0.006712526428967813,0.000183188043517182
1.81183,0.007595244381243068,0.0002029154889624144
1.81447,0.007498068812430634,0.0002006170781039018
1.81711,0.007190877635960042,0.0001927692770663939
1.81976,0.007516876248612654,0.0002001061058077967
1.8224,0.006785890538290786,0.0001848077441638012
1.82504,0.00661568736126526,0.0001792684410803528
1.82769,0.007624600097114319,0.000205009389000782
1.83033,0.008089559933407322,0.0002142553955102049
1.83298,0.007329129231409547,0.000196178238591966
1.83562,0.006213765399556049,0.0001706038129779567
1.83826,0.006874900804661489,0.0001875697016353957
1.84091,0.00782785821309656,0.0002104159404440509
1.84355,0.007081050083240843,0.0001917316559054415
1.84619,0.008066272683129856,0.0002152690758686705
1.84884,0.006328592397336291,0.0001717956685393812
1.85148,0.007354886445615986,0.0001990207857172948
1.85413,0.008561414608768034,0.000227752267042912
1.85677,0.006645514636514985,0.0001801606021117046
1.85941,0.007012332894006657,0.0001908411397467083
1.86206,0.006413718021642621,0.0001741563192048985
1.8647,0.007039362860710323,0.0001912932013520851
1.86734,0.007736039192563816,0.0002071781461050713
1.86999,0.0064113464900111,0.0001746666334909665
1.87263,0.007240766786903442,0.0001974138482649897
1.87528,0.006813403509988899,0.000185018332329351
1.87792,0.007796982519422865,0.0002092991574097338
1.88056,0.006307571379023311,0.0001732163157395983
1.88321,0.007000637763596002,0.0001891071289944139
1.88585,0.007704231825749164,0.0002085547223353408
1.88849,0.005499272821864595,0.0001518201883649276
1.89114,0.006409485432852387,0.0001762449064686495
1.89378,0.005254261098779131,0.0001457463065225118
1.89643,0.007002842189234182,0.0001902371350658556
1.89907,0.006585468645948948,0.000180718880175959
1.90171,0.006651212264150944,0.0001799642551548822
1.90436,0.004956833032741399,0.0001393798112980276
1.907,0.005099177580466147,0.0001421166422440399
1.90964,0.006665750485571589,0.0001824977524646078
1.91229,0.007194771434517202,0.0001949910915589436
1.91493,0.006777942702552718,0.0001839884097505304
1.91757,0.00666841273584906,0.0001813685554995912
1.92022,0.007468843576581577,0.0002017706151994948
1.92286,0.006500352178135405,0.0001786957083079394
1.92551,0.005062498959489456,0.0001407284202494614
1.92815,0.006348688609877911,0.0001732832039235581
1.93079,0.005845308129855714,0.0001627933548166625
1.93344,0.005415676331853496,0.0001501250725826212
1.93608,0.006427148307436184,0.0001756804450360669
1.93872,0.00701329432574917,0.0001897503775528104
1.94137,0.007164223085460599,0.0001955437369160058
1.94401,0.005357603565482796,0.0001496518154660266
1.94666,0.007395644284128751,0.0001986855513593759
1.9493,0.006579182713651498,0.0001800991934012262
1.95194,0.006369929384017757,0.0001737769147320354
1.95459,0.005954989178690344,0.0001642250263494267
1.95723,0.005322966842397336,0.0001490325302892562
1.95987,0.006649028440621533,0.0001807559524157318
1.96252,0.005353302302996672,0.0001501928862027904
1.96516,0.007072507075471697,0.0001906988734065054
1.96781,0.005012497641509433,0.0001403626939802859
1.97045,0.007271995005549391,0.0001959457887413987
1.97309,0.005506410307991118,0.0001533165836968963
1.97574,0.005438025041620424,0.0001518322587650767
1.97838,0.007079658296337402,0.0001913938664010464
1.98102,0.004673272475027749,0.0001325976972652924
1.98367,0.005500060280244175,0.0001522705486423332
1.98631,0.006927321725860157,0.0001877887489238662
1.98896,0.005369635197003331,0.0001497337565363731
1.9916,0.006342631589900112,0.0001736299174046758
1.99424,0.004373791065482796,0.0001229220571114575
1.99689,0.00583445310765816,0.0001600766901417939
1.99953,0.00459992896781354,0.000129031426341618
2.00217,0.005796513179800223,0.0001593428913322683
2.00482,0.005980370976692563,0.0001639791407540268
2.00746,0.005656224264705884,0.0001556944314645905
2.0101,0.005315598154827971,0.0001461865252853597
2.01275,0.006052512694228637,0.0001657039732395771
2.01539,0.00599404390954495,0.0001625744855686706
2.01804,0.005895462819089902,0.0001626475273903696
2.02068,0.006204901914539399,0.0001692400851660842
2.02332,0.005322898168701441,0.0001467303009337769
2.02597,0.004369929314650387,0.000123000216840681
2.02861,0.004775589414539399,0.0001322896096597859
2.03125,0.004184157810765817,0.0001181191044857863
2.0339,0.005244324014983349,0.0001447699873991904
2.03654,0.005353986750832407,0.0001485460792131987
2.03919,0.006335365912874583,0.0001717242473324107
2.04183,0.005929215940621532,0.0001611117181001159
2.04447,0.0053097151082131,0.0001467103319797515
2.04712,0.004478733629300778,0.0001250978114473294
2.04976,0.00601559142619312,0.0001640215970886747
2.0524,0.006635312014428413,0.0001793838206560575
2.05505,0.005067253468368478,0.0001402229643931106
2.05769,0.006212426262486125,0.0001691311838613455
2.06034,0.005524041134850166,0.0001504462545269923
2.06298,0.004563742508324086,0.0001277943727721118
2.06562,0.004547544672586015,0.000126465581729531
2.06827,0.004358394422863483,0.0001217408131039055
2.07091,0.005373100929522753,0.0001483660275890142
2.07355,0.005152809447835741,0.0001416370725144102
2.0762,0.005629574292452832,0.0001544025666221844
2.07884,0.004795754300776914,0.0001327252343125139
2.08149,0.004511948806881245,0.0001257916408857782
2.08413,0.004172794603218644,0.0001179993272604426
2.08677,0.005450709073251942,0.0001485020175250154
2.08942,0.005771328246392897,0.0001591614670451413
2.09206,0.005574385821309657,0.0001529465017661477
2.0947,0.005945068118756935,0.0001622861602688514
2.09735,0.005499062222530522,0.0001511560869627867
2.09999,0.005439435141509432,0.0001496702891811818
2.10263,0.00487619408990011,0.000136946673927082
2.10528,0.004765814858490567,0.0001311904183244835
2.10792,0.006616408435072143,0.00017943194776918
2.11057,0.00526200520255272,0.0001465000230770303
2.11321,0.005524407394561598,0.0001565284109469334
2.11585,0.004875635543840179,0.000142028314243182
2.1185,0.005679740427302997,0.0001610104460800075
2.12114,0.004448679730854605,0.0001321450866269415
2.12378,0.005647168493340734,0.000161384411388454
2.12643,0.003586584489456159,0.0001078380364303232
2.12907,0.005768562985571587,0.0001694470468268007
2.13172,0.005632282325194228,0.0001654551208719591
2.13436,0.005020955951720309,0.000150656019502229
2.137,0.00412573480854606,0.0001252068132503728
2.13965,0.005406387069922311,0.0001619320157110333
2.14229,0.004823610640954495,0.0001457061125968264
2.14493,0.004491612236403993,0.0001377791386663007
2.14758,0.003920743826304104,0.0001224121194933523
2.15022,0.005502440968368481,0.0001650024875017682
2.15287,0.003644462680355164,0.0001147407453689984
2.15551,0.006121019284128748,0.0001834732779577334
2.15815,0.003132365219200889,9.974634352658121e-05
2.1608,0.004264318326859047,0.0001330071435787683
2.16344,0.003616343091009989,0.0001134327341890355
2.16608,0.004442238138179799,0.0001374465812670975
2.16873,0.004862196101553829,0.0001472137462329264
2.17137,0.004094591287458376,0.000124144535150843
2.17402,0.005985388734739176,0.0001741320201632898
2.17666,0.004950222044950059,0.0001471090177918616
2.1793,0.004917940829633741,0.000145115833025699
2.18195,0.003806965246947838,0.0001141372926343512
2.18459,0.004618209905660375,0.0001361888703322215
2.18723,0.004894893937291897,0.0001437144503223045
2.18988,0.004449112375138734,0.0001310940418617635
2.19252,0.005826692980022197,0.0001670010234037207
2.19516,0.00430983296337403,0.00012649253857396
2.19781,0.004704576234739179,0.0001380333513132395
2.20045,0.004355272058823531,0.0001275027399605473
2.2031,0.005254753260266373,0.0001519578823567603
2.20574,0.005659996739733629,0.0001618526445330929
2.20838,0.004503749167591565,0.0001317409614993601
2.21103,0.004958955049944506,0.000144030592122098
2.21367,0.00328752427857936,9.869991272252761e-05
2.21631,0.005104149556048834,0.0001480267627157886
2.21896,0.004823830396781353,0.0001393814091340119
2.2216,0.004051535169256384,0.0001183140776674253
2.22425,0.003988417175360712,0.0001173904689435386
2.22689,0.004206623265815759,0.0001232477127550098
2.22953,0.005038403648723641,0.0001444001155500144
2.23218,0.006126288845726971,0.0001748462950025175
2.23482,0.004782484253607102,0.0001382860050179581
2.23746,0.004902013110432852,0.0001432762938880718
2.24011,0.003569427511098781,0.0001057433498145675
2.24275,0.005347506243063261,0.0001548754790232707
2.2454,0.004938417036625972,0.0001430370689705681
2.24804,0.003425130341287461,0.0001025341347708627
2.25068,0.005037865704772474,0.0001463176441051305
2.25333,0.004477840871254164,0.0001305484227670285
2.25597,0.005088430147058827,0.0001476767156148222
2.25861,0.003643975097114317,0.0001083929254023447
2.26126,0.004272428690344063,0.0001259411520403124
2.2639,0.00409301179245283,0.0001204748667523616
2.26655,0.004075513734739179,0.0001204771569775468
2.26919,0.004098887971698111,0.0001225149817190871
2.27183,0.004161298626526083,0.0001221364382635882
2.27448,0.003513327968923422,0.0001046604242615282
2.27712,0.004200802025527191,0.0001232598236744463
2.27976,0.004630887069922307,0.0001373111665522691
2.28241,0.004488160238623753,0.000132343263233395
2.28505,0.004327610294117644,0.000126976507075744
2.28769,0.003917129300776916,0.0001158919092944188
2.29034,0.002589023515538292,7.782051812180281e-05
2.29298,0.004690937638734738,0.000137470031850591
2.29563,0.003160718299112096,9.44929191637698e-05
2.29827,0.004297943257491675,0.0001262530759974643
2.30091,0.003785619173140955,0.0001141929153939085
2.30356,0.004470094478357379,0.0001297425909008963
2.3062,0.003350095172031078,0.0001008923983953557
2.30884,0.00410525860155383,0.0001208385114549471
2.31149,0.003308295782463929,0.0001000968003408234
2.31413,0.002758961154273033,8.375967956508715e-05
2.31678,0.003146793562708103,9.506559767553362e-05
2.31942,0.003240908573806882,9.786528533390527e-05
2.32206,0.002991671129300775,8.941312315418862e-05
2.32471,0.003823213443396228,0.0001142043252989576
2.32735,0.004653290718645952,0.0001369515372255593
2.32999,0.004312131243063263,0.0001270625093818928
2.33264,0.004067144700332964,0.0001224454892871098
2.33528,0.003303122364039956,9.789140025073998e-05
2.33793,0.004866806395671478,0.0001428699795014211
2.34057,0.005165063124306328,0.0001495063954457515
2.34321,0.003934762416759154,0.0001168240994602854
2.34586,0.00404435418978912,0.0001213280942608819
2.3485,0.004056626179245282,0.0001200833287577162
2.35114,0.004212815344062151,0.0001244195803069202
2.35379,0.003805127081021086,0.0001126579829610467
2.35643,0.002581215316315206,7.825246735900139e-05
2.35908,0.004442538013318536,0.000131735508134813
2.36172,0.004459125,0.0001311847392637383
2.36436,0.004031979189789123,0.0001194750409795878
2.36701,0.003788636237513872,0.0001120627429115025
2.36965,0.003890822697003332,0.0001152830915230454
2.37229,0.003808331853496117,0.0001134556156381525
2.37494,0.003983930493895671,0.0001181648506315534
2.37758,0.004520249167591563,0.0001345289488375536
2.38022,0.002668513318534959,8.035139381220845e-05
2.38287,0.003542610432852388,0.0001072241950218019
2.38551,0.003368543215871253,9.992045399565949e-05
2.38816,0.003148748473917873,9.529036139578562e-05
2.3908,0.003518588374028857,0.000105813442520031
2.39344,0.003960917938401776,0.0001178265032830018
2.39609,0.003865747641509432,0.0001154390796248744
2.39873,0.004262883046614874,0.0001252302341120502
2.40137,0.003264470518867924,9.839810371620586e-05
2.40402,0.004486241953385126,0.0001301454340177753
2.40666,0.002327555285793564,7.126511116577231e-05
2.40931,0.003949996531631519,0.0001175893645575786
2.41195,0.004443162943951164,0.0001299397527500387
2.41459,0.003489456992230854,0.0001049817202932211
2.41724,0.004236043077136515,0.0001243149762192664
2.41988,0.003410202968923419,0.0001024315826298977
2.42252,0.004119540441176474,0.0001224227146290074
2.42517,0.004515673210321867,0.0001317168774784493
2.42781,0.003706987791342952,0.0001111774423275486
2.43046,0.003114869450610435,9.363413261801303e-05
2.4331,0.004642124375693675,0.0001362568428525357
2.43574,0.003573032880133189,0.0001068115168945611
2.43839,0.00449933802719201,0.0001329254300094378
2.44103,0.003733962819089899,0.0001114159024991473
2.44367,0.004353397266925638,0.000128072658255585
2.44632,0.002760959558823528,8.403267498993367e-05
2.44896,0.003432173973362931,0.0001026824530868956
2.45161,0.002856477802441736,8.642958706362237e-05
2.45425,0.002840323460044398,8.666400211021306e-05
2.45689,0.003305670158157601,9.865737067881741e-05
2.45954,0.003659808962264154,0.0001099702483393366
2.46218,0.005273052511098779,0.0001533455584070685
2.46482,0.002546686182019977,7.716999308499101e-05
2.46747,0.002970915649278579,8.961568902889322e-05
2.47011,0.004387871462264149,0.0001302986448782368
2.47275,0.004252016578801334,0.0001269017174927049
2.4754,0.003199914955604881,9.586079929213837e-05
2.47804,0.003471073043840179,0.0001042103719122188
2.48069,0.002749060696448388,8.379570229413083e-05
2.48333,0.003228526706437289,9.819540001464896e-05
2.48597,0.002671889775249721,8.194008864389655e-05
2.48862,0.003380588582130966,0.0001013783241912176
2.49126,0.003852516509433963,0.0001159055572874234
2.4939,0.003660809309100997,0.0001090864128365825
2.49655,0.003988440066592673,0.0001192538566521193
2.49919,0.002398096906215315,7.344628275295896e-05
2.50184,0.002700313817980023,8.226783959542415e-05
2.50448,0.003800679314650389,0.0001139354843751055
2.50712,0.004591182228079911,0.0001360695548485832
2.50977,0.002613047863485019,7.975115222158603e-05
2.51241,0.002291210876803552,7.027487423842789e-05
2.51505,0.00195876838235294,6.094941644980123e-05
2.5177,0.004931597738623754,0.0001454670970109792
2.52034,0.004858526637069923,0.0001419982826729685
2.52299,0.001432840038845729,4.511822358947996e-05
2.52563,0.004569048695893452,0.0001349997366573149
2.52827,0.003212445615982243,9.750344354504817e-05
2.53092,0.002541146503884571,7.78737630529078e-05
2.53356,0.003089391509433965,9.320958644602815e-05
2.5362,0.002372216079356273,7.338839791783995e-05
2.53885,0.003106656076581574,9.427007765786379e-05
2.54149,0.004556943812430632,0.0001347862514073278
2.54414,0.004177668146503884,0.000124735226780186
2.54678,0.00331352185072142,0.0001004660170667632
2.54942,0.003188723432297451,9.677425814252258e-05
2.55207,0.002847978288013319,8.696132411806386e-05
2.55471,0.002671537250277471,8.179360098696563e-05
2.55735,0.003850014497780248,0.0001157413176488596
2.56,0.003092431465038844,9.46672151010331e-05
2.56264,0.00421486639844617,0.0001268433329973719
2.56529,0.00317263318534961,9.567264350732618e-05
2.56793,0.003559442355715871,0.0001076208933131343
2.57057,0.003556983837402888,0.0001069266667308369
2.57322,0.003097568257491675,9.45559003579148e-05
2.57586,0.001802375485571587,5.609339944424737e-05
2.5785,0.003636892549944508,0.0001093781969182075
2.58115,0.003286345380133186,0.0001006853501077585
2.58379,0.002644768243618201,8.139256144151627e-05
2.58643,0.003629407117092121,0.0001095096714642773
2.58908,0.003081109461709211,9.38439453076702e-05
2.59172,0.004034778787458383,0.0001207984279923549
2.59437,0.002869985918423973,8.828778125183046e-05
2.59701,0.004753078177025527,0.0001399784251555039
2.59965,0.003315218091009992,0.0001004457954345271
2.6023,0.003522903371254163,0.0001066040099254999
2.60494,0.003204234531076581,9.801807994276994e-05
2.60758,0.004238558823529412,0.0001282077285523368
2.61023,0.004294800291342952,0.0001284195969458626
2.61287,0.003409594062153164,0.0001038162535767631
2.61552,0.002940637416759155,9.053973730061511e-05
2.61816,0.002966815829633743,9.082061968903647e-05
2.6208,0.00289616890954495,8.857584899486773e-05
2.62345,0.003545414608768038,0.0001076744463550539
2.62609,0.00212957130965594,6.660251090647911e-05
2.62873,0.004421301817425084,0.0001321948521541951
2.63138,0.003638396503884573,0.0001101730366677351
2.63402,0.002925213304661488,8.986192351304811e-05
2.63667,0.002781712749722531,8.580150138700224e-05
2.63931,0.003644854120421753,0.0001113660441481492
2.64195,0.002401974680910098,7.461714022183505e-05
2.6446,0.003625598016093229,0.0001091181152301029
2.64724,0.00220156423418424,6.833882622713789e-05
2.64988,0.003304738485016649,0.0001014485066223661
2.65253,0.002221891648168704,6.969375648948e-05
2.65517,0.004560892549944506,0.0001360258528065775
2.65782,0.003170096836847945,9.697904605122462e-05
2.66046,0.003687642411209769,0.0001119143897199237
2.6631,0.002751402469478357,8.479521669075035e-05
2.66575,0.003462269076026636,0.0001046859866163355
2.66839,0.004081520394006658,0.0001237301503034893
2.67103,0.003335433337957824,0.0001041242968896711
2.67368,0.004015318951165371,0.0001256404425991745
2.67632,0.002842852941176468,9.238927325573451e-05
2.67896,0.003390541689789124,0.0001083248973711439
2.68161,0.002204686598224195,7.381420965873171e-05
2.68425,0.003528761237513873,0.0001161714152961864
2.6869,0.00272451213928968,9.083000622372897e-05
2.68954,0.002723454564372917,9.119770011069899e-05
2.69218,0.003134228565482795,0.0001043443021395576
2.69483,0.002428707061598226,8.341749292304512e-05
2.69747,0.003442655868479467,0.0001159413082251312
2.70011,0.002849827899556052,9.581919702892009e-05
2.70276,0.004253074153718093,0.0001433376925069901
2.7054,0.002706135058268591,9.303415788182173e-05
2.70805,0.003417599125971144,0.0001173860619837851
2.71069,0.00316446788290788,0.0001081990959601568
2.71333,0.004172277261376249,0.0001420491705830485
2.71598,0.003293766717536072,0.0001152479896023633
2.71862,0.001676459975027748,6.087860937772175e-05
2.72126,0.002296796337402888,8.245776095278596e-05
2.72391,0.003460456090455049,0.0001209551124319971
2.72655,0.002117255826859041,7.480761397301874e-05
2.7292,0.002812609045504997,9.673316514565385e-05
2.73184,0.002675044187014428,9.098731430283703e-05
2.73448,0.004423625277469478,0.0001448732813207598
2.73713,0.001929117369589345,6.513180075912241e-05
2.73977,0.002218208448945613,7.540688532158891e-05
2.74241,0.003617114525527191,0.000118378112368516
2.74506,0.002714572766370699,8.940752056427851e-05
2.7477,0.003135109877913432,0.0001030732703641779
2.75035,0.00278415753329634,9.09758868946639e-05
2.75299,0.003074237513873475,0.000100901956368282
2.75563,0.002704912666481689,8.787300260150415e-05
2.75828,0.002580697974472812,8.414338320937622e-05
2.76092,0.001752278024417313,5.886020258905673e-05
2.76356,0.003028281076581575,9.780329654203396e-05
2.76621,0.002222534891786904,7.291524771908459e-05
2.76885,0.003428971490011101,0.0001104174852597566
2.77149,0.004032823876248613,0.000127777074390102
2.77414,0.004783262555493896,0.0001496805451686626
2.77678,0.003488344478357382,0.0001108677271402002
2.77943,0.002942493895671478,9.450996244822188e-05
2.78207,0.003647456853496113,0.0001162570678774522
2.78471,0.003345306326304106,0.000107736789974577
2.78736,0.003435930424528301,0.0001098243405659428
2.79,0.002611763665371808,8.402840490930865e-05
2.79264,0.003509422724750276,0.0001118180994706769
2.79529,0.003009693396226417,9.661714701997891e-05
2.79793,0.0005601026637069929,1.883621419964997e-05
2.80058,0.002551376595449502,8.172570639011587e-05
2.80322,0.003112298765260819,0.0001000259959671012
2.80586,0.003731669117647061,0.000118466194231962
2.80851,0.003195950194228632,0.0001015805153600583
2.81115,0.002200305216426195,7.103530593724694e-05
2.81379,0.003915130896226414,0.0001225927848569181
2.81644,0.004097191731409542,0.0001287169632025367
2.81908,0.002664972044950057,8.553083294170957e-05
2.82173,0.002989148515538291,9.528136519860932e-05
2.82437,0.001681484600443952,5.473285593132511e-05
2.82701,0.004816324361820202,0.00014766239547092
2.82966,0.00269096274972253,8.656665764163875e-05
2.8323,0.001875382491675915,6.056477827520818e-05
2.83494,0.003870593715316318,0.0001208728725364003
2.83759,0.002517760821309654,8.002399842269367e-05
2.84023,0.003271754508879024,0.0001033280516173089
2.84288,0.003333018312985571,0.0001059374618970132
2.84552,0.003317706367924526,0.0001033360703516202
2.84816,0.002707334558823529,8.718958881667936e-05
2.85081,0.003122439581021087,9.895637763407221e-05
2.85345,0.00332788380965594,0.0001048320093352569
2.85609,0.003304928482241955,0.0001040506015171344
2.85874,0.003062926956159822,9.692125398533683e-05
2.86138,0.003583844408990011,0.0001131373475925337
2.86402,0.00239363998335183,7.703753245195326e-05
2.86667,0.003246908365704771,0.0001026943152054397
2.86931,0.002240344270255269,7.212107157026833e-05
2.87196,0.002239913915094337,7.166342127241559e-05
2.8746,0.004289782533296338,0.0001340450810279127
2.87724,0.003882178967813543,0.0001214317443275422
2.87989,0.002202869034406215,7.121823969197842e-05
2.88253,0.001796904481132076,5.849435815976365e-05
2.88517,0.002915683684794672,9.342265518562343e-05
2.88782,0.003229231756381797,0.000102720958376845
2.89046,0.00239345227524972,7.61623335726318e-05
2.89311,0.003757891023862373,0.0001183360022305317
2.89575,0.003360185627081021,0.0001063103545128559
2.89839,0.002354102247502772,7.508372386871291e-05
2.90104,0.002272453801331855,7.346778514689216e-05
2.90368,0.003639664678135405,0.0001131417523658174
2.90632,0.004564422377913428,0.0001406710207899067
2.90897,0.004904874514428412,0.0001511112880498355
2.91161,0.003095402746947835,9.809180360141208e-05
2.91426,0.002859520047169811,9.049131458591668e-05
2.9169,0.00325983275527192,0.0001035896589447113
2.91954,0.002958311736958937,9.427610249709939e-05
2.92219,0.002475597461154276,7.830298294708876e-05
2.92483,0.003375506728634848,0.0001062395782251188
2.92747,0.003757030313540512,0.0001170384749764785
2.93012,0.003872344894561599,0.0001218282067030412
2.93276,0.003095498890122089,9.790000788974931e-05
2.93541,0.00329757581853496,0.0001030111282478978
2.93805,0.002840016717536069,8.992847938429781e-05
2.94069,0.00299542071309656,9.444103341335529e-05
2.94334,0.003444217050499446,0.0001090141075680436
2.94598,0.001660754300776918,5.336489249762127e-05
2.94862,0.003186139012208658,0.0001010219266309336
2.95127,0.003561232450055492,0.0001120442004416332
2.95391,0.002803823390677028,8.898080931155318e-05
2.95655,0.003292848779134297,0.0001033755486418608
2.9592,0.002338955119311872,7.40146929255415e-05
2.96184,0.002669188609877911,8.537704790434845e-05
2.96449,0.003587651220865705,0.0001135288474269172
2.96713,0.003650707408435074,0.0001140886287242671
2.96977,0.001924275874028857,6.248503106897104e-05
2.97242,0.003650405244173143,0.0001140095217639376
2.97506,0.003679609877913431,0.0001162082665647328
2.9777,0.002413040302441731,7.726621066177234e-05
2.98035,0.003134915302441732,9.876187946319323e-05
2.98299,0.002128177233629302,6.898668206786878e-05
2.98564,0.004022007769145393,0.0001245062861702942
2.98828,0.003433849611542731,0.0001080472868154319
2.99092,0.003195638873473914,0.0001002648327464049
2.99357,0.002345149486681466,7.533191297496181e-05
2.99621,0.003322989664261932,0.0001051483228305622
2.99885,0.001473119450610434,4.812945661272156e-05
3.0015,0.00378695831021088,0.0001181587544551016
3.00414,0.003980968368479467,0.0001240105060876784
3.00679,0.00240105903163152,7.680202578210215e-05
3.00943,0.002918952552719204,9.293239267955354e-05
3.01207,0.002411904897336295,7.665508745084628e-05
3.01472,0.003323754231409543,0.0001050692754493627
3.01736,0.003398313263041063,0.0001070962092061472
3.02,0.002459507214206439,7.863814506069035e-05
3.02265,0.002619855715871253,8.343757921185373e-05
3.02529,0.001892770671476136,6.098129836411506e-05
3.02794,0.002827801956159822,8.998577035653461e-05
3.03058,0.001016993340732517,3.334057168677972e-05
3.03322,0.003340029897336293,0.0001052767858273524
3.03587,0.003474284683684793,0.0001088637536353817
3.03851,0.002639402538845727,8.318390455467141e-05
3.04115,0.003109705188679244,9.796472128640221e-05
3.0438,0.002231020671476138,7.131795651143913e-05
3.04644,0.002775708379578247,8.741338540126284e-05
3.04908,0.004280729051054386,0.0001323142348531554
3.05173,0.003281018590455052,0.0001026812423091492
3.05437,0.003112610086015538,9.796884541874669e-05
3.05702,0.00295782644284129,9.282193088843025e-05
3.05966,0.002647842536071028,8.27718980151678e-05
3.0623,0.003745074223085462,0.0001162617782855006
3.06495,0.004234182019977803,0.0001294768031388926
3.06759,0.003620767966148721,0.0001121099372216542
3.07023,0.002385591426193118,7.591176422427738e-05
3.07288,0.00286457443118757,9.030737268852513e-05
3.07552,0.00231476137624861,7.407904126256489e-05
3.07817,0.003411587888457269,0.0001068438758497957
3.08081,0.003298454841842396,0.0001025255971625422
3.08345,0.002837500971143176,8.935060058757712e-05
3.0861,0.002947948876248615,9.233734893247766e-05
3.08874,0.003969030591009988,0.0001220391106221055
3.09138,0.002194479397891233,6.999142241625131e-05
3.09403,0.004153428620976693,0.000127487700828645
3.09667,0.0033582009572697,0.0001054475909730593
3.09932,0.002592615149833518,8.128904670366218e-05
3.10196,0.003328694159267481,0.0001036436006295815
3.1046,0.003572909267480577,0.0001105234923853483
3.10725,0.002995129994450614,9.383894243779778e-05
3.10989,0.003155634156492789,9.902049149808245e-05
3.11253,0.002885396295782464,9.046910050613865e-05
3.11518,0.002733469478357379,8.622998723574587e-05
3.11782,0.004303336431742507,0.0001311799035278454
3.12047,0.003011646018312985,9.411895541059356e-05
3.12311,0.00292973661209767,9.226148878849932e-05
3.12575,0.003638238554384019,0.0001121187015801663
3.1284,0.002982844270255275,9.380077606100381e-05
3.13104,0.003045385405105437,9.545865272151026e-05
3.13368,0.004649737999445061,0.0001426227645466417
3.13633,0.002567361542730297,8.092405368091055e-05
3.13897,0.003015825957269702,9.416150362609442e-05
3.14161,0.001162036764705882,3.807146386017666e-05
3.14426,0.003451189719755825,0.0001082722065175407
3.1469,0.004161328385127638,0.0001278102450551114
3.14955,0.003991200749167595,0.0001229208656008212
3.15219,0.003404230646503884,0.0001056507337294586
3.15483,0.002419871046059934,7.65632914830916e-05
3.15748,0.003403372225305216,0.0001059112036646828
3.16012,0.002629064858490564,8.310623444591926e-05
3.16276,0.002626711639844618,8.333311075533537e-05
3.16541,0.003289124375693675,0.0001031035862863783
3.16805,0.003168276983906772,9.895689095484828e-05
3.1707,0.002123518867924526,6.787546141808864e-05
3.17334,0.002171929245283019,6.887192319700932e-05
3.17598,0.003989513665371809,0.0001231171739652333
3.17863,0.002148914400665927,6.839673294711909e-05
3.18127,0.002645846420643731,8.340940797688181e-05
3.18391,0.002274259919533851,7.222400625594794e-05
3.18656,0.002850539816870146,8.923889215101068e-05
3.1892,0.003323845796337402,0.0001042376985229691
3.19185,0.003666149833518316,0.0001132727033439601
3.19449,0.002788252774694783,8.768374270866178e-05
3.19713,0.003529814234184241,0.0001096345156087733
3.19978,0.002278655036071036,7.201801837369256e-05
3.20242,0.001577629370144283,5.06905782227277e-05
3.20506,0.003652225097114316,0.000112278685205553
3.20771,0.0008796940205327406,2.857271947343835e-05
3.21035,0.002527757422308545,7.946718434489898e-05
3.213,0.002654382561043285,8.318644941057006e-05
3.21564,0.003300542522197557,0.000100936178447426
3.21828,0.002220442633185348,7.00203597901436e-05
3.22093,0.002439971836847945,7.664702707814318e-05
3.22357,0.003188114525527192,9.896497319020268e-05
3.22621,0.002404449223085463,7.532722387262617e-05
3.22886,0.00257481950610433,8.031565264367022e-05
3.2315,0.002568753329633742,8.266228916775677e-05
3.23414,0.001541976276359602,5.156702487472242e-05
3.23679,0.003238312708102109,0.0001053987303948979
3.23943,0.002206167660932299,7.393222218273441e-05
3.24208,0.001970165926748059,6.741551366744025e-05
3.24472,0.004495881451165373,0.0001481342865122529
3.24736,0.002366147613762489,8.083008289776928e-05
3.25001,0.003408918770810212,0.0001159264997396029
3.25265,0.003059209420088791,0.0001061967741257708
3.25529,0.003882513179800221,0.0001340731489261331
3.25794,0.001698323390677025,6.073187664221628e-05
3.26058,0.001784751526082129,6.415932346213097e-05
3.26323,0.003495914608768034,0.0001218406358497774
3.26587,0.002891691384572697,0.0001030165100119837
3.26851,0.002637873404550501,9.555930147540602e-05
3.27116,0.001343944228634851,4.974124019020868e-05
3.2738,0.00375514178690344,0.0001330831848999716
3.27644,0.002061627844062155,7.624878337130322e-05
3.27909,0.004097535099889009,0.000146764837894339
3.28173,0.002053096281908994,7.593996890947951e-05
3.28438,0.00302346018312986,0.0001120543842346617
3.28702,0.002254896226415092,8.186685696087195e-05
3.28966,0.00330004349334073,0.0001162137686083736
3.29231,0.003834075332963374,0.0001315978645769576
3.29495,0.002490868201997783,8.699445780317657e-05
3.29759,0.003528298834628192,0.0001201799755948008
3.30024,0.003811429037180914,0.0001283318391713804
3.30288,0.003440144700332964,0.0001165188400739414
3.30553,0.004098404966703662,0.0001364092949691189
3.30817,0.003139193673695891,0.0001061300180294045
3.31081,0.00103617390399556,3.664228672893447e-05
3.31346,0.003112083587680356,0.0001055857379359077
3.3161,0.002044532672031077,7.024389953751156e-05
3.31874,0.003486080535516091,0.0001169875959515302
3.32139,0.003598513110432855,0.0001196238121345067
3.32403,0.002911741814650388,9.853556984894588e-05
3.32667,0.00348280708934517,0.0001152497358874745
3.32932,0.002787316523307437,9.364333179878038e-05
3.33196,0.002322542105993341,7.929163055972139e-05
3.33461,0.003008509919533853,0.0001010567231270368
3.33725,0.003365922169811323,0.000111838645932599
3.33989,0.00261104716981132,8.792595299326402e-05
3.34254,0.002289532949500555,7.664999126565111e-05
3.34518,0.002602103565482794,8.736216554368891e-05
3.34782,0.002020638804106552,6.830604424171738e-05
3.35047,0.003662798557158716,0.0001193078530665653
3.35311,0.004948154966703661,0.0001574490779393074
3.35576,0.002556433268590454,8.546395428239249e-05
3.3584,0.002239982588790236,7.498319045268864e-05
3.36104,0.003311564650388457,0.0001083171809961631
3.36369,0.001832390468923416,6.229448613106487e-05
3.36633,0.001531183060488347,5.190853193795284e-05
3.36897,0.003714951650943399,0.0001210981483645336
3.37162,0.003915391856270813,0.0001253418962478511
3.37426,0.002715966842397337,9.024583937815814e-05
3.37691,0.003245218992785793,0.0001067204626264274
3.37955,0.003451720796337405,0.0001120656098996221
3.38219,0.001700397336293009,5.710808410893174e-05
3.38484,0.002585669950055491,8.536801982611255e-05
3.38748,0.002048160932297449,6.854277663557505e-05
3.39012,0.001817918632075473,6.154896976107934e-05
3.39277,0.003194693465593784,0.0001043264616314632
3.39541,0.003169382630410653,0.0001031757672991137
3.39806,0.003951660724195339,0.0001278557353096586
3.4007,0.002600425638179797,8.621264420954483e-05
3.40334,0.002321983559933411,7.741417127603158e-05
3.40599,0.005431796337402885,0.0001704437131534171
3.40863,0.0018793884572697,6.259839657572045e-05
3.41127,0.001890003121531633,6.331263875255391e-05
3.41392,0.001133560072142063,3.852898696956305e-05
3.41656,0.003101718437846836,0.0001014052875344291
3.41921,0.003750945824084354,0.0001211410416145577
3.42185,0.001850650804661491,6.177041499423152e-05
3.42449,0.002641064442286351,8.744525372846328e-05
3.42714,0.00222597315482797,7.338898493723555e-05
3.42978,0.003504084489456158,0.0001135630244535326
3.43242,0.003512107866259712,0.0001140735012518306
3.43507,0.004150436736958933,0.0001330872239830184
3.43771,0.003085751803551608,0.0001008484645737531
3.44035,0.001766143243618203,5.892608087678897e-05
3.443,0.002062339761376249,6.871147868868832e-05
3.44564,0.001544576720310768,5.203260140948401e-05
3.44829,0.001870692078246395,6.185904950823369e-05
3.45093,0.003706678759711431,0.000118910100171017
3.45357,0.003302094547724749,0.0001066038595633617
3.45622,0.00240406922863485,7.908628792280209e-05
3.45886,0.002424167730299668,8.013218040966684e-05
3.4615,0.001892857658157602,6.23197981756883e-05
3.46415,0.003446274972253052,0.0001105858670020042
3.46679,0.002094710252497225,6.911149243558386e-05
3.46944,0.002443494797447281,8.023357296792361e-05
3.47208,0.001694415857380687,5.63980392230889e-05
3.47472,0.003369465732519423,0.0001083849584996083
3.47737,0.003228219963928969,0.0001035774034340408
3.48001,0.002064480091564928,6.748573128704892e-05
3.48265,0.003293063956714765,0.0001050006474515724
3.4853,0.002560054661487236,8.301522423811738e-05
3.48794,0.002516460599334073,8.224571310751954e-05
3.49059,0.002588632075471699,8.441934598728001e-05
3.49323,0.002435606478912319,7.856956901519599e-05
3.49587,0.00367328731964484,0.0001153733451897493
3.49852,0.002700327552719201,8.763399015705936e-05
3.50116,0.002474592536071034,8.07053774652596e-05
3.5038,0.002859423903995561,9.225101307373114e-05
3.50645,0.003331216773029965,0.0001062911960357848
3.50909,0.002584198043840178,8.373277640874466e-05
3.51174,0.001194013526637072,3.968800464192467e-05
3.51438,0.003787924320199778,0.0001206197192518844
3.51702,0.001271207339067704,4.213270919311403e-05
3.51967,0.003802018451720313,0.0001207993577295343
3.52231,0.002777830396781354,8.955824166275694e-05
3.52495,0.003146468507214208,0.0001015330140092434
3.5276,0.003785511584350721,0.0001191950205380779
3.53024,0.002564230022197559,8.27268314144468e-05
3.53288,0.003909099056603772,0.0001232288161558762
3.53553,0.003338908226970033,0.0001069691516126536
3.53817,0.002231009225860154,7.304781423065151e-05
3.54082,0.003226677094894561,0.0001027844006882832
3.54346,0.002990016093229743,9.599503786770702e-05
3.5461,0.004614698390677028,0.0001450193083526911
3.54875,0.002521402816315205,8.178522290159439e-05
3.55139,0.002504946309655936,8.106121949523328e-05
3.55403,0.002787506520532744,9.008587124882756e-05
3.55668,0.002343480715871253,7.580553689297497e-05
3.55932,0.001753086084905662,5.783856654700994e-05
3.56197,0.003027113623751386,9.690769640066559e-05
3.56461,0.003053829980577136,9.755865333369894e-05
3.56725,0.002097056603773588,6.871774105499436e-05
3.5699,0.003178049250832407,0.0001020803381327798
3.57254,0.003117273029966703,9.901622340801794e-05
3.57518,0.003442186598224195,0.0001091126168172047
3.57783,0.003140326789678135,0.0001007109816217439
3.58047,0.001931118063263045,6.34289329547111e-05
3.58312,0.003421598224195337,0.0001089573696422458
3.58576,0.00223989560210877,7.271679906471695e-05
3.5884,0.004304352802441732,0.0001348053558005756
3.59105,0.003369543562708101,0.0001072830030320288
3.59369,0.002919167730299668,9.379773897711736e-05
3.59633,0.002739164816870145,8.788525430372986e-05
3.59898,0.002053780729744726,6.686557751044172e-05
3.60162,0.002763072419533851,8.948654235616946e-05
3.60427,0.00350291932574917,0.0001117827411474147
3.60691,0.002643580188679248,8.512210607829578e-05
3.60955,0.002438190899001108,7.901827474460498e-05
3.6122,0.002575286487236401,8.348605526142442e-05
3.61484,0.002232371254162043,7.323984001927106e-05
3.61748,0.002391698806881246,7.726810731939235e-05
3.62013,0.004331064581021088,0.0001351233373836137
3.62277,0.001898619381243063,6.22869225260942e-05
3.62541,0.002855788776359602,9.153092720591969e-05
3.62806,0.00290408469755827,9.383245454260045e-05
3.6307,0.004306316870144281,0.0001347570380209927
3.63335,0.003818314719755826,0.0001211716668472357
3.63599,0.002917407394561599,9.381364846076404e-05
3.63863,0.00317534121809101,0.0001014701167711692
3.64128,0.002943045574361822,9.454914516036075e-05
3.64392,0.002192762555493897,7.148330318975091e-05
3.64656,0.002220266370699223,7.219018825357509e-05
3.64921,0.001743844894561595,5.77233545626447e-05
3.65185,0.002337242855160934,7.602865945269106e-05
3.6545,0.002877098224195338,9.225631741317057e-05
3.65714,0.002766462610987791,8.901055568950308e-05
3.65978,0.003807258254716981,0.0001203588278090462
3.66243,0.003254341148723638,0.0001038492337063717
3.66507,0.003171122364039958,0.0001013102975205018
3.66771,0.003010853981687015,9.647551232189799e-05
3.67036,0.003710879300776916,0.0001169139983617675
3.673,0.002390883879023307,7.742263812424375e-05
3.67565,0.002554324986126524,8.207475763639282e-05
3.67829,0.004031798349056604,0.0001259953066704079
3.68093,0.003116741953385127,9.99467317732095e-05
3.68358,0.002976938332408439,9.436932611794156e-05
3.68622,0.002421324639289679,7.854397986929552e-05
3.68886,0.003299498682019981,0.0001039088353914134
3.69151,0.003567870907325196,0.0001124801725513316
3.69415,0.002320172863485018,7.453363945815574e-05
3.6968,0.001568834558823531,5.092477284116805e-05
3.69944,0.002197743687569368,7.133707698146441e-05
3.70208,0.002631012902330742,8.36814619761756e-05
3.70473,0.001722040996115425,5.607584977305797e-05
3.70737,0.003510601623196446,0.0001092425431250492
3.71001,0.00336042369589345,0.0001049016538491444
3.71266,0.003084657602663708,9.720492154313308e-05
3.7153,0.00311716086293008,9.908271371808722e-05
3.71794,0.002806572627635961,8.922271666419487e-05
3.72059,0.00395115482796892,0.0001229342454587302
3.72323,0.002452442980022197,7.824057024258977e-05
3.72588,0.00311657942563818,9.865532021568337e-05
3.72852,0.002636266440066592,8.383895040438733e-05
3.73116,0.002788170366259715,8.80409170047125e-05
3.73381,0.002305389705882357,7.415857235069684e-05
3.73645,0.002570543423973363,8.148207155378039e-05
3.73909,0.003076286279134293,9.768173576585409e-05
3.74174,0.003105497780244173,9.728832378593744e-05
3.74438,0.003277786348501667,0.0001029880997475925
3.74703,0.004038807644284129,0.0001260008974783205
3.74967,0.003157380757491677,0.0001000448141075268
3.75231,0.001823584211986684,5.837609438564601e-05
3.75496,0.003736119173140956,0.0001163548407274664
3.7576,0.00169972433407325,5.48834426844387e-05
3.76024,0.001478345518867925,4.832261654566579e-05
3.76289,0.001697973154827968,5.493359128220494e-05
3.76553,0.002902702067147612,9.200479692609184e-05
3.76818,0.000911549458934519,3.008911981598495e-05
3.77082,0.001936644006659269,6.215811226495421e-05
3.77346,0.003111909614317423,9.821406549693424e-05
3.77611,0.001748482658157603,5.665545839417778e-05
3.77875,0.002221287319644839,7.118295727476492e-05
3.78139,0.002782225513318535,8.844984406251124e-05
3.78404,0.002608316245837959,8.307792809961001e-05
3.78668,0.001229872641509434,4.018896748744662e-05
3.78933,0.002396247294672583,7.644433411547601e-05
3.79197,0.003769027608213094,0.0001212554088143475
3.79461,0.001933439234184242,6.553637457744899e-05
3.79726,0.003458572142064372,0.0001142920526666572
3.7999,0.001813537250277469,6.318376756847202e-05
3.80254,0.001951157047724748,6.826305462857242e-05
3.80519,0.0003010013873473922,1.103861974874887e-05
3.80783,0.003278935488346281,0.0001136085085357084
3.81047,0.0005254956992230852,1.949823266281682e-05
3.81312,0.002549098917869034,9.257577750909855e-05
3.81576,0.002796456992230856,0.000100492592680676
3.81841,0.003804893590455051,0.0001339480563043754
3.82105,0.003204225374583797,0.0001165108801102611
3.82369,0.002782124791897892,0.0001016961319583338
3.82634,0.001618794672586015,6.090877696465862e-05
3.82898,0.002277354814095451,8.512989972362993e-05
3.83162,0.0009361666897891226,3.622325832495896e-05
3.83427,0.002412509225860155,9.123911689406688e-05
3.83691,0.002766652608213097,0.0001051496371996856
3.83956,0.001776000208102106,6.89274942926047e-05
3.8422,0.001757034822419536,6.855255905471411e-05
3.84484,0.0002497112930077718,1.011035273895133e-05
3.84749,0.003072337541620423,0.0001144725014555413
3.85013,0.004287232450055497,0.0001523144985654187
3.85277,0.002816603565482797,0.0001010295843930991
3.85542,0.002871505896226416,0.0001033487110267456
3.85806,0.003280945338512763,0.0001159084443816655
3.86071,0.003026294117647057,0.0001066860897754813
3.86335,0.004755046822974475,0.0001610459765187022
3.86599,0.001949776706437295,6.926461542820928e-05
3.86864,0.0008275798418423975,2.997387197093034e-05
3.87128,0.001591737236403996,5.709169230765354e-05
3.87392,0.001277978565482796,4.577900903014058e-05
3.87657,0.002327060835183131,8.164375378031242e-05
3.87921,0.002259506520532741,7.935147677218328e-05
3.88186,0.003879974542175364,0.0001316533170397138
3.8845,0.002965625485571588,0.0001025022670027025
3.88714,0.002259357727524975,7.837605583608501e-05
3.88979,0.002879705535516095,9.959860993464254e-05
3.89243,0.002377114802996671,8.264289769085714e-05
3.89507,0.002949262832963373,9.998411142091539e-05
3.89772,0.001383227871809102,4.832554759019745e-05
3.90036,0.00329009954217536,0.0001101817624904492
3.903,0.002278281908990014,7.769752474252657e-05
3.90565,0.002493432019977803,8.46368065330315e-05
3.90829,0.002996199014983352,0.0001003390572808242
3.91094,0.0008921766093229727,3.134009930559171e-05
3.91358,0.003177250346836846,0.0001058006413654401
3.91622,0.001863380618756935,6.330628262871945e-05
3.91887,0.002256411625971146,7.685391683255221e-05
3.92151,0.002921486612097668,9.706500780420683e-05
3.92415,0.001667417938401775,5.67931118200303e-05
3.9268,0.0023810910099889,8.025348056935515e-05
3.92944,0.002855594200887905,9.442685862656707e-05
3.93209,0.001500211223640399,5.113351970796643e-05
3.93473,0.002320795504994453,7.706599160707679e-05
3.93737,0.001908577067147614,6.408794713512921e-05
3.94002,0.003062949847391788,0.0001007745443489925
3.94266,0.001956927927302999,6.588085944555656e-05
3.9453,0.002552113693118759,8.478537966724658e-05
3.94795,0.002182438609877914,7.2872011826115e-05
3.95059,0.003273592674805773,0.0001074708701208883
3.95324,0.002846119519977803,9.442765959704062e-05
3.95588,0.001918681256936734,6.463874184164015e-05
3.95852,0.003141141717536074,0.0001034183672860629
3.96117,0.002512271503884573,8.388561039105946e-05
3.96381,0.004208880341287459,0.0001351534469165043
3.96645,0.00251499327136515,8.332480560014382e-05
3.9691,0.001687282949500554,5.694258381236971e-05
3.97174,0.003924227871809105,0.0001275053003876834
3.97439,0.002348248959489456,7.8759565308162e-05
3.97703,0.00204538651498335,6.789588809445013e-05
3.97967,0.003899569436736956,0.0001257741163003324
3.98232,0.003692957755271918,0.0001192982153572136
3.98496,0.001952997502774696,6.550227457444188e-05
3.9876,0.001923300707547172,6.442162993044424e-05
3.99025,0.001598185696448393,5.393657050658743e-05
3.99289,0.0007600346836847958,2.634082598416995e-05
