0.0431807,68.56729538706993,0.4833758334087475
0.0458244,59.21674790510545,0.4319643337280604
0.0484682,52.07994759988901,0.4002921843679381
0.0511119,45.84104304938957,0.3906527409692291
0.0537556,40.54542504855716,0.3450439579146303
0.0563993,35.49326193812431,0.3317403903906099
0.059043,31.74870034128746,0.2932052307183786
0.0616867,28.56859790718646,0.2884837717388227
0.0643304,25.55266779481132,0.2658474956831164
0.0669742,23.11580557158713,0.2414003660046226
0.0696179,20.93956245074917,0.2345138317921387
0.0722616,18.94943994797447,0.209156493083153
0.07490529999999999,17.38348661695338,0.2003179179437344
0.07754900000000001,15.77583205396781,0.188193611197171
0.08019270000000001,14.54266369311876,0.1740708339800805
0.08283649999999999,13.34259424528302,0.1687920559230159
0.08548020000000001,12.10609079217536,0.1524496738513806
0.08812390000000001,11.13104004855716,0.1524184304367043
0.0907676,10.28690453523862,0.1447646008458468
0.0934113,9.544590663845728,0.1373367628566262
0.096055,8.828727061598224,0.1337791449444062
0.0986987,8.175551349889012,0.1235251200108108
0.101342,7.503077780244174,0.1177112935561386
0.103986,6.988766828523863,0.1075968945990347
0.10663,6.519034422169812,0.1046589353232621
0.109274,6.041745459905661,0.09985684051481357
0.111917,5.736374708657048,0.0941696601181069
0.114561,5.288831437291899,0.08770074960227484
0.117205,4.943777682436182,0.0832197051928211
0.119848,4.637659326442841,0.07884416269077658
0.122492,4.321824993063263,0.07288610182799574
0.125136,4.041525428690345,0.07002409751515767
0.12778,3.809563058407325,0.06628954953339168
0.130423,3.536794755133186,0.06261110462153506
0.133067,3.355404678829079,0.06025503481443755
0.135711,3.121430100582686,0.05478117979642597
0.138354,3.010120455049945,0.05401050908478842
0.140998,2.809761834073252,0.05051188949670758
0.143642,2.62512507144839,0.04753734544566778
0.146286,2.494630307297447,0.04470825541235057
0.148929,2.336668376803551,0.04198072464653607
0.151573,2.168296475443951,0.04026020869046901
0.154217,2.104201048834629,0.03836437758158392
0.15686,1.969212575610433,0.0364403906647854
0.159504,1.906614693396226,0.03504393249429082
0.162148,1.761621767480577,0.03267529598617491
0.164792,1.66715137000555,0.03163847989761197
0.167435,1.590329379855716,0.02962015588016092
0.170079,1.490550665926748,0.02811595917475384
0.172723,1.412857000554939,0.02660548693573427
0.175366,1.357402373057714,0.02586438022805545
0.17801,1.295080055493896,0.02459474454693112
0.180654,1.236077035238624,0.02344254437998057
0.183298,1.162515443257492,0.02240332166269491
0.185941,1.099274294533851,0.0211118172717412
0.188585,1.057779930632631,0.02039559561068016
0.191229,1.005275113068812,0.01955572187751661
0.193872,0.9747767126803553,0.01886186279137889
0.196516,0.9332623418423973,0.01825028781974643
0.19916,0.8776436986681466,0.01723034980730977
0.201804,0.8543681458102109,0.01713083361880607
0.204447,0.8011720359322975,0.01591190522096356
0.207091,0.788356539955605,0.01551772599515205
0.209735,0.74467214900111,0.01478645688905137
0.212378,0.7115344353496116,0.01423692941518682
0.215022,0.6752299486681465,0.0135534326600768
0.217666,0.644696890954495,0.01312499284331241
0.22031,0.6156899001109879,0.0127407089825971
0.222953,0.5953747558268592,0.01216532848345812
0.225597,0.5816661126526083,0.01178950842243286
0.228241,0.5592440364872364,0.0115347255396752
0.230885,0.5358835571587125,0.01109082913055629
0.233528,0.5025384031631521,0.01058904254272032
0.236172,0.4894798938679246,0.01029507503837773
0.238816,0.4685162867647059,0.009899311425560392
0.241459,0.4558625402330744,0.009605572293936254
0.244103,0.446624051054384,0.009313263366701088
0.246747,0.4296319811320755,0.009119550178520171
0.249391,0.3994698071587126,0.008638329443534218
0.252034,0.3916482394561598,0.008521820149831268
0.254678,0.3844438651498336,0.008264510395810026
0.257322,0.378403052164262,0.008151948848329583
0.259965,0.3574462666481687,0.00777227443994747
0.262609,0.3428263464206437,0.007516909436489331
0.265253,0.3272296573251942,0.007325017992126256
0.267897,0.3208698092397337,0.007093402313714704
0.27054,0.3093888720865705,0.006884279036086735
0.273184,0.3044797787180911,0.006714457627928876
0.275828,0.2988047905105438,0.006608880700072002
0.278471,0.2740449701720311,0.006272520026626037
0.281115,0.2734793736126526,0.006236005433421106
0.283759,0.2696870976692564,0.006168955790540417
0.286403,0.2616862000554939,0.005889541812366615
0.289046,0.2437669665649279,0.005654772496878208
0.29169,0.2411607082408435,0.005562476338740993
0.294334,0.2468509191176471,0.005689858189240364
0.296977,0.2284470324639289,0.005365784837211916
0.299621,0.2188043070199778,0.005130569087421168
0.302265,0.2201423910932298,0.005156032212745818
0.304909,0.2187895192841288,0.00509720567685424
0.307552,0.2141831395671476,0.005055530444068749
0.310196,0.2065354765538291,0.004878485342664654
0.31284,0.19993618618202,0.004735786966394823
0.315483,0.1928941107103219,0.004620280205204107
0.318127,0.1884756153579357,0.004506827894003405
0.320771,0.1934483440621531,0.004571459969439645
0.323415,0.181505150527192,0.004377907988970921
0.326058,0.1759521039123197,0.004246242925649376
0.328702,0.1742262423695894,0.004272514164907651
0.331346,0.167843871600999,0.004096642428741025
0.333989,0.1690569397891232,0.004092564177920799
0.336633,0.1592825714483907,0.003885397856617941
0.339277,0.1567232172586016,0.003833796920627781
0.341921,0.1545142362652608,0.003842411199957669
0.344564,0.1482868666065483,0.003692251183955858
0.347208,0.1547805528579357,0.003807739580377455
0.349852,0.1477883115982242,0.003651479739048656
0.352495,0.1420622553412875,0.003556883008415688
0.355139,0.1399626921476138,0.003505804189244002
0.357783,0.1390450994034406,0.003493690104005707
0.360427,0.1340309398584906,0.003392333548292359
0.36307,0.1298392508324084,0.003281968560013311
0.365714,0.1285493642480577,0.003271504708074919
0.368358,0.1251298811736959,0.003165475586340467
0.371001,0.1183534653163152,0.003068657162132491
0.373645,0.1233538214483907,0.003157137450883754
0.376289,0.1138780600721421,0.002956052259083074
0.378933,0.1210595637486127,0.003098393575933396
0.381576,0.1127382415371809,0.002891862011151533
0.38422,0.1116298984461709,0.002902066603852156
0.386864,0.112750396781354,0.002895875697353188
0.389507,0.112811548418424,0.002912099570347222
0.392151,0.1079338023029967,0.00283973375629669
0.394795,0.1044388651498335,0.002722651640975133
0.397439,0.1026240093645949,0.002698603607156051
0.400082,0.09949319159267481,0.002618450796535804
0.402726,0.09587591911764706,0.002564996516639942
0.40537,0.0917775828246393,0.002483783449682257
0.408013,0.100467579772475,0.002603354195676956
0.410657,0.1000878371254162,0.002628226960272842
0.413301,0.1008174424944506,0.002610289366266194
0.415945,0.0941577787874584,0.002506848288831413
0.418588,0.09256864199500554,0.002478976897783563
0.421232,0.08843578572419535,0.002389319071056958
0.423876,0.09005819950055494,0.002457531621729223
0.426519,0.08687640982241955,0.002405052083857592
0.429163,0.08578067522197558,0.002455432005676185
0.431807,0.08834671136237514,0.002548507095639558
0.434451,0.08567757998057714,0.002536910169048739
0.437094,0.08687060689511654,0.002621894472724799
0.439738,0.08444421413706991,0.002574815403743373
0.442382,0.08196615815760268,0.002573386041373528
0.445025,0.08154315337125416,0.002559846595260467
0.447669,0.0826273050083241,0.002602862911418735
0.450313,0.08151080577136516,0.00261732411666071
0.452957,0.07616075631243063,0.002463007860336506
0.4556,0.07426047273862377,0.002408979968818514
0.458244,0.07422465940621532,0.002369882371937309
0.460888,0.07241102143451721,0.002344426563327805
0.463531,0.06951944908435073,0.002305149597208452
0.466175,0.0744149313263041,0.002383059185653165
0.468819,0.07392125215038844,0.002425077542413276
0.471463,0.06479283774972254,0.002152056543057621
0.474106,0.06888529099611543,0.002298597750821896
0.47675,0.06694487222530521,0.002247593144495041
0.479394,0.07145902087957824,0.002360570250002113
0.482037,0.06762665552164263,0.002300346070879026
0.484681,0.06352521288845728,0.002090003724204242
0.487325,0.06291645262208659,0.002080677010049969
0.489969,0.0642497753190899,0.002056362934965812
0.492612,0.06231368070199778,0.002015705246377048
0.495256,0.06153622121254163,0.001959305968834117
0.4979,0.06079092161487237,0.001920989888947137
0.500543,0.06368210023584905,0.00197025119655165
0.5031870000000001,0.06114795158157604,0.001899196110897951
0.505831,0.0590782477108768,0.00185668398046441
0.508475,0.06014890954495006,0.001870077601639482
0.511118,0.06551541779966703,0.001955176600543505
0.5137620000000001,0.05859180903163153,0.001811872362014129
0.516406,0.05914761501109877,0.001804341400770399
0.519049,0.05984076609322975,0.001828981032109141
0.521693,0.05528788547447282,0.00170538909888703
0.5243370000000001,0.0567641845172031,0.001737220214898317
0.526981,0.057809556118202,0.001760822484075217
0.529624,0.05803428163152054,0.001740269887956726
0.532268,0.05897938963651499,0.001766699204860386
0.5349120000000001,0.05668486410932298,0.001699882265670209
0.537555,0.05600640690899001,0.001684714305918692
0.540199,0.05874728856825751,0.001748139176326966
0.542843,0.05477908663984462,0.001654954790575633
0.5454870000000001,0.0496136984600444,0.001538561898226158
0.54813,0.05334749188401776,0.001584651459525417
0.550774,0.05156860051331854,0.001568055646424454
0.553418,0.05445828662597114,0.001612062271003744
0.556061,0.05070207352941178,0.00153429995252799
0.558705,0.05576209794672587,0.001648862910651231
0.561349,0.0503230702691454,0.001496510335489726
0.563993,0.05049233948390678,0.001514468853412496
0.566636,0.04912245033296338,0.001473145665762785
0.56928,0.04917294610155383,0.001484804225556695
0.571924,0.05059761168146504,0.001506190988117312
0.574567,0.04658320609045505,0.001415333529327969
0.577211,0.04789826387347392,0.001439236118509254
0.579855,0.04974740385682575,0.001460958911124275
0.582499,0.05014825908712542,0.001483369696842235
0.5851420000000001,0.04695882144839068,0.001403874683973139
0.587786,0.0502229829356271,0.00148615682775048
0.59043,0.04918453135405105,0.001451563945712461
0.593073,0.04546538374028858,0.001350836807054898
0.5957170000000001,0.0457751227108768,0.001363155554867894
0.598361,0.047619384572697,0.00140476041005932
0.601005,0.04503716204217537,0.001339375364541939
0.603648,0.04864078447558269,0.001407707332403113
0.6062920000000001,0.04428205355160933,0.001314742420867575
0.608936,0.04631903898446172,0.001355825840158509
0.611579,0.04407850700610434,0.001296278030303819
0.614223,0.0475450773446171,0.001367677981366391
0.6168670000000001,0.04490961209766926,0.001311575361758844
0.619511,0.04583117647058823,0.001321337023532258
0.622154,0.0444375903163152,0.001296358721691381
0.624798,0.04314847058823529,0.001259019502866486
0.6274420000000001,0.04405484433962265,0.001271252643948418
0.630085,0.0439492974472808,0.001277821489022173
0.632729,0.04343849562985572,0.001257395671515203
0.635373,0.04487332949500555,0.001285334064866961
0.6380169999999999,0.04298458539123196,0.001236235308392717
0.64066,0.04317531284683684,0.001248846299416805
0.643304,0.04399857082408436,0.001265680028552232
0.645948,0.04337403163152054,0.001245829271675108
0.6485919999999999,0.03727661549667036,0.001113958294573534
0.651235,0.0427550527192009,0.001238994679996721
0.653879,0.04304406596836848,0.001240500868386647
0.656523,0.0392707783018868,0.001154503684465577
0.659166,0.04364469526914539,0.001246875129053117
0.66181,0.03737686764705883,0.001099587036481185
0.664454,0.04188907283573807,0.001207233133621366
0.667098,0.03948500360710322,0.001160331394699451
0.669741,0.04030182228079911,0.001174771338592873
0.672385,0.03864147315482796,0.001131598358713568
0.675029,0.04111827240566038,0.001175410110531214
0.6776720000000001,0.03800817806603774,0.001106970895213931
0.680316,0.03966325076304106,0.001145200665621518
0.68296,0.03906740572974474,0.001121781517073753
0.685604,0.03861990274694784,0.001122504658031399
0.6882470000000001,0.03916465226137625,0.001124655799724271
0.690891,0.03944178267203107,0.001132737389834714
0.693535,0.03822281999167591,0.001100361749985969
0.696178,0.03734197454217536,0.001082312996341189
0.6988220000000001,0.03787737069922308,0.001097154539739541
0.701466,0.03817948002219756,0.001093269513332768
0.70411,0.03523601553829079,0.001038060893724281
0.706753,0.03686225672863485,0.001058054718242544
0.7093970000000001,0.03654254633740289,0.001056598006267203
0.712041,0.0397698414955605,0.001123666660432091
0.714684,0.03477834427025527,0.001012841841315543
0.717328,0.03729913589067704,0.001064914819254967
0.7199719999999999,0.0370987048418424,0.001060500064975172
0.722616,0.03766268756936737,0.001065798034398898
0.725259,0.03626726782741398,0.001039521810814822
0.727903,0.03463165725582686,0.0009909059103094743
0.7305469999999999,0.03669597939789123,0.00104878741580098
0.73319,0.0376013734045505,0.001062593526469361
0.735834,0.03627790309378468,0.001026716254942861
0.738478,0.03518310245560489,0.0009999742782423964
0.7411219999999999,0.03465032047724751,0.0009916801409412858
0.743765,0.03575488193673695,0.001019904533249826
0.746409,0.03581059232796893,0.001002817432134116
0.749053,0.0350585718645949,0.0009987361218176355
0.751696,0.03618254966703662,0.001010384656426326
0.75434,0.03507706340177581,0.0009970481735456439
0.756984,0.03504016044672586,0.0009802677093460077
0.759628,0.03270235675638179,0.0009388492540796375
0.762271,0.03474953794395116,0.0009785308432867579
0.764915,0.03320372738623752,0.0009405267770465922
0.767559,0.03619311854883463,0.001014298068581936
0.7702020000000001,0.03433380112375138,0.0009609502078325765
0.772846,0.03490990246947836,0.0009708195868694134
0.77549,0.03508928045227525,0.0009822801099605562
0.778134,0.03518699625416204,0.0009714196344760436
0.7807770000000001,0.03437135190066593,0.0009629482441369148
0.783421,0.03293459059378468,0.0009266539368533635
0.786065,0.03383175520255272,0.0009463634350228028
0.788708,0.03189769103773585,0.0009064868693507415
0.7913520000000001,0.03342595317702553,0.0009285202405600593
0.793996,0.03041640170643729,0.0008711321983846197
0.79664,0.03290535620144284,0.0009170237249150013
0.799283,0.03438177198945616,0.0009465110746650737
0.8019269999999999,0.03394587715038846,0.0009371647869065942
0.804571,0.03426820858768036,0.0009381298212484688
0.807214,0.03054477802441731,0.0008663106623136679
0.809858,0.03507454307713652,0.0009473533315226632
0.8125019999999999,0.03329702289123197,0.0009262879986653873
0.815146,0.03118806513596004,0.0008692644288791888
0.817789,0.03324609218923418,0.0009132246407117051
0.820433,0.03464531187569368,0.0009453325151635333
0.8230769999999999,0.03360286806326305,0.0009149718829374395
0.82572,0.03170633178412875,0.0008828814673037121
0.828364,0.03322383275527192,0.0009057511877016856
0.831008,0.03318893049389567,0.0009096613982084883
0.8336519999999999,0.03351377996670366,0.0009045609511964111
0.836295,0.03283753863762486,0.0008953784996103198
0.838939,0.03587114421476138,0.0009577157870226282
0.841583,0.03361676761931188,0.0008996418128689944
0.844226,0.02884804557436182,0.0008186807099384424
0.84687,0.02659393222807991,0.0007593747976389766
0.849514,0.03416135002774695,0.0009146937615571468
0.852158,0.02958673189511653,0.0008255842701291101
0.854801,0.03051570615982242,0.0008266427069204303
0.857445,0.03264707900943396,0.0008818319948333839
0.860089,0.03182122516648169,0.000856315772676912
0.8627320000000001,0.03174486001664817,0.0008563208507280517
0.865376,0.03147011945061044,0.0008806413334028158
0.86802,0.03040675991953385,0.0008525291824744077
0.870664,0.0314037577691454,0.0008866822373233063
0.8733070000000001,0.0309957032463929,0.0008646682060258707
0.875951,0.03370061591287458,0.0009374005261203545
0.878595,0.03172298286625971,0.000895833694791691
0.881238,0.03142694887624861,0.0008855772242647622
0.8838819999999999,0.03393250180355161,0.0009522677117205132
0.886526,0.03123374458934517,0.0008749968775972974
0.88917,0.03204088942841288,0.000902263211390201
0.891813,0.03186711064095449,0.000899545778170205
0.8944569999999999,0.03199843992785794,0.0008824037384728184
0.897101,0.03307197003329634,0.0008959394684838629
0.899744,0.03213574382630411,0.0008733214059831952
0.902388,0.03089848189511654,0.0008451311271578623
0.9050319999999999,0.03142431180632631,0.0008442874384514989
0.907676,0.02916166003052165,0.0008001948497680227
0.910319,0.03137692466703663,0.0008474502857153247
0.912963,0.0321753181881243,0.0008610049711741745
0.9156069999999999,0.03262926505271921,0.0008699592028957523
0.91825,0.03257149673973363,0.0008547668134884224
0.920894,0.02893357408435072,0.0007921811827907481
0.923538,0.03073349562985572,0.000824578645101946
0.9261819999999999,0.03153688630688124,0.0008332793859140627
0.928825,0.03066840670088791,0.0008261869695893372
0.931469,0.03034460335738069,0.0008096905695627901
0.934113,0.03305476727247503,0.00087112823106228
0.936756,0.03260869041342952,0.000846225829472323
0.9394,0.03072709753052165,0.0008130634626941005
0.942044,0.0268479516509434,0.0007301712409163392
0.944688,0.02979397995283018,0.0007926771762170903
0.947331,0.02955725714483907,0.0007893976267140491
0.949975,0.03167851206992231,0.0008237107702908992
0.952619,0.03183889261931187,0.0008291107237077106
0.9552619999999999,0.0317987826026637,0.0008275823719223226
0.957906,0.03219190517480577,0.0008338897681052786
0.96055,0.02927661979744728,0.0007810328532683675
0.963194,0.03227035800499446,0.0008195734003863989
0.9658369999999999,0.03011380937846838,0.0007928837466841641
0.968481,0.03217186390122086,0.0008254550524213819
0.971125,0.03267995997502775,0.0008303936832375547
0.973768,0.03095236327691454,0.0007964961879403933
0.9764119999999999,0.03243372814927858,0.0008183895726936435
0.979056,0.03107115503607103,0.0008000054754780559
0.9817,0.0296534689927858,0.0007681810032073485
0.984343,0.03072421552441731,0.0007837980138994251
0.9869869999999999,0.03195686029411765,0.0008037725927704341
0.989631,0.03111927927302997,0.0007991846306397874
0.992274,0.03079024070477248,0.0008138536077493203
0.994918,0.02919359787735849,0.000780045897573837
0.9975619999999999,0.02834193645948946,0.0007711069881847246
1.00021,0.03104467216981132,0.0008317549817920499
1.00285,0.02845430036071032,0.0007763027288841622
1.00549,0.02803420276082131,0.0007838829680132169
1.00814,0.02800070144284129,0.0007767446748355447
1.01078,0.03126277982796893,0.0008484249094465873
1.01342,0.02944103378190899,0.0008156456299988701
1.01607,0.03121056034961154,0.0008607399000146381
1.01871,0.03013786119589345,0.0008326446305594896
1.02136,0.02955500235849056,0.0008252109901349879
1.024,0.0315234422863485,0.000873319430691308
1.02664,0.03291591821587125,0.0009027116222219609
1.02929,0.0300049272336293,0.0008464472975844569
1.03193,0.02795347912042175,0.0008005351140380784
1.03457,0.02970757928690344,0.0008360898498588371
1.03722,0.02943046261098779,0.0008399910249537744
1.03986,0.02913258587680355,0.0008257212003485524
1.04251,0.02813458081298557,0.0008113967697969494
1.04515,0.03072028052164263,0.000850936423043218
1.04779,0.02937452559655938,0.0008157455614401332
1.05044,0.02870533018867924,0.0007939714471972151
1.05308,0.03017371573251943,0.00080991551158572
1.05572,0.03137600443951166,0.0008393211037777165
1.05837,0.0295249484600444,0.0007881166865513438
1.06101,0.02893055244173141,0.0007845218850344564
1.06365,0.0290953052164262,0.0007757924406169257
1.0663,0.03110855015260822,0.0008157115150859858
1.06894,0.02833884843229745,0.0007599508423365518
1.07159,0.02768200513318535,0.0007357587287569672
1.07423,0.02990466821587126,0.0007874499080422499
1.07687,0.03005452795504994,0.0007802549777419861
1.07952,0.03003589220310766,0.0007847138831560208
1.08216,0.02634308324084351,0.000706657119735454
1.0848,0.02789522322419534,0.0007242352270162877
1.08745,0.02966737541620421,0.0007658760176045427
1.09009,0.02615005750554939,0.0006921346034043007
1.09274,0.02966013949778025,0.0007646730383087372
1.09538,0.02928504377081021,0.0007543421269341661
1.09802,0.02957683601553829,0.000752976304339766
1.10067,0.02714993736126526,0.0007108062364124045
1.10331,0.03051256777192009,0.0007655597407181282
1.10595,0.02829218694506104,0.0007276304292151732
1.1086,0.02818929772475027,0.0007227947979742317
1.11124,0.02893900617369589,0.0007372721860781184
1.11389,0.02782167369589345,0.0007179438375531166
1.11653,0.02819301068257491,0.0007108696012495043
1.11917,0.02779014789123197,0.0007141820038145968
1.12182,0.02983067688679246,0.0007459253571772519
1.12446,0.0291061945754717,0.0007371736281646977
1.1271,0.02602690267758047,0.0006723935839129539
1.12975,0.02605943340732519,0.0006693542580954586
1.13239,0.02662135821309657,0.0006836499132477003
1.13504,0.02929941488623752,0.0007312439698595682
1.13768,0.02681186133462819,0.0006844712702668315
1.14032,0.02770187243340732,0.0007028717367090244
1.14297,0.02739603870699223,0.0006960070450431676
1.14561,0.02527707290510544,0.0006598473404705748
1.14825,0.02800278683407325,0.0006988945680447728
1.1509,0.02666298134017758,0.000677723123929437
1.15354,0.02886698806881243,0.0007184109392648284
1.15618,0.02830204848779135,0.0007041667672270144
1.15883,0.02845793091009989,0.0007164415825367837
1.16147,0.02457582748335184,0.0006290383275666681
1.16412,0.02695882075471698,0.0006840345283827946
1.16676,0.02713214171753607,0.0006749490606466201
1.1694,0.02747761161209767,0.0006877686610672473
1.17205,0.02477630660377359,0.0006322266583214101
1.17469,0.02649694436736959,0.0006642156326051128
1.17733,0.02691641703662597,0.000674105144114158
1.17998,0.02462510543840178,0.0006229730990947971
1.18262,0.02350129245283019,0.0006054756926568176
1.18527,0.02561150006936738,0.0006431782030088453
1.18791,0.02478801317980022,0.0006294272609986328
1.19055,0.02293802622086571,0.0005934566112737862
1.1932,0.02518336077968924,0.0006295044781060407
1.19584,0.02392593854051054,0.0006104466365250634
1.19848,0.02723446323529412,0.0006672384862024318
1.20113,0.02606399334073253,0.000650073132194228
1.20377,0.02513088491953385,0.0006293987125761404
1.20642,0.02486482470865705,0.0006244950003475308
1.20906,0.02685203544672586,0.0006633083243852829
1.2117,0.02218273460044395,0.0005656493224811561
1.21435,0.02434062465316315,0.0006112206710477106
1.21699,0.02310954335460599,0.0005845693618690199
1.21963,0.02546225381520533,0.0006306916122230242
1.22228,0.02503565052719201,0.0006247191852360798
1.22492,0.02414183261653718,0.0006013877197164948
1.22757,0.02428691724472808,0.0006063037380544412
1.23021,0.02381398897058823,0.0005930872679640946
1.23285,0.02394147024139844,0.0005966423131624741
1.2355,0.02177945518867925,0.0005564277602307618
1.23814,0.02459630826859045,0.0006080934812522109
1.24078,0.02449224014983352,0.0006097264785025638
1.24343,0.02403245602108768,0.0005978586403636551
1.24607,0.02259267993895672,0.0005672097909228831
1.24871,0.02334236778579356,0.000581382500007637
1.25136,0.02308735717258601,0.0005743605253702657
1.254,0.02387503301886792,0.0005913722629535216
1.25665,0.02222768382352941,0.0005586250673175163
1.25929,0.02361348924805771,0.000586185521082747
1.26193,0.02289922100443951,0.0005657649978518737
1.26458,0.02253341225027747,0.0005599532734371224
1.26722,0.02160981284683684,0.0005442659076263901
1.26986,0.02374462853773585,0.0005839276888887831
1.27251,0.02186152025527192,0.0005488092734295127
1.27515,0.02165220283018869,0.000540483495888349
1.2778,0.02182211528856826,0.0005462394196677927
1.28044,0.02134273626526082,0.0005312480844893119
1.28308,0.02213098897058824,0.0005481466215532106
1.28573,0.02187879397891232,0.0005470349855994045
1.28837,0.02219007124028857,0.0005446273113890376
1.29101,0.02154277816315206,0.0005419228124849872
1.29366,0.02060594533851277,0.0005148934282852123
1.2963,0.02225897842674806,0.0005484945831873147
1.29895,0.02110760439789124,0.0005269815991100138
1.30159,0.01908028593229745,0.0004817394197027421
1.30423,0.02117730591009988,0.0005294903339307655
1.30688,0.02148685946170922,0.0005265639506488109
1.30952,0.01829936071032187,0.0004687951849958452
1.31216,0.01958068368479467,0.0004904085433786674
1.31481,0.02035605549389567,0.0005074572412814409
1.31745,0.0203051820199778,0.000505596513566798
1.3201,0.02044287735849058,0.0005041486644399095
1.32274,0.01841712465316316,0.0004664153180549773
1.32538,0.01795745955882353,0.0004538288917799892
1.32803,0.0195021644700333,0.0004842744672768784
1.33067,0.01864091162597114,0.0004726058386141779
1.33331,0.01923394332685904,0.0004761011968831385
1.33596,0.01937214685072142,0.0004833508529824168
1.3386,0.01908877400110988,0.0004765077189796659
1.34124,0.0184935951026637,0.0004631613114488086
1.34389,0.017435734045505,0.0004418497535118779
1.34653,0.01795884218923419,0.0004494617061418048
1.34918,0.01793604481132075,0.0004530709554174685
1.35182,0.01812240233074362,0.0004524599878551755
1.35446,0.01915249632352942,0.0004761606185107082
1.35711,0.01852753364317425,0.0004624938890148845
1.35975,0.01829223695893452,0.0004580817803143325
1.36239,0.0156002990427303,0.000404122535016204
1.36504,0.01820004481132076,0.000451335297907658
1.36768,0.01879959364594894,0.0004673651323357462
1.37033,0.01825020407880133,0.0004556218747521784
1.37297,0.01748536910377359,0.0004404518626924358
1.37561,0.01792816793840177,0.0004534247959246127
1.37826,0.01604382581853496,0.0004074194306262371
1.3809,0.01863553905382908,0.0004642094953171036
1.38354,0.01652456915926749,0.0004207728909488931
1.38619,0.01688353801331854,0.0004287444904367149
1.38883,0.01538172440344062,0.0003946997532676876
1.39148,0.01668299479744728,0.0004227285411593216
1.39412,0.01774473820754717,0.0004447219827789695
1.39676,0.01716291176470588,0.000428747560559099
1.39941,0.01495386209766926,0.0003853261983612184
1.40205,0.0172156234045505,0.0004302613427826196
1.40469,0.01625972447280799,0.00041617735718416
1.40734,0.01616646330466149,0.0004089609413478339
1.40998,0.01707798529411765,0.0004264458973281661
1.41263,0.0150610182436182,0.0003840753126611561
1.41527,0.01553830500832409,0.0003948266965554837
1.41791,0.01630805015260821,0.0004120573992535476
1.42056,0.01462242681742508,0.0003766105098516517
1.4232,0.0163446692563818,0.0004104967220211755
1.42584,0.01375714740566038,0.0003564294891131168
1.42849,0.01538428364317425,0.0003918817919286476
1.43113,0.01591039053829079,0.0004025905819560531
1.43377,0.01430856513596004,0.0003680905369854494
1.43642,0.01511384891786904,0.0003826661988899017
1.43906,0.01400138769422864,0.0003619733657191531
1.44171,0.01428748460044395,0.0003666567597695275
1.44435,0.015315740427303,0.0003871710189026206
1.44699,0.01388757477802442,0.0003569907835621375
1.44964,0.01500577941176471,0.0003820245742927825
1.45228,0.01418080459211987,0.0003626000458151668
1.45492,0.01325632387624861,0.000342411014597667
1.45757,0.01406466363762486,0.0003587423787397708
1.46021,0.01546446705049944,0.0003884312522229187
1.46286,0.01463452712264151,0.0003709505033284061
1.4655,0.01494043639012209,0.0003780952094161782
1.46814,0.01439158934517203,0.0003643089915402236
1.47079,0.01416265871254162,0.0003622405157191513
1.47343,0.01435621094617093,0.0003631490732316803
1.47607,0.01363560183129856,0.0003509581627817683
1.47872,0.01544091655105439,0.0003838514910541681
1.48136,0.01298569686459489,0.0003361863444436153
1.48401,0.01372370560488346,0.0003531484267831522
1.48665,0.01269059912597114,0.0003275811077032946
1.48929,0.0124129010127636,0.0003209631736275362
1.49194,0.01316452774694784,0.0003345529532644762
1.49458,0.01398486938124307,0.000357596373378962
1.49722,0.01301692050499445,0.0003329918162030635
1.49987,0.01306499895948946,0.0003345392874098142
1.50251,0.01406406617647059,0.0003583922606546721
1.50516,0.01255973224195339,0.0003224139686189538
1.5078,0.01237104439511654,0.0003189277164479399
1.51044,0.01226329307713652,0.0003170569634358779
1.51309,0.0134135935072142,0.0003402384319236401
1.51573,0.01361122266925638,0.0003463116040002703
1.51837,0.0134463394145394,0.0003388837204213439
1.52102,0.01089250658990011,0.0002854372174677829
1.52366,0.01242997329356271,0.0003169355435105679
1.5263,0.01097121809100999,0.0002849252173031627
1.52895,0.01312707769145394,0.0003345356218064187
1.53159,0.01345611168146504,0.0003408769781234354
1.53424,0.01209438096559379,0.0003135212154592501
1.53688,0.01225967626248613,0.0003143650769379529
1.53952,0.01168512236403995,0.0003004262962927247
1.54217,0.01063103607103219,0.0002764342210184244
1.54481,0.01166145511931188,0.0003006505839461146
1.54745,0.0118284993063263,0.0003064260589589763
1.5501,0.01203660578523862,0.0003126715689132355
1.55274,0.01218299750277469,0.0003197945355379399
1.55539,0.01209555528579357,0.000319736536455082
1.55803,0.01261292230854606,0.00033340150707386
1.56067,0.01281144422863485,0.0003409656032808326
1.56332,0.01242049632352941,0.0003297737154576022
1.56596,0.01243022280799112,0.0003362199259079559
1.5686,0.009695137208657049,0.0002702710478418243
1.57125,0.01049305917036626,0.0002946317783389678
1.57389,0.01194121115427303,0.0003265039593297767
1.57654,0.01094003565482797,0.0003027069375345371
1.57918,0.01054200291342952,0.0002986872728016224
1.58182,0.01146571219478357,0.0003185424297885764
1.58447,0.01064543236681465,0.0003014813681568488
1.58711,0.01047454703107658,0.0002955067635448786
1.58975,0.01063444686459489,0.0003007018826965409
1.5924,0.01103747218368479,0.0003161675895871901
1.59504,0.01066277018590455,0.0003015591323680358
1.59769,0.009587211917314096,0.0002792727700373003
1.60033,0.01070757061598224,0.0003052891873960729
1.60297,0.01186032727524973,0.000333042975888613
1.60562,0.01172532852386238,0.0003295541862015206
1.60826,0.01088883025804662,0.0003026811561429261
1.6109,0.01114680070754717,0.0003085630739353464
1.61355,0.01016897426470588,0.0002812896456567138
1.61619,0.01009973057713652,0.0002794958069194765
1.61883,0.009945308615427301,0.0002757787559670407
1.62148,0.008700760405105435,0.0002430050947269127
1.62412,0.0103264888318535,0.0002841083685260678
1.62677,0.009003439719755825,0.0002486609697256272
1.62941,0.01146362909267481,0.0003087743023042203
1.63205,0.008913891509433964,0.0002465944353003391
1.6347,0.0103027094200888,0.0002786312801544501
1.63734,0.008779085044395115,0.0002433215181193522
1.63998,0.01151260259433962,0.0003059830779614621
1.64263,0.009897699431187566,0.0002680512196127435
1.64527,0.009772479814095446,0.0002634394985409462
1.64792,0.01026694415926748,0.0002765804701878558
1.65056,0.009610144353496115,0.0002608978469562401
1.6532,0.01056438824916759,0.0002815994810797781
1.65585,0.01124715586847947,0.0002982930903585
1.65849,0.00932177892619312,0.0002510850779982083
1.66113,0.0084564422863485,0.0002322392059674551
1.66378,0.009915545435627083,0.0002670039117256715
1.66642,0.009398803343507213,0.0002549172879657976
1.66907,0.00946774486681465,0.0002578570289137966
1.67171,0.008751583518312987,0.0002378745221890326
1.67435,0.01063193798557159,0.0002822681022840719
1.677,0.008835342536071033,0.0002400927617467866
1.67964,0.007776098848501663,0.0002143465027598493
1.68228,0.01000739421476138,0.0002664964463978693
1.68493,0.008044173487791345,0.0002205855374946829
1.68757,0.007073699708657048,0.0001968974044538416
1.69022,0.00934875853218646,0.0002498985645799447
1.69286,0.009227160307991119,0.0002477129868784322
1.6955,0.01027642341842397,0.0002731946033666115
1.69815,0.01040081437291898,0.0002747252428680175
1.70079,0.008812334558823527,0.0002398775789643295
1.70343,0.01038395269145394,0.0002713256106560182
1.70608,0.008114181742508327,0.0002205760437515505
1.70872,0.007998521503884573,0.0002167362455686732
1.71137,0.009896472461154274,0.0002619973984893634
1.71401,0.007742803551609321,0.0002120574599331924
1.71665,0.008448146503884571,0.0002285196033620917
1.7193,0.008227536834073252,0.0002236064441378734
1.72194,0.00912457096281909,0.0002431416262241126
1.72458,0.01102850339900111,0.0002864479300500934
1.72723,0.008335111889567148,0.0002241195625244359
1.72987,0.008754371670366261,0.0002343524206720545
1.73251,0.008586153163152054,0.0002317734437467712
1.73516,0.007380945824084354,0.0001999398977801338
1.7378,0.00890588644561598,0.0002376190877088964
1.74045,0.007756526845172034,0.000209701719384624
1.74309,0.007739669741953385,0.0002099480184987553
1.74573,0.006704619797447281,0.0001849407395809349
1.74838,0.008380180147058826,0.0002227981461673316
1.75102,0.008151668423973364,0.0002211072948830321
1.75366,0.007115364039955607,0.0001926409990356376
1.75631,0.007089011653718093,0.0001928993244117972
1.75895,0.00772221288845727,0.0002092733921876087
1.7616,0.00760828551609323,0.0002054438816636954
1.76424,0.00933557776082131,0.0002465781578332752
1.76688,0.008610706298557161,0.0002268163845269618
1.76953,0.008036763596004439,0.0002156174889712499
1.77217,0.008012860571587128,0.0002153696208818888
1.77481,0.00673357491675916,0.0001845906388219221
1.77746,0.008521471698113209,0.0002275637184756506
1.7801,0.008576550291342954,0.0002260041505737231
1.78275,0.007966663776359602,0.000213733279806389
1.78539,0.007463990635405105,0.0001990835435552377
1.78803,0.006621913776359603,0.0001798710078855911
1.79068,0.008416895394006658,0.0002240189177257145
1.79332,0.007069542660932297,0.000189537680169178
1.79596,0.00661523640399556,0.0001819335941563684
1.79861,0.008202148168701446,0.0002158492303382037
1.80125,0.007636943049389567,0.0002045098516964672
1.8039,0.008590681048834627,0.0002269578562124144
1.80654,0.007654651706437293,0.0002041467363894821
1.80918,0.007659262000554939,0.0002063448037862834
1.81183,0.0081950862236404,0.0002173953872460984
1.81447,0.006049786348501666,0.0001662035609452039
1.81711,0.00773227816315205,0.0002059933287135822
1.81976,0.007652300776914541,0.0002037743977729061
1.8224,0.008242757214206435,0.0002198239285289784
1.82504,0.007735778232519422,0.0002063396385162393
1.82769,0.007460790441176472,0.0002016295588974982
1.83033,0.007836245560488344,0.0002088893401133091
1.83298,0.006815747572142066,0.0001844158553485592
1.83562,0.00756041079356271,0.0002035160733170817
1.83826,0.006845966287458383,0.0001873312578652872
1.84091,0.007464414123196451,0.0002023148060278545
1.84355,0.00673910086015538,0.0001839536962607802
1.84619,0.007115828731964485,0.0001933018728782491
1.84884,0.007218374583795781,0.0001935907713514303
1.85148,0.006553189719755828,0.0001801282739228889
1.85413,0.00602447093507214,0.0001674160723930697
1.85677,0.007731634919533851,0.0002064518718777159
1.85941,0.006624990357935628,0.0001819052817640838
1.86206,0.006053936528856827,0.0001657865670113052
1.8647,0.006475460252497226,0.0001780605752447439
1.86734,0.005856875069367368,0.000162188824449835
1.86999,0.00808238353218646,0.000214825739543911
1.87263,0.008276137208657048,0.0002224780255188638
1.87528,0.007161693604328522,0.0001938522003545294
1.87792,0.008129042730299667,0.0002175985933462057
1.88056,0.007106017549944508,0.0001930479117294829
1.88321,0.006189212264150943,0.0001698726519279424
1.88585,0.007216511237513872,0.0001973901413471597
1.88849,0.007120704564372919,0.0001917817673595314
1.89114,0.007177669395116538,0.000195363810738186
1.89378,0.006318611820199778,0.0001725498273643727
1.89643,0.006379491051609321,0.0001755366326685871
1.89907,0.006594350443951165,0.0001813824731365702
1.90171,0.007464583518312986,0.0001998101940116052
1.90436,0.005553927927302998,0.0001549280311783513
1.907,0.007063016370699221,0.0001908884390243527
1.90964,0.006335933615427305,0.0001748572933170637
1.91229,0.007168217605438401,0.0001948347311111894
1.91493,0.007045266509433963,0.0001908757496045996
1.91757,0.00452950180355161,0.0001281007015457048
1.92022,0.006318330258046616,0.0001744043544112535
1.92286,0.00726432415371809,0.000197677030858943
1.92551,0.00624309135682575,0.0001705019681341443
1.92815,0.006378607450055492,0.0001744428129841237
1.93079,0.007388062708102109,0.0002010185937183925
1.93344,0.007720686043285236,0.0002064579896347531
1.93608,0.006733845033296338,0.0001835819679023525
1.93872,0.006712892688679249,0.0001829759694543713
1.94137,0.005781890260821309,0.0001619505863157363
1.94401,0.005559137971698114,0.0001551212100764031
1.94666,0.006469281908990015,0.00017689801344219
1.9493,0.006628330188679248,0.0001817437988837842
1.95194,0.007124355715871253,0.0001924245062450342
1.95459,0.008077555771365151,0.0002156839584752788
1.95723,0.006178229051054382,0.0001708671395636713
1.95987,0.005994316315205328,0.0001651673285624438
1.96252,0.006325790510543841,0.0001749467327177383
1.96516,0.005743739733629302,0.0001587611942206328
1.96781,0.004538099750277468,0.0001284708503919556
1.97045,0.004577193396226417,0.0001294679171564036
1.97309,0.006198229120421754,0.0001709535953726682
1.97574,0.00627714893174251,0.0001731899043401136
1.97838,0.006353983351831296,0.0001742992141244645
1.98102,0.006022573251942289,0.0001672877566910494
1.98367,0.00564283289400666,0.0001562232480311128
1.98631,0.00654485502219756,0.0001789867031726754
1.98896,0.004549350790788015,0.0001290496361156386
1.9916,0.00558635106825749,0.000155300152698804
1.99424,0.004296670504994452,0.0001212223311791541
1.99689,0.00654092230854606,0.0001777645955100932
1.99953,0.005267299944506101,0.0001463816592875915
2.00217,0.005862851970033296,0.0001613813036500261
2.00482,0.005221595310765817,0.00014541100257907
2.00746,0.005624451234739178,0.0001552873214954266
2.0101,0.005112758948390678,0.0001414581729406172
2.01275,0.00586624673973363,0.0001615147871162293
2.01539,0.00452934843229745,0.0001263345382810308
2.01804,0.00664618077136515,0.0001814827059877232
2.02068,0.005207828523862374,0.0001448692143984987
2.02332,0.005097350860155381,0.0001414172642318467
2.02597,0.005475117993895668,0.0001514784256736404
2.02861,0.00521983955327414,0.0001438192298442759
2.03125,0.005837454148168704,0.0001604339073657707
2.0339,0.005635100235849056,0.0001548832502508332
2.03654,0.004559638110432855,0.0001286285289904502
2.03919,0.00423818569644839,0.0001194558194020816
2.04183,0.00540505251109878,0.0001485675861385154
2.04447,0.004479404342397341,0.0001259162438362759
2.04712,0.005731112930077693,0.00015697640079035
2.04976,0.004983814927857932,0.0001386916749208996
2.0524,0.005907874445061042,0.0001620802667341075
2.05505,0.004555634433962263,0.0001275393220026484
2.05769,0.004745624791897889,0.0001328588337547225
2.06034,0.004565859947280799,0.0001267766458863579
2.06298,0.006094730993340733,0.0001665577492668654
2.06562,0.004261450055493896,0.0001194133382592588
2.06827,0.004592113901220865,0.0001280483135583765
2.07091,0.005184065135960044,0.0001439739848969703
2.07355,0.005217614525527194,0.0001436095873476659
2.0762,0.005792308060488348,0.0001588130716212006
2.07884,0.004361324500554938,0.0001219480480720634
2.08149,0.003856229467258605,0.0001090657587500848
2.08413,0.005160963304661486,0.0001437224832464381
2.08677,0.00559334433962264,0.0001523880827338322
2.08942,0.005326231132075471,0.0001483936786749397
2.09206,0.004973399417314094,0.0001382528530711365
2.0947,0.004238732796892341,0.0001195872785649591
2.09735,0.004775973987236401,0.0001332987516358654
2.09999,0.005734411556603773,0.0001573674570860638
2.10263,0.006070429661487237,0.0001673654378452732
2.10528,0.004224734808546063,0.0001177213265270986
2.10792,0.005718774556048838,0.0001578764971421742
2.11057,0.004034439997225306,0.0001150899198929355
2.11321,0.005340384780799109,0.0001521812281718422
2.11585,0.005730188124306327,0.0001648282964901459
2.1185,0.00543260668701443,0.0001550484546578112
2.12114,0.00454161813263041,0.000135011907093635
2.12378,0.002641984669811323,7.993062293195513e-05
2.12643,0.004787893451720309,0.0001412005468267806
2.12907,0.005231488901220867,0.0001555163684956352
2.13172,0.005223101553829078,0.0001549175304282136
2.13436,0.003848009225860154,0.0001182369647223258
2.137,0.003881966079356271,0.0001186347675837762
2.13965,0.005049306742508326,0.0001525740698561794
2.14229,0.004871911140399557,0.0001474034205699278
2.14493,0.004053657186459487,0.0001256632884221321
2.14758,0.004244357172586015,0.0001320582819589345
2.15022,0.005028455119311877,0.0001524241923286271
2.15287,0.00616288734739179,0.0001859434333947685
2.15551,0.005519231687014427,0.0001675665093407595
2.15815,0.004114376179245284,0.0001289381602027202
2.1608,0.004521020602108769,0.0001407105137894536
2.16344,0.005465634156492787,0.0001662435667428201
2.16608,0.004415226484461709,0.0001370174257526489
2.16873,0.00522680764428413,0.0001576181142482707
2.17137,0.005055061598224192,0.0001510120134641794
2.17402,0.004879536209766923,0.0001450738034854098
2.17666,0.006247559725305219,0.0001819506233351865
2.1793,0.003490352039400668,0.0001059781952088479
2.18195,0.005105767966148724,0.000149891304757166
2.18459,0.004584491120976691,0.0001356122994447889
2.18723,0.006017800430077687,0.0001736728781690318
2.18988,0.004330146642619313,0.0001281816642465427
2.19252,0.004337274972253052,0.0001279355990270303
2.19516,0.003984182297447281,0.0001179289253587383
2.19781,0.003926663498890122,0.0001171505994950405
2.20045,0.005243680771365154,0.0001514631434030414
2.2031,0.004634492438956715,0.0001358434892503757
2.20574,0.00287619402053274,8.67619206986968e-05
2.20838,0.006042818257491677,0.0001724516516287101
2.21103,0.004038887763596004,0.0001195661097681381
2.21367,0.005743799250832409,0.0001653394906761799
2.21631,0.004362771226415092,0.0001285483905614837
2.21896,0.004106968576581575,0.000120508845118126
2.2216,0.004062774764150946,0.0001189125338429241
2.22425,0.004039327275249724,0.0001190723255294502
2.22689,0.004908697350166483,0.0001423634780830011
2.22953,0.004453303759711431,0.0001292844203787552
2.23218,0.003838722253052166,0.0001144073045527411
2.23482,0.004505156978357381,0.0001312402448420564
2.23746,0.004256686390122087,0.0001261962355384389
2.24011,0.004653304453385129,0.0001354549453841253
2.24275,0.00546702136514983,0.0001583956344326249
2.2454,0.005690485571587128,0.0001630786210923041
2.24804,0.004990272544395117,0.0001455078453122434
2.25068,0.003709647752497226,0.0001106733640175574
2.25333,0.003376818396226418,0.0001007178220701797
2.25597,0.004172712194783576,0.0001234245815103863
2.25861,0.004512766023862377,0.0001324292189190752
2.26126,0.004915947003329633,0.0001435902015073669
2.2639,0.004501185349611542,0.0001318332264474819
2.26655,0.003764582130965593,0.0001122051121050283
2.26919,0.005325949569922308,0.0001560741522781003
2.27183,0.00284690697835738,8.585446095221575e-05
2.27448,0.004253607519422865,0.0001252895166124089
2.27712,0.003564334211986683,0.0001060950565123527
2.27976,0.002850979328523862,8.764827920722356e-05
2.28241,0.004071127774694785,0.0001212660200034661
2.28505,0.004316828523862374,0.000126999226431055
2.28769,0.004262924250832409,0.0001256352426773387
2.29034,0.002738091218091013,8.226800065892493e-05
2.29298,0.003332938193673695,0.0001003973267479314
2.29563,0.002789742993895671,8.420948157090904e-05
2.29827,0.004984657325194227,0.0001449905588489053
2.30091,0.00346518770810211,0.0001054282575981901
2.30356,0.003382097114317425,0.0001003954326541692
2.3062,0.003203659961154272,9.699432155520866e-05
2.30884,0.002799016231964482,8.466661186988467e-05
2.31149,0.005155778440621531,0.0001511490466370426
2.31413,0.003589455049944508,0.0001075266624952055
2.31678,0.006206756104328525,0.0001778600781596462
2.31942,0.004754614178690345,0.0001399392906117989
2.32206,0.003746898654273029,0.000110675459063549
2.32471,0.004444138110432855,0.0001315574550738604
2.32735,0.003723700679800225,0.0001117614697690633
2.32999,0.004802667452830189,0.0001406033502893902
2.33264,0.003070780937846838,9.445803938078963e-05
2.33528,0.004821749583795782,0.0001393254736748959
2.33793,0.004620428066037735,0.0001365811749506166
2.34057,0.003529209905660381,0.0001054951746099593
2.34321,0.003581733837402884,0.0001073138662240403
2.34586,0.002941798002219753,9.034367440404277e-05
2.3485,0.005261414608768033,0.0001527674452013015
2.35114,0.003776302441731411,0.0001127133599641419
2.35379,0.003791689927857932,0.0001125671747336544
2.35643,0.002434551193118758,7.420361524339029e-05
2.35908,0.002811675083240843,8.622204286887811e-05
2.36172,0.003280981964483906,9.890954222603978e-05
2.36436,0.003480964345172032,0.0001044621344066619
2.36701,0.002427432019977803,7.386992289350858e-05
2.36965,0.002982750416204218,9.012176324622706e-05
2.37229,0.004258579495005552,0.0001261266542318129
2.37494,0.003287647891231964,9.903670336726237e-05
2.37758,0.00398628829078801,0.0001201108780789883
2.38022,0.004288296892341842,0.0001255467568099185
2.38287,0.004925652885682578,0.0001456771854507353
2.38551,0.002916807644284128,8.748273460073057e-05
2.38816,0.002764061320754718,8.448345605326053e-05
2.3908,0.00507706922863485,0.0001487420473337681
2.39344,0.00356512853773585,0.0001071099951933807
2.39609,0.003613257352941177,0.0001086785891805468
2.39873,0.004064255826859046,0.0001201304938876445
2.40137,0.003565421545504992,0.0001071226527641926
2.40402,0.002845375554938956,8.532509430617006e-05
2.40666,0.005082400596559377,0.000148176380441088
2.40931,0.003147750416204218,9.537470617937485e-05
2.41195,0.004058269769700334,0.0001198220573977949
2.41459,0.002554670643729192,7.846154363299597e-05
2.41724,0.0046000823390677,0.0001344368975120146
2.41988,0.003815675360710325,0.0001140166143437122
2.42252,0.004551726900665929,0.0001345306306174044
2.42517,0.003330662805216428,9.95461284687325e-05
2.42781,0.003732419950055495,0.0001121652187141563
2.43046,0.004290608906770255,0.0001264696531884672
2.4331,0.004164430147058825,0.0001236134064029882
2.43574,0.003789286348501667,0.0001130966734039154
2.43839,0.004635678204772476,0.0001369533737205672
2.44103,0.003202840455049942,9.676475868329303e-05
2.44367,0.005444805424528304,0.0001574451951739523
2.44632,0.003124083171476138,9.465427721331154e-05
2.44896,0.003542830188679246,0.0001060352043876072
2.45161,0.003092486403995561,9.338000883355547e-05
2.45425,0.003032289331298557,9.240621217103435e-05
2.45689,0.004572493826304105,0.0001336467020131082
2.45954,0.003123604744728083,9.505351864115483e-05
2.46218,0.00398839657325194,0.0001190037259487427
2.46482,0.002863043007769142,8.643829037299799e-05
2.46747,0.003739626109877913,0.0001114549625872901
2.47011,0.002222063332408435,6.897366001104918e-05
2.47275,0.004170615357935626,0.0001249680258908711
2.4754,0.004464289261931185,0.000130959615025165
2.47804,0.002126762555493896,6.570446684470655e-05
2.48069,0.002941873543285239,8.956153564967581e-05
2.48333,0.003783845102663704,0.0001141505357121837
2.48597,0.001597398238068812,5.018622903860779e-05
2.48862,0.003574317078246392,0.0001070597993425283
2.49126,0.003511231132075472,0.0001065876421337413
2.4939,0.002961985779689231,8.965464174547201e-05
2.49655,0.004122353773584904,0.0001232578338957716
2.49919,0.002694927511098778,8.226207825104051e-05
2.50184,0.00362010640954495,0.000108639562233601
2.50448,0.002163246600998891,6.709374122813259e-05
2.50712,0.00404257096281909,0.0001213292873183175
2.50977,0.004322977108768038,0.0001280693554855265
2.51241,0.003849119450610433,0.0001148749127617065
2.51505,0.003327549597669257,0.0001010365292538735
2.5177,0.002621895324639292,8.095897819821146e-05
2.52034,0.002585335738068812,7.904886302573451e-05
2.52299,0.002984110155382911,9.132258367031525e-05
2.52563,0.003458595033296337,0.0001045647077830837
2.52827,0.002803150388457273,8.596829075943645e-05
2.53092,0.004147218229744729,0.0001235796073443207
2.53356,0.003134487236403996,9.472388052364253e-05
2.5362,0.002324442078246393,7.215840117378866e-05
2.53885,0.003688642758046617,0.0001109800210206071
2.54149,0.002244036625971143,6.953223270974366e-05
2.54414,0.003773271642619312,0.0001137927725335084
2.54678,0.004155026428967814,0.000124315960267153
2.54942,0.004055866190344064,0.0001214110472154473
2.55207,0.003513930008324085,0.000106199457403268
2.55471,0.003035622294672586,9.251599857157657e-05
2.55735,0.001933537666481688,6.049075124975158e-05
2.56,0.004503240982241955,0.0001345870114157521
2.56264,0.003384097807991121,0.0001036964346740819
2.56529,0.005533108351831297,0.0001601856596528925
2.56793,0.0047554176609323,0.0001409976612927006
2.57057,0.003302181534406215,9.999279421793979e-05
2.57322,0.004383666342952275,0.0001309673314703801
2.57586,0.003092639775249722,9.407657935007227e-05
2.5785,0.002393829980577137,7.392564360242744e-05
2.58115,0.003853590108213096,0.0001170889939450193
2.58379,0.002923537666481687,8.970690936149639e-05
2.58643,0.002440871462264149,7.554210905058016e-05
2.58908,0.004010539261931187,0.0001203294787773478
2.59172,0.003865818604328524,0.0001163905631607928
2.59437,0.002559237444506104,7.94032622863344e-05
2.59701,0.004055742577691452,0.0001212671232062543
2.59965,0.003554156770255273,0.0001074657536361957
2.6023,0.004540601761931188,0.0001351661714669696
2.60494,0.004029715246947836,0.0001216595485354237
2.60758,0.003931678967813542,0.0001199041091159537
2.61023,0.003762189997225304,0.0001138992433799181
2.61287,0.002975690760266369,9.159438069700184e-05
2.61552,0.002981246462264154,9.194569834998303e-05
2.61816,0.003117875069367371,9.540500796626812e-05
2.6208,0.002720844963928967,8.370436608071465e-05
2.62345,0.002700041412319645,8.355975451767447e-05
2.62609,0.004403906770255273,0.0001321979971751517
2.62873,0.004688350929522753,0.0001398481322048839
2.63138,0.002487837402885685,7.721761838343177e-05
2.63402,0.00407735190066593,0.0001228543061518686
2.63667,0.003862613831853497,0.0001169827128480559
2.63931,0.002693906562153163,8.404466403368191e-05
2.64195,0.004527334003884572,0.0001354040401623186
2.6446,0.001937461223640401,6.039773640975261e-05
2.64724,0.003674729467258604,0.0001111434709917399
2.64988,0.00222489039955605,6.993852631340615e-05
2.65253,0.004290160238623751,0.0001296135563707785
2.65517,0.003103728288013319,9.535778474344411e-05
2.65782,0.003803451442841286,0.0001152557849586781
2.66046,0.003230733421198669,9.915057935228884e-05
2.6631,0.003318876109877912,0.0001014281181706902
2.66575,0.003270577899556047,9.949785299721628e-05
2.66839,0.002102046892341842,6.639313147888788e-05
2.67103,0.002753996046059933,8.716069310259357e-05
2.67368,0.004101893590455047,0.0001284613820813193
2.67632,0.003307499167591565,0.0001067862503861736
2.67896,0.00306633317147614,9.882326507199102e-05
2.68161,0.003853404689234183,0.0001252358379154181
2.68425,0.003961359739178689,0.0001296653743300551
2.6869,0.003181993410099891,0.0001054040776688088
2.68954,0.003110156145948945,0.0001036288142212379
2.69218,0.003160576373473916,0.0001054299084463388
2.69483,0.002767794880688124,9.466432936135063e-05
2.69747,0.002004193743063264,6.960738415120879e-05
2.70011,0.002215946795227528,7.562125046837639e-05
2.70276,0.003509589830743622,0.0001202463587998966
2.7054,0.003268275041620422,0.0001114254372001854
2.70805,0.003605536140399557,0.0001237110039452135
2.71069,0.003185321795227526,0.0001091388612504686
2.71333,0.003630167105993342,0.0001251554507582979
2.71598,0.00196309940344062,7.069096006279851e-05
2.71862,0.00356326519145394,0.0001249177691016113
2.72126,0.003111747086570479,0.0001102023593433649
2.72391,0.003476502844062153,0.0001217809220756097
2.72655,0.003691623196448387,0.0001268243879907179
2.7292,0.001757803967813541,6.190770860339591e-05
2.73184,0.003194949847391784,0.000107841852013562
2.73448,0.003462468229744729,0.0001157322166156805
2.73713,0.004477025943396228,0.0001443684136027086
2.73977,0.003589004092674803,0.0001190897304983059
2.74241,0.00304265905937847,0.0001009296584894956
2.74506,0.002914916828523864,9.586732494572862e-05
2.7477,0.002534627081021091,8.452450100961504e-05
2.75035,0.003352409475582688,0.00010862061384395
2.75299,0.003203572974472809,0.000105146980513838
2.75563,0.00406378197835738,0.0001289772123658774
2.75828,0.002197636098779138,7.238026891273138e-05
2.76092,0.003336145255271919,0.0001088652565378811
2.76356,0.002988267203107658,9.682574453960024e-05
2.76621,0.003002324708657047,9.724322738259212e-05
2.76885,0.003413886168146505,0.0001102370133863595
2.77149,0.002760987028301887,8.984117803764638e-05
2.77414,0.002448150874028856,8.025580991188415e-05
2.77678,0.002907204772475028,9.366772374468169e-05
2.77943,0.002736335460599338,8.846085657498388e-05
2.78207,0.00231553052164262,7.593237131055837e-05
2.78471,0.002969729883462819,9.658304346465129e-05
2.78736,0.003327128399001112,0.0001068332433369791
2.79,0.003329266440066593,0.0001058992887395332
2.79264,0.003401765260821307,0.0001088812095401474
2.79529,0.001427556742508325,4.742842325200465e-05
2.79793,0.004019038776359603,0.000126492252561297
2.80058,0.002984410030521644,9.503338641285639e-05
2.80322,0.003716581506659265,0.0001183624251151915
2.80586,0.00407636528856826,0.0001288912644687898
2.80851,0.002663912180910097,8.575873983452675e-05
2.81115,0.002932252358490568,9.354155564248479e-05
2.81379,0.003861473848501663,0.0001213355541910214
2.81644,0.004065281354051051,0.0001281083309939172
2.81908,0.002300497849611545,7.455676967949593e-05
2.82173,0.003587960252497227,0.0001133472369253155
2.82437,0.003296735710321867,0.0001042009359691544
2.82701,0.002845618201997783,9.075610472107621e-05
2.82966,0.003662764220310767,0.0001159180120117024
2.8323,0.004093565760266371,0.000126948470244934
2.83494,0.002667361889567148,8.544432213537261e-05
2.83759,0.003431807713651499,0.0001074449757871179
2.84023,0.003892244242508324,0.0001217939337618643
2.84288,0.003767242092119867,0.0001190453621790543
2.84552,0.002121731062708102,6.780583448859478e-05
2.84816,0.001232560072142067,4.101536510315397e-05
2.85081,0.004151743826304104,0.0001293490671614269
2.85345,0.002554228842952274,8.188714166772957e-05
2.85609,0.002388592466703662,7.674481524034844e-05
2.85874,0.003075791828523864,9.754583677279072e-05
2.86138,0.00443910661764706,0.0001382498341089516
2.86402,0.002893744728079909,9.245116957999134e-05
2.86667,0.003120937916204219,9.919702990882442e-05
2.86931,0.003249756034961154,0.0001028233325759643
2.87196,0.003085630480022197,9.735154055727625e-05
2.8746,0.003881906562153164,0.0001225289468089194
2.87724,0.001860928967813539,6.071969345046584e-05
2.87989,0.002350288568257495,7.594872696067189e-05
2.88253,0.003336866329078801,0.0001056189712010205
2.88517,0.002761213651498335,8.896401764732603e-05
2.88782,0.00241592917591565,7.827748445619537e-05
2.89046,0.003535358490566036,0.0001102909658171104
2.89311,0.002532271573251941,8.187460744047816e-05
2.89575,0.002905451304106549,9.296579148009417e-05
2.89839,0.002434427580466146,7.7716374754378e-05
2.90104,0.002185833379578248,7.096706287289146e-05
2.90368,0.002715820338512764,8.614222905218694e-05
2.90632,0.002390281839622639,7.696234277076621e-05
2.90897,0.004552555563263042,0.0001415095798123357
2.91161,0.003527062708102108,0.0001111270098950408
2.91426,0.002412385613207547,7.720846837230232e-05
2.9169,0.004967701789678136,0.0001532585132140467
2.91954,0.002922372502774695,9.342786628092136e-05
2.92219,0.001893771018312988,6.07463504732291e-05
2.92483,0.003646103981687015,0.000114453432471948
2.92747,0.002691168770810211,8.578266022566544e-05
2.93012,0.004051720588235293,0.0001273594626655087
2.93276,0.003273409544950057,0.0001034344843276108
2.93541,0.002857652122641507,9.025194403265095e-05
2.93805,0.003292782394561598,0.0001036177485274624
2.94069,0.003146960668701445,9.917502295661363e-05
2.94334,0.002728934725305219,8.780072056524554e-05
2.94598,0.002790917314095451,8.79157188295675e-05
2.94862,0.002592775388457274,8.337778533225281e-05
2.95127,0.001444068188124306,4.749652895693713e-05
2.95391,0.003531787458379582,0.0001107999995397828
2.95655,0.003539845172031077,0.000110886743603986
2.9592,0.00321834468645949,0.0001003752904236145
2.96184,0.002281456922863485,7.372241113401374e-05
2.96449,0.002309725305216427,7.51309525082448e-05
2.96713,0.003119195893451721,9.872640798017558e-05
2.96977,0.00234904557436182,7.581346182996786e-05
2.97242,0.003251823113207548,0.0001025890844967601
2.97506,0.002643392480577138,8.540389023208807e-05
2.9777,0.002608142272475031,8.339895368151176e-05
2.98035,0.003125941939511654,9.874127337967252e-05
2.98299,0.002275070269145396,7.371359452221431e-05
2.98564,0.00215653260266371,6.938037416157865e-05
2.98828,0.004450082963374027,0.0001377382230855157
2.99092,0.00293426678690344,9.275779425738577e-05
2.99357,0.004311346073806883,0.0001336669287975555
2.99621,0.003731735502219755,0.0001174554377960965
2.99885,0.001871523029966704,6.079783983808035e-05
3.0015,0.003317825402330745,0.0001047062958273378
3.00414,0.003651151498335183,0.0001147296847151103
3.00679,0.002180547794117646,7.023218077095814e-05
3.00943,0.00199705396781354,6.49204667702472e-05
3.01207,0.001642667938401775,5.315180924386299e-05
3.01472,0.003081198737513873,9.810382072591555e-05
3.01736,0.003038142619311873,9.6648322878794e-05
3.02,0.002698789261931186,8.609292669623914e-05
3.02265,0.002723049389567147,8.676344158633268e-05
3.02529,0.002956434655937845,9.348914399673378e-05
3.02794,0.002815944298002219,8.985265431043197e-05
3.03058,0.001367826650943395,4.462702165909461e-05
3.03322,0.002590456506659265,8.306047909158007e-05
3.03587,0.001387142272475027,4.542042489640543e-05
3.03851,0.002607377705327415,8.243072330417142e-05
3.04115,0.001971438679245282,6.367988224897877e-05
3.0438,0.002355526082130965,7.529795379219241e-05
3.04644,0.001633206992230854,5.275983262276278e-05
3.04908,0.002159833518312987,6.973484951746227e-05
3.05173,0.00316042758046615,9.938453007065872e-05
3.05437,0.002623493132630409,8.357803229517625e-05
3.05702,0.00218009683684795,6.965059904979051e-05
3.05966,0.003657666342952274,0.0001124457687681099
3.0623,0.003304509572697007,0.0001037040955578965
3.06495,0.002588851831298557,8.186541418441409e-05
3.06759,0.003345226206992231,0.0001043817693202746
3.07023,0.003879061182019978,0.0001201753932921554
3.07288,0.003737852039400666,0.0001161529085685051
3.07552,0.003581493479467258,0.0001120845330754021
3.07817,0.002033764636514984,6.561731597378786e-05
3.08081,0.003360696101553829,0.0001045950303562173
3.08345,0.002304547308546063,7.352023611402425e-05
3.0861,0.002083026567702554,6.654046696375888e-05
3.08874,0.002826071379023304,8.902123457013914e-05
3.09138,0.002069676401220866,6.634357879450076e-05
3.09403,0.002817496323529411,8.893938010461067e-05
3.09667,0.002935148099334073,9.315309282192162e-05
3.09932,0.002243569644839069,7.100260109651028e-05
3.10196,0.002196860086015542,7.012053945755447e-05
3.1046,0.001690746392896782,5.441274395031733e-05
3.10725,0.004096335599334076,0.0001259969573114217
3.10989,0.002894353634850167,9.150854679824281e-05
3.11253,0.002968377011653718,9.315244534884007e-05
3.11518,0.003333082408435072,0.0001041799666263207
3.11782,0.002856244311875692,8.970182676467431e-05
3.12047,0.00366482443118757,0.0001134025271068881
3.12311,0.002413310418978913,7.696018523062138e-05
3.12575,0.00330034107935627,0.0001026169776247252
3.1284,0.002837782533296339,8.97161348346223e-05
3.13104,0.002559633462819091,8.11997734958013e-05
3.13368,0.003164554869589346,0.0001000812075870195
3.13633,0.00276040330188679,8.689337535855069e-05
3.13897,0.002217150874028859,7.049602519370857e-05
3.14161,0.002493127566592676,7.967282351209958e-05
3.14426,0.002730413498890122,8.708529340546927e-05
3.1469,0.003278207547169811,0.0001026367997331065
3.14955,0.001471736820199777,4.775470176563101e-05
3.15219,0.0025423528718091,8.043597309322674e-05
3.15483,0.003389085807436182,0.0001054977542034026
3.15748,0.002830908296337403,8.929845275508405e-05
3.16012,0.002709939581021085,8.573928586215125e-05
3.16276,0.003210415163706993,0.0001009482243003158
3.16541,0.003008546545504996,9.505994027210818e-05
3.16805,0.004323322766370701,0.0001324731938211382
3.1707,0.003491041065482798,0.0001088915805261677
3.17334,0.003184042175360714,9.924213870754925e-05
3.17598,0.002540269769700332,8.079587041555459e-05
3.17863,0.001909998612652611,6.123806345986849e-05
3.18127,0.003239759433962268,0.0001011967942042831
3.18391,0.003434250208102108,0.0001068705113363956
3.18656,0.002662099195338516,8.385506204317779e-05
3.1892,0.002582581922863485,8.237764999713919e-05
3.19185,0.003573394561598227,0.0001108768903723959
3.19449,0.003522901082130966,0.0001094907255425448
3.19713,0.001623968091009989,5.251869626465643e-05
3.19978,0.001909671268035518,6.095832052408275e-05
3.20242,0.002388185002774694,7.565840308037995e-05
3.20506,0.00252970775527192,7.967269343375954e-05
3.20771,0.002702248127081021,8.477487958446085e-05
3.21035,0.003423056395671476,0.0001060349001650174
3.213,0.002243301817425084,7.105541488092224e-05
3.21564,0.00218665517480577,6.851688280457248e-05
3.21828,0.002411607311320754,7.594711933692773e-05
3.22093,0.00269898612652608,8.456008959500533e-05
3.22357,0.001810978010543839,5.791367088765169e-05
3.22621,0.004377948113207547,0.0001323937391682639
3.22886,0.00188071157047725,5.963384153982324e-05
3.2315,0.003394646087680355,0.0001077489708511805
3.23414,0.002682069506104332,8.785842546143644e-05
3.23679,0.004223597114317425,0.0001352552254990574
3.23943,0.001650849264705883,5.609218139454771e-05
3.24208,0.002715527330743617,9.177068533971426e-05
3.24472,0.00199080237236404,6.902330238166889e-05
3.24736,0.002333207130965593,7.995571797463058e-05
3.25001,0.002919046406770257,0.0001004669889957115
3.25265,0.004344254508879021,0.000147516267624329
3.25529,0.002098713928967813,7.525187046143657e-05
3.25794,0.003249250138734736,0.0001129491203727945
3.26058,0.003317754439511654,0.000115965649712471
3.26323,0.003229849819644839,0.0001134294406682145
3.26587,0.002902610502219757,0.0001036412153247817
3.26851,0.003469099819644838,0.0001239415307748126
3.27116,0.003270660307991124,0.0001167635332022873
3.2738,0.004098624722530519,0.0001446916351761279
3.27644,0.003496953870699222,0.0001260615555576297
3.27909,0.002160135682574917,8.052165838542278e-05
3.28173,0.003123513179800223,0.0001134068585960805
3.28438,0.003872908018867928,0.0001415545407416675
3.28702,0.002291087264150944,8.332729653177907e-05
3.28966,0.00474889823806881,0.0001631698052144058
3.29231,0.002285277469478361,8.102540230722514e-05
3.29495,0.002313003329633742,8.127066660724122e-05
3.29759,0.004201209489456163,0.0001416514950585634
3.30024,0.002399658088235295,8.322931510916295e-05
3.30288,0.002287388041065483,7.944744524248799e-05
3.30553,0.003542674528301885,0.0001194490281663459
3.30817,0.002764853357380689,9.439282144100754e-05
3.31081,0.002110480022197556,7.316893855166709e-05
3.31346,0.003686516162597115,0.0001240011755758905
3.3161,0.002166726068257494,7.444202900447966e-05
3.31874,0.003405755202552717,0.000114753544834906
3.32139,0.002449373265815763,8.34620274679086e-05
3.32403,0.003272347391786905,0.0001102339616004997
3.32667,0.00243118389289678,8.23181101962645e-05
3.32932,0.002657019630965594,8.971891938232539e-05
3.33196,0.004438744936182019,0.0001458225305463066
3.33461,0.002645775457824639,8.973441411148915e-05
3.33725,0.001839914816870147,6.318990052609146e-05
3.33989,0.002710761376248615,9.133011897487754e-05
3.34254,0.002920529758601553,9.681144018635501e-05
3.34518,0.002933889081576024,9.810668655589772e-05
3.34782,0.003296115357935628,0.0001089023244536556
3.35047,0.002318991675915651,7.773608897278437e-05
3.35311,0.002491399278579355,8.326596189689639e-05
3.35576,0.001923101553829077,6.527926593263913e-05
3.3584,0.002063399625416205,6.949118739243752e-05
3.36104,0.003046507075471697,0.0001004141116793093
3.36369,0.00273067903718091,9.137697695183997e-05
3.36633,0.001278511931187568,4.368188215807974e-05
3.36897,0.002318815413429522,7.787314697054827e-05
3.37162,0.003975321101553832,0.0001274339999631566
3.37426,0.001846834836293008,6.261762654564695e-05
3.37691,0.00130874667036626,4.48782094130322e-05
3.37955,0.001697931950610436,5.721078791333341e-05
3.38219,0.003090668840177582,0.0001011857046176545
3.38484,0.001968911487236404,6.597900136125487e-05
3.38748,0.002121000832408436,7.10516140468452e-05
3.39012,0.002834426678690345,9.423953238644998e-05
3.39277,0.002542636723085459,8.432288806184197e-05
3.39541,0.002980964900110987,9.76432229425332e-05
3.39806,0.003687015191453939,0.0001201923461669081
3.4007,0.003737684933407325,0.0001215026038023763
3.40334,0.002670342327968923,8.863267127030251e-05
3.40599,0.002460239733629302,8.186718407752379e-05
3.40863,0.004831647752497221,0.0001524995220750903
3.41127,0.002136770602108767,7.13996209985124e-05
3.41392,0.002786490149833521,9.181166632854863e-05
3.41656,0.003228970796337403,0.0001055656163068056
3.41921,0.001819978842952276,6.12218998070471e-05
3.42185,0.003328417175360713,0.0001081722819410465
3.42449,0.003015038498890122,9.934241354710327e-05
3.42714,0.002519347183684796,8.278097136178474e-05
3.42978,0.004785169395116538,0.0001517900568955922
3.43242,0.003543583310210877,0.0001153124281628953
3.43507,0.004111773446170921,0.0001322701684188893
3.43771,0.002600640815760265,8.602476136573755e-05
3.44035,0.003034912666481688,9.897029750832429e-05
3.443,0.00289459628190899,9.50814357359461e-05
3.44564,0.001713839067702553,5.767584896607084e-05
3.44829,0.002090058754162044,6.897820809844351e-05
3.45093,0.00407889019145394,0.0001302569444138353
3.45357,0.003551792105993339,0.0001144001044575426
3.45622,0.003063886098779134,9.97369692688243e-05
3.45886,0.002864915510543844,9.410623044904245e-05
3.4615,0.00294109295227525,9.505691245538457e-05
3.46415,0.003071064789123197,9.951002853668194e-05
3.46679,0.001736222114317422,5.785083577741391e-05
3.46944,0.002881472738623751,9.402809157727597e-05
3.47208,0.002669323668146504,8.730573193995913e-05
3.47472,0.00226672641509434,7.47278211198622e-05
3.47737,0.002188935141509435,7.187035546931666e-05
3.48001,0.003524345518867924,0.0001122482810226697
3.48265,0.002594698251942286,8.407659445168338e-05
3.4853,0.001972505410654827,6.488530550196177e-05
3.48794,0.003864754162042175,0.000123351654360401
3.49059,0.001946304106548279,6.446084712586054e-05
3.49323,0.003191291828523864,0.00010168381979107
3.49587,0.001835190066592672,5.990027698443592e-05
3.49852,0.002897970449500555,9.391554861044384e-05
3.50116,0.002313781631520535,7.589473718681679e-05
3.5038,0.002605148099334074,8.467975583503075e-05
3.50645,0.001647424736403994,5.45064190353542e-05
3.50909,0.003414485918423972,0.0001091143491681085
3.51174,0.002529275110987791,8.20221744806506e-05
3.51438,0.00308907789955605,9.995560171452315e-05
3.51702,0.003401190690899002,0.0001082541725013005
3.51967,0.003098135960044398,0.0001000236018454739
3.52231,0.0007280876803551617,2.454893235301842e-05
3.52495,0.002867767758046617,9.327944022164176e-05
3.5276,0.002589559170366262,8.366428175225791e-05
3.53024,0.002572150388457268,8.317616941775e-05
3.53288,0.001470125277469478,4.876209069007127e-05
3.53553,0.003372878815205327,0.0001082557018344968
3.53817,0.003462877982796894,0.0001109196807579355
3.54082,0.002957567771920089,9.494384189744266e-05
3.54346,0.002644976553829078,8.57104110531858e-05
3.5461,0.00381856423418424,0.0001221054799762588
3.54875,0.002196255757491673,7.188351457550938e-05
3.55139,0.002067105715871252,6.765631096644123e-05
3.55403,0.00433596101553829,0.000136375184036486
3.55668,0.00312869575471698,9.990787412125295e-05
3.55932,0.004291838165926748,0.0001350673492225284
3.56197,0.002480768590455049,8.048936467898094e-05
3.56461,0.003606538776359601,0.0001142832243295027
3.56725,0.002290945338512764,7.49632102073785e-05
3.5699,0.002545564511653718,8.299626091648432e-05
3.57254,0.003082661487236406,9.822588786614726e-05
3.57518,0.002163757075471695,7.051195111160911e-05
3.57783,0.001994895324639287,6.562615724081135e-05
3.58047,0.002148126942286351,7.042074062904192e-05
3.58312,0.003338960876803549,0.0001067599290150307
3.58576,0.003432780591009988,0.0001091117286867496
3.5884,0.001548912319644838,5.133175375093211e-05
3.59105,0.002909384017758049,9.369545837287942e-05
3.59369,0.003891449916759157,0.0001230218842287397
3.59633,0.001757794811320753,5.76608671050463e-05
3.59898,0.001964939858490565,6.424829491799596e-05
3.60162,0.003719742785793563,0.0001185464411573455
3.60427,0.001443903371254162,4.815759144655626e-05
3.60691,0.003620555077691454,0.0001146421603060157
3.60955,0.002727558962264148,8.810676905231001e-05
3.6122,0.002440937846836848,7.954255453005324e-05
3.61484,0.002875706437291897,9.336339240904224e-05
3.61748,0.003008411487236407,9.625598443802461e-05
3.62013,0.003286011168146503,0.00010481193946629
3.62277,0.003708651983906771,0.0001176701028189213
3.62541,0.001370340108213095,4.538362217658718e-05
3.62806,0.002040146711986678,6.725007646988685e-05
3.6307,0.001144772197558266,3.823927415783551e-05
3.63335,0.001362584558823526,4.555238367860342e-05
3.63599,0.004222848571032188,0.0001327734405143892
3.63863,0.003232866884017756,0.0001034495188837621
3.64128,0.002905137694228634,9.363354840132605e-05
3.64392,0.002526493826304111,8.201297960992118e-05
3.64656,0.003237026220865705,0.0001034109987175269
3.64921,0.004071011029411762,0.0001289633031624555
3.65185,0.002651058754162044,8.59121631175788e-05
3.6545,0.002793751248612653,8.995504648671261e-05
3.65714,0.001858298765260822,6.104853590673961e-05
3.65978,0.003985146018312983,0.0001258707963983434
3.66243,0.002960967119866812,9.526826875968497e-05
3.66507,0.002383023029966705,7.752228566402396e-05
3.66771,0.00187515357935627,6.163038987570772e-05
3.67036,0.00309531118201998,9.892794655795967e-05
3.673,0.002838956853496115,9.133592049379621e-05
3.67565,0.002122985502219754,6.898352225534809e-05
3.67829,0.00253709246670366,8.181513342261157e-05
3.68093,0.002868829911209768,9.267947088719511e-05
3.68358,0.002483128676470589,7.968455309442697e-05
3.68622,0.002729005688124307,8.819346003806649e-05
3.68886,0.003404523654273031,0.0001072636040108978
3.69151,0.003094869381243067,9.871280098114442e-05
3.69415,0.002098127913429524,6.78721397310088e-05
3.6968,0.003273102802441732,0.000102914222621131
3.69944,0.002948873682019976,9.452116299077821e-05
3.70208,0.002046164816870143,6.601066836484996e-05
3.70473,0.002116960529966702,6.854621908890195e-05
3.70737,0.001990074431187567,6.397499482695818e-05
3.71001,0.003060617230854606,9.634012726909358e-05
3.71266,0.002503288984461711,7.999281029718917e-05
3.7153,0.003881544880688127,0.00012185687638713
3.71794,0.003158342189234186,9.995666828356408e-05
3.72059,0.001955881798002218,6.348282604566008e-05
3.72323,0.00216692064372919,6.970537575702608e-05
3.72588,0.003335488276914542,0.0001053968193837175
3.72852,0.002988150457824637,9.460415235063428e-05
3.73116,0.002416576997780248,7.706571114375729e-05
3.73381,0.002659402608213099,8.515266058983637e-05
3.73645,0.002446564511653719,7.793737308908893e-05
3.73909,0.002030294325749165,6.600427488056066e-05
3.74174,0.0006948244311875723,2.293359686698433e-05
3.74438,0.001088537597114317,3.585763001285939e-05
3.74703,0.002001877150388457,6.517242377191436e-05
3.74967,0.002254985502219755,7.293595636953086e-05
3.75231,0.003377761514983356,0.0001051003558174925
3.75496,0.002046769145394008,6.607473359493449e-05
3.7576,0.003090980160932295,9.729988566328371e-05
3.76024,0.001644119242508324,5.368969095761896e-05
3.76289,0.002338442355715871,7.485338274369582e-05
3.76553,0.00250647773307436,8.027846715586557e-05
3.76818,0.003041908226970035,9.635312093426478e-05
3.77082,0.002559720449500557,8.133626003497211e-05
3.77346,0.00196969894561598,6.377362095262855e-05
3.77611,0.004539926470588236,0.000139603758217641
3.77875,0.00337415843507214,0.0001059622815162438
3.78139,0.003739170574361818,0.0001169901233080462
3.78404,0.003528658226970033,0.0001106574629779729
3.78668,0.001120727247502774,3.67994201891666e-05
3.78933,0.00331908442008879,0.0001042400298408444
3.79197,0.002907447419533851,9.536701774757173e-05
3.79461,0.00267959954217536,8.967964863679412e-05
3.79726,0.002875120421753607,9.63350699805792e-05
3.7999,0.002256345241398447,7.810086843269276e-05
3.80254,0.002503293562708101,8.682218363814099e-05
3.80519,0.0004680181048834618,1.714279279947709e-05
3.80783,0.001542511931187567,5.548090532976301e-05
3.81047,0.002352845518867927,8.422507977042848e-05
3.81312,0.001466812916204217,5.461349766862461e-05
3.81576,0.003039951026637069,0.0001089921080178433
3.81841,0.003067017619311876,0.0001098001479791588
3.82105,0.002670012694228638,9.837517805059728e-05
3.82369,0.003845971906215316,0.0001380587464609412
3.82634,0.002788964692008878,0.0001027434503344911
3.82898,0.004129598848501665,0.0001493314306934326
3.83162,0.002721978079911211,0.0001017638207085289
3.83427,0.002855935280244171,0.0001073247765505977
3.83691,0.003938202968923421,0.0001466811489004468
3.83956,0.003935261445615981,0.0001467350901865798
3.8422,0.002596838582130964,9.983412876530573e-05
3.84484,0.003340448806881244,0.000127243151009887
3.84749,0.002660936320754716,0.0001001964942756679
3.85013,0.003785525319089903,0.0001360911927124105
3.85277,0.001521843437846838,5.618765502646997e-05
3.85542,0.002938668770810212,0.0001058885273081027
3.85806,0.003294359600443953,0.0001166413648633016
3.86071,0.002669786071032185,9.501654253827728e-05
3.86335,0.002423391717536072,8.602052719573248e-05
3.86599,0.001491411834073253,5.362148484521817e-05
3.86864,0.003425073113207546,0.0001180304736887727
3.87128,0.002015273099334075,7.182903221843433e-05
3.87392,0.002951810627081018,0.0001024912667794335
3.87657,0.003295978010543838,0.0001137215686797435
3.87921,0.002905336847946728,0.0001009800116841701
3.88186,0.002878551817425083,9.98403868732873e-05
3.8845,0.002355986195893453,8.263133502080564e-05
3.88714,0.002515052788568258,8.701292371149262e-05
3.88979,0.002977336639844618,0.0001030303458314832
3.89243,0.002312607311320755,8.070621312201996e-05
3.89507,0.001936875208102107,6.716135079622805e-05
3.89772,0.00171265559100999,5.957448406499932e-05
3.90036,0.001661209836293008,5.762685456882321e-05
3.903,0.00307661362375139,0.0001035344465186618
3.90565,0.002280451997780247,7.793131955653183e-05
3.90829,0.00183588824916759,6.308128113968716e-05
3.91094,0.00196589671198668,6.768309648996482e-05
3.91358,0.00294662118479467,9.880625736597089e-05
3.91622,0.002339335113762485,7.890845105880153e-05
3.91887,0.00225091773029967,7.686668557497772e-05
3.92151,0.002139384780799111,7.237489094162796e-05
3.92415,0.00239723619589345,8.065122842927435e-05
3.9268,0.002149729328523862,7.297663623609265e-05
3.92944,0.001704325471698116,5.781612144244328e-05
3.93209,0.002688522544395118,8.965504318699221e-05
3.93473,0.001774496254162042,5.972686803418171e-05
3.93737,0.00315028905382908,0.0001034637582260473
3.94002,0.003267437222530522,0.0001073470760073168
3.94266,0.002202459281354055,7.395967685157207e-05
3.9453,0.001523244381243067,5.179764313084706e-05
3.94795,0.002775962472253055,9.182610856553781e-05
3.95059,0.001657316037735847,5.634340780849774e-05
3.95324,0.002174857033851278,7.331968366065964e-05
3.95588,0.001493101206992231,5.087409838135799e-05
3.95852,0.002492449986126527,8.33208959776477e-05
3.96117,0.002110942425083241,7.123491660120144e-05
3.96381,0.002540063748612651,8.443788334773414e-05
3.96645,0.002393349264705885,7.968640868263616e-05
3.9691,0.001807686251387346,6.100594026727503e-05
3.97174,0.003008143659822422,9.972868450959883e-05
3.97439,0.002597053759711428,8.688626348131372e-05
3.97703,0.002292451581576026,7.591050201803207e-05
3.97967,0.00200433566870144,6.725688524899658e-05
3.98232,0.001686916689789123,5.684554213350704e-05
3.98496,0.00308881465038846,0.0001015244330368288
3.9876,0.003201341079356271,0.0001047914155205419
3.99025,0.001127862444506104,3.853992010118461e-05
3.99289,0.004462201581576028,0.0001438573157388288
