0.0431807,56.27990013179801,0.4023397672560228
0.0458244,48.53480631243063,0.358861395332874
0.0484682,42.4569086154273,0.3312142501879071
0.0511119,37.20818719478358,0.3207628290086861
0.0537556,32.65506919395117,0.2818843459121455
0.0563993,28.82078829772475,0.2721818940720945
0.059043,25.70108865982242,0.2404006779736678
0.0616867,22.9099769304939,0.2340684439520013
0.0643304,20.64785508670921,0.2170911121024384
0.0669742,18.78552615982242,0.1984946795531181
0.0696179,16.9921732304384,0.192181735412989
0.0722616,15.35902804453385,0.1714406114347577
0.07490529999999999,13.9847338422586,0.1629822099171896
0.07754900000000001,12.81173570269146,0.1543976634992083
0.08019270000000001,11.65878279689234,0.1412339340135074
0.08283649999999999,10.69647999722531,0.1368025468015667
0.08548020000000001,9.905062212819091,0.1262172909965348
0.08812390000000001,8.969894862652609,0.1242349817748672
0.0907676,8.350253661209768,0.1188291924973986
0.0934113,7.750927581159823,0.1129015309675599
0.096055,7.137806695338513,0.1093573030793814
0.0986987,6.623988225582687,0.1013435245290595
0.101342,6.115033593229746,0.09699840720334969
0.103986,5.729549916759157,0.08932105139061808
0.10663,5.303935781770256,0.08624846430990511
0.109274,4.937634957685905,0.08259122351223368
0.111917,4.644804023307437,0.07730100811719018
0.114561,4.374122988346282,0.07342805036250839
0.117205,4.044731414400666,0.0690600212752806
0.119848,3.849473005688125,0.06624965379962275
0.122492,3.614332554106548,0.06176361374743555
0.125136,3.36667817563818,0.05911806275107565
0.12778,3.139156704356271,0.05546966824795541
0.130423,2.935117035932298,0.0527554892775617
0.133067,2.795572131659267,0.05090458857642737
0.135711,2.666402769839068,0.04743420684989375
0.138354,2.517398132630411,0.04586374398529061
0.140998,2.350881908990011,0.04294874560061139
0.143642,2.216132694922309,0.04075839510954524
0.146286,2.120619166897892,0.03856585673963357
0.148929,2.019722788568258,0.03683106912909755
0.151573,1.875896697419534,0.03532433475422044
0.154217,1.805542350166482,0.03344988996111215
0.15686,1.697651372780244,0.03191624124330438
0.159504,1.607764166204217,0.03010012633557249
0.162148,1.542606929800222,0.02905910354495464
0.164792,1.467873123612653,0.02823354910636471
0.167435,1.388097019977802,0.02628584642421187
0.170079,1.331286521920089,0.02544130107174065
0.172723,1.265706438679245,0.02415997506830094
0.175366,1.203416947142064,0.02328261902351408
0.17801,1.155815751942286,0.02226720398411992
0.180654,1.09664791481687,0.02113567373515669
0.183298,1.034107306465039,0.02024835367477969
0.185941,0.9838695220588237,0.01919103261224425
0.188585,0.9542895865704772,0.01867329806622912
0.191229,0.9117245997502775,0.01797408959236606
0.193872,0.8713504640677026,0.01715375042776538
0.196516,0.8410974347946725,0.01670232536691017
0.19916,0.7958711820199778,0.01586539417910044
0.201804,0.7722609593507215,0.0157226422015025
0.204447,0.7558734926470589,0.01513334777649546
0.207091,0.7052039109322975,0.0141409271694051
0.209735,0.6840129023307436,0.01376425312317719
0.212378,0.6523395407880133,0.01324343955700921
0.215022,0.6373012375138736,0.01290395864862119
0.217666,0.6043636847946726,0.01243246569081831
0.22031,0.5825610224750278,0.01215921819959915
0.222953,0.5554375679800222,0.0114774996700148
0.225597,0.5494860765815761,0.01124309234643308
0.228241,0.524613036209767,0.0109360334369942
0.230885,0.4934168881798002,0.01036908321741794
0.233528,0.4965296836847947,0.01045659428931035
0.236172,0.4863666863207548,0.01021145855385377
0.238816,0.4615475090177581,0.009753159957575187
0.241459,0.4579486182019978,0.009607908869613503
0.244103,0.4285809531076581,0.008996107309779752
0.246747,0.4038967425083242,0.008670560500105118
0.249391,0.4088634531076581,0.008759462193285383
0.252034,0.394062577691454,0.008530262970186652
0.254678,0.3679823224195339,0.007967043957165555
0.257322,0.3648773099334073,0.00790455473602839
0.259965,0.3552951775804662,0.007708554317549052
0.262609,0.3380931263873475,0.007411380672894004
0.265253,0.3344836598224195,0.007416344120167011
0.267897,0.3161429987513873,0.00698890768010105
0.27054,0.3147882269700333,0.006944587874753431
0.273184,0.3140554099611543,0.006841482485589995
0.275828,0.2964236445615983,0.006543738183652155
0.278471,0.29779027400111,0.006636006682963762
0.281115,0.2950992265538291,0.006563931304828956
0.283759,0.2754153995560489,0.00623722555898269
0.286403,0.2634623307436182,0.005893954831705168
0.289046,0.2664711771642619,0.005998460726437249
0.29169,0.2602943444783574,0.005851575451654451
0.294334,0.2537214934794673,0.005778157413687754
0.296977,0.2458610793562709,0.005629182267090496
0.299621,0.2299424937569367,0.005292302059827701
0.302265,0.2329298910932298,0.005341928220817042
0.304909,0.2202779071864595,0.005099393747608416
0.307552,0.2172274445061043,0.005082752133087507
0.310196,0.208552880826859,0.004889886782064408
0.31284,0.2168819471420644,0.004993005335921699
0.315483,0.2038094055216426,0.004778905422672055
0.318127,0.2043984587264151,0.004751307987202758
0.320771,0.2029985660377358,0.004706710169087196
0.323415,0.1973193292175361,0.004619207969582818
0.326058,0.1875451394284129,0.004418951460702229
0.328702,0.1903504370144284,0.004520479823650581
0.331346,0.1833628220726971,0.004339386451492812
0.333989,0.1806572776082131,0.004265551168854103
0.336633,0.1741475423140954,0.004113483711327239
0.339277,0.1685763200610433,0.00401200647888455
0.341921,0.16611375,0.004019015969185421
0.344564,0.1644865794256382,0.003948661927223665
0.347208,0.1590500423140955,0.003860630924888973
0.349852,0.1553620130410654,0.003761909481678104
0.352495,0.1620958145810211,0.003874820902724902
0.355139,0.1503906555216426,0.003665635814114585
0.357783,0.1508093842258602,0.00367621043483983
0.360427,0.145871360918424,0.00357745779834952
0.36307,0.1481349993063263,0.003575442680552422
0.365714,0.1369347887763596,0.003398936160475381
0.368358,0.1390255457130966,0.00338610071197835
0.371001,0.1408029422863485,0.003436884708280859
0.373645,0.1305439574084351,0.003264942543062903
0.376289,0.1355030635405106,0.003314662432978636
0.378933,0.1309175354467259,0.003251261139424554
0.381576,0.1283607519422864,0.003145354579256979
0.38422,0.1249873901220866,0.003117558419581481
0.386864,0.1250694506104329,0.003093170828575987
0.389507,0.1223296539955605,0.003061314284859781
0.392151,0.1219056946448391,0.003069503868929643
0.394795,0.1223320942008879,0.003018608350281881
0.397439,0.116800411972808,0.002931899160092491
0.400082,0.1183851650943396,0.002933601999908672
0.402726,0.1160450631243063,0.002905806671160454
0.40537,0.1152677409822419,0.002885979991171898
0.408013,0.1083732040788013,0.002727230224392054
0.410657,0.1070602545782464,0.002736552653603901
0.413301,0.111234761445616,0.002777600458186599
0.415945,0.1078725110294118,0.002735134204410789
0.418588,0.1058716983213097,0.002701930344403982
0.421232,0.09949373869311876,0.00257568914899492
0.423876,0.1015489569922309,0.00265148717584017
0.426519,0.09462193285238624,0.002535976134602196
0.429163,0.09675267161487237,0.002648868775084619
0.431807,0.1016992356409545,0.002789737545134802
0.434451,0.09687164421476138,0.002742770790977363
0.437094,0.09683717459766925,0.002806828911386156
0.439738,0.09809665933684794,0.002837046552697836
0.442382,0.08945587167036625,0.002715799638382876
0.445025,0.09325009565760267,0.002790400492487507
0.447669,0.08967384427025528,0.002737034884763748
0.450313,0.09000333837402885,0.002784846526511171
0.452957,0.09239746136237514,0.002796530949442405
0.4556,0.08679321621809102,0.002665505003761163
0.458244,0.08560846906215318,0.002599027828770713
0.460888,0.08864072176748058,0.002677016314254164
0.463531,0.08334930133185349,0.002595124440388381
0.466175,0.08614774070477246,0.002620334532140154
0.468819,0.08317024840455051,0.002613149485982081
0.471463,0.07929521150110989,0.002460839345164155
0.474106,0.08181721177857935,0.002570253805570672
0.47675,0.08693518992785794,0.002674346585272121
0.479394,0.07893101657880133,0.002512664266582411
0.482037,0.0776307648446171,0.002514261572905647
0.484681,0.08124121802164264,0.002465945411616068
0.487325,0.07410527476415095,0.002315151038759114
0.489969,0.07399967751109879,0.002255029115780509
0.492612,0.07600897828801334,0.002297393578639625
0.495256,0.07225261410932297,0.002177327311651427
0.4979,0.0727361845172031,0.002162325808297383
0.500543,0.07123073577968923,0.002116526671865508
0.5031870000000001,0.07900405105438403,0.002253699097937748
0.505831,0.07199059649001109,0.002115946640291263
0.508475,0.06928404481132075,0.002050513134299303
0.511118,0.07100075215038845,0.002054952646007082
0.5137620000000001,0.07023637271087681,0.002041769447327857
0.516406,0.06961245615982241,0.002008382878949111
0.519049,0.06853336806326303,0.001996928793186675
0.521693,0.06783152518035518,0.00195439446947482
0.5243370000000001,0.07041303579356271,0.002004633852153379
0.526981,0.06816641932574917,0.001962200039932422
0.529624,0.06851569603218645,0.001941307911199961
0.532268,0.06803248272752498,0.001938508318414601
0.5349120000000001,0.06222731208379578,0.001803382415835031
0.537555,0.06410173085460599,0.001839510671149662
0.540199,0.0595934858490566,0.001755373373169608
0.542843,0.06169287964761376,0.001787275208229166
0.5454870000000001,0.06245442057436183,0.001796254963957176
0.54813,0.06191737395948946,0.001748151411390598
0.550774,0.06377699812708103,0.00180674442126799
0.553418,0.05862941245837958,0.001687526001537737
0.556061,0.05825606562153164,0.001680804199113033
0.558705,0.05953466453940066,0.001715612485979614
0.561349,0.05931332692841287,0.001669792044111675
0.563993,0.06068836889567148,0.001711627722557979
0.566636,0.05871131270810211,0.001659575632910362
0.56928,0.05917057720588236,0.001679739764252993
0.571924,0.05715285932297447,0.001630778872644737
0.574567,0.06143409884850168,0.001707994354197511
0.577211,0.05633631534406216,0.001603298673102638
0.579855,0.0546103027192009,0.001550728422820534
0.582499,0.05683620720033295,0.00160939623001832
0.5851420000000001,0.05581525596559378,0.001575862537968562
0.587786,0.06023595116537182,0.001676834285853599
0.59043,0.0556456731409545,0.001573594474070569
0.593073,0.05702962208657049,0.001575390073372766
0.5957170000000001,0.05243116044672587,0.001491074545306535
0.598361,0.05612453024417314,0.001567098269572855
0.601005,0.05611484725305217,0.001554575505019351
0.603648,0.05009476685627081,0.00142879239404353
0.6062920000000001,0.05164391953385127,0.001456997419266804
0.608936,0.05364947530521644,0.001494547445359869
0.611579,0.04998797010266372,0.001408842086714098
0.614223,0.05131148619589346,0.001434615270343206
0.6168670000000001,0.05030633448945616,0.001412530305687893
0.619511,0.05040775180355162,0.001404813043591445
0.622154,0.0545998551609323,0.001489776304349186
0.624798,0.04681582907880133,0.00132633734820549
0.6274420000000001,0.05245091329078801,0.001429420221915144
0.630085,0.04932239608768036,0.001378083029348657
0.632729,0.04959873217258602,0.001373118756835698
0.635373,0.04845468562708102,0.001349082414827504
0.6380169999999999,0.0472505953801332,0.001314558492733238
0.64066,0.04908665302441732,0.001359562548304011
0.643304,0.04792949895948947,0.001336801849032907
0.645948,0.05094668007769146,0.001387802848726706
0.6485919999999999,0.05131322135127637,0.001390511662215003
0.651235,0.0482062333518313,0.001340938300218405
0.653879,0.04857575506381799,0.001343592465718478
0.656523,0.04866151706437292,0.001337303956985721
0.659166,0.0449401329772475,0.001265515535649075
0.66181,0.04481145907325194,0.001245255723141181
0.664454,0.0490166012763596,0.001341334646934302
0.667098,0.04587447294672587,0.001283707508499261
0.669741,0.04569891093229745,0.001277265979063623
0.672385,0.04793284107935628,0.001311806799666986
0.675029,0.04551913464206436,0.001256311147606849
0.6776720000000001,0.04496077171198668,0.00124118297170498
0.680316,0.04622701394284129,0.001269825878601197
0.68296,0.04745003752774695,0.001281292382381379
0.685604,0.04567088290788014,0.001257880625853024
0.6882470000000001,0.04534489574084351,0.001241682672311879
0.690891,0.04510729390954495,0.001239305772513531
0.693535,0.04294498355993341,0.00118920114604827
0.696178,0.0446966984600444,0.001223843276371982
0.6988220000000001,0.04664674986126525,0.001265583384752494
0.701466,0.04094153607103219,0.001142717452861062
0.70411,0.04284789955604884,0.001187782110830484
0.706753,0.04516122107380687,0.001216998890335709
0.7093970000000001,0.04407708088235295,0.00120132591762985
0.712041,0.04164152018590456,0.00115435533765661
0.714684,0.0449003663290788,0.001210071224371151
0.717328,0.04223485176193119,0.001157515022037873
0.7199719999999999,0.04519460106825749,0.001214441321454437
0.722616,0.04263502941176471,0.001158131421072422
0.725259,0.04080012090732519,0.001124745903356277
0.727903,0.04107588242230855,0.001114570244987488
0.7305469999999999,0.04162512548557159,0.001141424219385453
0.73319,0.04166914532463929,0.001137304451489521
0.735834,0.04089261521920089,0.001112706893336247
0.738478,0.04365484981964485,0.001161214550843273
0.7411219999999999,0.04113714622641509,0.001115881405209803
0.743765,0.04207711972807992,0.001140087212914001
0.746409,0.03984904057991121,0.001077030464150632
0.749053,0.03977718729189789,0.0010875385198718
0.751696,0.03887508504439512,0.001057937029123625
0.75434,0.04009040344062154,0.001091493330041375
0.756984,0.04002841169533851,0.001073273544546447
0.759628,0.0398889445754717,0.001078055771336904
0.762271,0.03916898786071033,0.001060846099328295
0.764915,0.03977680729744729,0.001065943556648342
0.767559,0.03730531194506104,0.001030490537158115
0.7702020000000001,0.04004191294395117,0.001068044747769531
0.772846,0.03963028052164261,0.001057893901499089
0.77549,0.04295869082963374,0.001129748032156436
0.778134,0.04002132685904551,0.001060030234326626
0.7807770000000001,0.03759285786625972,0.001021497921850743
0.783421,0.03802235002774695,0.001022681892621567
0.786065,0.03728306624583796,0.001009469933415832
0.788708,0.03767962708102109,0.001017512773604137
0.7913520000000001,0.04189973786071032,0.001087055892075231
0.793996,0.03812316988068813,0.001021373887707
0.79664,0.03716916863207548,0.0009962815958957537
0.799283,0.03630445234461709,0.0009788574336674404
0.8019269999999999,0.03937760023584906,0.001037503383711981
0.804571,0.03680954737791343,0.0009823718235315397
0.807214,0.04178748612652609,0.001081483653741594
0.809858,0.03686063145116537,0.0009763192663393361
0.8125019999999999,0.03668094214761377,0.0009878298169741448
0.815146,0.03815036466426194,0.001001285827694537
0.817789,0.03625496150110988,0.0009669651632389756
0.820433,0.03703733115982242,0.0009862899985488888
0.8230769999999999,0.03567109087125417,0.0009499798232263582
0.82572,0.03800247357103219,0.00100139549520229
0.828364,0.03723661993618203,0.0009783081985648343
0.831008,0.04025076109877914,0.001039856375817054
0.8336519999999999,0.03647492105993341,0.0009565334836656635
0.836295,0.03874210301054384,0.001003614982049658
0.838939,0.03586702379300776,0.0009518370241707616
0.841583,0.03732997724750278,0.000965165831667611
0.844226,0.03720746566315205,0.0009803467894106941
0.84687,0.03666508996947836,0.0009573255052922181
0.849514,0.03419747239178691,0.0009098505928164744
0.852158,0.03775221746670367,0.0009808782885864522
0.854801,0.03490768659822419,0.0009072946537598028
0.857445,0.03697908442008879,0.0009598321868505955
0.860089,0.03681881603773585,0.0009471536294548972
0.8627320000000001,0.03755140413429523,0.0009622380986882847
0.865376,0.03540292466703662,0.0009539508125129089
0.86802,0.03707579987513874,0.0009800674147454639
0.870664,0.03583495088790233,0.0009706184430176602
0.8733070000000001,0.03629852580466149,0.0009651465904885919
0.875951,0.03298013727802442,0.0009170810615948424
0.878595,0.03638592681742508,0.000984381894753581
0.881238,0.03628268278301887,0.0009778590017345897
0.8838819999999999,0.0314979277192009,0.0008962471939935958
0.886526,0.03846540524417314,0.001013057877754711
0.88917,0.03446010349611543,0.0009459142399638701
0.891813,0.03479038963651498,0.0009534782672733353
0.8944569999999999,0.03660747502774695,0.0009679037670630127
0.897101,0.03620058337957825,0.0009512295783955396
0.899744,0.03610277143451721,0.0009451354659884343
0.902388,0.03455096108490566,0.000911833883539452
0.9050319999999999,0.034136052927303,0.0008918662542763543
0.907676,0.03323398730577137,0.0008761020026401845
0.910319,0.03377395713096559,0.0008891274909805242
0.912963,0.03197630181742508,0.0008518606114750434
0.9156069999999999,0.03330515156770256,0.0008777738186594821
0.91825,0.0351058765954495,0.0008976157464140028
0.920894,0.03605201470588236,0.000925478404472126
0.923538,0.03573021663429523,0.0009153097945996136
0.9261819999999999,0.03299505778301887,0.0008562501761114687
0.928825,0.03132044055216427,0.0008339816763717648
0.931469,0.03255880355160932,0.000847759666941895
0.934113,0.03534773619589345,0.0009092024643095301
0.936756,0.03606300020810211,0.0009053806970069123
0.9394,0.0328375775527192,0.0008486729231846058
0.942044,0.03427769013596004,0.0008702065737481376
0.944688,0.03392449673973363,0.0008670101930721705
0.947331,0.03435242085183129,0.0008765797666835823
0.949975,0.03430207616537181,0.0008679340357731973
0.952619,0.03267080577136515,0.000839830517990309
0.9552619999999999,0.03417061182019978,0.0008671429733904698
0.957906,0.03214843472530522,0.000827992442844539
0.96055,0.03375016169533852,0.0008621361746453661
0.963194,0.03484232526359601,0.0008618385087336052
0.9658369999999999,0.0372934153718091,0.0009213366256638528
0.968481,0.03174157741398446,0.0008123236156375361
0.971125,0.03279414144006659,0.0008274612914015076
0.973768,0.03224972384850167,0.0008159891447245438
0.9764119999999999,0.03232293458657048,0.0008113778675799111
0.979056,0.03345857318257492,0.0008395658050413098
0.9817,0.03078880542452831,0.0007850565055860663
0.984343,0.03345442986958935,0.0008294328211449351
0.9869869999999999,0.03085995824084351,0.000778514298323243
0.989631,0.03057650527192009,0.000784011391586516
0.992274,0.0302341211154273,0.0007980438223685418
0.994918,0.03205493319922309,0.0008308886087289174
0.9975619999999999,0.03304468826304106,0.0008585962118926655
1.00021,0.03293482408435072,0.0008633893814856314
1.00285,0.03204822377913429,0.0008428171920724191
1.00549,0.0325663004300777,0.0008705188796767922
1.00814,0.03070330896226416,0.0008268939862174302
1.01078,0.03236096379023308,0.000864979996780702
1.01342,0.03034191821587126,0.0008290217472304982
1.01607,0.02994767397336293,0.0008296796338271202
1.01871,0.03043613394839068,0.0008336340255265232
1.02136,0.02948580216426193,0.000818720252129234
1.024,0.03097201539955605,0.0008567421586748003
1.02664,0.03052634829356271,0.0008487729326665999
1.02929,0.03253475173418424,0.0008930989977480589
1.03193,0.03396851657880133,0.0009190305524631128
1.03457,0.03167034218923419,0.0008713164414909103
1.03722,0.03091328794395117,0.0008658623766789697
1.03986,0.02922492910654828,0.0008226133435864683
1.04251,0.03123821982519423,0.0008716218007591203
1.04515,0.02982740801886792,0.0008274467421509903
1.04779,0.030964184309101,0.0008431011471313325
1.05044,0.0320526692563818,0.0008564090271049024
1.05308,0.03103351040510544,0.0008219281530180868
1.05572,0.02948388387902331,0.0007966593766021504
1.05837,0.02946270720033297,0.0007820711519196812
1.06101,0.03064158046614872,0.0008136867306724038
1.06365,0.03010952413984462,0.0007909822208529361
1.0663,0.03178819082963374,0.0008237600160524275
1.06894,0.02634731125138735,0.0007150374634087568
1.07159,0.03103241162597114,0.0007962659081806063
1.07423,0.03048747898168702,0.0007938830675489426
1.07687,0.03114550117924528,0.0007962563343797473
1.07952,0.02957495435627081,0.0007709962465744283
1.08216,0.03019922572142064,0.0007778826919503464
1.0848,0.02884081423418424,0.0007380025123203045
1.08745,0.03210993854051054,0.0008070372643555976
1.09009,0.02819255056881243,0.0007279045883822216
1.09274,0.0278110086709212,0.0007243481144561439
1.09538,0.0297721234045505,0.0007589781326589193
1.09802,0.02954574972253053,0.0007477814971669657
1.10067,0.02617825034683685,0.000687271428002899
1.10331,0.03045799507491676,0.0007598862120323348
1.10595,0.02954230001387348,0.0007468537093647474
1.1086,0.02880594173140954,0.0007300752829014742
1.11124,0.02722832151775805,0.0007000757648584691
1.11389,0.02854508240843507,0.00072736548089855
1.11653,0.02834322294672586,0.0007093450812606553
1.11917,0.03129227746947836,0.000775181115061777
1.12182,0.02675455313540511,0.0006832702652459422
1.12446,0.02829731000277469,0.0007174202933590265
1.1271,0.02740557290510544,0.0006947596084037315
1.12975,0.02807269436736958,0.0007035853499245112
1.13239,0.02828250624306326,0.0007110353535744072
1.13504,0.02921432817702553,0.0007251968510631542
1.13768,0.02850707151775805,0.0007122775567444684
1.14032,0.02730482401498336,0.0006910178839969126
1.14297,0.02775730812985571,0.0006985570544027984
1.14561,0.02614879390954495,0.000672809739004795
1.14825,0.02721219235571587,0.000679833330367275
1.1509,0.02578201227802442,0.000656700554279042
1.15354,0.02673707339067703,0.0006741445991912921
1.15618,0.02599255209489456,0.0006563901282830454
1.15883,0.02796750915649278,0.0007028464309538651
1.16147,0.02697237923140955,0.0006708296586720101
1.16412,0.02660006936736959,0.000673014539875281
1.16676,0.02879225964206437,0.0007013814178018414
1.1694,0.02661349049667036,0.0006673175966490228
1.17205,0.02581394325749168,0.000648211379144787
1.17469,0.02717461639844617,0.0006727946018258942
1.17733,0.02489583088235294,0.0006315560256885928
1.17998,0.02552196101553829,0.0006362096606126203
1.18262,0.02687678773584905,0.0006662421658761869
1.18527,0.02711066974195339,0.0006672727277785284
1.18791,0.02460364719755827,0.0006219860526674265
1.19055,0.02508364428412874,0.0006314912886785369
1.1932,0.02503310273307437,0.0006227804432213596
1.19584,0.02600153232519423,0.0006462142494948928
1.19848,0.0253636544117647,0.0006285153736475764
1.20113,0.02461449764150943,0.0006186334596012068
1.20377,0.02670007887069923,0.0006548314340033449
1.20642,0.02480086660654828,0.0006194157622044824
1.20906,0.02563298577968924,0.0006364919334724635
1.2117,0.02574559461709212,0.0006300443191754599
1.21435,0.0239409208518313,0.0005997978396334473
1.21699,0.02493411188956715,0.0006156318380177128
1.21963,0.02394513741675916,0.0005981980533848383
1.22228,0.02418421115427303,0.0006046994559517615
1.22492,0.02292214199500555,0.0005743442869156977
1.22757,0.02419180417591565,0.0006007539078135362
1.23021,0.02280773619589346,0.0005701938874680629
1.23285,0.02230614352108768,0.000561606280822752
1.2355,0.02059043881798002,0.0005293418643303964
1.23814,0.02236924320199778,0.0005620005529081819
1.24078,0.02348262236403996,0.0005868173876693144
1.24343,0.02311174778024418,0.0005766914026936284
1.24607,0.0230811788290788,0.0005730246311212514
1.24871,0.02064697100443951,0.0005254762811126685
1.25136,0.02309172939789123,0.0005708748381929752
1.254,0.02135427344617092,0.0005393179869503838
1.25665,0.02180046476137626,0.0005469011206098546
1.25929,0.02353998550221976,0.0005811608527518627
1.26193,0.02041540788013319,0.0005143841257177455
1.26458,0.0234882055355161,0.0005744830628356615
1.26722,0.01988298987236404,0.0005069180399758078
1.26986,0.02224007942563818,0.0005518476700697682
1.27251,0.0231038045227525,0.0005690990523074589
1.27515,0.0200646501109878,0.0005061983825693416
1.2778,0.02292432810765815,0.0005638119502421251
1.28044,0.02089031395671476,0.0005191913842558943
1.28308,0.02068442334905661,0.0005168973709341527
1.28573,0.02147515288568258,0.0005358400437659365
1.28837,0.02025125256659268,0.0005041505140155649
1.29101,0.02092851484461709,0.0005266086833008188
1.29366,0.02274295629855716,0.0005523483811137438
1.2963,0.02036644582408435,0.0005087785312550691
1.29895,0.02121347634572697,0.0005257326648910512
1.30159,0.02119051415094339,0.0005196840903252135
1.30423,0.02155258476692564,0.0005333912477519984
1.30688,0.02114836681465039,0.000516876386184301
1.30952,0.02019603662597114,0.0005034034558033514
1.31216,0.01971315524417314,0.0004899300985073618
1.31481,0.01971011071032187,0.0004917334506157001
1.31745,0.02097619270255272,0.0005153474945641495
1.3201,0.01859303690344062,0.0004649956807920453
1.32274,0.02057224257769145,0.0005055188793439407
1.32538,0.01924506846559379,0.000476360757625252
1.32803,0.01973643333795783,0.0004857723401555512
1.33067,0.01979247794117647,0.0004922793964020012
1.33331,0.01810790073529412,0.000451093856012591
1.33596,0.01979899965316315,0.0004885951560843091
1.3386,0.01763650846281909,0.0004447750646657117
1.34124,0.01993878725027747,0.0004883183959809604
1.34389,0.01828680715871254,0.0004560149963227767
1.34653,0.01797498050776915,0.0004469595573311007
1.34918,0.01564195421753607,0.0004034450878902645
1.35182,0.01777775194228635,0.0004428260516824561
1.35446,0.01772937132352941,0.0004451673782921326
1.35711,0.01707197176748057,0.000430659342220335
1.35975,0.01690759211986681,0.0004275723442660622
1.36239,0.01841250978079911,0.0004584996808121047
1.36504,0.01882797419533852,0.0004607200183499918
1.36768,0.01822085751942286,0.0004530945268698842
1.37033,0.01727657130965594,0.0004334600812140053
1.37297,0.01773460883740289,0.0004426391564529494
1.37561,0.01802529543562708,0.0004525075453488554
1.37826,0.01798797814927858,0.0004436492491966372
1.3809,0.01826236619034406,0.0004539715716737092
1.38354,0.01695945678412875,0.0004269062920958606
1.38619,0.01615207158712541,0.0004111744423130691
1.38883,0.0165260341981132,0.0004155526044904169
1.39148,0.01831806971420644,0.0004525097285425179
1.39412,0.01744941842397337,0.0004360617778857669
1.39676,0.0172200024972253,0.0004271878357291773
1.39941,0.0169319621254162,0.0004232183710604874
1.40205,0.01610574202275249,0.0004052932406041769
1.40469,0.01621272877358491,0.0004125925663934544
1.40734,0.01601959316037736,0.0004034103024999506
1.40998,0.01464528829078801,0.0003743440972959498
1.41263,0.01516581430355161,0.000383803902869141
1.41527,0.01513452656770256,0.0003840434104858889
1.41791,0.01712160453662597,0.0004257263835208757
1.42056,0.01546113866537181,0.0003915696598026105
1.4232,0.01444082838512764,0.0003690030319052911
1.42584,0.01455376227802442,0.0003708810762451825
1.42849,0.01465867737236404,0.0003744262662571657
1.43113,0.01503010821309656,0.0003820706509870826
1.43377,0.01497863727802442,0.0003796411501587708
1.43642,0.01425984572697003,0.0003626233847564153
1.43906,0.01331835911487237,0.0003451992100655069
1.44171,0.01459269339622642,0.000370681719841418
1.44435,0.01527993854051054,0.0003839987071065115
1.44699,0.01515703093784684,0.0003809771672424453
1.44964,0.01525946004439512,0.0003848078209055594
1.45228,0.01552117778856826,0.000387784498755643
1.45492,0.01455949882075472,0.0003674380974491827
1.45757,0.01380613006381798,0.0003510822572531415
1.46021,0.01265829959766926,0.0003275580603274405
1.46286,0.01375026172308546,0.0003502601217053433
1.4655,0.01329158095172031,0.0003414102431679717
1.46814,0.01363839913984462,0.0003463753506273235
1.47079,0.01428908698668147,0.0003625700869042127
1.47343,0.01471990683962264,0.0003682917500365043
1.47607,0.01372648002219756,0.000350637671955032
1.47872,0.01501360592397336,0.0003728410035609037
1.48136,0.01405240538290788,0.0003564517875048524
1.48401,0.01385558199223086,0.0003536711529663885
1.48665,0.01370104099611543,0.0003467591744239344
1.48929,0.01509156430355161,0.0003744954236609334
1.49194,0.01336523806881243,0.0003366139910872065
1.49458,0.01400558594617092,0.0003557586378789988
1.49722,0.01402885030521643,0.0003519198207459574
1.49987,0.0129834375,0.0003306991834819485
1.50251,0.01215509766925638,0.0003156734203883025
1.50516,0.01227771226415095,0.0003143842239732842
1.5078,0.0128598179800222,0.0003272654586359367
1.51044,0.011778296545505,0.0003046047975379209
1.51309,0.01278964719755827,0.0003250355133322396
1.51573,0.01362736098779134,0.0003444482551162887
1.51837,0.01255996802164262,0.0003182645794951762
1.52102,0.01283322523584906,0.0003253452032941222
1.52366,0.01139483178412875,0.0002928282834200871
1.5263,0.01207166828523862,0.0003068137027934704
1.52895,0.01295905604883463,0.0003288890228863954
1.53159,0.01425989150943396,0.000355210161660646
1.53424,0.01350617480577137,0.0003413206136136383
1.53688,0.01086630986403996,0.0002823126565468097
1.53952,0.01169148612652608,0.0002986498025198939
1.54217,0.01250923876248613,0.0003149288241882375
1.54481,0.01059930195615983,0.0002756384101497625
1.54745,0.01260254342397336,0.0003209839675182176
1.5501,0.01240728350443951,0.0003186347630747874
1.55274,0.01218823959489456,0.0003178715292793444
1.55539,0.01217164574084351,0.0003193662927287735
1.55803,0.01155232574916759,0.0003078686074145624
1.56067,0.01126431742508324,0.0003042664546369915
1.56332,0.0112520362791343,0.0003016709915039362
1.56596,0.01203090815760267,0.0003251118166813788
1.5686,0.01197595088790233,0.0003210705326725135
1.57125,0.01040211230577137,0.0002905905798011121
1.57389,0.01237248196448391,0.0003341673871970768
1.57654,0.01170664012208657,0.0003184139252005618
1.57918,0.0107397602663707,0.0003014796888408584
1.58182,0.01087310398168701,0.00030268039190844
1.58447,0.009147865080466147,0.0002631300482988992
1.58711,0.01128984114872364,0.0003128053402034506
1.58975,0.01064193229744728,0.0002989581609065504
1.5924,0.01015300076304107,0.0002927077666747669
1.59504,0.01123887382075472,0.0003132691692414712
1.59769,0.01119534385405105,0.0003165961876898526
1.60033,0.0100716979744728,0.0002879655755116175
1.60297,0.01084519270255272,0.0003069384497758514
1.60562,0.01215234156492786,0.0003373747586695408
1.60826,0.01004059565760267,0.0002807776820674006
1.6109,0.009335097044950053,0.0002636199710331325
1.61355,0.01205216724472808,0.0003225109840420587
1.61619,0.0097531115427303,0.0002695462871769688
1.61883,0.01013427573529412,0.0002784474842103919
1.62148,0.01094142286348501,0.0002937628052456193
1.62412,0.009164987721975581,0.0002549241801539527
1.62677,0.01077542709489456,0.0002881027709101948
1.62941,0.01051192612375139,0.0002851968916970987
1.63205,0.01161553759711432,0.0003069969311596805
1.6347,0.01210264698945616,0.0003171065199332593
1.63734,0.008059361820199777,0.000224426226859981
1.63998,0.009812516578801334,0.0002655931086229576
1.64263,0.01179650423140954,0.0003089318302863313
1.64527,0.009739745352386236,0.00026100532240577
1.64792,0.009831117993895674,0.0002648395825163848
1.65056,0.009435621600998889,0.0002551850400692045
1.6532,0.008987365496670367,0.0002436357764603315
1.65585,0.01162030584073252,0.0003046236463226447
1.65849,0.008710514359045504,0.0002352862121549301
1.66113,0.007620500277469477,0.000210674812414424
1.66378,0.008817681950610433,0.0002398600434832705
1.66642,0.01173281624583796,0.0003056908406248508
1.66907,0.00973827344617092,0.0002624595055296011
1.67171,0.008993887208657044,0.0002419977995853322
1.67435,0.007767374999999998,0.00021395777550134
1.677,0.009820443812430635,0.0002612506405894651
1.67964,0.008880806811875691,0.0002390916631494129
1.68228,0.007441538915094338,0.000204717119146362
1.68493,0.01019469027469478,0.0002688454493087471
1.68757,0.01018834940344062,0.0002686132751784802
1.69022,0.008479555563263044,0.0002282222948361558
1.69286,0.009726990357935627,0.0002575328493362132
1.6955,0.009739372225305215,0.0002593130870775779
1.69815,0.007969239039955606,0.0002170187146071615
1.70079,0.007008734392341841,0.0001950599930708197
1.70343,0.008551051748057712,0.000228177499369793
1.70608,0.007516949500554939,0.0002049389392202762
1.70872,0.009380510960044398,0.0002472786047480085
1.71137,0.009524924875138736,0.0002519318829785594
1.71401,0.008408549250832406,0.0002264108999056937
1.71665,0.008903086847946724,0.0002376008653167832
1.7193,0.008936936112652607,0.0002387009944699974
1.72194,0.008306758809655939,0.0002227234051716396
1.72458,0.008552610640954495,0.0002289949531675512
1.72723,0.008604038082685905,0.0002289166117213723
1.72987,0.008537385682574916,0.0002278349712382871
1.73251,0.008035779273029967,0.0002173993668704443
1.73516,0.007650604536625974,0.0002050286595564968
1.7378,0.007385725513318534,0.0002005174552225161
1.74045,0.008502460529966704,0.000225743653773173
1.74309,0.009007500624306327,0.0002380212903546996
1.74573,0.007311626595449501,0.0001984071423593291
1.74838,0.007828547239178692,0.0002085817185960107
1.75102,0.007224779550499445,0.0001976269648950665
1.75366,0.008622660099889014,0.0002264942825278965
1.75631,0.007775313679245284,0.0002079022471281846
1.75895,0.007598691800776912,0.0002050069799180245
1.7616,0.008170379716981134,0.0002172677089462408
1.76424,0.007630249653163154,0.0002056329194372034
1.76688,0.007361898029966703,0.0001964869369143528
1.76953,0.007276110849056602,0.000196325749074174
1.77217,0.009018060349611542,0.0002370917627360921
1.77481,0.00808651539955605,0.0002154748692364888
1.77746,0.008308079633740287,0.0002211800089348147
1.7801,0.007067422932852387,0.0001895279099341988
1.78275,0.007993194714206439,0.0002129774656849787
1.78539,0.005090810835183131,0.0001403660021189844
1.78803,0.007843641717536072,0.0002075101699553153
1.79068,0.007714683962264149,0.0002062887009655243
1.79332,0.006429526706437291,0.000173086320264702
1.79596,0.00873384281354051,0.0002306809654329849
1.79861,0.006695905105438406,0.0001793688001173882
1.80125,0.007776602455604884,0.0002064468457063928
1.8039,0.00671886501109878,0.0001817644575691031
1.80654,0.007271887416759157,0.0001938782524760159
1.80918,0.007257452205882356,0.0001955198598337917
1.81183,0.007770179175915649,0.000206186677063153
1.81447,0.008580709628190903,0.0002247959467190023
1.81711,0.008424348779134293,0.0002205788650988138
1.81976,0.0079232871809101,0.00020874077939164
1.8224,0.008478994728079912,0.0002238462067202134
1.82504,0.006759947905105439,0.0001820129597652811
1.82769,0.006336670713096562,0.0001733196421383553
1.83033,0.006585102386237512,0.000177982551615722
1.83298,0.0054174137763596,0.0001490985032843229
1.83562,0.00731771795227525,0.0001964860300519163
1.83826,0.00636188540510544,0.0001743716584186396
1.84091,0.00726352067147614,0.0001962401005501251
1.84355,0.007499364456159821,0.0002008849943832304
1.84619,0.00625610273307436,0.000171282310899038
1.84884,0.005839612791342952,0.0001591924494678734
1.85148,0.007462727039400666,0.0002007838560275202
1.85413,0.007143760613207547,0.0001935975873828623
1.85677,0.007175652677580469,0.0001920836254331357
1.85941,0.006966229952830189,0.0001889733950243838
1.86206,0.006849589969478358,0.0001839274668540999
1.8647,0.006835997155937847,0.0001856464885002258
1.86734,0.006435176262486127,0.0001753335582108203
1.86999,0.006655458587680354,0.0001798617706167663
1.87263,0.007551812846836847,0.0002040413270684801
1.87528,0.006298190552164262,0.0001718056405880649
1.87792,0.006808333102108771,0.0001849862835916962
1.88056,0.007473833865149835,0.0002005333448775989
1.88321,0.006156821170921199,0.0001679865784919853
1.88585,0.006350307019977801,0.0001750832670761568
1.88849,0.006401164470033297,0.0001733378819469685
1.89114,0.007197310072142064,0.0001945742295797535
1.89378,0.005450301609322975,0.000150070973485809
1.89643,0.006094403648723641,0.0001674137233156536
1.89907,0.00689569062153163,0.0001875083787164937
1.90171,0.006275658712541622,0.0001701850000454228
1.90436,0.007278164192563822,0.0001959761307939
1.907,0.006070635682574914,0.0001657191107065561
1.90964,0.006721055701997782,0.000183109980408079
1.91229,0.006718771157047723,0.0001827957715094133
1.91493,0.005840317841287457,0.0001604140501427362
1.91757,0.005247553967813542,0.0001455993836677445
1.92022,0.006873831784128747,0.0001867706018728998
1.92286,0.005811944159267481,0.0001610062693239766
1.92551,0.006110116190344061,0.0001661650924262516
1.92815,0.006246525041620422,0.0001701055094903561
1.93079,0.006027362097669256,0.00016667213939832
1.93344,0.007608770810210875,0.000202522720823555
1.93608,0.006715600721420646,0.0001819595705919669
1.93872,0.006172110224750278,0.0001686754894954736
1.94137,0.005941831298557159,0.0001648985826002889
1.94401,0.006028156423418423,0.0001657848680006327
1.94666,0.007323948945615983,0.0001962042747556599
1.9493,0.006731684100998891,0.0001830738141929526
1.95194,0.006576660099889011,0.0001780867394822689
1.95459,0.006383970865704771,0.0001740868374700867
1.95723,0.006699141925638176,0.0001824771216650684
1.95987,0.00561704592119867,0.0001547719275354908
1.96252,0.005849836015538291,0.000162056586471532
1.96516,0.006427294811320757,0.0001744696754097484
1.96781,0.005764657741398445,0.0001586988009941011
1.97045,0.004258410099889014,0.0001203659010132133
1.97309,0.007080274070477247,0.0001911818120105539
1.97574,0.006013213027192007,0.0001655752621006781
1.97838,0.005745282602663706,0.0001582289401455424
1.98102,0.00637189345172031,0.0001748069415612759
1.98367,0.005000527816315205,0.000139099460352923
1.98631,0.004834559517203106,0.0001352823205676061
1.98896,0.006516554592119866,0.0001774639228589952
1.9916,0.006164514913984464,0.0001685875997083492
1.99424,0.004054412597114319,0.0001141461384521345
1.99689,0.005411171337402888,0.0001489570993592755
1.99953,0.006114367092119866,0.0001663903411703498
2.00217,0.007080299250832409,0.0001897325511742916
2.00482,0.005705950887902332,0.0001565584540879831
2.00746,0.006644667660932298,0.0001791831043159224
2.0101,0.005653976345726972,0.0001539661610996488
2.01275,0.006222548765260825,0.0001691905546051915
2.01539,0.004813245491120976,0.0001327125429502273
2.01804,0.006069527746947836,0.0001662829430932747
2.02068,0.005090991675915646,0.0001409952490488135
2.02332,0.003717696309655938,0.0001050568014128238
2.02597,0.005048539886237514,0.0001398181348417895
2.02861,0.005379986612097669,0.0001468637099545503
2.03125,0.006306106340177581,0.0001708306655413229
2.0339,0.005472137555493894,0.0001498574175925756
2.03654,0.005568614941731409,0.0001533076206205117
2.03919,0.005448834281354053,0.0001493424042399247
2.04183,0.005620298765260819,0.0001529162426656
2.04447,0.005272631312430634,0.0001451966535421536
2.04712,0.006247882491675918,0.0001685415085637755
2.04976,0.006695369450610431,0.0001797619006792384
2.0524,0.004972721836847944,0.0001377583322214484
2.05505,0.005049947697003329,0.0001392284439860207
2.05769,0.004729829841842395,0.0001315968165496519
2.06034,0.005742858421198669,0.0001551975701391609
2.06298,0.005220354605993342,0.0001439011780609563
2.06562,0.004895491398446171,0.0001347661470287607
2.06827,0.00574933435072142,0.0001560915939250689
2.07091,0.004044104675360711,0.0001138831483070039
2.07355,0.005038696656492788,0.0001382251545465594
2.0762,0.004865968576581578,0.0001347186799583485
2.07884,0.004986369589345169,0.0001369857217171186
2.08149,0.004785338790233076,0.0001322349561252891
2.08413,0.004662712749722529,0.000130159717346355
2.08677,0.006227774833518312,0.0001667673756390076
2.08942,0.005287407602663708,0.000146458159532778
2.09206,0.005834636237513871,0.000158731194406384
2.0947,0.004247545921198668,0.0001190408424394179
2.09735,0.005763272821864594,0.000157064776067523
2.09999,0.005457336084905657,0.0001495162027154969
2.10263,0.006524385682574916,0.0001773484472422769
2.10528,0.005473680424528301,0.0001482278794778329
2.10792,0.004566040788013323,0.000127833238928534
2.11057,0.004463742161487235,0.0001255327337705292
2.11321,0.004573848987236404,0.000131285569743672
2.11585,0.00513080410654828,0.0001481851793678367
2.1185,0.003543759572697002,0.0001039827375717976
2.12114,0.003804199986126523,0.0001139005522952497
2.12378,0.004392088027192009,0.0001277898695835228
2.12643,0.005476484600443947,0.0001585420252002609
2.12907,0.004243411764705881,0.0001275984486833197
2.13172,0.003854640815760267,0.000116435317740628
2.13436,0.004929207894006657,0.0001475504896099668
2.137,0.005754720657602666,0.0001689761856503739
2.13965,0.004442528856825749,0.0001348403828494867
2.14229,0.005453577344617094,0.0001622693626345321
2.14493,0.005495690344062153,0.0001649173549949956
2.14758,0.004518823043840176,0.0001389929725402636
2.15022,0.00365257762208657,0.0001127948476562029
2.15287,0.003338109322974476,0.000105282063565026
2.15551,0.003444118618201996,0.0001078686215771737
2.15815,0.003997562222530526,0.0001247344123064363
2.1608,0.002533672516648169,8.131389530343851e-05
2.16344,0.005210534267480577,0.0001581626340888482
2.16608,0.004293193326859047,0.0001326667609484168
2.16873,0.005466181256936737,0.0001630859269130611
2.17137,0.004910503468368477,0.0001461197622101157
2.17402,0.004170983906770255,0.0001247899825974144
2.17666,0.005331475513318537,0.0001567393824328883
2.1793,0.005187004370144288,0.0001517205898765646
2.18195,0.005655684031631525,0.0001633899529130467
2.18459,0.004333809239733627,0.0001279496603807254
2.18723,0.005853601623196447,0.0001683187285125783
2.18988,0.004101875277469481,0.0001211424430650878
2.19252,0.003354302580466149,0.0001001072209488245
2.19516,0.005705442702552722,0.0001627032267663436
2.19781,0.005848153509988901,0.0001674961376082678
2.20045,0.005001743340732522,0.0001441574121639856
2.2031,0.004317952483351834,0.0001264689546207994
2.20574,0.004831654619866813,0.0001396312598997214
2.20838,0.003974389428412875,0.0001169232049096682
2.21103,0.003624510682574915,0.0001074247291333627
2.21367,0.005266997780244176,0.0001518918482776994
2.21631,0.003493934517203107,0.0001039533644755365
2.21896,0.003238772821864593,9.5955673852847e-05
2.2216,0.003668061251387349,0.0001074415422563504
2.22425,0.004473413706992235,0.000129979286085562
2.22689,0.004463027955049943,0.0001296311380892643
2.22953,0.004442705119311877,0.0001281670401591691
2.23218,0.003597242647058825,0.0001069990360855269
2.23482,0.004085904064927859,0.0001191612512828978
2.23746,0.004574920296892344,0.0001339696196358639
2.24011,0.0046441708518313,0.0001343381384004882
2.24275,0.004496478912319643,0.0001317030168032003
2.2454,0.003922046337402886,0.0001152365501012556
2.24804,0.003713559864039958,0.0001101210035303377
2.25068,0.004028843091009987,0.0001187060264200585
2.25333,0.004670287458379579,0.0001351461663941248
2.25597,0.002426362999445065,7.371971932335032e-05
2.25861,0.004945524764150943,0.0001430742820844865
2.26126,0.003532355160932296,0.0001051445750332187
2.2639,0.002922812014428411,8.759539553445534e-05
2.26655,0.003941302441731406,0.0001163292325168871
2.26919,0.004348883115982242,0.0001288690097113447
2.27183,0.005020383670921201,0.0001445213619889211
2.27448,0.003446348224195341,0.0001023827855323606
2.27712,0.004230194367369588,0.0001235583914693995
2.27976,0.003200757352941175,9.709724115560538e-05
2.28241,0.004162967397336292,0.0001229910254687452
2.28505,0.00288658435072142,8.66705915661122e-05
2.28769,0.004263427857935631,0.0001248352982494915
2.29034,0.003738712749722531,0.0001095121571570653
2.29298,0.003286583448945615,9.844434424440698e-05
2.29563,0.004331169880688126,0.0001261821704773547
2.29827,0.003347774001109876,9.968930303934838e-05
2.30091,0.00384976040510544,0.0001155216735870098
2.30356,0.003899782325194228,0.0001139117902758088
2.3062,0.00454849694783574,0.0001334241986412507
2.30884,0.003765209350721419,0.0001110849676059232
2.31149,0.004495892896781353,0.000132512392538208
2.31413,0.004692789539400668,0.0001368746504871446
2.31678,0.003692497641509434,0.0001099569366883213
2.31942,0.004564685627081023,0.0001339392710848043
2.32206,0.003666596212541619,0.0001077631253009823
2.32471,0.0034634548418424,0.0001037466940928728
2.32735,0.003842620629855716,0.0001143283505143421
2.32999,0.004632265122086571,0.0001351555533842905
2.33264,0.004516842952275253,0.0001343161303964602
2.33528,0.003642782463928966,0.0001068431739912929
2.33793,0.003464077483351832,0.0001039469242908163
2.34057,0.004687483351831301,0.0001362883517936551
2.34321,0.004220513665371806,0.000124149006577056
2.34586,0.003164941731409542,9.614895650835249e-05
2.3485,0.004110489248057714,0.0001210703122936169
2.35114,0.004203933546059933,0.0001236797194920662
2.35379,0.004667760266370698,0.0001354913112989034
2.35643,0.003187352247502777,9.511960565573415e-05
2.35908,0.006659530937846837,0.0001891570340752184
2.36172,0.003590608768035516,0.0001069127818589765
2.36436,0.003177243479467259,9.527121061388587e-05
2.36701,0.002700043701442842,8.119975025775179e-05
2.36965,0.003946517064372921,0.0001163447596036021
2.37229,0.00346935849056604,0.0001036022742255744
2.37494,0.003241155799112098,9.708813214298151e-05
2.37758,0.004450499583795781,0.0001320907259544573
2.38022,0.00315870615982242,9.38370144697815e-05
2.38287,0.005013990149833522,0.0001470958131574153
2.38551,0.0044723355299667,0.0001294788317843318
2.38816,0.003256772197558269,9.796037935486084e-05
2.3908,0.004021806326304106,0.0001193300168618961
2.39344,0.004330908920643728,0.0001274419849029225
2.39609,0.004179563540510542,0.0001235923150581083
2.39873,0.004559873890122087,0.0001326980839324649
2.40137,0.004610383393451722,0.0001349892288406479
2.40402,0.00346987125416204,0.0001021534778571964
2.40666,0.00311485342674806,9.35430350003203e-05
2.40931,0.002937265538290787,8.877962081189255e-05
2.41195,0.003504576650943394,0.0001038759691709664
2.41459,0.003951493618201997,0.0001173784880910062
2.41724,0.003135959142619309,9.357845664530844e-05
2.41988,0.004660956992230854,0.0001362307185576998
2.42252,0.004134305285793564,0.0001223355308195936
2.42517,0.003714022266925639,0.0001094944143017089
2.42781,0.004233646365149833,0.0001252318600960222
2.43046,0.003423397475027746,0.0001018922133885422
2.4331,0.004149253260266374,0.0001223992136248315
2.43574,0.004194712957824643,0.00012345397982039
2.43839,0.004237943049389567,0.0001252999470768396
2.44103,0.00133743396226415,4.165035266385353e-05
2.44367,0.003398489525527192,0.000101386187187519
2.44632,0.003756316107103216,0.000111724587739473
2.44896,0.004202028995560488,0.0001234330667757518
2.45161,0.002353969478357384,7.163629724590544e-05
2.45425,0.003352285862930079,0.0001008724679080764
2.45689,0.004379749653163153,0.0001276282845659672
2.45954,0.003807823668146506,0.0001136435095822372
2.46218,0.004375075263596003,0.0001287777647734479
2.46482,0.003585398723640399,0.0001060767884153877
2.46747,0.00395855785238624,0.0001167415217693122
2.47011,0.004149985779689232,0.0001232827060506989
2.47275,0.003347080396781353,0.0001011854480647653
2.4754,0.003859869173140954,0.0001137488469230849
2.47804,0.001274936320754716,3.981717021478097e-05
2.48069,0.00453251657880133,0.0001330888212380799
2.48333,0.003884932783018865,0.0001162190385488868
2.48597,0.005070295713096557,0.00014807402914733
2.48862,0.00204873092397336,6.281105406551971e-05
2.49126,0.004191650110987792,0.0001248097809816587
2.4939,0.003508376595449498,0.0001044207292028569
2.49655,0.004408539955604883,0.0001302748573039105
2.49919,0.003330227871809098,9.976826926700886e-05
2.50184,0.003148432574916761,9.471270951013153e-05
2.50448,0.002413516440066594,7.400058806077116e-05
2.50712,0.003443690552164265,0.0001038542950061546
2.50977,0.002302368063263041,7.041571178140077e-05
2.51241,0.003690094062153165,0.0001097388951154257
2.51505,0.00396388006381798,0.0001181507912923687
2.5177,0.002506340385682578,7.70631788022524e-05
2.52034,0.00396792036625971,0.0001173938428182432
2.52299,0.002905364317425087,8.846946165568382e-05
2.52563,0.003625975721420645,0.0001085721716207552
2.52827,0.003790495005549393,0.0001133431008220214
2.53092,0.004007352802441731,0.0001189448174354246
2.53356,0.002921713235294121,8.807914958211832e-05
2.5362,0.003068658920643731,9.327306400232045e-05
2.53885,0.003810034961154272,0.0001136324733115324
2.54149,0.003424835044395117,0.0001030339211721424
2.54414,0.003811614456159822,0.0001141222107480614
2.54678,0.003464878676470589,0.0001043326788351669
2.54942,0.003341430840732521,0.0001007089435124178
2.55207,0.002726402955049944,8.311112463729021e-05
2.55471,0.002657298903995559,8.105309102847413e-05
2.55735,0.003678582061598225,0.0001104989215877998
2.56,0.00500643604328524,0.0001473153682737167
2.56264,0.003932525943396226,0.0001184895326077141
2.56529,0.002881845865704773,8.704425408290848e-05
2.56793,0.003218523238068816,9.755217235210693e-05
2.57057,0.002154094686459491,6.62653309204638e-05
2.57322,0.003382999028856822,0.000102296325607047
2.57586,0.003435527538845728,0.000103157500135908
2.5785,0.004356569991675916,0.0001287704525509279
2.58115,0.004178439581021086,0.0001253745882756173
2.58379,0.00431987992508324,0.0001282814641136685
2.58643,0.002754069298002218,8.416231994225549e-05
2.58908,0.002616737930077693,8.009858819612625e-05
2.59172,0.002447020047169813,7.520849793811772e-05
2.59437,0.003898740774139844,0.0001171529785710689
2.59701,0.004530804314650388,0.0001334324453098484
2.59965,0.003466780937846838,0.0001043157388324141
2.6023,0.00346066211154273,0.000104423401243771
2.60494,0.003747145879578246,0.0001129914535824448
2.60758,0.003195245144284128,9.81796423450759e-05
2.61023,0.003314368826304107,0.0001005459001793879
2.61287,0.003414057852386237,0.0001035258871393358
2.61552,0.003078625763041066,9.415410575160218e-05
2.61816,0.004370139913984462,0.0001297882577570393
2.6208,0.002666501179245283,8.158576672285431e-05
2.62345,0.003291779758601554,0.0001000535917493154
2.62609,0.003357434100998891,0.0001021016229179571
2.62873,0.002051029203662596,6.391888229522021e-05
2.63138,0.003618847391786906,0.0001091817029641426
2.63402,0.003212841634295231,9.775715253776553e-05
2.63667,0.003304983421198668,0.0001005046881999737
2.63931,0.002713821933962266,8.408247955016133e-05
2.64195,0.003165374375693671,9.648468566121005e-05
2.6446,0.00296191252774695,8.990751887407201e-05
2.64724,0.003029288290788014,9.214871202479752e-05
2.64988,0.002944018451720311,9.064207173754153e-05
2.65253,0.00271311459489456,8.393086465558508e-05
2.65517,0.004491165857380687,0.0001335788678308791
2.65782,0.002313392480577135,7.167441074154771e-05
2.66046,0.004077663221420644,0.0001223594301017154
2.6631,0.003064394284128745,9.349540275962883e-05
2.66575,0.001764403509988901,5.493771062703438e-05
2.66839,0.00319398154827969,9.807678815926993e-05
2.67103,0.002898096351276361,9.086877637745141e-05
2.67368,0.003453201859045505,0.0001087649220886459
2.67632,0.004447413845726969,0.0001396286279429928
2.67896,0.002117812083795784,6.909134042192307e-05
2.68161,0.00358413512763596,0.0001163201874404042
2.68425,0.003394847530521642,0.0001116015042525678
2.6869,0.002545159336847948,8.480860548523268e-05
2.68954,0.0040733734045505,0.000132424492557803
2.69218,0.003740205258046611,0.0001226004904105837
2.69483,0.002253131312430633,7.734622016163259e-05
2.69747,0.001868608976137627,6.465448456855583e-05
2.70011,0.003472286279134298,0.0001149137100649048
2.70276,0.003712085668701444,0.0001258719573946813
2.7054,0.0039197823945616,0.0001311567255263487
2.70805,0.003453950402330742,0.0001180764667096675
2.71069,0.003491217327968923,0.0001181532190786261
2.71333,0.003118731201442843,0.0001078673341095527
2.71598,0.003310454425638179,0.0001153295421201439
2.71862,0.002354951512208656,8.399533142321791e-05
2.72126,0.003715869589345174,0.000129237216661732
2.72391,0.003080255618756936,0.0001080184810074012
2.72655,0.003182705327413982,0.0001096855471660566
2.7292,0.002503211154273029,8.627369140735711e-05
2.73184,0.003610814858490564,0.0001201308679787053
2.73448,0.003483528163152052,0.000115635003806991
2.73713,0.003339446170921199,0.0001092557075464899
2.73977,0.003733333310210877,0.000122740977406518
2.74241,0.003828492161487236,0.000124298492176616
2.74506,0.002535494658712543,8.346907693102843e-05
2.7477,0.003249634711431742,0.0001061749165775311
2.75035,0.002168383393451723,7.14342823872092e-05
2.75299,0.002890901637069923,9.483894192702965e-05
2.75563,0.002023578038290791,6.636515392585158e-05
2.75828,0.003166942425083241,0.0001016788949308946
2.76092,0.002998614039955602,9.785098404318414e-05
2.76356,0.002582977941176472,8.38110624976159e-05
2.76621,0.002906273099334075,9.369474055829473e-05
2.76885,0.002959998820754717,9.580298758064696e-05
2.77149,0.003481419880688127,0.0001110017178240821
2.77414,0.002264723432297448,7.402957509409036e-05
2.77678,0.002809253190899003,9.009671288229094e-05
2.77943,0.001270978426748059,4.20445445720853e-05
2.78207,0.002891588374028857,9.313854938596901e-05
2.78471,0.00446484780799112,0.0001402242960502863
2.78736,0.002353083587680357,7.6512266331035e-05
2.79,0.002663864109322974,8.527306437577845e-05
2.79264,0.002875930771365149,9.238884930177613e-05
2.79529,0.004068573113207548,0.0001274957554519787
2.79793,0.001996987583240842,6.492077609230325e-05
2.80058,0.002671006173695895,8.501521122746294e-05
2.80322,0.002319140468923417,7.540960365514026e-05
2.80586,0.003380242924528303,0.0001075990719539023
2.80851,0.003312924389567146,0.0001046421145850354
2.81115,0.003105973917869035,9.811075129642193e-05
2.81379,0.002626423210321865,8.397844936039042e-05
2.81644,0.003813317563817978,0.0001199567313341262
2.81908,0.002945939026082132,9.365030538709919e-05
2.82173,0.002248891856270808,7.244527647438127e-05
2.82437,0.002635453801331853,8.382336696475101e-05
2.82701,0.003772026359600444,0.0001174170102098869
2.82966,0.00260395317702553,8.357460530004781e-05
2.8323,0.003517805493895671,0.0001095608866810938
2.83494,0.00286846136237514,9.093177800683367e-05
2.83759,0.002746467119866812,8.65559654536195e-05
2.84023,0.003246482588790232,0.0001021674388753761
2.84288,0.002546658712541618,8.187070683697356e-05
2.84552,0.002835250763041063,8.876933633377891e-05
2.84816,0.003712007838512766,0.0001167667569050409
2.85081,0.0037823022336293,0.0001178895729686404
2.85345,0.002524653371254161,8.046013182922482e-05
2.85609,0.003576670296892341,0.000111577562281404
2.85874,0.00337733802719201,0.0001057936746958921
2.86138,0.003719749653163153,0.0001166539309305551
2.86402,0.002838210599334071,9.018555920942753e-05
2.86667,0.002581895185904552,8.23982211924668e-05
2.86931,0.001856000485571586,5.997130416620527e-05
2.87196,0.001487685141509434,4.812911418651913e-05
2.8746,0.003375117577691456,0.000106864961222075
2.87724,0.003418517064372919,0.0001074423813931513
2.87989,0.003155418978912321,9.97132283224133e-05
2.88253,0.00387121635682575,0.0001205116252242872
2.88517,0.003127816731409544,9.940403216128541e-05
2.88782,0.001811669325749166,5.903300468738832e-05
2.89046,0.003531581437291897,0.000109468498959976
2.89311,0.002000874514428412,6.496807464925213e-05
2.89575,0.002297139705882354,7.390811528443788e-05
2.89839,0.001669654411764703,5.376957196108442e-05
2.90104,0.003229604883462819,0.0001020574687574328
2.90368,0.002860149556048833,8.98790490571489e-05
2.90632,0.002064356478912319,6.646812866398939e-05
2.90897,0.003373405313540509,0.0001065133790095853
2.91161,0.002658248890122088,8.461821406990184e-05
2.91426,0.002608586362375136,8.262412085016787e-05
2.9169,0.003145559725305216,9.977898878276994e-05
2.91954,0.003215426054384019,0.0001015539796585626
2.92219,0.002857468992785796,8.935361722079831e-05
2.92483,0.002406795574361818,7.688154779050532e-05
2.92747,0.002725826096004438,8.626459607660256e-05
2.93012,0.003125838928967814,9.935506147681283e-05
2.93276,0.001980146503884572,6.374546645461196e-05
2.93541,0.002885396295782464,9.048871158296427e-05
2.93805,0.004210308754162042,0.0001293921461477749
2.94069,0.003354835946170922,0.0001046230001185258
2.94334,0.002979547932852388,9.477384192211697e-05
2.94598,0.00173361709211987,5.540021245252566e-05
2.94862,0.003576297169811323,0.0001120945766273211
2.95127,0.003372356895116539,0.0001060550327571064
2.95391,0.002530273168701446,8.040781740195347e-05
2.95655,0.003196522475027749,0.0001001320391218964
2.9592,0.003642610779689231,0.000111975169539552
2.96184,0.00315722967536071,9.963006182447992e-05
2.96449,0.003076627358490567,9.792661217914825e-05
2.96713,0.002675449361820199,8.487032608789419e-05
2.96977,0.00420575339900111,0.0001301163053925372
2.97242,0.003984273862375137,0.0001231650727166341
2.97506,0.003838246115427303,0.0001203675718726089
2.9777,0.003833532810765818,0.0001189584199163907
2.98035,0.001884916689789121,6.062976052734678e-05
2.98299,0.003013999236958935,9.561231849826603e-05
2.98564,0.00321735807436182,0.0001007160337926073
2.98828,0.00317726179245283,0.0001000620305552235
2.99092,0.00353143035516093,0.0001096554859051331
2.99357,0.00430337992508324,0.0001325761629967165
2.99621,0.003229685002774694,0.000101968777091249
2.99885,0.002444971281908991,7.800428265854579e-05
3.0015,0.001246109392341844,4.07279323477563e-05
3.00414,0.002648858906770255,8.431680095500989e-05
3.00679,0.001858811528856826,5.986956394192555e-05
3.00943,0.002460052025527192,7.871520625805744e-05
3.01207,0.001189265885127637,3.858989362581531e-05
3.01472,0.001991919464483906,6.439226768981952e-05
3.01736,0.00318739345172031,0.0001004492470854863
3.02,0.003389120144284131,0.0001059792911806805
3.02265,0.003757733074361819,0.0001166092468330753
3.02529,0.001831193257491675,5.883358167589097e-05
3.02794,0.003377351761931187,0.0001059075245025885
3.03058,0.002971723709766924,9.329608547982837e-05
3.03322,0.004204013665371809,0.0001298456749788177
3.03587,0.002648117230854604,8.397371313398875e-05
3.03851,0.002816786695338513,8.811385573917912e-05
3.04115,0.002106474056603772,6.741439087668826e-05
3.0438,0.00361198002219756,0.0001119511422136412
3.04644,0.002682930216426196,8.430552445339429e-05
3.04908,0.002430545227524974,7.753998595645795e-05
3.05173,0.002938932019977803,9.221663053066866e-05
3.05437,0.004011411417869032,0.0001236181738198962
3.05702,0.002439317147613765,7.70248870077107e-05
3.05966,0.00308739997225305,9.531599250005833e-05
3.0623,0.004210201165371812,0.0001290541793422883
3.06495,0.003586909544950055,0.0001105586124506174
3.06759,0.003052424458934518,9.516308142962823e-05
3.07023,0.003139903301886793,9.803098037056241e-05
3.07288,0.00353132734461709,0.0001094536841673441
3.07552,0.002994653856825747,9.417221166239478e-05
3.07817,0.002707339137069923,8.561490889047847e-05
3.08081,0.002845780729744726,8.887604904147762e-05
3.08345,0.002542272752497229,8.019631199633125e-05
3.0861,0.00238590045782464,7.526095539076172e-05
3.08874,0.002425406145948945,7.650216887868185e-05
3.09138,0.002996702622086574,9.368559715501998e-05
3.09403,0.002310043493340731,7.318175860888075e-05
3.09667,0.00419457789955605,0.0001291303272819971
3.09932,0.001308623057713652,4.192475118648201e-05
3.10196,0.002343043493340733,7.40819376429439e-05
3.1046,0.001798861681465039,5.738795290785257e-05
3.10725,0.002476391786903443,7.806663123302937e-05
3.10989,0.002469995976692566,7.823190427319752e-05
3.11253,0.003438837610987792,0.0001062549501826736
3.11518,0.0021526044672586,6.842469457190914e-05
3.11782,0.003103652746947834,9.63762614087993e-05
3.12047,0.003409358282463928,0.0001053181634699009
3.12311,0.001652909475582686,5.317370696779178e-05
3.12575,0.002589568326859045,8.111126857939907e-05
3.1284,0.001902835946170922,6.089825741863192e-05
3.13104,0.002321633324084349,7.351752893506607e-05
3.13368,0.0029909477663707,9.429709714705396e-05
3.13633,0.002630861820199775,8.248865593341623e-05
3.13897,0.002897455396781354,9.030882400877567e-05
3.14161,0.001559062291897893,5.045026043138066e-05
3.14426,0.001540817980022196,5.001677133817837e-05
3.1469,0.00276491745283019,8.686969649963315e-05
3.14955,0.003083609184239733,9.623515429248698e-05
3.15219,0.002638381589900112,8.277460731540916e-05
3.15483,0.002486255618756937,7.82444447533605e-05
3.15748,0.003461950887902331,0.000107182070941797
3.16012,0.002000471628745839,6.377959286766528e-05
3.16276,0.003799704148168703,0.000117379314980509
3.16541,0.003014406700887902,9.461624748389147e-05
3.16805,0.00390290240011099,0.0001197405936339032
3.1707,0.003733367647058822,0.0001151638952179718
3.17334,0.003001484600443955,9.326975484618572e-05
3.17598,0.001577876595449504,5.083530601623007e-05
3.17863,0.002441487236403994,7.69469244130376e-05
3.18127,0.003259560349611545,0.0001011166585745847
3.18391,0.00169721774417314,5.431758020435171e-05
3.18656,0.002867227524972253,8.937151759911242e-05
3.1892,0.002731008670921199,8.629197190091424e-05
3.19185,0.00321391065482797,9.976531482322569e-05
3.19449,0.002473567008879025,7.796006231822203e-05
3.19713,0.00367679883462819,0.0001134242530389166
3.19978,0.001679293909544954,5.35069228664473e-05
3.20242,0.003341169880688122,0.0001032067175017937
3.20506,0.004124814581021087,0.0001251893837378112
3.20771,0.003013477316870147,9.335774050779872e-05
3.21035,0.001855441939511655,5.888054913026571e-05
3.213,0.00271552504162042,8.465898861717123e-05
3.21564,0.002359392411209767,7.319622609839095e-05
3.21828,0.002701845241398447,8.404920757223446e-05
3.22093,0.003029009017758045,9.367778731794239e-05
3.22357,0.002557758670921197,8.005436807450198e-05
3.22621,0.00233403579356271,7.293014928994478e-05
3.22886,0.003596272058823529,0.0001095485328812175
3.2315,0.002298499445061042,7.406894809751035e-05
3.23414,0.002689989872364041,8.75305601008455e-05
3.23679,0.002524518312985573,8.299427846794873e-05
3.23943,0.003321977871809099,0.0001084740103481663
3.24208,0.002054130965593787,6.98856787208986e-05
3.24472,0.003209806256936738,0.000107916796818429
3.24736,0.003497615427302997,0.0001164321326522981
3.25001,0.003014525735294121,0.0001028863922398756
3.25265,0.003480087610987789,0.0001193408401094776
3.25529,0.002198588374028859,7.816006132569524e-05
3.25794,0.00247021573251942,8.661819839553798e-05
3.26058,0.002063269145394005,7.34522281892634e-05
3.26323,0.002897240219200885,0.0001017484546965355
3.26587,0.003548189026082133,0.0001243086730871811
3.26851,0.001566243271365148,5.776613503536984e-05
3.27116,0.002758102733074365,9.880255278497328e-05
3.2738,0.003066825332963373,0.0001096751885759707
3.27644,0.002795314719755825,0.0001014766185697951
3.27909,0.001960134988901219,7.288505184222462e-05
3.28173,0.002154824916759157,7.921996339522909e-05
3.28438,0.004058281215316318,0.0001468532403695681
3.28702,0.003071678274139845,0.000109309684883465
3.28966,0.002583158781908988,9.188374365930819e-05
3.29231,0.001519659614317427,5.437091558689814e-05
3.29495,0.00163466745283019,5.785296159324727e-05
3.29759,0.002783463928967817,9.580227534703776e-05
3.30024,0.001458327136514986,5.121894061072539e-05
3.30288,0.002335276498335184,8.050617888834716e-05
3.30553,0.003439091703662595,0.0001154331348147086
3.30817,0.002957826442841286,9.994754740562889e-05
3.31081,0.00241946587125416,8.281947227732943e-05
3.31346,0.002155001179245287,7.422680254150973e-05
3.3161,0.001156645879578247,4.031827792802778e-05
3.31874,0.003173638110432851,0.0001067168389180086
3.32139,0.001787862444506108,6.133666082830333e-05
3.32403,0.003042015815760266,0.0001022685040600793
3.32667,0.002511761029411765,8.435885697667251e-05
3.32932,0.003039761029411767,0.0001012123274268877
3.33196,0.003732413082685905,0.0001234483929206896
3.33461,0.002447926539955604,8.281182059875077e-05
3.33725,0.002381004023307438,8.034617223844977e-05
3.33989,0.003393011653718091,0.0001120708417533873
3.34254,0.0007662725443951184,2.636487878344806e-05
3.34518,0.002727776428967813,9.098751772105474e-05
3.34782,0.002912687222530522,9.632749453876153e-05
3.35047,0.000418415094339626,1.450182932267304e-05
3.35311,0.002905845033296339,9.569737777286452e-05
3.35576,0.001905017480577136,6.426806151579802e-05
3.3584,0.002163640330188682,7.224703390049327e-05
3.36104,0.002184926886792453,7.279503884556534e-05
3.36369,0.002777354259156492,9.224874657835356e-05
3.36633,0.003567516093229745,0.0001156686360194181
3.36897,0.002022053482241954,6.787268639691021e-05
3.37162,0.002903507838512764,9.437528535940753e-05
3.37426,0.003103149139844617,0.0001019128134172126
3.37691,0.003063783088235293,0.0001007054487623334
3.37955,0.002727236195893454,8.942979175114159e-05
3.38219,0.002928324223085462,9.555237889796897e-05
3.38484,0.003261991398446169,0.0001058592535817497
3.38748,0.004158663845726971,0.0001330176037148728
3.39012,0.002557145185904549,8.493657030660552e-05
3.39277,0.003398288082685901,0.0001100931724246566
3.39541,0.003371672447280799,0.000108891986115838
3.39806,0.003372924597669257,0.000109901360480958
3.4007,0.00274047419533851,9.023858588889545e-05
3.40334,0.002539358698668148,8.395507870715534e-05
3.40599,0.002356840038845728,7.808014268538079e-05
3.40863,0.003646980715871254,0.0001168768288506783
3.41127,0.000272927580466151,9.422781959742181e-06
3.41392,0.001699293978912321,5.685167556234647e-05
3.41656,0.002656094825194228,8.725244511242967e-05
3.41921,0.00191777018590455,6.39624305310614e-05
3.42185,0.001604707408435075,5.361497879519822e-05
3.42449,0.002242871462264151,7.455398629842774e-05
3.42714,0.001668457200332966,5.541287267579001e-05
3.42978,0.003077826859045505,0.0001001711820561631
3.43242,0.002114231895116538,7.031063910356333e-05
3.43507,0.003112204911209767,0.0001013817022244077
3.43771,0.003170426470588234,0.0001030297152435801
3.44035,0.002340758948390674,7.688251562262348e-05
3.443,0.002565580604883464,8.427399333027487e-05
3.44564,0.002563767619311878,8.425294809520433e-05
3.44829,0.00195925825471698,6.441108509369391e-05
3.45093,0.00297244249445061,9.633054858203796e-05
3.45357,0.001094180285793563,3.679383281682212e-05
3.45622,0.001939491675915647,6.414575741178809e-05
3.45886,0.001407561251387351,4.732158019332747e-05
3.4615,0.001907828523862377,6.254087493575206e-05
3.46415,0.002525200471698112,8.21702268842233e-05
3.46679,0.001897319159267477,6.25989102124078e-05
3.46944,0.001553360086015535,5.173478381483648e-05
3.47208,0.003706777192008878,0.0001180274209418175
3.47472,0.003817904966703662,0.0001212604143353444
3.47737,0.003679314581021088,0.0001165653591555782
3.48001,0.001818078870699224,5.948807376298954e-05
3.48265,0.002361322142064375,7.637142982697813e-05
3.4853,0.00212351886792453,6.918565931744073e-05
3.48794,0.002576069367369591,8.375532344370633e-05
3.49059,0.001393114594894562,4.636803659357635e-05
3.49323,0.003548051678690347,0.0001115544504862888
3.49587,0.002210789400665924,7.114853841317333e-05
3.49852,0.002332740149833518,7.59555514172499e-05
3.50116,0.003141322558268593,0.0001006995693688571
3.5038,0.001360325194228638,4.505655362254152e-05
3.50645,0.002079157949500555,6.7737531287148e-05
3.50909,0.003845573598779132,0.0001210911388866272
3.51174,0.002671246531631521,8.582288572772473e-05
3.51438,0.002269960946170923,7.418165355376505e-05
3.51702,0.00401160828246393,0.0001253940534136037
3.51967,0.002177496392896783,7.113469618698592e-05
3.52231,0.002107506451165372,6.858595959097951e-05
3.52495,0.001502722391786907,4.993067943654113e-05
3.5276,0.001806546268035516,5.891749834082096e-05
3.53024,0.003499840455049944,0.000110427718397399
3.53288,0.002509620699223082,8.09597574473604e-05
3.53553,0.001644975374583795,5.429362919341458e-05
3.53817,0.002825769214761378,9.105394063889549e-05
3.54082,0.002536071517758049,8.156286686045522e-05
3.54346,0.00134048307436182,4.432325278211964e-05
3.5461,0.002749452136514986,8.918704898447788e-05
3.54875,0.002881046961709212,9.241641177185651e-05
3.55139,0.003021097807991118,9.638077511764074e-05
3.55403,0.002818409683684796,9.066287823488257e-05
3.55668,0.002188598640399555,7.072945316848957e-05
3.55932,0.002774607311320756,8.930812367264659e-05
3.56197,0.003556152885682575,0.0001122229506464265
3.56461,0.001615006173695896,5.2890106316496e-05
3.56725,0.002672336154273032,8.621381282410168e-05
3.5699,0.003464143867924525,0.0001102126657906825
3.57254,0.002055806603773587,6.641411860422847e-05
3.57518,0.00300139303551609,9.556855152614687e-05
3.57783,0.002842168493340732,9.131657393646924e-05
3.58047,0.003092733629300778,9.885683300753099e-05
3.58312,0.002725018035516094,8.760946075505907e-05
3.58576,0.002340845935072145,7.55336758041344e-05
3.5884,0.002872826720310765,9.20874949892245e-05
3.59105,0.002346717536071032,7.592714937934462e-05
3.59369,0.003387453662597115,0.0001074229828458466
3.59633,0.002092189927857934,6.772189570366636e-05
3.59898,0.002227456506659267,7.197602112508274e-05
3.60162,0.001062226415094338,3.54855684771363e-05
3.60427,0.001996500000000003,6.539377144594017e-05
3.60691,0.00228526373473918,7.382354306760774e-05
3.60955,0.002261195893451719,7.324767847815087e-05
3.6122,0.003187192008879023,0.0001016700494587303
3.61484,0.003718057991120975,0.0001179748569392999
3.61748,0.001636452968923418,5.347063396052693e-05
3.62013,0.002786341356825751,8.915779703289953e-05
3.62277,0.002374963027192009,7.684950531330194e-05
3.62541,0.002836628815205327,9.05857037915454e-05
3.62806,0.003190179314650389,0.0001020837419708723
3.6307,0.002999250416204215,9.583425738971126e-05
3.63335,0.003122077899556049,0.0001000212694975785
3.63599,0.0009929094755826864,3.308208937106957e-05
3.63863,0.002391179175915651,7.729605975023484e-05
3.64128,0.002414281007214209,7.80669101855598e-05
3.64392,0.002018697627635964,6.577755520767747e-05
3.64656,0.004038814511653719,0.0001262500473392136
3.64921,0.004425550430077692,0.000138362209824736
3.65185,0.003632634780799112,0.0001147522200353304
3.6545,0.002674579495005551,8.576237345908753e-05
3.65714,0.001821512555493896,5.949548132331454e-05
3.65978,0.003365068326859045,0.0001068552253241323
3.66243,0.002263402608213095,7.336860069176326e-05
3.66507,0.001760271642619311,5.761946425132122e-05
3.66771,0.002876184864039956,9.203424252203884e-05
3.67036,0.003477159822419534,0.0001095987744752979
3.673,0.003200523862375139,0.0001015736394638078
3.67565,0.002605029064927856,8.328304856190029e-05
3.67829,0.004345682921753605,0.0001344723938645679
3.68093,0.0032131827136515,0.0001024312968834489
3.68358,0.002499450124861268,7.966166583347456e-05
3.68622,0.001927512694228633,6.291169262347075e-05
3.68886,0.002959426539955605,9.344654125521601e-05
3.69151,0.003679190968368484,0.0001152778780892381
3.69415,0.001641944575471696,5.326505259875282e-05
3.6968,0.003051881936736961,9.574848391761135e-05
3.69944,0.001954730369034407,6.350910162041973e-05
3.70208,0.002654339067702553,8.404543415881949e-05
3.70473,0.0006249901498335181,2.075114913263777e-05
3.70737,0.00332351158435072,0.0001033762460253799
3.71001,0.003642649694783574,0.0001126439626310231
3.71266,0.00290109281354051,9.137985965837586e-05
3.7153,0.003162485502219756,0.0001000299893970266
3.71794,0.001979125554938956,6.372774839770529e-05
3.72059,0.003741562708102107,0.0001164131385721062
3.72323,0.002611834628190896,8.272604361124091e-05
3.72588,0.003657865496670369,0.0001141227756867419
3.72852,0.003084820130410656,9.684735324841929e-05
3.73116,0.003031481270810213,9.488468740520616e-05
3.73381,0.002265696309655941,7.264647502849721e-05
3.73645,0.002480374861265263,7.844845111401301e-05
3.73909,0.00269082082408435,8.57512415981065e-05
3.74174,0.002058475721420644,6.558540168730889e-05
3.74438,0.003139042591564928,9.849890289605181e-05
3.74703,0.001664217744173138,5.420550665615974e-05
3.74967,0.003314254370144283,0.0001042736942244209
3.75231,0.002047918285238626,6.499466232108751e-05
3.75496,0.002381713651498336,7.586729884184443e-05
3.7576,0.00378801817425083,0.0001168966196484756
3.76024,0.004176287805216424,0.0001289203065978131
3.76289,0.003111731062708101,9.745215812883655e-05
3.76553,0.002723028787458378,8.627119822314034e-05
3.76818,0.002778796406770257,8.790100870340915e-05
3.77082,0.001851625971143177,5.929289652192382e-05
3.77346,0.00201432769145394,6.473459539683833e-05
3.77611,0.002136667591564927,6.840299289932052e-05
3.77875,0.001841979605993339,5.924613260271543e-05
3.78139,0.001804975929522753,5.828497843207157e-05
3.78404,0.00370828572419534,0.0001151411299511788
3.78668,0.002875404273029966,9.048356882899527e-05
3.78933,0.001746044741953384,5.621635312894424e-05
3.79197,0.004037221281908992,0.0001286997683675656
3.79461,0.002455036556603776,8.199960885501384e-05
3.79726,0.001817751526082132,6.181429876413701e-05
3.7999,0.003199921822974472,0.0001080106699349715
3.80254,0.002232467397336293,7.734597146986915e-05
3.80519,0.002709635127635958,9.406327021993957e-05
3.80783,0.002632097946725859,9.198905954479987e-05
3.81047,0.001720848362930078,6.199481035313186e-05
3.81312,0.002175948945615981,7.930582153212381e-05
3.81576,0.002419896226415096,8.726276383849284e-05
3.81841,0.002453715732519423,8.834950098624591e-05
3.82105,0.002675689719755829,9.793154482431848e-05
3.82369,0.002937762278024417,0.000106625265520118
3.82634,0.002885725929522753,0.0001054166875893933
3.82898,0.001704982450055493,6.421871250038537e-05
3.83162,0.002581677719200887,9.615923454417324e-05
3.83427,0.002685647405660377,0.0001006085950564484
3.83691,0.002854646503884574,0.0001078689551530149
3.83956,0.002132508254716978,8.183053533766722e-05
3.8422,0.003825914608768034,0.0001426522703939968
3.84484,0.003002574223085461,0.0001143729202408608
3.84749,0.001897811320754718,7.209933518102217e-05
3.85013,0.003294668632075473,0.0001187845558171484
3.85277,0.002986227594339624,0.0001063282041334514
3.85542,0.002293296268035517,8.316644239932683e-05
3.85806,0.002162685765815763,7.779879214102263e-05
3.86071,0.001781949639289676,6.414856594686932e-05
3.86335,0.002460200818534963,8.669612753435898e-05
3.86599,0.002244501317980025,7.89378462779265e-05
3.86864,0.004431188540510543,0.0001489014091766302
3.87128,0.002381967744173144,8.37191494083813e-05
3.87392,0.001796879300776914,6.342433422733295e-05
3.87657,0.002478623682019977,8.634745915974644e-05
3.87921,0.002846529273029968,9.840707662615955e-05
3.88186,0.003457081922863488,0.000117785515524455
3.8845,0.002142548349056606,7.49804194807735e-05
3.88714,0.00190452074084351,6.628072668110915e-05
3.88979,0.002046077830188677,7.16920625357297e-05
3.89243,0.003104827067147614,0.000105961695089569
3.89507,0.001957523099334073,6.740769150729657e-05
3.89772,0.00308228378190899,0.0001036402550548653
3.90036,0.001222886237513874,4.253636477586026e-05
3.903,0.002539608213096562,8.581059815051449e-05
3.90565,0.002830825887902331,9.506798903076185e-05
3.90829,0.003400343715316314,0.0001125349178485478
3.91094,0.003590029619866813,0.0001189118630415589
3.91358,0.003932454980577134,0.0001285656363131862
3.91622,0.002690715524417313,8.954277522116208e-05
3.91887,0.00387534822419534,0.0001273392015820782
3.92151,0.001371026845172028,4.681520342233524e-05
3.92415,0.002547929175915648,8.490891143893474e-05
3.9268,0.001730448945615981,5.886502136707063e-05
3.92944,0.002823409128745838,9.30461049866683e-05
3.93209,0.003860576512208655,0.0001250249183202795
3.93473,0.002438181742508324,8.045035699920651e-05
3.93737,0.002619349819644839,8.635926801216876e-05
3.94002,0.001442374236958935,4.88231751490883e-05
3.94266,0.001785880063817983,6.009201969699805e-05
3.9453,0.003488227733074365,0.0001133460337551047
3.94795,0.002813847461154274,9.240644441047712e-05
3.95059,0.002722348917869036,8.998101863384407e-05
3.95324,0.003257864109322973,0.0001067878796307001
3.95588,0.003857362583240841,0.0001245852188477517
3.95852,0.002983604259156493,9.813686731946653e-05
3.96117,0.002212487930077689,7.402338859280422e-05
3.96381,0.002751738970588233,9.04993999312685e-05
3.96645,0.003723741884017757,0.000120018161993063
3.9691,0.003761796268035514,0.0001213479758038453
3.97174,0.002162289747502777,7.243713533043701e-05
3.97439,0.002890267549944503,9.551051778160715e-05
3.97703,0.001845843645948944,6.127211497532102e-05
3.97967,0.002149946795227523,7.146162009959994e-05
3.98232,0.002779208448945614,9.101326463721936e-05
3.98496,0.00365917258601554,0.0001181867052245902
3.9876,0.00160617702552719,5.393509863943332e-05
3.99025,0.002496762694228636,8.239423125439938e-05
3.99289,0.004408567425083242,0.0001413496339425326
