0.0431807,69.11581508740289,0.4867567447632857
0.0458244,59.53191438679246,0.4339257012673327
0.0484682,51.83395842119867,0.3983577586219383
0.0511119,46.10557412597115,0.3926519821823781
0.0537556,40.31259832824639,0.3430517045976197
0.0563993,35.60865663845727,0.3326651047968278
0.059043,31.70163596836848,0.29268811826285
0.0616867,28.49582668077137,0.287694139284826
0.0643304,25.70075117438957,0.2672337087861963
0.0669742,23.24424827413985,0.2425832926787239
0.0696179,20.93883908781909,0.2344388099075674
0.0722616,19.00934172377914,0.2097146888848664
0.07490529999999999,17.32161390607658,0.1995779164265152
0.07754900000000001,15.74663199847392,0.1878057571018912
0.08019270000000001,14.45569990288568,0.1730276735128718
0.08283649999999999,13.23399366259712,0.1674337240264966
0.08548020000000001,12.16520510960044,0.1530951748431626
0.08812390000000001,11.1613068354606,0.1527624657320553
0.0907676,10.33817402746948,0.1454007830570191
0.0934113,9.568296823668147,0.1376086250567846
0.096055,8.806749189789125,0.133420700898438
0.0986987,8.212099490843508,0.1240000489382572
0.101342,7.543357192008879,0.1182706454693001
0.103986,6.983231728634851,0.1074750918883509
0.10663,6.501241067563819,0.1043508249694132
0.109274,6.031068989317426,0.09965420524748239
0.111917,5.625626928412875,0.09243007309040897
0.114561,5.26287506936737,0.08726279989590666
0.117205,4.962079222391788,0.08346962667521482
0.119848,4.621054026775805,0.07854802427629477
0.122492,4.309154696170921,0.07265440212282646
0.125136,4.068262387624861,0.07042070882327388
0.12778,3.791712475721421,0.06597071457422458
0.130423,3.573059044811321,0.06316815939055125
0.133067,3.339330455743618,0.05995960331754886
0.135711,3.14040235363485,0.05505386855778299
0.138354,2.951015294117648,0.05301253433672969
0.140998,2.767891481687014,0.04979924997925186
0.143642,2.57720456645394,0.04672306761768704
0.146286,2.478995595865705,0.0444280544285678
0.148929,2.343549481132076,0.04206272150021632
0.151573,2.231308254023308,0.04128441157063597
0.154217,2.084266906215317,0.03801431471230354
0.15686,1.988755964900111,0.03673578746167915
0.159504,1.862626902053274,0.03430067055840152
0.162148,1.783537146226415,0.0330052122259919
0.164792,1.693652549250833,0.03206136062055052
0.167435,1.597494335460599,0.02971187176938558
0.170079,1.506538131243063,0.02835648685079132
0.172723,1.429191496947836,0.02684789449847153
0.175366,1.35518741745283,0.02580541008756413
0.17801,1.297289059378469,0.02460918714494207
0.180654,1.245680135960044,0.02357594163002138
0.183298,1.172367600582686,0.02254350863253542
0.185941,1.109968620283019,0.02126432553045632
0.188585,1.070068172863485,0.02057326287563547
0.191229,1.002116351970033,0.01948450547811395
0.193872,0.9675364449223087,0.0187252240185899
0.196516,0.9129500360710322,0.01789975442799098
0.19916,0.8655555258046616,0.01701575259998115
0.201804,0.841234530382908,0.01689388774943639
0.204447,0.8035527240566037,0.01593226974184003
0.207091,0.7671704758601554,0.01515961234788011
0.209735,0.7233860502219756,0.01442428843446236
0.212378,0.7197329300776915,0.0143507420563423
0.215022,0.6727402982796893,0.013496108837575
0.217666,0.646644705882353,0.01313928213943227
0.22031,0.6234047031076582,0.01284999994548088
0.222953,0.581374249445061,0.01192094320271245
0.225597,0.5554611459489456,0.01135801034708893
0.228241,0.5531114754439512,0.01141925076468622
0.230885,0.5274559211986681,0.01093903726170254
0.233528,0.5049543437846837,0.01061262721264327
0.236172,0.4950452101831299,0.01037165327014945
0.238816,0.4789375201165372,0.01005143330049756
0.241459,0.4588830382907881,0.009640464594011907
0.244103,0.4294938554384018,0.009028539838541627
0.246747,0.4191821337402887,0.008936042310875981
0.249391,0.4101952649833518,0.008798272967446357
0.252034,0.3995244256381797,0.008636315900046942
0.254678,0.3793013498890123,0.008167602800166315
0.257322,0.3642043077136515,0.007910249133333953
0.259965,0.344816487236404,0.007553832157624592
0.262609,0.3461744180077692,0.007557334976925975
0.265253,0.3355464997225306,0.007449436866446407
0.267897,0.3212118042452831,0.007086478330916016
0.27054,0.3189770935072141,0.007027559058797951
0.273184,0.3093553822142064,0.006780858467512378
0.275828,0.295870134572697,0.006549680623859393
0.278471,0.2827289879300777,0.006404000573604479
0.281115,0.2746829945893452,0.006244234067850542
0.283759,0.2660224403440622,0.006096957942270402
0.286403,0.2678244839067703,0.005978160321561913
0.289046,0.2596109038568258,0.005901714439607434
0.29169,0.2389088977524972,0.005514549731459567
0.294334,0.2441190794950056,0.005633881721523739
0.296977,0.2348728301886792,0.005461643690405686
0.299621,0.2318719956992231,0.005336711111144331
0.302265,0.213424959073252,0.005034617411897699
0.304909,0.2151246330466149,0.005026395685470981
0.307552,0.210110102663707,0.004977701611473868
0.310196,0.2069605667314096,0.004875605852004474
0.31284,0.1967390135960045,0.004672827845815897
0.315483,0.1925662853773585,0.004605056353216636
0.318127,0.1974458192980022,0.004647621874114344
0.320771,0.1785345690899001,0.004313846902529181
0.323415,0.1820265212264151,0.004377327499406563
0.326058,0.1796361958934517,0.004298857401782411
0.328702,0.171673457963374,0.004220042907163669
0.331346,0.1642858416342953,0.004027123098411543
0.333989,0.1608241768867925,0.003945004241234164
0.336633,0.1595293389289678,0.003881030279939974
0.339277,0.1577582443118757,0.00384267517839161
0.341921,0.1505883899833518,0.00376668100715564
0.344564,0.1522562520116537,0.003752137714252826
0.347208,0.1464667549944506,0.00365794836737546
0.349852,0.1448262319644839,0.003592758301147058
0.352495,0.1414191261792453,0.003537798853295094
0.355139,0.1404303829078802,0.003505959268409767
0.357783,0.1380470187985572,0.003468612081358527
0.360427,0.1360714184933408,0.00341985917749108
0.36307,0.1309772426470588,0.003294107136772167
0.365714,0.1258122138596005,0.003216285092143831
0.368358,0.1277727425776914,0.003203855420964389
0.371001,0.1266041291620422,0.003205186505102239
0.373645,0.1246029959766926,0.003171528297606916
0.376289,0.1133785276082131,0.00294028571908444
0.378933,0.1196039331992231,0.003065771094916877
0.381576,0.112974089900111,0.002889222016104275
0.38422,0.1174813551609323,0.002997450836086736
0.386864,0.1133947391786903,0.002900365879577778
0.389507,0.1103283304661487,0.002861496528250172
0.392151,0.1054019175915649,0.002787504422627652
0.394795,0.1057028045227525,0.002738631844378129
0.397439,0.100717398654273,0.002657937116060962
0.400082,0.09613321656492785,0.002551536776985996
0.402726,0.1032544270255272,0.002691254856040452
0.40537,0.1039248150665927,0.002696850320905285
0.408013,0.09893588165926748,0.002569942756633165
0.410657,0.09391336223640399,0.002510765372552768
0.413301,0.09240958455882355,0.00245328189187428
0.415945,0.09466566655105438,0.0025098931848611
0.418588,0.09218178017480577,0.002465848908115821
0.421232,0.08749626089067704,0.002366108471967788
0.423876,0.08915745241398446,0.002434720587727385
0.426519,0.09498526248612653,0.00255014875847584
0.429163,0.08821195296892342,0.002496006126103471
0.431807,0.08700434662874583,0.0025158054391039
0.434451,0.08924144721143175,0.002601748311790195
0.437094,0.08330493125693675,0.002541882159096485
0.439738,0.08110035453662597,0.002498367453782437
0.442382,0.08306827941176471,0.002590330210644177
0.445025,0.0815565905244173,0.002553746964427245
0.447669,0.0797135029827969,0.00253346503203924
0.450313,0.07634958837402885,0.002496727000818932
0.452957,0.08156860384295227,0.002575294414298468
0.4556,0.08305056846559378,0.002594200054042531
0.458244,0.07842847391786904,0.002455043471391688
0.460888,0.0725546868063263,0.002341643653709524
0.463531,0.07498326567702553,0.00242162243431021
0.466175,0.07325448321309656,0.002351491487793721
0.468819,0.07020284621254162,0.002335037986183212
0.471463,0.07145006582963374,0.002297113298030246
0.474106,0.07126350686736958,0.00234654227720603
0.47675,0.07198378177025527,0.00235680325698297
0.479394,0.06726433996947835,0.002258665349282363
0.482037,0.06904348543285239,0.002327370750480268
0.484681,0.06828169041342953,0.002192365126921818
0.487325,0.06783641932574917,0.002185760274956705
0.489969,0.06753194304938957,0.00212327386818098
0.492612,0.06702547454217536,0.002114075506966452
0.495256,0.0671018351137625,0.002075271770164236
0.4979,0.06669614983351832,0.002043151784169638
0.500543,0.06135969318812429,0.001915176350142417
0.5031870000000001,0.06143232935627081,0.001900406290330482
0.505831,0.06472894832130965,0.001972752742519264
0.508475,0.06552940205327414,0.001979290763002457
0.511118,0.05842943694506105,0.001801388186868341
0.5137620000000001,0.05977871940899002,0.001832472034421211
0.516406,0.0573824263318535,0.001762063067209391
0.519049,0.06003662347391786,0.00182835561188312
0.521693,0.05788308733351832,0.001756286450677434
0.5243370000000001,0.05446622530521642,0.001683448151167446
0.526981,0.05707021510821309,0.0017405847788494
0.529624,0.05712108171476138,0.001716681971932625
0.532268,0.05902498897058824,0.001763041332564542
0.5349120000000001,0.05482488283851277,0.001656376863061005
0.537555,0.05481391107103218,0.001655270438495331
0.540199,0.05515542536071032,0.001668778604697257
0.542843,0.05459881818812431,0.001646802046807196
0.5454870000000001,0.05126912368201997,0.001570325790158275
0.54813,0.05338402629023307,0.001581263041142674
0.550774,0.05285735398168703,0.001591120037022409
0.553418,0.05556777885682574,0.00163069616199707
0.556061,0.05138530812985571,0.001544688826433685
0.558705,0.05401824389567148,0.001608484228712225
0.561349,0.04938315628468369,0.001472805969495789
0.563993,0.04639288609877913,0.001422866257342911
0.566636,0.05264669284128747,0.001542682574868203
0.56928,0.05167706374861265,0.001533398397994518
0.571924,0.05168016093229746,0.001524736932737474
0.574567,0.05006832748335183,0.001485341809352002
0.577211,0.04795013540510543,0.001436509706055346
0.579855,0.04725084031631521,0.001405048008194226
0.582499,0.04873600742230854,0.001450030412719949
0.5851420000000001,0.05078733421198669,0.001479745525362692
0.587786,0.04838662541620423,0.001443948127961879
0.59043,0.0473187128190899,0.001408710849923325
0.593073,0.04330646587125417,0.001301296546003759
0.5957170000000001,0.04633682776082132,0.001371300974616763
0.598361,0.04713683740288568,0.001390973022912546
0.601005,0.04834526553829079,0.001404623443039022
0.603648,0.04774093014705882,0.001385537348534785
0.6062920000000001,0.04546960488346283,0.001336117012369954
0.608936,0.0455452237791343,0.001336162248126867
0.611579,0.04549664171753608,0.001322288216388474
0.614223,0.04510631416481688,0.001314119493931141
0.6168670000000001,0.04386799236958934,0.00128646597815641
0.619511,0.04782374375693674,0.00135808473282056
0.622154,0.0437340283018868,0.001278288302121991
0.624798,0.04446828745837959,0.001282915093003317
0.6274420000000001,0.04633101109877914,0.001314019138852718
0.630085,0.04248913443396227,0.001244118247504348
0.632729,0.04576497731687014,0.001301429959736594
0.635373,0.043184368618202,0.001247364658058033
0.6380169999999999,0.04239106152885682,0.001220692762592054
0.64066,0.04272563748612652,0.001236228455288181
0.643304,0.04012654182852386,0.001181891067466698
0.645948,0.04074414955604883,0.001188141803850207
0.6485919999999999,0.04060419943118758,0.001181569638414917
0.651235,0.04141586986681466,0.00120790082084453
0.653879,0.04338651879855716,0.001244183248993505
0.656523,0.04101715038845727,0.001187994754401533
0.659166,0.04296278836015538,0.00122965432818169
0.66181,0.04195179481132076,0.001191839121383196
0.664454,0.04291494339622642,0.001224921996603461
0.667098,0.0393355467536071,0.001154035832758821
0.669741,0.04069342258601554,0.001179757589836145
0.672385,0.04056820525804661,0.001168745530585421
0.675029,0.03867680806048834,0.001121750931184989
0.6776720000000001,0.04119791100166482,0.001169932864651159
0.680316,0.03892384107935629,0.001126729182279075
0.68296,0.03965275742230855,0.001130811832537988
0.685604,0.03577491176470589,0.001059084585643824
0.6882470000000001,0.04027888297724751,0.001144524416061704
0.690891,0.04192213922031077,0.001180179380552259
0.693535,0.03867384593507214,0.001106715375184203
0.696178,0.03666986508046615,0.001065254177554929
0.6988220000000001,0.04048035557713651,0.001147789520028242
0.701466,0.03653641606548279,0.00105616612647965
0.70411,0.03972242230854606,0.001128884733679831
0.706753,0.03442534773862375,0.001003840185332185
0.7093970000000001,0.03711583435072142,0.001065656814377762
0.712041,0.03695035134572697,0.001062738225792639
0.714684,0.03468011799389568,0.001007995707403097
0.717328,0.03790431139012208,0.001074457931101326
0.7199719999999999,0.03420545914261932,0.0009969109029253117
0.722616,0.03704702788568258,0.001050308234002811
0.725259,0.03699063075749168,0.001051623003855447
0.727903,0.03667914060765816,0.001030461913487033
0.7305469999999999,0.03464481055771365,0.001003075536706216
0.73319,0.03731575950332963,0.001053877969127495
0.735834,0.03656887354328524,0.00102988353097951
0.738478,0.03645084177302997,0.001023275963974422
0.7411219999999999,0.03409713096559379,0.0009774096448964824
0.743765,0.0346498077136515,0.0009940902836351921
0.746409,0.03733730015260822,0.001030913939361587
0.749053,0.03649875083240843,0.001025545253370932
0.751696,0.03503270019422863,0.0009842002886973227
0.75434,0.03488615052719201,0.0009903700722924066
0.756984,0.03496004113485016,0.0009759594338059338
0.759628,0.03769509468645948,0.00103842637837663
0.762271,0.03565861743895672,0.0009944051504129742
0.764915,0.03748763831853497,0.001024696299521077
0.767559,0.03366968070199779,0.0009596503498278593
0.7702020000000001,0.03332789171753606,0.0009376481293621559
0.772846,0.03463410890677026,0.0009625695840292527
0.77549,0.03398516766093229,0.000956968077935503
0.778134,0.03392182075471699,0.0009431724351044507
0.7807770000000001,0.03519445192841287,0.00097702862001915
0.783421,0.03604930896226415,0.0009871984529753717
0.786065,0.03543833053551609,0.0009762447110856195
0.788708,0.03479169214761376,0.0009634507978369484
0.7913520000000001,0.03312152268312986,0.0009197878819132581
0.793996,0.03376312271087681,0.0009381795135507854
0.79664,0.03264073355993341,0.0009090976913280284
0.799283,0.0370531329772475,0.0009968024929795695
0.8019269999999999,0.03550717362652608,0.0009658022081000529
0.804571,0.03369656874306327,0.0009241031033444009
0.807214,0.03339214969478358,0.0009225478578443548
0.809858,0.03395523050776914,0.0009226169184763031
0.8125019999999999,0.0320175403718091,0.0008975724702826301
0.815146,0.03380611244450611,0.0009199305864695728
0.817789,0.03316134884850166,0.0009090106147670669
0.820433,0.03550620532741398,0.0009597437462518532
0.8230769999999999,0.03347623376803552,0.0009099487967902609
0.82572,0.03185219471420644,0.0008834313800192901
0.828364,0.03349291918701443,0.0009086354794111387
0.831008,0.03354104342397336,0.0009142027426889635
0.8336519999999999,0.03370453260266371,0.0009058551900670689
0.836295,0.03157332456992231,0.0008675107231572732
0.838939,0.03295576269422864,0.0008977927680247049
0.841583,0.03306646240288568,0.0008863907994012209
0.844226,0.03117780070754717,0.0008647111059463784
0.84687,0.03309467584628192,0.000891239399029428
0.849514,0.03550046420643729,0.0009381127286845585
0.852158,0.03192880251109878,0.0008710190558695278
0.854801,0.03401202136514983,0.0008931464388062418
0.857445,0.03216732456992231,0.0008698797588520667
0.860089,0.03351751123751388,0.0008872772290611885
0.8627320000000001,0.03248248418423973,0.0008685391567866559
0.865376,0.03300481631520533,0.0009094504194681895
0.86802,0.03480260897613762,0.0009390640805932054
0.870664,0.03367447641509434,0.0009307435608599594
0.8733070000000001,0.03237737222530522,0.0008905578753169377
0.875951,0.03320751588512764,0.0009248118427478975
0.878595,0.02950230445338513,0.0008465954545454627
0.881238,0.03322198772197558,0.000919999431816902
0.8838819999999999,0.03263051720310766,0.0009228946838026875
0.886526,0.03082875291342953,0.0008641839821756846
0.88917,0.02863657408435072,0.000827868484684863
0.891813,0.031723697072697,0.0008941001616667887
0.8944569999999999,0.03184490843507215,0.0008768731529648361
0.897101,0.03287446448390677,0.0008895729221825803
0.899744,0.03162620789400666,0.000860725209080497
0.902388,0.03203040753329634,0.0008654786258403386
0.9050319999999999,0.03296498328246393,0.0008722199175830381
0.907676,0.03262517210044395,0.0008671853716353654
0.910319,0.03234884059378469,0.0008643337363861925
0.912963,0.03058254626803552,0.0008270534799214873
0.9156069999999999,0.03113167487513874,0.0008380458368238714
0.91825,0.03233237493063264,0.0008478079083376523
0.920894,0.03020802053274141,0.0008156896629994515
0.923538,0.0327059644145394,0.0008608970337729627
0.9261819999999999,0.03196383067425083,0.000839278484445641
0.928825,0.03111858566870145,0.000832819996409537
0.931469,0.03198954439511654,0.0008396233481905907
0.934113,0.03358332581853497,0.0008788690269008453
0.936756,0.03105492515260821,0.0008140657407835249
0.9394,0.0332235923973363,0.0008588752981540718
0.942044,0.03106181541342953,0.0008120091244450449
0.944688,0.02898591946448391,0.0007744635087531916
0.947331,0.03028185620144284,0.0008015136296477863
0.949975,0.02951872433407325,0.0007796265202090482
0.952619,0.0306350198390677,0.000803619438059512
0.9552619999999999,0.03089304522752498,0.0008078915785541224
0.957906,0.03119268000832408,0.0008125138791995986
0.96055,0.03135663158990012,0.0008195216036413884
0.963194,0.02899281430355161,0.0007548330139344477
0.9658369999999999,0.03087876567702553,0.0008054851751892325
0.968481,0.03158655799112098,0.0008121158730075165
0.971125,0.02979387923140955,0.0007733718860650471
0.973768,0.03158212395948946,0.00080621139082775
0.9764119999999999,0.03216010925360711,0.0008110825725688851
0.979056,0.03062006041897891,0.0007892232858389009
0.9817,0.02976153849889012,0.0007681394225876256
0.984343,0.03263625145671476,0.0008172328916228234
0.9869869999999999,0.02876662375138735,0.0007413837450689628
0.989631,0.03035569644839068,0.0007824597053138994
0.992274,0.02910354605993341,0.0007784561887380057
0.994918,0.02913632401498336,0.00077675276659368
0.9975619999999999,0.03107846878468369,0.000823466093347569
1.00021,0.03294995518867925,0.0008665822959691279
1.00285,0.03055235044395117,0.0008162894442996528
1.00549,0.02963983955327415,0.000814820781634851
1.00814,0.03199206243063263,0.0008552978326640242
1.01078,0.03176737125416204,0.0008561439095171559
1.01342,0.03056627518035517,0.0008363928369392192
1.01607,0.02815737361265261,0.0007950916077962118
1.01871,0.03041354030244173,0.0008359870499918644
1.02136,0.02838423029966704,0.0007985069960012659
1.024,0.02822270976692564,0.0008022550891228911
1.02664,0.02847561438679246,0.0008087520584438245
1.02929,0.0306010606964484,0.0008565079771347188
1.03193,0.03078501005826859,0.0008577417134423305
1.03457,0.03095185509156493,0.0008595551672019186
1.03722,0.03015842667869034,0.0008530205805749467
1.03986,0.03092023085460599,0.0008607287657634218
1.04251,0.02878890378745838,0.0008231578786164944
1.04515,0.02986657491675916,0.0008310411420407525
1.04779,0.0288477983490566,0.0008025950439379072
1.05044,0.03215506173695894,0.0008613073019438364
1.05308,0.03018225416204218,0.0008078605282599975
1.05572,0.02856509850166482,0.0007807476244278244
1.05837,0.0307624484600444,0.000810311799958761
1.06101,0.02761986917314096,0.0007557040761809579
1.06365,0.02967465940621532,0.0007851069600986447
1.0663,0.03023424243895672,0.0007964821552375734
1.06894,0.02934244582408435,0.0007777845975642032
1.07159,0.02827449889012209,0.0007454676801139046
1.07423,0.02835168125693674,0.0007547503167088758
1.07687,0.02736849368756937,0.0007255815569504941
1.07952,0.02814578607103218,0.0007455774755771257
1.08216,0.0279207698390677,0.0007361882488090019
1.0848,0.02869105979467259,0.0007376216342349999
1.08745,0.02928754120421754,0.0007564732964734346
1.09009,0.02707896080743619,0.0007086173008100526
1.09274,0.02870472814927858,0.0007441994110130716
1.09538,0.02959668500277469,0.0007582052489126929
1.09802,0.02748766773029966,0.0007108869883303003
1.10067,0.02783829959766925,0.0007222788990690151
1.10331,0.02833071288845727,0.000722391767768975
1.10595,0.03002340503607104,0.0007584374411809911
1.1086,0.02694806645394007,0.000696846070111135
1.11124,0.03034990725582686,0.0007617121690509099
1.11389,0.02922447128190899,0.0007427562551714006
1.11653,0.02908753135405106,0.0007256542413616842
1.11917,0.02628383615427303,0.0006830068853383827
1.12182,0.02738506922863485,0.0006977367432780635
1.12446,0.0255922760127636,0.0006675099838200792
1.1271,0.03022865697835738,0.0007500535407144657
1.12975,0.0291066455327414,0.0007253353479583783
1.13239,0.02766460321864595,0.0007017436745561113
1.13504,0.02701438922031077,0.0006862326318386655
1.13768,0.02673709857103219,0.000681133482777407
1.14032,0.02742385842119868,0.0006956383471009607
1.14297,0.02532039913984462,0.0006540448159994543
1.14561,0.02674655264983352,0.0006867208012627945
1.14825,0.02698257040788013,0.0006777947688979127
1.1509,0.0266148868618202,0.00067492178240134
1.15354,0.02724578523862375,0.0006860971340905947
1.15618,0.02743744665649279,0.0006860617214405612
1.15883,0.02761061195893452,0.0006984942335232682
1.16147,0.02839726685627082,0.0006996202980998758
1.16412,0.0267156243063263,0.0006775121927699039
1.16676,0.02758488450332963,0.0006815135813782842
1.1694,0.02646002767758047,0.0006666853953368466
1.17205,0.02699721392896781,0.0006728264305560184
1.17469,0.02609108282463929,0.000654702807656786
1.17733,0.02631508726415095,0.0006608862235026575
1.17998,0.02668460668701443,0.0006602719561640919
1.18262,0.0257343321309656,0.000646963062743667
1.18527,0.02494323633462819,0.0006286419784276848
1.18791,0.02460749292452831,0.0006241901909425016
1.19055,0.02652194617092119,0.0006609712329431434
1.1932,0.02578439296614873,0.0006390929261407613
1.19584,0.02636511376248613,0.0006552505748796875
1.19848,0.02584869672586015,0.0006397502546979177
1.20113,0.02472819839067703,0.0006229358914395981
1.20377,0.02510341544117647,0.0006271269875988958
1.20642,0.02352442862097669,0.0005969862558429106
1.20906,0.02655094707269701,0.0006558705462772698
1.2117,0.02456323959489456,0.0006099893578669135
1.21435,0.02389767931465039,0.00060102628885269
1.21699,0.02610600561875694,0.0006395822538234862
1.21963,0.02483505695061043,0.0006171542282282298
1.22228,0.02327778704217536,0.0005892956694425125
1.22492,0.02367606471975583,0.000590827770082652
1.22757,0.02382510953107659,0.0005958300058303153
1.23021,0.02398929002497226,0.0005947564994556905
1.23285,0.02541360536903441,0.000622607387748794
1.2355,0.0243724365982242,0.0006049670704200271
1.23814,0.02292941453940067,0.0005747506517046871
1.24078,0.02165530688124307,0.0005533091137302803
1.24343,0.02460542355715871,0.0006069750531878844
1.24607,0.02359753634850167,0.0005848181917494309
1.24871,0.02107176359600444,0.00053571554451116
1.25136,0.02381236827136515,0.0005865044439681085
1.254,0.02090409447835738,0.0005322951491864002
1.25665,0.02141023793007769,0.0005411674274835893
1.25929,0.0234838790926748,0.0005820915151041692
1.26193,0.02281850652053274,0.0005626530030829765
1.26458,0.02216145262208657,0.000551268405025439
1.26722,0.02191220602108768,0.0005485996363308331
1.26986,0.02213130029134295,0.000551653805056538
1.27251,0.02183931576026638,0.0005468393981400759
1.27515,0.02111515163706993,0.0005285663144735013
1.2778,0.0225792198945616,0.0005591996604921577
1.28044,0.02080451761931188,0.000519314035831209
1.28308,0.02132443930355161,0.0005311206237737
1.28573,0.0212871929800222,0.0005340360216152437
1.28837,0.02220286743895671,0.0005433479858954683
1.29101,0.02181831992230854,0.000545722947704056
1.29366,0.0204629667036626,0.0005106673061377822
1.2963,0.02177022773307437,0.0005376598059248739
1.29895,0.02103540545227525,0.0005241046059564079
1.30159,0.02180177871809101,0.0005331024858391405
1.30423,0.0205475910099889,0.0005157534524525454
1.30688,0.01955891412319645,0.0004879252943423837
1.30952,0.01953491495560489,0.0004921582093985126
1.31216,0.01958292702552719,0.0004890704596962585
1.31481,0.02085107838512764,0.0005155849039797472
1.31745,0.01856654716981132,0.0004698798936060958
1.3201,0.01832069991675915,0.0004611842630267186
1.32274,0.01931040919811321,0.0004827726376123416
1.32538,0.01840383858213097,0.0004614411158587781
1.32803,0.01973029848779135,0.0004873330390817473
1.33067,0.01947330549389567,0.0004877355404311978
1.33331,0.01932072398723641,0.0004764462222998117
1.33596,0.021204818881798,0.0005171986292952525
1.3386,0.01786759544950055,0.0004509618692741079
1.34124,0.01753644402053274,0.0004427915803615846
1.34389,0.02056611001664817,0.0005018441703424505
1.34653,0.02072907040788013,0.0005017621253550639
1.34918,0.01852338804106549,0.0004634706440645979
1.35182,0.01861733365704773,0.0004609059549208453
1.35446,0.01695333566870144,0.0004310717056924705
1.35711,0.01843766266648169,0.0004594175261133969
1.35975,0.01900131576026637,0.0004707072646981561
1.36239,0.01848967612375139,0.0004616154544778405
1.36504,0.01804095074916759,0.000446933223250498
1.36768,0.01875349070477247,0.0004651411089514711
1.37033,0.02033007852386238,0.0004945617290875217
1.37297,0.01780911979744728,0.0004456597267138787
1.37561,0.01775268375416204,0.0004486263600009973
1.37826,0.01866709232796892,0.00045844279770063
1.3809,0.01703770817147614,0.0004310870966511376
1.38354,0.01660304030244173,0.0004211755878906876
1.38619,0.016871634572697,0.0004272855196095111
1.38883,0.01801382692841288,0.0004466597125028109
1.39148,0.01680489060765816,0.0004239901787448296
1.39412,0.01582816981132076,0.0004046691847998701
1.39676,0.01782334669811321,0.0004405810654206436
1.39941,0.01628931367924528,0.0004117241377396647
1.40205,0.01301581485849057,0.0003417504512111886
1.40469,0.01663486598224196,0.0004226459371991757
1.40734,0.01529135439789123,0.0003898748522874238
1.40998,0.01569306576026637,0.0003973120023156267
1.41263,0.01569190059655938,0.0003959420327918553
1.41527,0.01482022995283019,0.0003788630608800428
1.41791,0.01862622232241954,0.0004567165679911331
1.42056,0.0159877285654828,0.0004037080761236496
1.4232,0.01632779841842397,0.0004089929987753656
1.42584,0.01619195040233075,0.0004057852549026737
1.42849,0.0152429073945616,0.000387855765221903
1.43113,0.01461014567147614,0.0003746781973755892
1.43377,0.01700973050776915,0.0004220053777819933
1.43642,0.0152106788290788,0.0003835600778083825
1.43906,0.01546084107935627,0.0003912702822615433
1.44171,0.01521934087125416,0.0003849237539678506
1.44435,0.01573421503884572,0.0003945774248118202
1.44699,0.01492001512208657,0.0003774451590408974
1.44964,0.01527997058823529,0.0003865734805095633
1.45228,0.01391579279966704,0.0003560208589158513
1.45492,0.0145149753745838,0.0003678031140618121
1.45757,0.01557791141786904,0.000388759047984779
1.46021,0.01506300062430633,0.0003791563271105188
1.46286,0.01385004460321865,0.000353582540889622
1.4655,0.01402888464206438,0.0003581485878857738
1.46814,0.01376056964483907,0.0003501506088251198
1.47079,0.01377048612652608,0.0003529952350824324
1.47343,0.01524986175083241,0.0003803496348172502
1.47607,0.01324736653718091,0.000341738751525157
1.47872,0.01544146594062153,0.0003827712520984808
1.48136,0.0146422666481687,0.000369903365722555
1.48401,0.01335781215316315,0.0003444125535691975
1.48665,0.0146224817563818,0.0003670095331765811
1.48929,0.01283151297169811,0.0003289804210914886
1.49194,0.01288443063263041,0.0003277056478228191
1.49458,0.01310582318257492,0.0003380545770180842
1.49722,0.01384306506659267,0.0003493100518163514
1.49987,0.01138874271642619,0.0002975214473691405
1.50251,0.01215738679245283,0.0003168349924026851
1.50516,0.01300501248612653,0.0003309002661887532
1.5078,0.01236889261931187,0.0003179658860258579
1.51044,0.01411448411487236,0.0003550574990856149
1.51309,0.01350687527746948,0.0003412075602787612
1.51573,0.01137262042175361,0.0002973854369590066
1.51837,0.01175941585738069,0.000302306190314077
1.52102,0.01276530695061044,0.0003250559841541231
1.52366,0.01266735536903441,0.0003210367304311788
1.5263,0.01204374098224195,0.0003072980977510363
1.52895,0.01289070283018868,0.0003286028395818298
1.53159,0.01139542008879023,0.0002960571592886216
1.53424,0.01329573571032186,0.0003381232003303937
1.53688,0.01078678572419534,0.0002815541958343391
1.53952,0.01131547475027747,0.0002915852734406421
1.54217,0.01126450513318535,0.000289469904889441
1.54481,0.01161853405937847,0.0002988630231651309
1.54745,0.01135231589900111,0.0002952000720530223
1.5501,0.01189060550776915,0.0003086108517401098
1.55274,0.01321756673140955,0.0003411609075773453
1.55539,0.01186542973085461,0.000313747465309243
1.55803,0.01178352719200888,0.0003141259136953502
1.56067,0.01205676609322975,0.0003232467571013967
1.56332,0.01108369415926748,0.0002989109680023409
1.56596,0.01161987319644839,0.0003169103426130165
1.5686,0.01106790149833519,0.0003015751525202728
1.57125,0.01205385203940067,0.000330117127867585
1.57389,0.01072232172586016,0.000297395542687299
1.57654,0.01073781451165372,0.0002971116263660931
1.57918,0.01202876553829079,0.0003327332266097983
1.58182,0.01022830375971143,0.0002884056126156398
1.58447,0.01003474008046615,0.000285880242359722
1.58711,0.01097824569922309,0.0003065954659018749
1.58975,0.01026793534961154,0.0002910437099039715
1.5924,0.0122640759572697,0.0003443161881925615
1.59504,0.009815794603218646,0.000280220487438567
1.59769,0.01072941571864595,0.0003065077744801015
1.60033,0.009877168285238623,0.0002842098156869926
1.60297,0.01026528912319645,0.0002939971120255309
1.60562,0.009870406215316315,0.0002841456891108312
1.60826,0.01098664449223086,0.0003040987042942114
1.6109,0.01115270664539401,0.0003078127235685255
1.61355,0.01055153253329633,0.000289415894752177
1.61619,0.01019596531631521,0.0002809507570097452
1.61883,0.01073093569644839,0.0002933219941141115
1.62148,0.01011475180355161,0.0002757872164376255
1.62412,0.01019678711154273,0.0002802650752742592
1.62677,0.01048141211154273,0.0002824156052548653
1.62941,0.01035951630133185,0.0002826827773261097
1.63205,0.01100186945061043,0.0002943225200437137
1.6347,0.009735029758601554,0.0002647054090323002
1.63734,0.01019747155937847,0.0002759201022357617
1.63998,0.01017804377081021,0.0002749669936049912
1.64263,0.01119709732241953,0.0002967457045692236
1.64527,0.009894856340177581,0.0002654913354953195
1.64792,0.009344908226970032,0.0002544749350829072
1.65056,0.009182444575471698,0.0002501668265567088
1.6532,0.01008941807713652,0.0002700164616483651
1.65585,0.009303049320199777,0.0002531151554009701
1.65849,0.0108783369173141,0.0002856091131362993
1.66113,0.009478100860155384,0.000255557624133985
1.66378,0.008775241606548278,0.0002397069309236216
1.66642,0.01129156485849057,0.0002970615003453563
1.66907,0.009467470172031077,0.0002571070456827504
1.67171,0.009495319644839066,0.0002544580277067462
1.67435,0.008370375832408435,0.0002292055972848287
1.677,0.008522831437291899,0.0002320469658093414
1.67964,0.009947286417869036,0.0002645028106874948
1.68228,0.008968796129300776,0.000241834098790081
1.68493,0.009323907810765818,0.0002499596999939196
1.68757,0.009162845102663707,0.0002461380887280589
1.69022,0.009463741190344063,0.0002518086420385697
1.69286,0.0086628227663707,0.0002338866090375268
1.6955,0.009521722391786901,0.0002552445216066749
1.69815,0.008993484322974475,0.0002418934438984365
1.70079,0.00968879404827969,0.0002595085489393734
1.70343,0.009362935072142064,0.0002476457975095677
1.70608,0.007079749861265261,0.000195066320700008
1.70872,0.009151804661487236,0.0002429328431809988
1.71137,0.008187046822974477,0.000221799286666419
1.71401,0.007300064234184237,0.0002007873424487514
1.71665,0.009680381520532744,0.0002562206892716227
1.7193,0.008760124236958934,0.000235443203362849
1.72194,0.008413157255826862,0.0002259992624445181
1.72458,0.008923494381243064,0.000238405959394933
1.72723,0.008472001456714761,0.0002266620617598586
1.72987,0.007511171753607105,0.000204421455211714
1.73251,0.009249586847946726,0.0002464321638109135
1.73516,0.008052093854051055,0.0002151844304134702
1.7378,0.008737040718645948,0.0002330418075737479
1.74045,0.007334939026082134,0.0001990669853665091
1.74309,0.008759840385682576,0.0002331789614836871
1.74573,0.00831373605715871,0.0002228273222925111
1.74838,0.007143893382352943,0.0001931094457430175
1.75102,0.008150638318534964,0.0002204428209427534
1.75366,0.007954007214206442,0.0002118625470331472
1.75631,0.007742098501664817,0.0002078596025919318
1.75895,0.009379904342397336,0.0002470321770834916
1.7616,0.00780354772475028,0.0002094550898531052
1.76424,0.008170276706437293,0.0002190794026267147
1.76688,0.007447236542730301,0.0001991978615508614
1.76953,0.008031819089900112,0.0002148775777863672
1.77217,0.008560075471698113,0.0002274489380390041
1.77481,0.009374170088790235,0.0002457309846028909
1.77746,0.006933323806881243,0.0001893865489510352
1.7801,0.007634392966148726,0.0002035873655309531
1.78275,0.007587562083795783,0.0002042062002835142
1.78539,0.007321813193673694,0.0001951701829551194
1.78803,0.007392409753052163,0.000197695819973976
1.79068,0.008408929245283019,0.0002231870377215624
1.79332,0.007696190135960044,0.0002036768828977973
1.79596,0.008785668562708101,0.0002326879291003401
1.79861,0.007197520671476139,0.0001919089320905391
1.80125,0.008017738693118759,0.0002127828780995827
1.8039,0.007591616120976695,0.0002031759922550276
1.80654,0.007608869242508326,0.0002024858435102718
1.80918,0.007062075541065485,0.0001915406494165315
1.81183,0.00816628905382908,0.0002161041257165776
1.81447,0.007160262902330746,0.0001925459232899607
1.81711,0.006448125832408434,0.0001749069016348447
1.81976,0.007722508185349614,0.0002048205982379369
1.8224,0.007861549528301887,0.0002103116461478159
1.82504,0.008056827760821308,0.0002131943797687287
1.82769,0.006450852178135405,0.0001767337357742096
1.83033,0.007129982380688124,0.0001916725875943512
1.83298,0.007613804592119866,0.0002027842434883437
1.83562,0.00724384794672586,0.0001954285015919523
1.83826,0.007693788845726971,0.0002070332418797512
1.84091,0.007086663013318536,0.0001926971065367981
1.84355,0.008622408296337402,0.0002277230550878025
1.84619,0.008352710668701444,0.0002218155222010206
1.84884,0.007077707963374026,0.0001896989629939045
1.85148,0.006992037527746951,0.0001902432236010873
1.85413,0.00585399993063263,0.0001626787793999012
1.85677,0.007724744658712541,0.0002056942828034472
1.85941,0.006470428759711431,0.0001776025604550237
1.86206,0.005084515746392898,0.000141161232808056
1.8647,0.007703094131520536,0.0002070005498215362
1.86734,0.007060885197003331,0.0001910821465183532
1.86999,0.006695678482241952,0.0001814712436910185
1.87263,0.006614943396226414,0.0001821448342239952
1.87528,0.007729785307991119,0.0002067334950055718
1.87792,0.006748449639289677,0.0001841945953659799
1.88056,0.007125383532186463,0.0001929518699925718
1.88321,0.006700442147613762,0.0001818129836552273
1.88585,0.007437938124306324,0.0002021254875914079
1.88849,0.007252420713096562,0.0001943485440246882
1.89114,0.007854357103218648,0.0002108567918947247
1.89378,0.006027961847946723,0.0001649366987861601
1.89643,0.006640634225860154,0.0001813988562004095
1.89907,0.006736665233074362,0.0001843212595649132
1.90171,0.006178439650388457,0.0001684192272591805
1.90436,0.0074192657463929,0.0002000295972860136
1.907,0.006866060210876803,0.0001856246089736566
1.90964,0.006639242438956717,0.0001817719919702048
1.91229,0.008460977039400663,0.0002246167614935942
1.91493,0.007161119034406213,0.0001930867170944336
1.91757,0.006384355438401779,0.0001743817058312119
1.92022,0.005774617716426193,0.000160419493616593
1.92286,0.006177677372364038,0.0001706776267326025
1.92551,0.007062963720865704,0.0001897580302263519
1.92815,0.005951022128190899,0.0001634496684591703
1.93079,0.004866524833518312,0.0001378199896839321
1.93344,0.005874576859045504,0.000161489623272821
1.93608,0.005004091981132077,0.0001401009160845804
1.93872,0.006187973848501666,0.0001696655766420073
1.94137,0.006386104328523863,0.0001765121125973989
1.94401,0.006435254092674806,0.0001763962950857485
1.94666,0.006588453662597117,0.0001792776117765931
1.9493,0.006651312985571587,0.0001817749190468478
1.95194,0.007394289123196447,0.0001982677928404272
1.95459,0.006577539123196446,0.0001794239693798912
1.95723,0.007268446864594893,0.0001968371205894892
1.95987,0.006155104328523862,0.000168644643469804
1.96252,0.007139138873473917,0.0001942084372144268
1.96516,0.006272023584905663,0.000171307970872521
1.96781,0.00498736306881243,0.0001396589389030174
1.97045,0.005215767203107658,0.0001454392816886095
1.97309,0.005520259503329634,0.0001535973125095462
1.97574,0.006005933615427305,0.0001659853976950419
1.97838,0.006028447142064373,0.0001658071992448125
1.98102,0.006247822974472811,0.0001723763320684229
1.98367,0.005435827483351831,0.0001505939045221402
1.98631,0.005958519006659267,0.0001640896940930644
1.98896,0.005754047655382909,0.0001593121945516207
1.9916,0.00623847648446171,0.0001710039732904947
1.99424,0.006199572835738068,0.0001687375312626041
1.99689,0.005192308268590456,0.0001439931607165065
1.99953,0.006092757769145392,0.0001664543155661724
2.00217,0.006853492924528303,0.0001849954617100077
2.00482,0.004272433268590453,0.0001206484544696558
2.00746,0.005219963165926749,0.0001447046798764171
2.0101,0.006222663221420646,0.0001684158409557224
2.01275,0.007385308892896783,0.0001976865481747736
2.01539,0.004557779342397338,0.0001266927293185228
2.01804,0.004994418146503885,0.0001399227579191916
2.02068,0.006371504300776914,0.0001732199528132075
2.02332,0.006452832269700333,0.0001744132450689718
2.02597,0.006868026567702554,0.0001850404142934131
2.02861,0.005092175152608213,0.0001402079528117218
2.03125,0.005455262139289682,0.0001504830874537432
2.0339,0.004971071379023306,0.000137830052552408
2.03654,0.007440888804106551,0.0001992275218411717
2.03919,0.005578284198113207,0.0001530930374506497
2.04183,0.003109771573251942,8.887206515653843e-05
2.04447,0.005690396295782465,0.0001561270381545392
2.04712,0.00615432602663707,0.0001668717410789052
2.04976,0.005414421892341841,0.0001491021934620517
2.0524,0.00608587666481687,0.0001659762511092167
2.05505,0.005309030660377359,0.0001462247272797533
2.05769,0.004679286001664815,0.0001307746008263915
2.06034,0.004026176262486126,0.0001125617233334851
2.06298,0.004693146642619315,0.0001310539217196833
2.06562,0.005349722114317425,0.0001466341591852468
2.06827,0.004142804800221972,0.0001161209322130357
2.07091,0.004512527955049942,0.0001264524447182105
2.07355,0.00450450686736959,0.0001251998875153823
2.0762,0.005412313609877916,0.0001489392150279554
2.07884,0.005284344755826856,0.0001449308136427012
2.08149,0.005065206992230857,0.0001397798566835135
2.08413,0.004803791412319646,0.0001342366939330395
2.08677,0.004317249722530518,0.0001199589773583499
2.08942,0.004047183546059933,0.0001150434853022266
2.09206,0.005189515538290787,0.0001432895698459229
2.0947,0.005824843368479465,0.0001592655346681631
2.09735,0.004384350790788011,0.0001228784878082596
2.09999,0.004633320407880131,0.0001292729855491414
2.10263,0.004948782186459491,0.0001387431027645126
2.10528,0.00526715572974473,0.0001436563167189412
2.10792,0.006147870699223086,0.000167980704670028
2.11057,0.003953427927302995,0.0001126157605861011
2.11321,0.005256488415649276,0.0001495757014272324
2.11585,0.004704500693673697,0.0001374058695646188
2.1185,0.004673876803551609,0.000134803848023919
2.12114,0.00588244915371809,0.0001702590171862798
2.12378,0.004423723709766924,0.0001290971404472572
2.12643,0.004991510960044394,0.0001462490819056639
2.12907,0.006483616398446171,0.0001880416704272668
2.13172,0.004201465871254163,0.0001265534703966448
2.13436,0.005401041967258602,0.0001609107056947613
2.137,0.005917752011653719,0.0001738950879510823
2.13965,0.0039861692563818,0.0001224494452814956
2.14229,0.00473085536903441,0.0001430777062976212
2.14493,0.004627174112097669,0.000141525212858014
2.14758,0.005234013804106547,0.0001595263044557923
2.15022,0.004229505341287459,0.0001296852256797749
2.15287,0.003667857519422865,0.0001153753528627161
2.15551,0.005305725166481684,0.0001612153652325255
2.15815,0.004285602594339626,0.0001334914195944305
2.1608,0.004430165302441731,0.0001377053547562992
2.16344,0.004316906354051056,0.0001336141158066276
2.16608,0.005570295158157603,0.0001688242980588863
2.16873,0.005422687916204218,0.0001624885668077547
2.17137,0.003427838374028857,0.0001051799943099802
2.17402,0.00689765011098779,0.0001975479200801345
2.17666,0.004686583726415098,0.0001398758470465743
2.1793,0.004092666134850167,0.0001225232518918685
2.18195,0.002410989248057716,7.420937156444357e-05
2.18459,0.004189754716981129,0.000124467226090672
2.18723,0.00508287673418424,0.0001486687481776328
2.18988,0.006101401498335186,0.0001745752895668451
2.19252,0.005210438124306327,0.0001508743654937106
2.19516,0.00541183976137625,0.0001556723025694289
2.19781,0.005336328454495005,0.0001547525678634042
2.20045,0.00426878898446171,0.0001251131255216018
2.2031,0.004262509919533851,0.0001254190228548253
2.20574,0.003847652122641511,0.0001136114477528214
2.20838,0.005145184378468367,0.0001487146328137246
2.21103,0.003943362652608214,0.000116602050056974
2.21367,0.003936696725860155,0.0001167035261366514
2.21631,0.004891764705882352,0.0001423435938342097
2.21896,0.003511544741953387,0.0001038750299942528
2.2216,0.004317142133740288,0.0001254084498402671
2.22425,0.005399043562708103,0.0001548654795056746
2.22689,0.0047864810627081,0.000138715732586884
2.22953,0.003652041967258604,0.0001072726859408354
2.23218,0.004902042869034408,0.0001428661564337293
2.23482,0.004902640330188678,0.0001413956902752497
2.23746,0.005361600374583797,0.0001553649176733997
2.24011,0.00548004418701443,0.0001567378274607232
2.24275,0.004567029689234181,0.0001340758338907693
2.2454,0.003572062291897893,0.0001060152369395861
2.24804,0.005288179037180914,0.0001529364116488981
2.25068,0.005783845172031074,0.0001657210597427801
2.25333,0.006081074084350726,0.0001723194156164071
2.25597,0.002398389913984462,7.317235111603026e-05
2.25861,0.004895759225860155,0.0001422666368127305
2.26126,0.005320549528301886,0.0001538501724171391
2.2639,0.004653274694783574,0.0001355186177642471
2.26655,0.004981159544950053,0.000144801433005054
2.26919,0.003776854120421755,0.0001135218393434777
2.27183,0.003990827622086572,0.0001174468760504684
2.27448,0.004553551331853499,0.0001330045493191211
2.27712,0.006062912180910101,0.000172051651043362
2.27976,0.004328425221975582,0.0001289995810992221
2.28241,0.005035420921198669,0.0001469648199315751
2.28505,0.004407752497225303,0.0001290824286887702
2.28769,0.003284255410654832,9.828400725527935e-05
2.29034,0.004574242716426194,0.0001324363668715542
2.29298,0.004198753260266369,0.0001240922275375835
2.29563,0.003780887555493894,0.0001116694644080572
2.29827,0.004715158851276359,0.0001374092713632527
2.30091,0.004190198806881243,0.0001253867509110575
2.30356,0.003970630688124307,0.0001162444056489162
2.3062,0.0043436890954495,0.0001283512641602302
2.30884,0.003479526775804661,0.0001035795577397874
2.31149,0.004074396642619313,0.0001214563423842234
2.31413,0.004596806603773585,0.0001347861390822605
2.31678,0.003820207824639292,0.0001138945832220459
2.31942,0.004762282741398447,0.0001397372714529081
2.32206,0.004480677094894562,0.000130205514886581
2.32471,0.004686029758601557,0.000137704795084471
2.32735,0.004289480369034408,0.0001270264365522464
2.32999,0.004933101692563818,0.0001436637826722697
2.33264,0.003978670088790236,0.0001199271385450397
2.33528,0.00402041911764706,0.0001175183891200626
2.33793,0.004629859253607104,0.0001364369541480899
2.34057,0.003731293701442842,0.0001107909618550735
2.34321,0.004310682228079911,0.0001270451361957634
2.34586,0.003653898446170919,0.0001103690502526513
2.3485,0.00397023466981132,0.0001176627308015537
2.35114,0.005367632214206435,0.0001552058364333353
2.35379,0.004115463512763593,0.0001210954323790955
2.35643,0.00561860710321865,0.0001610168034535793
2.35908,0.003911095172031078,0.0001170778906039066
2.36172,0.003170165510543839,9.549160681394085e-05
2.36436,0.003879683823529414,0.0001152324514078918
2.36701,0.003764760682574915,0.0001113565517109621
2.36965,0.004522689372918978,0.0001324147921047713
2.37229,0.003343204911209768,0.000100433754410537
2.37494,0.004023486542730296,0.0001191984532824611
2.37758,0.003722718645948944,0.0001123963839557973
2.38022,0.003531673002219753,0.0001045499088205166
2.38287,0.003412061736958935,0.00010348483978486
2.38551,0.00446430070754717,0.0001297263431638579
2.38816,0.003360126109877914,0.0001012327593278992
2.3908,0.003791634988901223,0.0001133891099570289
2.39344,0.003032564026082133,9.177561764629378e-05
2.39609,0.00384189497780244,0.0001147268537473029
2.39873,0.003741443673695896,0.0001109324240770293
2.40137,0.004681781145948944,0.0001373932971136979
2.40402,0.004153586570477246,0.0001211723374977065
2.40666,0.004619974819644842,0.000135411647818323
2.40931,0.003883909544950056,0.0001157130267087847
2.41195,0.004563937083795782,0.000133120428296642
2.41459,0.004313518451720309,0.0001277324044331224
2.41724,0.004253417522197555,0.0001247299547615836
2.41988,0.003576255965593787,0.0001070327335644215
2.42252,0.00348250034683685,0.0001046896527547559
2.42517,0.003239074986126527,9.669366024395801e-05
2.42781,0.002937750832408437,8.937105956790823e-05
2.43046,0.004839449084350721,0.0001408228432630863
2.4331,0.003901089414539404,0.000116023960099726
2.43574,0.004011583102108772,0.0001188884193735152
2.43839,0.003669622433407324,0.0001100453547942046
2.44103,0.003283463374028858,9.875955210910185e-05
2.44367,0.004680993687569368,0.0001368256195037082
2.44632,0.003290365080466148,9.908463098540268e-05
2.44896,0.002587739317425085,7.865120786031018e-05
2.45161,0.003299514705882355,9.894998678678643e-05
2.45425,0.003710693881798003,0.0001112993633772632
2.45689,0.003721077344617094,0.0001101444491828819
2.45954,0.004687442147613765,0.0001381564972207037
2.46218,0.004465701650943395,0.0001316976689048291
2.46482,0.003797829356270808,0.0001123181090787483
2.46747,0.004576895810210877,0.0001339470377204758
2.47011,0.004999021573251944,0.0001467401965424469
2.47275,0.002283324847391788,7.072272521091551e-05
2.4754,0.002988903579356267,8.98621937363677e-05
2.47804,0.004787250208102108,0.000140229865130351
2.48069,0.004070136584350721,0.0001209529032626994
2.48333,0.003799594270255272,0.0001142569887413896
2.48597,0.00394976990843507,0.0001181485979814451
2.48862,0.003294586223640397,9.891784943045137e-05
2.49126,0.004920369589345172,0.0001450888433449948
2.4939,0.003828006867369589,0.0001136661111356995
2.49655,0.0037298378190899,0.0001120121290210303
2.49919,0.003964452344617092,0.0001177873619008052
2.50184,0.003400533712541621,0.0001021731098641664
2.50448,0.004077434309100998,0.0001215542896524073
2.50712,0.003695150735294117,0.0001113030798364257
2.50977,0.002632871670366262,8.028942814528052e-05
2.51241,0.002481162319644839,7.578297553039499e-05
2.51505,0.003174910862930078,9.640178699544836e-05
2.5177,0.004346909891786905,0.0001295248546197202
2.52034,0.003866764012208658,0.0001150262901262301
2.52299,0.00285429397891232,8.731328972461968e-05
2.52563,0.00178579536625971,5.562561308045795e-05
2.52827,0.003532533712541622,0.0001065220610178799
2.53092,0.003903380826859045,0.0001164973945970024
2.53356,0.003426579356270812,0.0001026781355756073
2.5362,0.003406510613207549,0.0001032448327868354
2.53885,0.003447094478357381,0.0001038798110211259
2.54149,0.003229687291897891,9.787478321983197e-05
2.54414,0.003810630133185349,0.0001145036547636231
2.54678,0.003547287111542732,0.0001070299307136923
2.54942,0.003057877150388461,9.299425682480564e-05
2.55207,0.003615933337957824,0.00010875391549325
2.55471,0.003824362583240842,0.0001144906674986305
2.55735,0.003847816939511655,0.0001156288259436582
2.56,0.003846834905660379,0.0001160319505266423
2.56264,0.004910782741398447,0.0001458674761509683
2.56529,0.003233363623751387,9.734722362973393e-05
2.56793,0.004507002011653719,0.0001338413346270871
2.57057,0.003383605646503888,0.0001020017875065389
2.57322,0.002792657047724748,8.571309830877174e-05
2.57586,0.002510263942841286,7.699903008666965e-05
2.5785,0.003058019076026641,9.294609948017909e-05
2.58115,0.002937116745283017,9.055677009616305e-05
2.58379,0.002665210113762486,8.195245356299691e-05
2.58643,0.00252971233351831,7.79256010577816e-05
2.58908,0.002606963374028857,8.010139258414316e-05
2.59172,0.003924465940621534,0.0001176832205664735
2.59437,0.003284202760821311,0.0001001874837893677
2.59701,0.003536226068257492,0.0001064524885561248
2.59965,0.004236521503884575,0.00012611512455902
2.6023,0.00474547828801332,0.0001403325454022603
2.60494,0.004197370629855715,0.0001259590827471074
2.60758,0.003293608768035518,0.0001013727621550158
2.61023,0.003137419603218645,9.584564140873309e-05
2.61287,0.003192356270810209,9.756508978960901e-05
2.61552,0.002485559725305217,7.718427451394537e-05
2.61816,0.00357162506936737,0.0001080356306215324
2.6208,0.001683322766370699,5.270927780419746e-05
2.62345,0.004384698737513875,0.000131036528839191
2.62609,0.003241146642619315,9.913870221543033e-05
2.62873,0.003486721490011098,0.0001060318253142872
2.63138,0.003334034683684796,0.0001014960414301196
2.63402,0.003356987721975584,0.0001022273589780015
2.63667,0.003039353565482795,9.323587255236673e-05
2.63931,0.003884960252497224,0.0001181147844227274
2.64195,0.003827297239178688,0.0001156172238113831
2.6446,0.003084678204772476,9.374950453360489e-05
2.64724,0.003259596975582688,9.907286450443329e-05
2.64988,0.003347247502774695,0.0001026242221222125
2.65253,0.005110101276359602,0.0001516570533934729
2.65517,0.002778535446725858,8.565558426624414e-05
2.65782,0.003168723362930074,9.689662176711832e-05
2.66046,0.00182175520255272,5.732551293978619e-05
2.6631,0.002379511514983349,7.383720056809243e-05
2.66575,0.003866917383462818,0.0001159845811039676
2.66839,0.003007898723640398,9.30307345461532e-05
2.67103,0.002946740219200889,9.263899674423807e-05
2.67368,0.002055165649278576,6.677619537586472e-05
2.67632,0.003899351970033295,0.0001241191366666789
2.67896,0.003105614525527194,9.972096617472591e-05
2.68161,0.003772964900110988,0.0001224485828940294
2.68425,0.003806775249722527,0.0001246053781590371
2.6869,0.00361122690066593,0.0001183002050093052
2.68954,0.003754475652053272,0.0001232206206638716
2.69218,0.003470203177025526,0.0001147400178705516
2.69483,0.003122814997225306,0.0001057597594621845
2.69747,0.003075846767480577,0.0001042743725379124
2.70011,0.003245388387902332,0.0001082508933831377
2.70276,0.00458362354328524,0.0001534730856031543
2.7054,0.002386619242508325,8.252967828132378e-05
2.70805,0.00280972246115427,9.759397716046806e-05
2.71069,0.003545561112652608,0.0001202978455947578
2.71333,0.001706777122641512,6.092557767923713e-05
2.71598,0.003071378399001112,0.0001078798332578053
2.71862,0.00394925714483907,0.0001370363172212724
2.72126,0.001673921337402886,6.083841875689049e-05
2.72391,0.003294632006104327,0.000115473153247027
2.72655,0.003065204633740286,0.0001062540279748302
2.7292,0.004711184933407326,0.0001562538826267793
2.73184,0.002000576928412872,6.894133513596065e-05
2.73448,0.003283161209766927,0.0001097934915996385
2.73713,0.002363386931187572,7.907289691718686e-05
2.73977,0.003898928482241954,0.0001282469817565257
2.74241,0.002641833587680356,8.806558225303069e-05
2.74506,0.002398284614317425,7.945222535284642e-05
2.7477,0.002836951581576029,9.377016491046199e-05
2.75035,0.003320979814095452,0.0001073524514863932
2.75299,0.004571438540510544,0.0001458362169982427
2.75563,0.001962366884017757,6.466843637740396e-05
2.75828,0.003716583795782466,0.0001185133341439083
2.76092,0.00439058407325194,0.0001400580839162293
2.76356,0.002453848501664819,8.01107374031733e-05
2.76621,0.003405256173695894,0.0001091266238967374
2.76885,0.003262529342397336,0.0001053495698462001
2.77149,0.002177352178135407,7.146181480417286e-05
2.77414,0.002107758254716983,6.936423462488107e-05
2.77678,0.003276302996670366,0.0001045040886802912
2.77943,0.002776807158712541,8.943576848864158e-05
2.78207,0.003123362097669256,0.0001005111741972193
2.78471,0.003155240427302999,0.0001019456852520635
2.78736,0.003436525596559378,0.0001097934946130988
2.79,0.003035251456714761,9.680892596359586e-05
2.79264,0.003841574500554939,0.0001215805227879437
2.79529,0.001381508740288569,4.580784278055475e-05
2.79793,0.002864427927302997,9.187073533065544e-05
2.80058,0.003673504786348501,0.0001151235321090344
2.80322,0.004367081645394004,0.0001369959396557524
2.80586,0.004486347253052162,0.000140370438485825
2.80851,0.003031728496115425,9.662205354983407e-05
2.81115,0.003013996947835738,9.571651716072077e-05
2.81379,0.004099336639844615,0.0001278615654077999
2.81644,0.004682657880133183,0.0001454635039316072
2.81908,0.002549668909544953,8.19810961264185e-05
2.82173,0.003246629092674806,0.0001029308210999989
2.82437,0.003445025110987791,0.000108264466630305
2.82701,0.003801693396226418,0.0001186980849980051
2.82966,0.003275536140399557,0.0001041289074270194
2.8323,0.001762048002219755,5.701111857406053e-05
2.83494,0.002914243826304108,9.263287950173262e-05
2.83759,0.00332293701442841,0.0001039458293653342
2.84023,0.00313262160099889,9.915457247796262e-05
2.84288,0.003799633185349611,0.0001196449659753502
2.84552,0.002657431673140951,8.37886027452756e-05
2.84816,0.00418221663429523,0.0001308684090013677
2.85081,0.002594453315760266,8.304408405737171e-05
2.85345,0.003258729397891232,0.000102744408892309
2.85609,0.002379962472253054,7.625651446435843e-05
2.85874,0.00456429418701443,0.0001403186880513669
2.86138,0.003212159475582683,0.0001020864246975049
2.86402,0.002185215316315202,7.059159540466565e-05
2.86667,0.002809205119311876,8.957129794382447e-05
2.86931,0.002981699708657047,9.455319271056368e-05
2.87196,0.00378653711154273,0.0001175545719121482
2.8746,0.002366873265815761,7.671303499874108e-05
2.87724,0.003628589900110989,0.0001139949781918628
2.87989,0.002738043146503886,8.754363323334891e-05
2.88253,0.002514659059378472,8.064550398870858e-05
2.88517,0.003172889567147614,0.0001011098121532116
2.88782,0.0029953291481687,9.566974809057243e-05
2.89046,0.002214053690344062,7.0676944237585e-05
2.89311,0.004013563193673695,0.0001257223524159772
2.89575,0.002686061736958935,8.606402861884996e-05
2.89839,0.001224781631520533,3.994755953588346e-05
2.90104,0.003836749028856829,0.0001202852409580434
2.90368,0.003228103218645951,0.0001010876266631824
2.90632,0.003542397544395116,0.0001112104434789674
2.90897,0.003768347738623752,0.0001185121490243111
2.91161,0.003859145810210879,0.0001204790135993924
2.91426,0.004893680701997778,0.0001490242389330108
2.9169,0.003491057089345172,0.0001103927164408234
2.91954,0.003426712125416208,0.0001081790529741906
2.92219,0.002180209003884573,6.933188155782999e-05
2.92483,0.003398558199223083,0.0001068707682256817
2.92747,0.00311516016925638,9.81927657853363e-05
2.93012,0.002820172308546059,9.050086158983167e-05
2.93276,0.002020206159822418,6.52168530695124e-05
2.93541,0.002866350790788014,9.024695878184769e-05
2.93805,0.002771137000554937,8.782619850095257e-05
2.94069,0.00256174632352941,8.141989790739556e-05
2.94334,0.002300410862930079,7.442867067230693e-05
2.94598,0.001593385405105441,5.124748171873868e-05
2.94862,0.003973597391786905,0.0001240605847944468
2.95127,0.001908096351276357,6.198123920773632e-05
2.95391,0.002345151775804663,7.506780760103103e-05
2.95655,0.002992859184239732,9.44569530015509e-05
2.9592,0.002883194159267477,9.023542272038125e-05
2.96184,0.003413863276914536,0.000107585203499751
2.96449,0.002911215316315206,9.329561536440951e-05
2.96713,0.003332633740288568,0.0001047393866367385
2.96977,0.004099080258046614,0.0001275226834064257
2.97242,0.003374909267480578,0.0001059111846321474
2.97506,0.004560693396226416,0.0001416100286127804
2.9777,0.0033117958518313,0.0001041579773858384
2.98035,0.002152766995005548,6.911764565958482e-05
2.98299,0.004361422932852388,0.0001353590203762348
2.98564,0.002193959766925638,7.032486888078305e-05
2.98828,0.002183438956714762,7.037227558086012e-05
2.99092,0.002737356409544949,8.661029572653331e-05
2.99357,0.001979828315760267,6.404187871446144e-05
2.99621,0.002397634503329635,7.722596470034614e-05
2.99885,0.004422132769145394,0.0001363551649452284
3.0015,0.001716858421198672,5.576760638830608e-05
3.00414,0.003612396642619311,0.0001132636480538363
3.00679,0.00265361799389567,8.441913208119019e-05
3.00943,0.003499039261931191,0.0001101145006608695
3.01207,0.002891544880688123,9.100214280738897e-05
3.01472,0.002029941800776915,6.580654842508902e-05
3.01736,0.003491251664816869,0.0001097827536738921
3.02,0.003257289539400668,0.0001024813508408098
3.02265,0.004063079217536069,0.0001258161368567824
3.02529,0.0029429288290788,9.281423772521764e-05
3.02794,0.003012419741953384,9.547315409192463e-05
3.03058,0.003112779481132076,9.781035637049094e-05
3.03322,0.003316978426748057,0.0001045502344939212
3.03587,0.004025093507214206,0.000124770038113624
3.03851,0.002207788360155381,7.014313774413798e-05
3.04115,0.001506579564372917,4.898654056465814e-05
3.0438,0.003506291204217538,0.000109283031181663
3.04644,0.002640444089900111,8.333803374643542e-05
3.04908,0.0034335474472808,0.000107789671824834
3.05173,0.002851945338512765,8.996139436459168e-05
3.05437,0.003453483421198667,0.0001079383078995356
3.05702,0.002710051748057717,8.542194435157828e-05
3.05966,0.002961864456159819,9.19887139593617e-05
3.0623,0.003083769422863488,9.690454180852569e-05
3.06495,0.003211149972253052,0.0001000386256763051
3.06759,0.00132768916481687,4.300979426082343e-05
3.07023,0.004395075332963374,0.0001344574547167445
3.07288,0.003449239386792453,0.000107461713904052
3.07552,0.002701623196448389,8.575570339926988e-05
3.07817,0.002662151845172032,8.456391171017603e-05
3.08081,0.003409523099334073,0.000105706074123144
3.08345,0.003131767758046616,9.801133608127682e-05
3.0861,0.002229942494450612,7.08148615743707e-05
3.08874,0.00306102698390677,9.570424444998196e-05
3.09138,0.003673230091564929,0.0001137546233002826
3.09403,0.001837454009433963,5.898356902614341e-05
3.09667,0.002991597877358491,9.456236560335e-05
3.09932,0.003067127497225307,9.525347908076347e-05
3.10196,0.00301471802164262,9.439816844832838e-05
3.1046,0.003616951997780243,0.0001117433855959431
3.10725,0.002387665371809103,7.567371122514577e-05
3.10989,0.002286362513873473,7.294166090456039e-05
3.11253,0.001691687222530523,5.429489215040738e-05
3.11518,0.002778313401775803,8.752816042329065e-05
3.11782,0.003043242785793562,9.495005596868398e-05
3.12047,0.002581382422308548,8.131328537101425e-05
3.12311,0.003640097322419535,0.0001130435897594137
3.12575,0.002460209975027746,7.753471220478605e-05
3.1284,0.003796078177025531,0.0001174738704119633
3.13104,0.002411641648168704,7.650497493898604e-05
3.13368,0.002016902955049945,6.507812386603074e-05
3.13633,0.002790436598224194,8.753025555182282e-05
3.13897,0.002340740635405107,7.402465652660291e-05
3.14161,0.002960726761931186,9.347110925901521e-05
3.14426,0.001873983837402884,6.063153743098257e-05
3.1469,0.002767641509433965,8.726255928629255e-05
3.14955,0.001533998682019978,4.9564516060431e-05
3.15219,0.004299964553274138,0.0001311715079126753
3.15483,0.002510611889567147,7.925702400007061e-05
3.15748,0.002929546614872364,9.196221670745406e-05
3.16012,0.003937825263596005,0.0001213333117925866
3.16276,0.002081465385682575,6.672971395284589e-05
3.16541,0.002746213027192009,8.696475738469989e-05
3.16805,0.003235737444506104,0.0001008887396276092
3.1707,0.001719374167591565,5.538975939038415e-05
3.17334,0.002782232380688126,8.713472936246795e-05
3.17598,0.002095424458934517,6.704300686207692e-05
3.17863,0.002442860710321865,7.726467841776127e-05
3.18127,0.004998012069922313,0.0001506245937075086
3.18391,0.001961268104883463,6.265323630744514e-05
3.18656,0.003142540371809102,9.778377172476602e-05
3.1892,0.004166334697558266,0.0001285394012943437
3.19185,0.003509802719200889,0.0001087183135296313
3.19449,0.004444456298557159,0.0001353723118351638
3.19713,0.003394160793562709,0.0001056481607200103
3.19978,0.002724942494450612,8.532795054995487e-05
3.20242,0.003217351206992233,9.997739523400921e-05
3.20506,0.004207635058268591,0.0001279645141307071
3.20771,0.004024445685349612,0.0001227550437068146
3.21035,0.002954335529966703,9.20685848450882e-05
3.213,0.003367032394561598,0.0001040296341776493
3.21564,0.002496602455604885,7.751942840017573e-05
3.21828,0.002707728288013319,8.452531464735172e-05
3.22093,0.00177585141509434,5.651334781045276e-05
3.22357,0.003746202760821308,0.0001150131681197383
3.22621,0.002775996809101,8.629076291330934e-05
3.22886,0.001714589900110987,5.43909750055408e-05
3.2315,0.004287839067702554,0.000133424816085168
3.23414,0.003282392064372922,0.0001059572135747741
3.23679,0.003361421753607105,0.0001090971876847616
3.23943,0.001308593299112096,4.464913066802838e-05
3.24208,0.003237401637069925,0.0001079823590171575
3.24472,0.003080837056048836,0.000104213168724525
3.24736,0.002475544811320755,8.434742181053798e-05
3.25001,0.002609671406770257,9.01057037867638e-05
3.25265,0.002954413360155382,0.00010272494382433
3.25529,0.003719184239733632,0.0001287751171123281
3.25794,0.002985794950055494,0.0001040151352327338
3.26058,0.002324458102108768,8.261005677913433e-05
3.26323,0.00175966044672586,6.346336002568614e-05
3.26587,0.002955855507769146,0.000105123451630222
3.26851,0.002791267549944504,0.0001007623629346574
3.27116,0.002176367855160933,7.915235505892253e-05
3.2738,0.002567063956714761,9.303307011031094e-05
3.27644,0.002888459142619311,0.0001050435928390863
3.27909,0.001799644561598221,6.737857295770058e-05
3.28173,0.003032360294117649,0.0001099683403874724
3.28438,0.004093419256381802,0.000148557787874709
3.28702,0.00428267022752497,0.0001495115669335301
3.28966,0.002877929175915647,0.00010213921184802
3.29231,0.002529229328523866,8.897934724235487e-05
3.29495,0.003483912735849059,0.0001193045162851023
3.29759,0.004233028301886795,0.0001422245493476537
3.30024,0.002791052372364044,9.578053646267395e-05
3.30288,0.003841954495005551,0.0001290815144859088
3.30553,0.002625605993340733,8.985682644025499e-05
3.30817,0.003116256659267477,0.0001053546190441027
3.31081,0.001992407047724748,6.903824417122035e-05
3.31346,0.002409780591009991,8.287082488205151e-05
3.3161,0.004190104952830191,0.0001380024853681545
3.31874,0.00317588145116537,0.0001071709706217615
3.32139,0.004172625208102109,0.0001371706402873445
3.32403,0.003018575194228635,0.0001018913299366148
3.32667,0.0026931740427303,9.045167997931619e-05
3.32932,0.003045621184794674,0.0001017597201805583
3.33196,0.003149442078246393,0.000105721667177216
3.33461,0.002140314164816871,7.311915553588538e-05
3.33725,0.003520163290788014,0.0001165642773487263
3.33989,0.001369044464483908,4.726895729819632e-05
3.34254,0.001789863138179799,6.050066777372527e-05
3.34518,0.003344855369034405,0.0001106409520148086
3.34782,0.00304566238901221,0.0001008232033102613
3.35047,0.001825594062153163,6.163212610223714e-05
3.35311,0.002543591287458381,8.467304386509804e-05
3.35576,0.003137550083240843,0.000103656691519643
3.3584,0.004161747294672591,0.0001341942135079529
3.36104,0.002605209905660378,8.637138783399252e-05
3.36369,0.002584129370144283,8.647301343824831e-05
3.36633,0.000991524556048836,3.398369783352205e-05
3.36897,0.003044627705327417,0.0001004911639339135
3.37162,0.001919825818534963,6.386163439471591e-05
3.37426,0.002669039816870145,8.873033815098584e-05
3.37691,0.002332545574361818,7.807470018762004e-05
3.37955,0.003255909198113212,0.0001060569148863159
3.38219,0.003014074778024416,9.853720452387903e-05
3.38484,0.002784732103218645,9.153970906589993e-05
3.38748,0.00276049028856826,9.102564661630846e-05
3.39012,0.002192327622086571,7.362253367623377e-05
3.39277,0.002760607033851273,9.088626649161752e-05
3.39541,0.002397444506104328,7.921545757693514e-05
3.39806,0.002154927927302997,7.219411402273667e-05
3.4007,0.002897233351831299,9.544651653890157e-05
3.40334,0.001211431465038849,4.130508966612291e-05
3.40599,0.001560737930077693,5.275095709504294e-05
3.40863,0.003104481409544946,0.0001008837448266418
3.41127,0.001744895602108771,5.859933608361788e-05
3.41392,0.003202881659267482,0.0001043761040768987
3.41656,0.002812098571032185,9.242149324571335e-05
3.41921,0.002971339137069921,9.737449837678584e-05
3.42185,0.003077620837957828,0.0001002103049268204
3.42449,0.003112005757491677,0.0001020444601676253
3.42714,0.001842979952830191,6.120912658505338e-05
3.42978,0.003018492785793562,9.870736808208548e-05
3.43242,0.0007261945754717005,2.49562235232792e-05
3.43507,0.003028102524972254,9.915863780637518e-05
3.43771,0.002624539261931188,8.651994433022372e-05
3.44035,0.002496465108213095,8.203617213862888e-05
3.443,0.003110941315205328,0.0001014583838930333
3.44564,0.002989155382907882,9.776258828238323e-05
3.44829,0.001656773515538291,5.5000988471149e-05
3.45093,0.002195697211431742,7.253056071766792e-05
3.45357,0.002079359392341842,6.874726902000679e-05
3.45622,0.002575249861265263,8.43915221004585e-05
3.45886,0.001384871462264154,4.674888785539953e-05
3.4615,0.003405762069922308,0.0001087709524965499
3.46415,0.001605948113207548,5.343665858465543e-05
3.46679,0.002240275596559379,7.366348526679501e-05
3.46944,0.003548408781908991,0.0001139680553183477
3.47208,0.003445130410654828,0.0001106454300694289
3.47472,0.004334239594894559,0.0001368069168236486
3.47737,0.002589348571032187,8.408953273956102e-05
3.48001,0.00419993444783574,0.0001317047664919019
3.48265,0.001083641162597116,3.611204067145886e-05
3.4853,0.002348722807991121,7.645037196564055e-05
3.48794,0.003257266648168703,0.0001048696681735039
3.49059,0.002733258879023309,8.884108302101869e-05
3.49323,0.002993832061598226,9.54784015738166e-05
3.49587,0.00348654064927858,0.0001098457601550516
3.49852,0.002060654966703662,6.771003854872759e-05
3.50116,0.002877203523862375,9.304488669537636e-05
3.5038,0.002410023238068814,7.841134935643188e-05
3.50645,0.003238141023862374,0.0001034618337012239
3.50909,0.002585434170366258,8.37336104945614e-05
3.51174,0.003494575471698114,0.0001109049876979349
3.51438,0.002611200541065484,8.504997524040847e-05
3.51702,0.004156395324639291,0.0001300322970568621
3.51967,0.003256680632630414,0.0001045119094932214
3.52231,0.002402665996115428,7.800728220315734e-05
3.52495,0.004786877081021091,0.0001496969391513959
3.5276,0.002373969547724751,7.680619673391038e-05
3.53024,0.002495121392896781,8.057226371214586e-05
3.53288,0.002877482796892341,9.248398932873705e-05
3.53553,0.002151700263596006,7.053775592079007e-05
3.53817,0.001693136237513874,5.60307844868142e-05
3.54082,0.002065450679800224,6.730298205174793e-05
3.54346,0.002004823251942287,6.561723815502374e-05
3.5461,0.003380723640399559,0.0001086999008817422
3.54875,0.002310666134850166,7.523295737848942e-05
3.55139,0.003344253329633738,0.0001064018572968458
3.55403,0.002765096004439512,8.936161278933542e-05
3.55668,0.001946386514983352,6.343729996990751e-05
3.55932,0.000930615566037737,3.122694954445503e-05
3.56197,0.003050806048834628,9.757731477962076e-05
3.56461,0.003288716911764707,0.0001045401345633157
3.56725,0.001626992022752501,5.380881923427965e-05
3.5699,0.003604123751387343,0.0001147694954861923
3.57254,0.002327090593784686,7.503841646621561e-05
3.57518,0.003162432852386235,0.0001007417817934882
3.57783,0.001969714969478355,6.464125649307096e-05
3.58047,0.003277763457269701,0.0001047710917835265
3.58312,0.002461471281908988,7.983872346430567e-05
3.58576,0.001755661348501666,5.754122985620262e-05
3.5884,0.002397032463928967,7.784379341969477e-05
3.59105,0.003158944228634849,0.0001009426376140048
3.59369,0.003106784267480576,9.941558797781442e-05
3.59633,0.003419835599334071,0.0001082444084846449
3.59898,0.002172586223640401,7.053304467663171e-05
3.60162,0.002056557436182021,6.752963674541438e-05
3.60427,0.003176101206992232,0.0001019551847417274
3.60691,0.002942402330743618,9.41380084487634e-05
3.60955,0.001737137763596005,5.708343767968519e-05
3.6122,0.001828427996670365,6.015720039599799e-05
3.61484,0.003529045088790232,0.000112787692942113
3.61748,0.002858428135405107,9.145717192054162e-05
3.62013,0.003321675707547173,0.0001055673668103879
3.62277,0.001527401428967814,5.047497743388754e-05
3.62541,0.003645925430077693,0.0001150300043213374
3.62806,0.00421623300499445,0.00013275997165431
3.6307,0.002574640954495004,8.325797927499618e-05
3.63335,0.00318775284406215,0.0001023593429050335
3.63599,0.002707449014983354,8.738524720121789e-05
3.63863,0.002966115357935628,9.513072036443411e-05
3.64128,0.004136205258046616,0.0001298191337237832
3.64392,0.003359986473362931,0.0001069793085951282
3.64656,0.002829104467258605,9.083512204414147e-05
3.64921,0.003100125208102108,9.977699778189553e-05
3.65185,0.0008084381936736979,2.713592332828218e-05
3.6545,0.003085774694783573,9.849834992544221e-05
3.65714,0.002300145324639291,7.466647042548843e-05
3.65978,0.00376065170643729,0.0001189382406567577
3.66243,0.00292914830743618,9.402785655550851e-05
3.66507,0.001023846975582685,3.41608444843485e-05
3.66771,0.002430721490011099,7.875683232467547e-05
3.67036,0.001971878190899002,6.426579998980457e-05
3.673,0.00326887708102109,0.0001039760963632096
3.67565,0.003499252150388457,0.0001103260165119334
3.67829,0.001743865496670367,5.698322958101855e-05
3.68093,0.001000337680355159,3.349702336243751e-05
3.68358,0.001536345033296337,5.01159413551046e-05
3.68622,0.002906183823529411,9.331229677984201e-05
3.68886,0.003480110502219758,0.000109165237145324
3.69151,0.00211617764983352,6.863103084146003e-05
3.69415,0.002688195199778027,8.56874826527864e-05
3.6968,0.002740263596004439,8.681181920117299e-05
3.69944,0.002800675846281908,8.977095892963065e-05
3.70208,0.001810865843507216,5.852882737312035e-05
3.70473,0.004274527816315205,0.000132309178511171
3.70737,0.001667205049944504,5.379511567987206e-05
3.71001,0.003225365427302995,0.0001009045433488125
3.71266,0.001446913568257492,4.710740043149199e-05
3.7153,0.00329884857103219,0.0001044362240687165
3.71794,0.003077513249167594,9.726848037302164e-05
3.72059,0.002040311528856823,6.591313077186446e-05
3.72323,0.003199567008879021,0.00010053523488675
3.72588,0.002387882838512764,7.665899618792588e-05
3.72852,0.00227563797169811,7.286517657133626e-05
3.73116,0.002720755688124308,8.598872214448054e-05
3.73381,0.003978097807991124,0.0001238049474656697
3.73645,0.002255102247502777,7.190330550627602e-05
3.73909,0.001751055632630411,5.708896989406218e-05
3.74174,0.003506987097669259,0.0001089679710360076
3.74438,0.002239028024417314,7.178914848021051e-05
3.74703,0.002937510474472807,9.356920854249146e-05
3.74967,0.003043908920643727,9.662215086181691e-05
3.75231,0.002202502774694788,6.993215881803824e-05
3.75496,0.002265952691453941,7.260979605841828e-05
3.7576,-3.535779689234165e-05,-1.184717694753163e-06
3.76024,0.002167994242508322,6.983443472395304e-05
3.76289,0.002958428482241954,9.326271702687704e-05
3.76553,0.002767643798557157,8.79211501192711e-05
3.76818,0.003347460391231966,0.0001050956191241563
3.77082,0.000626182783018869,2.06495319709887e-05
3.77346,0.002729122433407325,8.675122105227112e-05
3.77611,0.002424799528301884,7.745006246758921e-05
3.77875,0.004586043146503883,0.0001403771824170315
3.78139,0.002668021157047722,8.497274633214615e-05
3.78404,0.003512474125971143,0.000109862567528565
3.78668,0.002764748057713651,8.750485404238252e-05
3.78933,0.002850180424528301,9.006975116401063e-05
3.79197,0.003241316037735849,0.0001053071444198278
3.79461,0.003304484392341845,0.0001089140461724729
3.79726,0.003055778024417315,0.0001017272226426764
3.7999,0.003280132699778025,0.0001109445085159435
3.80254,0.003132069922308546,0.0001069769834206848
3.80519,0.003433639012208656,0.0001179354236017963
3.80783,0.002896308546059933,0.0001010576586741337
3.81047,0.002632896850721424,9.344875762402845e-05
3.81312,0.003579501942286351,0.0001273233072329266
3.81576,0.003210994311875695,0.0001144063783901204
3.81841,0.00303400846281909,0.0001083715261997214
3.82105,0.002973001040510544,0.0001085533160117546
3.82369,0.003150650735294118,0.0001142849851716108
3.82634,0.001842709836293009,6.898376605930051e-05
3.82898,0.002723413360155381,0.0001008622223827128
3.83162,0.003450949361820203,0.0001268238051212372
3.83427,0.0008984327830188664,3.505264943179737e-05
3.83691,0.003036654689234186,0.0001147465616490977
3.83956,0.003224694714206437,0.0001215245689913913
3.8422,0.002158906423418424,8.349572798110288e-05
3.84484,0.001069936182019977,4.253895759837204e-05
3.84749,0.003238711015538293,0.0001202296475901541
3.85013,0.003330356062708104,0.0001204180224667697
3.85277,0.002189315135960047,7.948950988247691e-05
3.85542,0.002761765330188683,9.957188904329555e-05
3.85806,0.002368821309655939,8.516497316330916e-05
3.86071,0.002465939650388454,8.78610478494725e-05
3.86335,0.00211037701165372,7.516397508102379e-05
3.86599,0.003080809586570477,0.0001069457346000598
3.86864,0.002191304384017758,7.712641807181884e-05
3.87128,0.002285252289123199,8.076646037855013e-05
3.87392,0.001560046614872362,5.553217444830192e-05
3.87657,0.002115385613207546,7.450433963424822e-05
3.87921,0.002701810904550498,9.400757438136858e-05
3.88186,0.00273165878190899,9.474549840047049e-05
3.8845,0.002970157949500555,0.0001026043154223902
3.88714,0.00332029765538291,0.000112732595103136
3.88979,0.003575713443396227,0.0001219295187684823
3.89243,0.003688210113762487,0.0001249047816676039
3.89507,0.002240870768590456,7.700177546168925e-05
3.89772,0.001884042244728082,6.511414498588735e-05
3.90036,0.001931779619866816,6.644284667462224e-05
3.903,0.00264298501664817,8.944052287943164e-05
3.90565,0.001513545366259713,5.238566015068095e-05
3.90829,0.002000499098224197,6.830565023530897e-05
3.91094,0.003340858559933409,0.0001115879580648737
3.91358,0.002899053204772471,9.701699504397131e-05
3.91622,0.00269666724472808,9.005229813556316e-05
3.91887,0.002971579495005552,9.972448733817487e-05
3.92151,0.001517942771920086,5.185891177302095e-05
3.92415,0.003107574014983349,0.0001027979402573266
3.9268,0.003721944922308545,0.0001221516662429084
3.92944,0.001711444644839067,5.787892944349534e-05
3.93209,0.00348138325471698,0.0001139708022131878
3.93473,0.001260308823529413,4.274742109206056e-05
3.93737,0.003295831506659269,0.0001076251548323405
3.94002,0.0009919182852386223,3.401659612812934e-05
3.94266,0.003069098432297451,0.0001010009239702444
3.9453,0.001506366675915649,5.109110377852887e-05
3.94795,0.001939173487791343,6.5041679592418e-05
3.95059,0.002879108074361821,9.520878595681218e-05
3.95324,0.003417896711986679,0.000112087025952053
3.95588,0.001600435904550498,5.424942831874605e-05
3.95852,0.001348870421753608,4.602374614935685e-05
3.96117,0.0039344121809101,0.0001277457209059902
3.96381,0.002590058199223085,8.576234885366102e-05
3.96645,0.002762149902885682,9.102427105029271e-05
3.9691,0.003828478426748058,0.0001237852597505074
3.97174,0.00221493958102109,7.438796786458076e-05
3.97439,0.002948388387902331,9.76691602945959e-05
3.97703,0.002927980854605996,9.54731511310287e-05
3.97967,0.002155761168146504,7.190417520217392e-05
3.98232,0.002278027816315206,7.562042770820091e-05
3.98496,0.001366096073806881,4.635935242180544e-05
3.9876,0.003686520740843505,0.0001192056985010561
3.99025,0.001625776498335185,5.481175032554084e-05
3.99289,0.003715535377358491,0.0001211337650089203
