0.0431807,73.37479746809102,0.5148192325023352
0.0458244,63.56047362652608,0.4614600580002642
0.0484682,55.45944884850167,0.4243476031875482
0.0511119,48.76624490843507,0.4141914964813105
0.0537556,43.16422776775805,0.3658563969739982
0.0563993,38.22901596143174,0.3560332856308047
0.059043,34.0785241481687,0.3134174640794998
0.0616867,30.18600079286904,0.3039493251101801
0.0643304,27.31833718992786,0.2833091665240066
0.0669742,24.73101089900111,0.2573068908430522
0.0696179,22.30618731201443,0.249096685628552
0.0722616,20.22426410169257,0.2224718302865107
0.07490529999999999,18.37955966079356,0.2111991579800686
0.07754900000000001,16.81481929037181,0.199978239320514
0.08019270000000001,15.40597674805771,0.1838446011433347
0.08283649999999999,14.25117013318535,0.1797211193617916
0.08548020000000001,12.88854972669256,0.161713310851911
0.08812390000000001,11.87436642203108,0.1620586247981055
0.0907676,10.94951871392897,0.1535869981404018
0.0934113,10.0987782332131,0.1448367758181396
0.096055,9.310328823529412,0.1406950982145568
0.0986987,8.593378139567148,0.1294577119180664
0.101342,7.925597272475028,0.1239778447248193
0.103986,7.370189692008879,0.1130913106278947
0.10663,6.876000293423973,0.1100287103224014
0.109274,6.385173456576027,0.1051903879472822
0.111917,6.015549306326305,0.09845096397529879
0.114561,5.570544672586016,0.09206117763649423
0.117205,5.231307579772476,0.08771010059278642
0.119848,4.804566166065483,0.08148665632173463
0.122492,4.521111480299667,0.07598741067914895
0.125136,4.251016827136516,0.07337701959108109
0.12778,4.007922450749168,0.06945843442354396
0.130423,3.762454230715871,0.06626918456380163
0.133067,3.489130677719201,0.06246448103895838
0.135711,3.293061690482797,0.05751672216688858
0.138354,3.067057816315206,0.05493662026350359
0.140998,2.898582103218646,0.05195482373434383
0.143642,2.753705121392897,0.0496398079069724
0.146286,2.585396331159822,0.04617707767315531
0.148929,2.421400271920089,0.04333216629739199
0.151573,2.294227552025527,0.04235236539061101
0.154217,2.172251645394007,0.0394630897576908
0.15686,2.037272557574917,0.0375522773777513
0.159504,1.921042579078801,0.03527386893365957
0.162148,1.828125832408435,0.03374816372517457
0.164792,1.719227549250832,0.03250861964730829
0.167435,1.641980240011099,0.03045069253999158
0.170079,1.543973994173141,0.0289896627598437
0.172723,1.464911204217536,0.02744564108117493
0.175366,1.398949501248613,0.02654082808492562
0.17801,1.332758336570478,0.02520525412527993
0.180654,1.260897769145394,0.02383862873469913
0.183298,1.199555058962264,0.02300500348610476
0.185941,1.120676680771365,0.02145382441508532
0.188585,1.069946162597114,0.02058730214623273
0.191229,1.028820805355161,0.01993770658839503
0.193872,0.9730511716148723,0.01882934216885001
0.196516,0.9323618007769146,0.0182310436253169
0.19916,0.9015286390122086,0.01761069290172428
0.201804,0.8568220858768036,0.01716718471768901
0.204447,0.8287603197835738,0.01635610688224937
0.207091,0.7754227649833518,0.01530602304233256
0.209735,0.7566634919533851,0.01497628023894168
0.212378,0.7178846920088792,0.01433477033997524
0.215022,0.6860453690344063,0.01372334741631116
0.217666,0.6500740413429523,0.01320799212262697
0.22031,0.6231689234184241,0.01285921109624418
0.222953,0.5951197475027747,0.01215743619555461
0.225597,0.5542147183684795,0.0113508984778639
0.228241,0.5662025131798002,0.011643989993604
0.230885,0.5352863249167591,0.01107745569471097
0.233528,0.5156374528301887,0.01079812646940491
0.236172,0.4933308858213097,0.01035479267293637
0.238816,0.4673563880410655,0.009877017407802781
0.241459,0.4739379148168701,0.009895922150581356
0.244103,0.4450820976692564,0.009285484061159824
0.246747,0.419244397891232,0.008947780376347522
0.249391,0.4039441273584906,0.008707701364997437
0.252034,0.3842852746947836,0.008398107017528349
0.254678,0.3866702663706993,0.00829760336849151
0.257322,0.3706136237513874,0.008023717064266781
0.259965,0.3541632061598224,0.007715864869163388
0.262609,0.3511631041897892,0.007647511012543835
0.265253,0.3299669908435073,0.007367231571942609
0.267897,0.3223751366537181,0.007114926040535174
0.27054,0.3047158559933407,0.006805229067718269
0.273184,0.2984472523584906,0.00661420748272975
0.275828,0.2941928940066593,0.006532054041494872
0.278471,0.2878330459211986,0.006496891933261291
0.281115,0.270917158018868,0.006190990633239222
0.283759,0.2582785654827969,0.005977606357856874
0.286403,0.2584759336847947,0.005834640115195626
0.289046,0.2549735980854606,0.005835188906952528
0.29169,0.2546722579078802,0.005781806287342047
0.294334,0.2519829044117647,0.005771623909321707
0.296977,0.2304857255826859,0.00539715372360276
0.299621,0.2335105500832408,0.005371632175586618
0.302265,0.2184777407047725,0.005126109008894489
0.304909,0.2061988838790233,0.004885186236139261
0.307552,0.2076394519977802,0.004944454147944487
0.310196,0.1980922745560488,0.0047350349368938
0.31284,0.2006892161487236,0.004746010525299589
0.315483,0.1874984413152053,0.004527788636026602
0.318127,0.1862460093645949,0.004467077808939039
0.320771,0.1866367375138735,0.004456355541703145
0.323415,0.1871624895948946,0.004470220878839247
0.326058,0.1805208275527192,0.00432060422399827
0.328702,0.1669145539678136,0.004146183088281325
0.331346,0.1676426347807991,0.004091166821882175
0.333989,0.1657420147058824,0.00403476228501447
0.336633,0.1551008240843507,0.003812705377890045
0.339277,0.1572313110432852,0.003840336529741951
0.341921,0.1578853135405106,0.003897772233162716
0.344564,0.1528624118340733,0.003768787214743783
0.347208,0.1438785120699223,0.003619783420644263
0.349852,0.1404592945338513,0.003523535832603155
0.352495,0.1451537620005549,0.003607739328569783
0.355139,0.1391323127081021,0.00348963514079842
0.357783,0.1391056924944506,0.003492875155101581
0.360427,0.1353508940760267,0.003413360294797923
0.36307,0.1320700242785794,0.003318736820130314
0.365714,0.125791886445616,0.003221619839716341
0.368358,0.1305904243201998,0.003257904629732371
0.371001,0.1216118948390677,0.003124144152558842
0.373645,0.1214798536348502,0.003122596093184998
0.376289,0.1173326674528302,0.003015612100865451
0.378933,0.1214198946309656,0.003102944260373519
0.381576,0.1107833990011099,0.002855804743619004
0.38422,0.1133219954217536,0.002930223163443966
0.386864,0.1133648432297447,0.002905054008654626
0.389507,0.1050999730854606,0.002773585193893638
0.392151,0.101639743618202,0.00272434165360425
0.394795,0.1068460842119867,0.002763898180337946
0.397439,0.106797905036071,0.002771289501178521
0.400082,0.09852960807436181,0.002599626605024255
0.402726,0.09861785377358491,0.002613197811645877
0.40537,0.10035327927303,0.002638185999677905
0.408013,0.1017671607935627,0.002624831712383457
0.410657,0.0965242216981132,0.002562813256788637
0.413301,0.08806590461986682,0.002378108016125812
0.415945,0.09385852171198668,0.002499984674648638
0.418588,0.09481340198390677,0.002518321124555606
0.421232,0.08808211619034408,0.002381404905869364
0.423876,0.08962244200887902,0.002448012778977645
0.426519,0.09159010363485016,0.002492086604748828
0.429163,0.08786931700887902,0.002494246392595184
0.431807,0.08466033025804663,0.002474081437379063
0.434451,0.08468513061875695,0.002515396539683309
0.437094,0.08292168625138734,0.002538823707214815
0.439738,0.07976851976970033,0.002474910865862686
0.442382,0.08365315038845726,0.002607733581707495
0.445025,0.07874822551331855,0.002497953443700273
0.447669,0.07994667307158712,0.002543420843920034
0.450313,0.0751872173973363,0.002475451843491174
0.452957,0.07709361979744728,0.002482217858573157
0.4556,0.07551401949223085,0.002435330771778338
0.458244,0.07118793146503885,0.002301381707368104
0.460888,0.07406342501387347,0.002379535437259518
0.463531,0.06880480771365149,0.002287475584415406
0.466175,0.07596647613762485,0.002415656761614461
0.468819,0.0678402650527192,0.002285425396426165
0.471463,0.07134126380410655,0.002299124556702966
0.474106,0.06942779030244173,0.002309567458748317
0.47675,0.06830145241398446,0.0022775308355561
0.479394,0.07106856513596005,0.002350296603828668
0.482037,0.07102838415649279,0.002377749717047136
0.484681,0.0652972689372919,0.002129245345173262
0.487325,0.0629482714345172,0.00208012708103913
0.489969,0.06578747093507216,0.002089136861461429
0.492612,0.06426435703385128,0.002057775044008916
0.495256,0.06247984357658158,0.001978938049577073
0.4979,0.06115486931187569,0.001927792694608337
0.500543,0.06175978614039956,0.001927663009557663
0.5031870000000001,0.06484625901775805,0.001976895509300198
0.505831,0.06432823730577136,0.001968207722157463
0.508475,0.0629209461709212,0.001928229257491843
0.511118,0.05861886188956715,0.001809042381410701
0.5137620000000001,0.05860401005826859,0.001811017022868653
0.516406,0.06035952261376248,0.001828851431129463
0.519049,0.05760614692008878,0.001780242522068915
0.521693,0.0586949477663707,0.001776924199077958
0.5243370000000001,0.05997012444506104,0.001803673870019345
0.526981,0.05955258608490567,0.001796419741746207
0.529624,0.05701596517758047,0.001717892132826265
0.532268,0.05782674743340734,0.001741614766984589
0.5349120000000001,0.05345504862652608,0.001630564561743242
0.537555,0.05726031992230854,0.001709831637371424
0.540199,0.05462416564927859,0.001660891223403377
0.542843,0.05161721233351831,0.001586454613467132
0.5454870000000001,0.05395845428690344,0.001630873925010391
0.54813,0.0557663854744728,0.001633618159170952
0.550774,0.0539153638318535,0.001616557509187992
0.553418,0.04996737028301887,0.001516523305947033
0.556061,0.05236148182574916,0.001568376317811397
0.558705,0.05207450360710323,0.001570952460567008
0.561349,0.04721054945893453,0.0014294633101601
0.563993,0.04497216467813541,0.001394694508378408
0.566636,0.04710850263596005,0.001429290180609071
0.56928,0.05286539338235294,0.001561149453349476
0.571924,0.04950096143174251,0.001482202103187073
0.574567,0.05090289601831299,0.001505758138659879
0.577211,0.04941755493895671,0.001470350920771272
0.579855,0.04610064747502775,0.001383533469620489
0.582499,0.05187764587957826,0.001518074226342834
0.5851420000000001,0.0481248321309656,0.001427534987828956
0.587786,0.04823545172031077,0.001443711294212926
0.59043,0.0442018884572697,0.001344956739752388
0.593073,0.04881109753052165,0.001419681469106983
0.5957170000000001,0.04712888727802442,0.00139067503983406
0.598361,0.04595624500554939,0.001369025409617253
0.601005,0.04683545144284129,0.001376245006362159
0.603648,0.04679396566315205,0.001368806216443266
0.6062920000000001,0.04468672475027748,0.001322437661111001
0.608936,0.04511010724195339,0.001329818544070407
0.611579,0.04567034038568258,0.001328589018618918
0.614223,0.04611416932574917,0.001337600336699852
0.6168670000000001,0.04413016564927859,0.001294568534164474
0.619511,0.04355137000554939,0.001273503174577746
0.622154,0.04287185294117648,0.001262882257241081
0.624798,0.04420783102108768,0.001280177883432143
0.6274420000000001,0.04594554564372919,0.001308928749425064
0.630085,0.04062940496670367,0.001207467361737522
0.632729,0.04206563977524973,0.001228118619062424
0.635373,0.04150204619866815,0.001214955718973195
0.6380169999999999,0.04251183566870145,0.001225708477629583
0.64066,0.04227820546614872,0.001229504086996538
0.643304,0.04329084260543842,0.001250370144044326
0.645948,0.04206723987236405,0.001218152042648057
0.6485919999999999,0.0427114746809101,0.001227666957215202
0.651235,0.04011301539955605,0.001183009873374002
0.653879,0.04383791100166482,0.001255967993894457
0.656523,0.04024949292452831,0.001174401665857827
0.659166,0.03984715434239734,0.00116754506053461
0.66181,0.03891543312985572,0.001131449007813038
0.664454,0.04382090968368479,0.001245818324197088
0.667098,0.03883924195338513,0.001145910338127865
0.669741,0.03984450124861266,0.00116444605682115
0.672385,0.04258826491398446,0.001212607426443761
0.675029,0.04013008081298557,0.001154332693280992
0.6776720000000001,0.03599638214483906,0.001063467076043608
0.680316,0.04042653600166482,0.001160248487000734
0.68296,0.03585109607380688,0.001053361510551377
0.685604,0.03826044173140956,0.001114240850506429
0.6882470000000001,0.04163589809933407,0.001174513750659416
0.690891,0.03944050076304107,0.001131987417945483
0.693535,0.03765612465316316,0.00108784889508816
0.696178,0.03843661036348502,0.001104437988714347
0.6988220000000001,0.03638442744173141,0.001064996141791782
0.701466,0.03868929064927858,0.001103072903267642
0.70411,0.03646683129855716,0.001063577476470704
0.706753,0.03431176144561598,0.001003505813777771
0.7093970000000001,0.03888564705882353,0.001104336610078094
0.712041,0.03589792695615982,0.001042870228451501
0.714684,0.04116373897058825,0.001143397671807881
0.717328,0.03627761466426194,0.001043011121514006
0.7199719999999999,0.04103363894284129,0.001139661062932151
0.722616,0.03903004952830189,0.001092878501558882
0.725259,0.03785482054661488,0.00107153915358638
0.727903,0.03728536910377359,0.001044965267203038
0.7305469999999999,0.03796625964206437,0.00107422366651276
0.73319,0.03813760051331853,0.00107284443847262
0.735834,0.03680623272752497,0.001036884582438324
0.738478,0.03371403475305217,0.0009686475482914278
0.7411219999999999,0.03375078662597115,0.0009721717177835866
0.743765,0.03616992286348502,0.001027837876498379
0.746409,0.03505639490843507,0.0009867422438571943
0.749053,0.03296901442841287,0.0009542778704374877
0.751696,0.03677236514983351,0.001021672519820017
0.75434,0.03303784378468369,0.0009537293499445358
0.756984,0.03456116141786903,0.0009698132664037943
0.759628,0.03522075853218646,0.0009905721239187807
0.762271,0.03423164671198669,0.0009672319846720665
0.764915,0.03452899236958935,0.0009672444064677347
0.767559,0.03477958497502775,0.0009847113554539379
0.7702020000000001,0.03456200381520533,0.0009650009669369801
0.772846,0.03342389525527192,0.000939786139600859
0.77549,0.03583816710599334,0.0009968605535376517
0.778134,0.03384399056603774,0.0009435518075479197
0.7807770000000001,0.03436734593507214,0.000962242408961132
0.783421,0.03609532033851277,0.0009901683900883748
0.786065,0.03651735453662597,0.000999817328449463
0.788708,0.03212779370144284,0.0009107093400630236
0.7913520000000001,0.03465882914816871,0.0009528473768934665
0.793996,0.03445150783851277,0.0009541315307455023
0.79664,0.03500686286071032,0.0009589444918807278
0.799283,0.03460262659544951,0.0009503386339278703
0.8019269999999999,0.03401448217258601,0.0009379452464257172
0.804571,0.03340282845449501,0.0009201122262334421
0.807214,0.03519194991675915,0.0009606178950685282
0.809858,0.03521086036348502,0.0009494288564413532
0.8125019999999999,0.03495272280799112,0.0009590429001934604
0.815146,0.03498537715038846,0.0009452770600446555
0.817789,0.03190585634017758,0.0008854166089893427
0.820433,0.03489436847946726,0.0009496653987048499
0.8230769999999999,0.02953511903440622,0.0008312893464532519
0.82572,0.03424629710044395,0.0009336021495917623
0.828364,0.03494404016370699,0.0009392116522598254
0.831008,0.03189949028856826,0.0008829917443049634
0.8336519999999999,0.03314465885127636,0.0008966429412440158
0.836295,0.03175492071309656,0.0008730184669057302
0.838939,0.03299911868756936,0.0009005493519319792
0.841583,0.03318769436736959,0.0008906331252619115
0.844226,0.03179224715593785,0.0008790708823844428
0.84687,0.03303788269977802,0.0008919799680883397
0.849514,0.03164688554384017,0.0008642569811292174
0.852158,0.02940483816592675,0.0008212730840636608
0.854801,0.03318207685904551,0.0008789111104959359
0.857445,0.03207040309378469,0.0008697847475582347
0.860089,0.03277958948390677,0.0008746985513548327
0.8627320000000001,0.03388589983351831,0.0008978013428854507
0.865376,0.0305297018590455,0.0008605820594223676
0.86802,0.02876172731687015,0.0008174044641616269
0.870664,0.03109866342952275,0.0008797447721485674
0.8733070000000001,0.03318467730299667,0.000908756851651737
0.875951,0.03035948036903441,0.0008676422427978656
0.878595,0.03320065767203108,0.0009257402429908051
0.881238,0.03161129196725861,0.0008888320338145284
0.8838819999999999,0.03200073362930078,0.0009117207001251114
0.886526,0.03134137916204218,0.0008766631495540356
0.88917,0.03245700624306327,0.0009102761525003055
0.891813,0.0325822785099889,0.000913758241538607
0.8944569999999999,0.03004318534961154,0.0008416010804784238
0.897101,0.03101134711431743,0.0008539531424337418
0.899744,0.03223337493063264,0.0008747062051564692
0.902388,0.03120513283851276,0.0008507674957716759
0.9050319999999999,0.03011539116259711,0.0008175409575750719
0.907676,0.02981193125693674,0.0008129213018602406
0.910319,0.02944174569922309,0.0008078758352409915
0.912963,0.03209650367647059,0.0008588957559761947
0.9156069999999999,0.03241246219478357,0.0008651462242619905
0.91825,0.02969887604051055,0.0007977217585760113
0.920894,0.03405361015538291,0.000892703468198504
0.923538,0.03112514171753607,0.0008317937143145192
0.9261819999999999,0.03139244263318536,0.0008299195672663982
0.928825,0.0312343695199778,0.0008368688003925342
0.931469,0.02908196878468369,0.0007839796675060702
0.934113,0.0313030157463929,0.0008364699189332708
0.936756,0.0285042696309656,0.0007654144128631358
0.9394,0.03216727649833519,0.0008404879898794182
0.942044,0.02881865781076582,0.00076956789921734
0.944688,0.0306003464900111,0.0008080154909901112
0.947331,0.02895773577968923,0.00077692877953018
0.949975,0.03191800013873475,0.0008277579317823581
0.952619,0.02991254966703662,0.0007911988113414014
0.9552619999999999,0.03326036487236404,0.0008548121820149971
0.957906,0.03125215142896781,0.0008153697086660411
0.96055,0.03151231485849057,0.0008242597126140212
0.963194,0.02797264365982242,0.0007363931395577276
0.9658369999999999,0.02804924916759157,0.0007516094474961658
0.968481,0.03133729536625971,0.0008090740949091822
0.971125,0.0309454913290788,0.0007971267447797895
0.973768,0.03202188741675916,0.0008161849501404773
0.9764119999999999,0.03277936286071033,0.0008242517868557599
0.979056,0.03037015683962264,0.0007861147990944658
0.9817,0.03143832124028857,0.0008016178600354654
0.984343,0.03089042875971143,0.0007864220278931271
0.9869869999999999,0.03054870615982242,0.0007769346381209206
0.989631,0.03088558268590455,0.0007942269910693323
0.992274,0.0297356416481687,0.0007926422268422689
0.994918,0.03149000048557159,0.0008245601646623063
0.9975619999999999,0.03013221392896781,0.0008065427962606885
1.00021,0.03113518410099889,0.0008330011259934598
1.00285,0.02794304758601555,0.0007653294621245883
1.00549,0.03054894193951166,0.0008350340471136923
1.00814,0.02813347058823529,0.0007789949988639384
1.01078,0.02846025208102109,0.0007907102277119007
1.01342,0.02950718944228635,0.0008164770962877699
1.01607,0.02965633726415095,0.0008282193368697617
1.01871,0.03045071566315206,0.0008385103554705727
1.02136,0.03076537624861265,0.0008495843460630824
1.024,0.027332378190899,0.0007848882200642363
1.02664,0.02932828988623751,0.0008284693588723712
1.02929,0.0309246740427303,0.0008650277021966068
1.03193,0.03045430043007769,0.0008527051262808323
1.03457,0.03266617945338512,0.0008963121047364258
1.03722,0.0282278946309656,0.0008136969528364932
1.03986,0.02985965718645949,0.0008404795067095065
1.04251,0.02761460647891233,0.0007996180411610832
1.04515,0.03181466453940067,0.0008726770119637036
1.04779,0.03358790864317426,0.0009000255374843427
1.05044,0.02976556048834628,0.0008151874519134902
1.05308,0.0272801724472808,0.000750664947117823
1.05572,0.0269160828246393,0.0007483493824902194
1.05837,0.02808163339345173,0.0007586381421701278
1.06101,0.02945718812430632,0.0007946042922719256
1.06365,0.03110609392341843,0.000814744916007136
1.0663,0.03041707470865705,0.0008017400415060774
1.06894,0.03010099257769146,0.0007943569760962274
1.07159,0.02916634128745838,0.0007645778767158676
1.07423,0.03014754418701443,0.0007916636489835747
1.07687,0.02939235328801332,0.0007669456867880952
1.07952,0.02932940011098779,0.0007704647737832903
1.08216,0.02973112291897892,0.00077313483049834
1.0848,0.03064214816870145,0.0007763133687673293
1.08745,0.02848861431742508,0.0007426114886935463
1.09009,0.02944291544117647,0.00075600585030944
1.09274,0.02839601699500555,0.0007397860100623118
1.09538,0.02831246399833518,0.0007351154987576122
1.09802,0.03131070948945616,0.0007849459644378878
1.10067,0.02898157928690345,0.0007459240446610922
1.10331,0.02921094943118756,0.0007406577150331301
1.10595,0.02720780639567148,0.0007061619153799146
1.1086,0.02905298390677026,0.0007387865364795343
1.11124,0.02804244818257491,0.0007196756407364651
1.11389,0.02751197821864594,0.0007114760213720033
1.11653,0.02879468382352941,0.0007217119221101171
1.11917,0.02707095116537181,0.0006998271187768178
1.12182,0.0274471731409545,0.0007004107074226764
1.12446,0.02743884302164262,0.0007049513614937278
1.1271,0.03004703794395117,0.0007482825212145487
1.12975,0.02957774708657048,0.0007356230352950966
1.13239,0.02922168770810211,0.000732616058108834
1.13504,0.02750057609600444,0.0006969675027590068
1.13768,0.02745267848224196,0.0006962796513481312
1.14032,0.02908326671753608,0.0007284277495998926
1.14297,0.02729614137069922,0.0006936483600878831
1.14561,0.02715232262763596,0.0006960272113895403
1.14825,0.02669125658990011,0.0006736933623331333
1.1509,0.02812795151220865,0.0007049678488783056
1.15354,0.02652807644284129,0.0006738867424296417
1.15618,0.02639367515260822,0.0006677204332903744
1.15883,0.02716311126526083,0.0006914601621271367
1.16147,0.02649038145116538,0.0006654213901892251
1.16412,0.02764077344617092,0.0006964828594801121
1.16676,0.02784779030244174,0.0006878418520680426
1.1694,0.02668889421476138,0.0006724518414205046
1.17205,0.02311769950055494,0.0005991861690730567
1.17469,0.02672452899556049,0.0006680705567542729
1.17733,0.0242974769700333,0.0006234256885337238
1.17998,0.02407443396226415,0.0006119035404296795
1.18262,0.02514575277469479,0.0006370800805368391
1.18527,0.02484343056326304,0.0006280658133961712
1.18791,0.0258279160654828,0.0006489200720032724
1.19055,0.02577553177025527,0.0006482453299174538
1.1932,0.02603747842674806,0.000645206923780557
1.19584,0.02498520740843507,0.0006304904310441133
1.19848,0.02589129730854606,0.0006419058801013277
1.20113,0.02508331007214207,0.0006310660556392936
1.20377,0.02611561993618202,0.0006475554086097911
1.20642,0.02757198758324085,0.0006746999938665345
1.20906,0.02414574243895672,0.0006116069907083555
1.2117,0.02403369672586015,0.0006012004264314874
1.21435,0.0247462572835738,0.0006185528302638693
1.21699,0.02253064698945616,0.0005729147738805319
1.21963,0.02373181402608213,0.0005974411278945179
1.22228,0.02291347308546059,0.0005834520252733298
1.22492,0.02345498120144284,0.0005878452881955512
1.22757,0.02506645525804662,0.0006206205685060352
1.23021,0.02477072801054384,0.0006107846491595006
1.23285,0.02520341807713652,0.0006200199578525942
1.2355,0.02365974098224195,0.0005926676621698727
1.23814,0.02311526845172032,0.0005795567796674845
1.24078,0.02424556423418424,0.000604653956060654
1.24343,0.02363822322419534,0.0005899768315817923
1.24607,0.02288067452830189,0.0005723794022907154
1.24871,0.02233943423973363,0.0005617074778256116
1.25136,0.02357638256104329,0.0005832928005051535
1.254,0.0243384660099889,0.0005997164539979081
1.25665,0.02331215593784684,0.00057905981816276
1.25929,0.02168902337680355,0.000548753659794655
1.26193,0.02148078870699223,0.000538152860053719
1.26458,0.02291324646226415,0.0005668191819904159
1.26722,0.0233662570754717,0.0005776327721061639
1.26986,0.02290992265538291,0.0005677552962888448
1.27251,0.02380825929522752,0.0005855840698495859
1.27515,0.0215397153163152,0.0005379505483621552
1.2778,0.02315614761376249,0.0005713471553663261
1.28044,0.01961213623751388,0.0004969141675624804
1.28308,0.02057791044672587,0.0005177117110286795
1.28573,0.02171564816870145,0.0005435165076777549
1.28837,0.02200719318812431,0.0005408015852164083
1.29101,0.02100971004439512,0.0005311653823676549
1.29366,0.02116604800221975,0.0005254058876806891
1.2963,0.02212215753329634,0.0005455315693284712
1.29895,0.02087615115149834,0.0005221420196580346
1.30159,0.02091815427302996,0.0005173642238309366
1.30423,0.02091945907325194,0.0005241303021469722
1.30688,0.02088328634850167,0.000514689148779532
1.30952,0.01994775832408436,0.0005013693948014799
1.31216,0.01963841537180911,0.0004912170989570769
1.31481,0.0214324698945616,0.0005278400902855772
1.31745,0.02096085557713652,0.000517948927154526
1.3201,0.01984367647058824,0.0004922177005266062
1.32274,0.02032362090732519,0.000503565021852084
1.32538,0.01882728059100999,0.0004708292275174402
1.32803,0.02052856152885682,0.0005037592899801985
1.33067,0.02047179814095449,0.0005082638963203382
1.33331,0.01992713561320755,0.0004891995631946818
1.33596,0.02003432151775805,0.0004959086341574238
1.3386,0.02099836057158713,0.0005130606337108153
1.34124,0.01999633580743618,0.0004921706282372727
1.34389,0.01936125291342953,0.000479716072952296
1.34653,0.01883504987513873,0.0004664312630899716
1.34918,0.01878567577691454,0.0004696647701644773
1.35182,0.0192150237236404,0.0004735491861524635
1.35446,0.01808040836570478,0.0004547019756630945
1.35711,0.01730232623473918,0.0004377531702269809
1.35975,0.01757011015538291,0.0004433785082772858
1.36239,0.01704432373751388,0.0004336349230885969
1.36504,0.01762336889567148,0.0004396311351735813
1.36768,0.01922088387902331,0.0004752737092213771
1.37033,0.01782859336847947,0.0004469579937980287
1.37297,0.01943238283851277,0.0004784822336525737
1.37561,0.0186323709073252,0.0004671338379784641
1.37826,0.01834737049112098,0.0004531984006562761
1.3809,0.01717661216703662,0.0004348363378201033
1.38354,0.01856056111265261,0.0004611777157892836
1.38619,0.01803517300221976,0.0004515622466235632
1.38883,0.01655320609045505,0.000418452626621461
1.39148,0.01687502934239734,0.0004263302590413589
1.39412,0.01780045546614873,0.0004455332518035745
1.39676,0.0164443788845727,0.000414046480057678
1.39941,0.0150796494173141,0.0003876950517616222
1.40205,0.01691270373196448,0.0004239134043409329
1.40469,0.01606881159822419,0.0004119736541787687
1.40734,0.01662151810488346,0.0004179028958725378
1.40998,0.01839278898446171,0.000452035305899546
1.41263,0.01635885953107658,0.0004103559262871454
1.41527,0.01723800187291898,0.0004289057007545905
1.41791,0.01534641238901221,0.000392103142645101
1.42056,0.01614501422031077,0.0004077892093956442
1.4232,0.01631113360155383,0.0004095460186658356
1.42584,0.01641706277746948,0.0004112093438414009
1.42849,0.01610235869866814,0.0004063018702406962
1.43113,0.01522010543840178,0.0003881711803885209
1.43377,0.01677937604051054,0.0004183419371883893
1.43642,0.0158248505826859,0.0003969203029604695
1.43906,0.01530836258324084,0.0003889921015367312
1.44171,0.0142565814372919,0.0003657614106380287
1.44435,0.0159771596836848,0.0004003524465122324
1.44699,0.01505113609877913,0.0003809684000995841
1.44964,0.01486435738068813,0.0003788406202987895
1.45228,0.01516373120144284,0.0003826923064752252
1.45492,0.01359181777192009,0.000349296496360226
1.45757,0.01263432789955605,0.0003281374350817931
1.46021,0.01375243181187569,0.0003527660620161185
1.46286,0.01488333192286349,0.0003758271467386959
1.4655,0.01512365781076582,0.0003815976288494457
1.46814,0.01343707075471698,0.0003441065395054595
1.47079,0.01415347932852387,0.000361804799770857
1.47343,0.01271626019700333,0.000328426878354444
1.47607,0.01532254827968924,0.0003856882865240341
1.47872,0.01437310925360711,0.0003618667051335123
1.48136,0.01398151123751387,0.000357003391890601
1.48401,0.01495518521087681,0.0003785173474295591
1.48665,0.01297838769422864,0.0003334977774361764
1.48929,0.01360780043007769,0.0003460839851693314
1.49194,0.01361573682019978,0.0003437584296563251
1.49458,0.01429648772197558,0.0003638471317336313
1.49722,0.01252700235849056,0.0003223500342594782
1.49987,0.01236393208934517,0.0003193738790908531
1.50251,0.01429039178690344,0.0003628573428188604
1.50516,0.01446446587125417,0.0003618603152773401
1.5078,0.01476835155382908,0.0003687707805401912
1.51044,0.01284125090177581,0.0003291936539397859
1.51309,0.013154625,0.000334587322758372
1.51573,0.01246034309100999,0.0003216962039356333
1.51837,0.01200041474750278,0.0003081543924324196
1.52102,0.01332595900388458,0.0003375588306918562
1.52366,0.01350737201720311,0.0003392814862189985
1.5263,0.01437937916204217,0.0003566266634508796
1.52895,0.01332684947280799,0.0003385023338868601
1.53159,0.01387888984461709,0.0003494063124468319
1.53424,0.01271145990566038,0.0003265251946128328
1.53688,0.01311164213374029,0.0003321428983056157
1.53952,0.01208610807436182,0.0003088164274074286
1.54217,0.01238487069922309,0.0003141050938253298
1.54481,0.01394522176748058,0.0003484351307948943
1.54745,0.01242438096559379,0.0003190261857906174
1.5501,0.01289447759433962,0.0003308665406048137
1.55274,0.0114442974472808,0.000303294090529354
1.55539,0.01274323980299667,0.0003336767938933162
1.55803,0.01063578371254162,0.000288794672591165
1.56067,0.01049695754716981,0.0002882994915161723
1.56332,0.01177182748335183,0.0003151228758499712
1.56596,0.01207936889567148,0.0003280766796807381
1.5686,0.01115532311320755,0.0003042472631855866
1.57125,0.01037542112930078,0.0002916282731822922
1.57389,0.01055223987236405,0.000294041639580323
1.57654,0.01096187389012209,0.000303011548965388
1.57918,0.01242620310765816,0.0003426031677930293
1.58182,0.01035594526914539,0.0002921048908872459
1.58447,0.01069483164539401,0.0003024605856825326
1.58711,0.01094441245837958,0.0003064701797311547
1.58975,0.01195282158712542,0.0003315300747396834
1.5924,0.01009984732241953,0.0002930815846662647
1.59504,0.01003832026914539,0.0002862718133720491
1.59769,0.01048644818257492,0.0003012759549290332
1.60033,0.01039240413429523,0.0002974490438403482
1.60297,0.01137105008324085,0.000321268481686578
1.60562,0.01088380105438402,0.0003093758312979
1.60826,0.01219484371531632,0.000332588586581366
1.6109,0.01205654404827969,0.0003293222100047622
1.61355,0.01121682040788013,0.0003054142185813414
1.61619,0.01027979300776914,0.0002835402812703883
1.61883,0.01003371455327414,0.000277678114060018
1.62148,0.009670616120976692,0.0002659911305521437
1.62412,0.01088212770532741,0.0002967890242771278
1.62677,0.009916204703107657,0.0002699843529067615
1.62941,0.01004684496392897,0.0002760232243838939
1.63205,0.009043501664816869,0.0002495185553904517
1.6347,0.01005953586293008,0.0002728318859669051
1.63734,0.01000010335738069,0.0002719597453195546
1.63998,0.01000624507491676,0.0002716089928380202
1.64263,0.01092405070754717,0.0002912741241167916
1.64527,0.009811463582130966,0.0002641587054562699
1.64792,0.009427454009433964,0.0002569708897223824
1.65056,0.009007921822974474,0.0002466059894290749
1.6532,0.01053849826581576,0.0002808232744643874
1.65585,0.01021773716703663,0.0002748509002960769
1.65849,0.0102176272891232,0.0002714172819883948
1.66113,0.009477757491675913,0.0002561152651633598
1.66378,0.009320442078246392,0.0002530501935063561
1.66642,0.01058040295504994,0.0002818142523946184
1.66907,0.008763725027746949,0.0002411013470098854
1.67171,0.0100169192563818,0.000266952552025832
1.67435,0.009105069922308546,0.000247074681997363
1.677,0.009333409961154273,0.0002515439101366302
1.67964,0.008235274070477246,0.0002252184457899048
1.68228,0.008187220796337401,0.0002239022901015622
1.68493,0.009801693604328527,0.000261473798066061
1.68757,0.008829182505549388,0.0002389049224377212
1.69022,0.0091190221281909,0.0002444384336560384
1.69286,0.008599505618756938,0.0002329179808449418
1.6955,0.008816603773584907,0.0002394202941247862
1.69815,0.009632927996670369,0.0002571671479905047
1.70079,0.008285721767480577,0.000227237729604103
1.70343,0.00944944103773585,0.0002501601130002166
1.70608,0.01021122461154273,0.0002688067891480344
1.70872,0.009197037735849057,0.0002445063821322021
1.71137,0.009151362860710322,0.0002448153791076129
1.71401,0.01001727635960044,0.0002647127931472743
1.71665,0.008506244450610434,0.0002297257639072001
1.7193,0.01011995498057714,0.0002670960312938495
1.72194,0.01006862826026637,0.0002643566932895466
1.72458,0.009088563054938959,0.0002427408198918212
1.72723,0.009224871184794672,0.000244534637871127
1.72987,0.008567167175360711,0.0002298432701368297
1.73251,0.009943099611542732,0.0002627406970998269
1.73516,0.007875304869589346,0.0002115134324572048
1.7378,0.009408669464483904,0.00024896065437931
1.74045,0.007452783088235297,0.0002023303744597264
1.74309,0.009024691939511657,0.0002397866024851849
1.74573,0.009221350513318537,0.0002442730630188621
1.74838,0.008733895463374032,0.0002307889292714701
1.75102,0.008433436598224197,0.0002275833973488736
1.75366,0.008664116120976695,0.000228746523849683
1.75631,0.009312253884572698,0.0002445476596939976
1.75895,0.008723704286903441,0.0002325709888419029
1.7616,0.007903742647058823,0.0002122777018079956
1.76424,0.008051356756381802,0.0002167757353693217
1.76688,0.00664510488346282,0.0001804703119717388
1.76953,0.008272428829078799,0.0002209697502953646
1.77217,0.007375912042175362,0.0002001508938449102
1.77481,0.007681294811320755,0.0002071925671230037
1.77746,0.008279236681465041,0.0002217845500080171
1.7801,0.00864932151775805,0.0002275110341823195
1.78275,0.007211276012763593,0.0001956999210541071
1.78539,0.007091664747502775,0.000190159111875204
1.78803,0.008458591773029966,0.0002228982090938369
1.79068,0.008728788429522752,0.0002310389706470859
1.79332,0.007489299181465041,0.0001992980795813521
1.79596,0.007332739178690345,0.0001991627470717789
1.79861,0.006471639705882354,0.0001750124818933109
1.80125,0.00790506804938957,0.0002106362069014024
1.8039,0.007300920366259713,0.0001967559294466767
1.80654,0.009423457200332963,0.0002443836819349252
1.80918,0.008272884364594899,0.0002205772532698777
1.81183,0.007434364802996673,0.0001994870707893803
1.81447,0.007784232103218647,0.0002076897267418869
1.81711,0.006251169672586016,0.0001705032432395107
1.81976,0.006476767341842398,0.0001756670323477007
1.8224,0.007131273446170922,0.0001934600312087433
1.82504,0.006606530868479467,0.0001793665136248082
1.82769,0.007855183476692567,0.0002108093836712232
1.83033,0.008534336570477247,0.0002248738295414844
1.83298,0.007067848709766926,0.0001903226105661169
1.83562,0.007930630688124307,0.0002120772446533229
1.83826,0.008543053551609324,0.0002273181944357205
1.84091,0.00728261195893452,0.0001978330180343066
1.84355,0.007584084905660377,0.0002040500085364721
1.84619,0.006975391023862377,0.0001897937815353634
1.84884,0.007701974750277469,0.0002048310884560873
1.85148,0.005777886584350725,0.0001608108417701228
1.85413,0.007380021018312984,0.000200386903943393
1.85677,0.005720159475582689,0.0001577913556206217
1.85941,0.006961995074916758,0.0001899661372525904
1.86206,0.007087773238068816,0.0001906838961557665
1.8647,0.007901492438956713,0.0002121311423464327
1.86734,0.006921042660932298,0.0001881437890675096
1.86999,0.008175619519977802,0.0002168377065370047
1.87263,0.006206815621531632,0.0001724692645807271
1.87528,0.00781049979189789,0.0002090877257033102
1.87792,0.008145066592674806,0.0002178236835352672
1.88056,0.008010747710876804,0.0002143346838747393
1.88321,0.00656050804661487,0.0001788257917048961
1.88585,0.006814541204217533,0.0001875070892384104
1.88849,0.007486666689789125,0.0002003129314541119
1.89114,0.007535093091009987,0.000203771262715123
1.89378,0.006042612236403996,0.0001656643503930825
1.89643,0.006953168215871254,0.0001893787721240728
1.89907,0.006652517064372919,0.0001826794827772135
1.90171,0.006817745976692564,0.0001842931724388531
1.90436,0.006069621600998893,0.00016770849072745
1.907,0.005846873890122084,0.0001611469953816819
1.90964,0.007431050152608214,0.0002012773981654756
1.91229,0.007638311945061043,0.0002058932621295371
1.91493,0.007375999028856825,0.000198628254723621
1.91757,0.00602175832408435,0.0001658456412732744
1.92022,0.006731196517758048,0.0001843897071772347
1.92286,0.006944396295782463,0.0001898354734590209
1.92551,0.007317628676470588,0.0001962291097417035
1.92815,0.00614124826581576,0.0001685066342706619
1.93079,0.006966864039955605,0.0001907384373779935
1.93344,0.006277073390677024,0.0001717595793317203
1.93608,0.005921526775804665,0.000163536617126643
1.93872,0.005928043909544953,0.0001636227427725662
1.94137,0.007590320477247503,0.0002061012201318162
1.94401,0.007082801262486129,0.0001925056010636465
1.94666,0.007388410654827969,0.0001988675592183956
1.9493,0.00636956770255272,0.0001752871179511035
1.95194,0.006593736958934517,0.0001795315357540478
1.95459,0.006158721143174251,0.0001695598022528485
1.95723,0.005999265399556046,0.0001663097917166459
1.95987,0.004995159822419535,0.0001399483693581735
1.96252,0.006423879439511656,0.0001772428448997303
1.96516,0.006598086293007769,0.00017962777267581
1.96781,0.006066615982241952,0.0001671232791240485
1.97045,0.005107606132075472,0.0001430127363329707
1.97309,0.006962246878468369,0.0001894508211121744
1.97574,0.0052827080327414,0.000148160602620779
1.97838,0.005828011514983353,0.0001612062159553777
1.98102,0.006637088374028857,0.0001823238532681546
1.98367,0.004959163360155384,0.0001388515229044614
1.98631,0.004512090732519424,0.0001277290151568951
1.98896,0.00623567917591565,0.000171609800993639
1.9916,0.005782071101553828,0.0001600884012638312
1.99424,0.00541312167036626,0.0001496440633234329
1.99689,0.005222387347391787,0.0001450733725531393
1.99953,0.00585345283018868,0.0001609248552230661
2.00217,0.00518188360155383,0.0001442346523764504
2.00482,0.00569308601553829,0.0001571473526245233
2.00746,0.006644805008324083,0.0001802243411363123
2.0101,0.005073843854051055,0.0001403814183333617
2.01275,0.00639176075194229,0.0001743026259557382
2.01539,0.00502720983629301,0.0001388916607343797
2.01804,0.00566698543285239,0.0001572446751683457
2.02068,0.004801303135405104,0.0001344359392573219
2.02332,0.004090914955604881,0.0001154806700030246
2.02597,0.004255633393451718,0.0001202484603162932
2.02861,0.005752289608768033,0.0001569240971311544
2.03125,0.005952803066037741,0.0001631696283741813
2.0339,0.005672229814095447,0.0001556969359721281
2.03654,0.00479420456437292,0.0001345825383853291
2.03919,0.004200392272475027,0.0001183905617161185
2.04183,0.005785756589900111,0.0001578809696506493
2.04447,0.00506283317147614,0.0001407471291317094
2.04712,0.006209402330743617,0.0001685829299746685
2.04976,0.004579006381797999,0.0001282645386577779
2.0524,0.005614637763596003,0.0001547045425234595
2.05505,0.004881262208657046,0.0001357656012882875
2.05769,0.005075991051609319,0.000141179558150891
2.06034,0.005494831922863484,0.0001499935673866991
2.06298,0.004933619034406218,0.0001374843177092244
2.06562,0.005170117508324083,0.0001424692800268469
2.06827,0.004592113901220865,0.0001279602745697493
2.07091,0.003973897266925638,0.0001127034147853261
2.07355,0.004931863276914542,0.0001363370626497866
2.0762,0.005232113831853495,0.000144757686929433
2.07884,0.00546967216981132,0.0001498647255672768
2.08149,0.005328570615982242,0.0001467022372634876
2.08413,0.006457774486681464,0.0001757428435204681
2.08677,0.006176406908990009,0.0001664931220849079
2.08942,0.004286580049944505,0.0001215861183602842
2.09206,0.006266387763596003,0.0001702016371287863
2.0947,0.004925126387347391,0.0001371283163979421
2.09735,0.005275346212541621,0.0001458359936396094
2.09999,0.005426844963928965,0.0001496237610052156
2.10263,0.005307991398446172,0.0001481965704674082
2.10528,0.005772914608768038,0.0001564318481378122
2.10792,0.005717950471698115,0.0001577476071919057
2.11057,0.005285926539955603,0.0001473684423134592
2.11321,0.004427551123751387,0.0001281686868901215
2.11585,0.002809175360710325,8.521988516664567e-05
2.1185,0.004757132214206439,0.0001373058695555945
2.12114,0.004805416689789122,0.0001420739273199668
2.12378,0.005308515607658157,0.0001528641828493407
2.12643,0.005466847391786902,0.0001592102244046104
2.12907,0.005542992785793564,0.0001637577247244083
2.13172,0.004478060627081022,0.0001345064271163607
2.13436,0.004715289331298553,0.0001425121083594227
2.137,0.005691861334628191,0.0001682816998374525
2.13965,0.004829917175360713,0.0001464192532488384
2.14229,0.004491825124861269,0.0001367379127748428
2.14493,0.004612844200887901,0.0001414389676935247
2.14758,0.005903765468923418,0.000178263204054683
2.15022,0.004830217050499446,0.0001468315790765241
2.15287,0.004848770394006659,0.0001495865448945445
2.15551,0.006879428690344062,0.0002039696401774639
2.15815,0.006157166828523863,0.000185976638801487
2.1608,0.003312180424528303,0.0001053346354960169
2.16344,0.005238301331853499,0.0001598507377898946
2.16608,0.004864009087125414,0.0001496135876578007
2.16873,0.005052376456714761,0.0001527254311622041
2.17137,0.004949395671476135,0.0001480303856060428
2.17402,0.005103961847946726,0.0001510410545496841
2.17666,0.005923511445615985,0.0001733552973405589
2.1793,0.005801313471143175,0.0001688641326764377
2.18195,0.005389985502219756,0.0001573406099715522
2.18459,0.004717420504994448,0.0001391145859006791
2.18723,0.005315474542175359,0.0001551792747581397
2.18988,0.004441604051054386,0.0001311251188973954
2.19252,0.005189446864594895,0.0001506570866572812
2.19516,0.004764246809101001,0.0001389327463633605
2.19781,0.005570002150388456,0.000161229949900801
2.20045,0.005079504855715872,0.0001470456759186198
2.2031,0.004004800430077692,0.000118660514727073
2.20574,0.004594272544395117,0.0001341130842920592
2.20838,0.004142456853496116,0.0001221964320519268
2.21103,0.004657912458379578,0.0001362577159539905
2.21367,0.005830740149833522,0.0001674760792402941
2.21631,0.004346197974472807,0.0001280109065089814
2.21896,0.003985873959489457,0.000117134773842092
2.2216,0.004649042105993341,0.0001345480709933802
2.22425,0.003897561875693674,0.000115115742471332
2.22689,0.004200282394561596,0.0001232968688951188
2.22953,0.00352398841564928,0.0001039906616101975
2.23218,0.004076493479467262,0.0001208740967993427
2.23482,0.004155035585460602,0.0001217284863165376
2.23746,0.004282782394561598,0.0001268214908441708
2.24011,0.00434658483629301,0.0001271466274869155
2.24275,0.00426825332963374,0.000126274465753041
2.2454,0.004155330882352941,0.0001222782881585599
2.24804,0.004720087333518317,0.0001382024091733361
2.25068,0.0049288576581576,0.0001436877525468186
2.25333,0.004975748057713654,0.0001440387493866851
2.25597,0.006222713582130965,0.0001773975207857902
2.25861,0.003697586362375138,0.0001100742567986918
2.26126,0.004729566592674805,0.000138512842465131
2.2639,0.004798656908990012,0.0001397002607564603
2.26655,0.004576763041065481,0.0001343085214344027
2.26919,0.004687787805216424,0.0001388577105012565
2.27183,0.003776817494450612,0.0001118375563731657
2.27448,0.005012360294117646,0.0001455302712339603
2.27712,0.004756532463928968,0.0001384107611034604
2.27976,0.002686803412874585,8.281162013018672e-05
2.28241,0.003778623612652608,0.000113088599594128
2.28505,0.004279172447280796,0.0001258913734819294
2.28769,0.004731553551609327,0.0001381754483710241
2.29034,0.002411181534406215,7.285783562768727e-05
2.29298,0.004428169187014426,0.0001306191412837147
2.29563,0.003755112028301885,0.0001112094143830911
2.29827,0.004121978357380689,0.0001216918612606324
2.30091,0.004439759017758048,0.0001325388346940366
2.30356,0.003615244311875695,0.0001067755314027006
2.3062,0.003635983768035516,0.0001091056395423063
2.30884,0.003389220865704771,0.0001012904716301079
2.31149,0.003188048140954494,9.68553822410126e-05
2.31413,0.003871383462819091,0.0001152851015238123
2.31678,0.003537134850166484,0.0001062554410824215
2.31942,0.003568527885682577,0.0001072804561461613
2.32206,0.00398041211154273,0.0001169863037589176
2.32471,0.00419453211709212,0.0001246546798132943
2.32735,0.003687006034961155,0.0001106601156109222
2.32999,0.003719568812430635,0.0001110191403211183
2.33264,0.004271929661487236,0.0001283519326927963
2.33528,0.00393558421198668,0.0001154749315015843
2.33793,0.003110201928412874,9.451373463277897e-05
2.34057,0.004253030660377359,0.0001253549873960864
2.34321,0.003946848987236403,0.0001173668020864632
2.34586,0.004076264567147611,0.0001224325658936465
2.3485,0.004656490912874581,0.0001365786637253201
2.35114,0.003950985432852386,0.0001174628638778295
2.35379,0.003754743479467256,0.0001114702630992123
2.35643,0.003831488623751389,0.0001136245111526477
2.35908,0.004624981132075474,0.0001369322148229742
2.36172,0.003816659683684794,0.0001138229149307956
2.36436,0.00449495435627081,0.0001323196145389572
2.36701,0.003969705882352941,0.0001172369129495656
2.36965,0.003265571587125415,9.806945561086014e-05
2.37229,0.00443239261931188,0.0001307674933092702
2.37494,0.003698270810210875,0.0001104725740356691
2.37758,0.00539551831298557,0.0001583591123123519
2.38022,0.00441628177025527,0.0001289044139572078
2.38287,0.005447847669256383,0.000159519986937096
2.38551,0.002360253121531628,7.150955337260655e-05
2.38816,0.004356489872364041,0.0001291274773952488
2.3908,0.003974925083240845,0.0001187291708494929
2.39344,0.002471889081576027,7.580503331682827e-05
2.39609,0.003340599889012207,0.0001009263894731148
2.39873,0.004297906631520532,0.0001264037333368583
2.40137,0.004933676262486127,0.000144454972185631
2.40402,0.004234415510543838,0.0001236233540903782
2.40666,0.003357683615427305,0.0001009576018669688
2.40931,0.003515520948945616,0.000105700498242771
2.41195,0.004166842882907882,0.000122696749415828
2.41459,0.003392443951165373,0.0001024359476362316
2.41724,0.004021735363485015,0.0001187058113262106
2.41988,0.005088725443951166,0.0001484531406823592
2.42252,0.004853845380133187,0.000142580351561701
2.42517,0.002350712056048837,7.155116143701452e-05
2.42781,0.00433787014428413,0.0001288164035155017
2.43046,0.004650321725860153,0.000136083876814202
2.4331,0.003025888942841291,9.170887554472755e-05
2.43574,0.004258877081021089,0.0001259234551490952
2.43839,0.004427367993895671,0.0001312060062473604
2.44103,0.00239487153163152,7.344044959642301e-05
2.44367,0.0038479817563818,0.0001144804800006355
2.44632,0.002810725097114315,8.561838596907913e-05
2.44896,0.003231234739178689,9.721409611229967e-05
2.45161,0.00373742397336293,0.0001114154645565812
2.45425,0.003488053759711432,0.0001052977216017721
2.45689,0.004051397821864595,0.0001194591078635083
2.45954,0.00310913748612653,9.457417443749144e-05
2.46218,0.003951312777469479,0.0001178972815716891
2.46482,0.003687562291897889,0.0001095256159027417
2.46747,0.003872578385127635,0.000115054155801578
2.47011,0.00297495595172031,9.09072661060371e-05
2.47275,0.003612092189234184,0.0001092860646803137
2.4754,0.002748957685904548,8.321828443501873e-05
2.47804,0.003630487583240844,0.0001088652979685431
2.48069,0.002927497849611542,8.908704330619146e-05
2.48333,0.004578628676470587,0.0001360047820618944
2.48597,0.003341710113762486,0.0001013403694608508
2.48862,0.004337167383462818,0.000127990194541556
2.49126,0.003733115843507215,0.0001127686573183078
2.4939,0.002968555563263039,8.978025812709383e-05
2.49655,0.004321003884572697,0.0001286373555727556
2.49919,0.00312780070754717,9.461479598996368e-05
2.50184,0.003091914123196449,9.365674497698201e-05
2.50448,0.002279579841842398,7.048952884857594e-05
2.50712,0.00387752518035516,0.0001166556981749513
2.50977,0.004754911764705882,0.0001396762294645569
2.51241,0.004132009295227525,0.000122592552795091
2.51505,0.00337729224472808,0.0001023788144751691
2.5177,0.003192688193673699,9.742917021084761e-05
2.52034,0.004662806603773586,0.0001370024454808772
2.52299,0.004787687430632633,0.0001415831883550086
2.52563,0.003336195615982243,0.0001010285571643306
2.52827,0.004104150665926748,0.0001227220349794596
2.53092,0.002568524417314097,7.881197061042775e-05
2.53356,0.003652080882352943,0.0001092175916201004
2.5362,0.004174717466703661,0.0001250038211980841
2.53885,0.003823701026637072,0.0001146753482711073
2.54149,0.00409797461154273,0.0001224512103992887
2.54414,0.00306870241398446,9.372890858592638e-05
2.54678,0.004375881034961154,0.0001303047122861142
2.54942,0.003326414192563821,0.0001008701848861437
2.55207,0.004357883948390678,0.0001295703379904428
2.55471,0.004631827899556052,0.0001369337567778257
2.55735,0.004355361334628191,0.0001299468826497039
2.56,0.003597732519422865,0.0001092724060017347
2.56264,0.003172559933407325,9.754170862926335e-05
2.56529,0.00366522960599334,0.000109691154214655
2.56793,0.00450031777192009,0.0001339582653373787
2.57057,0.001825239248057716,5.685114543769298e-05
2.57322,0.004215095310765813,0.0001262317026790556
2.57586,0.004609527261376251,0.0001362485950096206
2.5785,0.003260331784128747,9.893263306353624e-05
2.58115,0.003445462333518314,0.0001054280275196074
2.58379,0.003861070962819089,0.0001163036997282128
2.58643,0.003768311112652605,0.0001136089381885744
2.58908,0.002635119589345171,8.110338755619184e-05
2.59172,0.00352517418146504,0.0001067388306969651
2.59437,0.003841718715316315,0.0001162354411896203
2.59701,0.003291198321309655,9.976044930165469e-05
2.59965,0.002546942563817981,7.846515507951763e-05
2.6023,0.003812065413429523,0.0001149338367263813
2.60494,0.004579242161487235,0.0001367650647857507
2.60758,0.003718653163152052,0.0001137848233321771
2.61023,0.00391915517480577,0.000118220143766779
2.61287,0.003091955327413985,9.489266056235133e-05
2.61552,0.003163117300221976,9.714364510553181e-05
2.61816,0.00349514546337403,0.0001061116762101243
2.6208,0.003706907672031076,0.0001118445356741112
2.62345,0.004073355091564928,0.0001227071553299154
2.62609,0.002723232519422866,8.432451863352969e-05
2.62873,0.002864446240288568,8.835376075874644e-05
2.63138,0.003560085599334075,0.0001081549293429513
2.63402,0.004409892827413984,0.000131973823938034
2.63667,0.00341456374861265,0.0001042233789800931
2.63931,0.002835351484461711,8.815099174645142e-05
2.64195,0.003013399486681464,9.265959165648427e-05
2.6446,0.003332109531076583,0.0001010204556362206
2.64724,0.004224050360710324,0.0001263788099034841
2.64988,0.00414521295782464,0.0001254732034114252
2.65253,0.003838424667036625,0.0001168678272645933
2.65517,0.003416857450055493,0.000104279050801618
2.65782,0.004727890954495004,0.000140768623041546
2.66046,0.00419669762763596,0.0001263858895443681
2.6631,0.003304431742508324,0.0001009446681303898
2.66575,0.002611012832963374,8.039875793203958e-05
2.66839,0.004155825332963371,0.000126034294883966
2.67103,0.003269346351276362,0.0001023741015109105
2.67368,0.001837927857935625,6.011794305010447e-05
2.67632,0.00312716204217536,0.0001012472099013787
2.67896,0.00303064574084351,9.767315248870081e-05
2.68161,0.00366700138734739,0.0001195164799875819
2.68425,0.003471121115427302,0.0001146060926864368
2.6869,0.003450713582130966,0.0001136405390598762
2.68954,0.00173127989733629,5.923781472531823e-05
2.69218,0.003253514775249722,0.0001082621708099934
2.69483,0.004518813887347393,0.0001494142663129423
2.69747,0.002766815135960045,9.457627059488628e-05
2.70011,0.002601618271365152,8.805272299320022e-05
2.70276,0.003391287943951168,0.0001163764477634182
2.7054,0.003774308615427302,0.0001273684752640932
2.70805,0.00186305556326304,6.608578365600584e-05
2.71069,0.004448688887347393,0.0001487608033685762
2.71333,0.003903602871809104,0.000133803724241773
2.71598,0.003273301956159822,0.0001147828494616399
2.71862,0.003328149347946728,0.0001171241568884243
2.72126,0.003104994173140955,0.000109901733610354
2.72391,0.003669498820754716,0.0001279841227265732
2.72655,0.003877751803551609,0.0001326650409970879
2.7292,0.002555403163152054,8.8494157581739e-05
2.73184,0.002477927788568256,8.476470857370685e-05
2.73448,0.00186122655382908,6.416061954181318e-05
2.73713,0.003521843507214208,0.0001154977027218515
2.73977,0.002878506034961154,9.67584356286112e-05
2.74241,0.003535736195893452,0.0001161011282091697
2.74506,0.002116997155937844,7.068953334687606e-05
2.7477,0.003278798140954499,0.000107693441360484
2.75035,0.003340712056048835,0.0001081911659059578
2.75299,0.003518144284128747,0.0001147021030434067
2.75563,0.002869248820754716,9.308082777373982e-05
2.75828,0.004102987791342953,0.0001301895757063644
2.76092,0.002335043007769144,7.765330966398233e-05
2.76356,0.003314055216426193,0.0001066383906139517
2.76621,0.002554961362375137,8.342058167660404e-05
2.76885,0.00318595817147614,0.0001032608860327146
2.77149,0.002991959558823532,9.685437122102608e-05
2.77414,0.004398850097114317,0.0001388601301084381
2.77678,0.003393300083240844,0.0001082359171390553
2.77943,0.004015749306326307,0.0001266189959855822
2.78207,0.00194567688679245,6.423846376753991e-05
2.78471,0.004398028301886795,0.0001391008297425608
2.78736,0.003816748959489457,0.0001213374782631803
2.79,0.002491081090455051,8.048091741604662e-05
2.79264,0.003460961986681464,0.0001105743204443198
2.79529,0.003458086847946726,0.0001102554210405382
2.79793,0.003195045990566039,0.000102054072322117
2.80058,0.003300629508879023,0.0001043986842730938
2.80322,0.002895793493340731,9.363062918403773e-05
2.80586,0.004015886653718093,0.0001270352523406011
2.80851,0.004329363762486126,0.0001349662487547314
2.81115,0.003409946587125419,0.0001077125811490888
2.81379,0.004149582894006658,0.0001295964733695148
2.81644,0.003981407880133184,0.0001255762605929508
2.81908,0.002429444159267483,7.847835379061822e-05
2.82173,0.003786221212541619,0.0001190829659276649
2.82437,0.003516834905660379,0.0001106183072245193
2.82701,0.002926080882352943,9.311137221229371e-05
2.82966,0.003602995213651498,0.0001140773633300048
2.8323,0.002676735849056603,8.522313844675372e-05
2.83494,0.002889727316870147,9.210356192965741e-05
2.83759,0.002702103912319644,8.572880132511228e-05
2.84023,0.003785365080466148,0.0001186046057142768
2.84288,0.001786578246392897,5.866945895505805e-05
2.84552,0.003046971767480574,9.556485564732514e-05
2.84816,0.003715029481132077,0.0001175373737345695
2.85081,0.003768704841842396,0.0001181799510637132
2.85345,0.003120947072697007,9.888314385688828e-05
2.85609,0.00249318250554939,7.988422340539947e-05
2.85874,0.003840450541065482,0.000119935754916286
2.86138,0.002744331367924528,8.821927773550387e-05
2.86402,0.003840091148723637,0.0001204086109172539
2.86667,0.002691841773029966,8.622082192251922e-05
2.86931,0.00409718944228635,0.0001274969168184693
2.87196,0.003119097461154274,9.827670050229608e-05
2.8746,0.003703904342397337,0.0001172227790558956
2.87724,0.00411624181465039,0.0001284196761962174
2.87989,0.00331883948390677,0.0001051585710789046
2.88253,0.002418744797447281,7.789225619786528e-05
2.88517,0.002913692147613764,9.35304292313386e-05
2.88782,0.003887743826304106,0.0001223531421086201
2.89046,0.002099368618201997,6.732226933580761e-05
2.89311,0.00347886979744728,0.0001103334188809119
2.89575,0.003407387347391789,0.0001078999436747078
2.89839,0.002908939927857935,9.194916181075918e-05
2.90104,0.002549964206437293,8.213281372725358e-05
2.90368,0.004285723917869033,0.0001318776671916071
2.90632,0.003451175985016648,0.0001087774385936946
2.90897,0.003933118826304106,0.0001235855519655038
2.91161,0.004699597391786905,0.0001447915696723404
2.91426,0.003319175985016646,0.0001042963657137861
2.9169,0.003236231895116538,0.0001030719200693624
2.91954,0.004508711986681469,0.0001398199719635534
2.92219,0.001745229814095453,5.611079123718859e-05
2.92483,0.003725834142619312,0.0001167003430858374
2.92747,0.003714544187014427,0.0001160151258960063
2.93012,0.003169217813540508,0.0001012372225530441
2.93276,0.003589285654827969,0.0001126669865727456
2.93541,0.003414435557713648,0.0001066155649741856
2.93805,0.003349140607658156,0.0001052055041019426
2.94069,0.003294632006104331,0.0001034635478521303
2.94334,0.003538368687569367,0.0001119941052629556
2.94598,0.001383953523862378,4.48030314987693e-05
2.94862,0.004000311459489458,0.0001251117097935454
2.95127,0.003960455535516095,0.0001238978572715448
2.95391,0.003334007214206438,0.0001049169369186254
2.95655,0.003433744311875693,0.0001077043250080825
2.9592,0.0020887310627081,6.654443834218985e-05
2.96184,0.002060030036071029,6.681827391677884e-05
2.96449,0.004150729744728079,0.0001301941004080819
2.96713,0.00356253038290788,0.0001117203517502016
2.96977,0.002198421268035517,7.111845680424906e-05
2.97242,0.00420604411764706,0.0001302412603817096
2.97506,0.002026473779134297,6.625096651598709e-05
2.9777,0.003637377844062154,0.0001139477222391823
2.98035,0.002080613831853493,6.704873498986212e-05
2.98299,0.002404199708657049,7.764222697390912e-05
2.98564,0.003269595865704775,0.0001028448610662799
2.98828,0.003156133185349613,0.0001000178857634618
2.99092,0.003013630688124307,9.505530856088652e-05
2.99357,0.003952251317980022,0.0001232717178581373
2.99621,0.003300144214761378,0.0001046592051714162
2.99885,0.003364603634850167,0.000106053416483412
3.0015,0.003374275180355162,0.0001062994374072867
3.00414,0.003430022197558268,0.0001081618128810343
3.00679,0.003595866884017758,0.0001125826631476711
3.00943,0.004152789955604887,0.0001293838976197152
3.01207,0.001975712472253051,6.345409153482751e-05
3.01472,0.002627860779689232,8.436038892368618e-05
3.01736,0.001367192563817979,4.494194522416959e-05
3.02,0.002961443257491679,9.392016943850512e-05
3.02265,0.00264194575471698,8.425578187139273e-05
3.02529,0.00315009447835738,9.917217264270076e-05
3.02794,0.001739667244728079,5.668554886149588e-05
3.03058,0.003877529758601554,0.000120369239207122
3.03322,0.003687770602108767,0.0001156767184092631
3.03587,0.002853657602663707,9.06543227891271e-05
3.03851,0.003918610363485017,0.0001207566042509717
3.04115,0.003686129300776912,0.0001150605951825667
3.0438,0.001909238623751389,6.1540260917349e-05
3.04644,0.003773102247502778,0.0001167811221800946
3.04908,0.002677266925638179,8.548880591974155e-05
3.05173,0.00210472974472808,6.754045265656454e-05
3.05437,0.00254298466981132,8.108690425914406e-05
3.05702,0.003909346281908993,0.0001206916284349618
3.05966,0.004117047586015538,0.0001254152969812478
3.0623,0.003428717397336293,0.0001072727754349999
3.06495,0.002804418562708102,8.824987245830618e-05
3.06759,0.002564131589900108,8.117962854094774e-05
3.07023,0.00323719103773585,0.0001014650372692776
3.07288,0.004063044880688123,0.0001254002090498197
3.07552,0.003522525665926747,0.000110287279198105
3.07817,0.001863041828523863,6.027805110861839e-05
3.08081,0.002785691245837956,8.761024289872705e-05
3.08345,0.003088892480577138,9.696660680847697e-05
3.0861,0.002386861889567148,7.572986242323381e-05
3.08874,0.00345107068534961,0.0001073392290855034
3.09138,0.002013295296892344,6.456596405490201e-05
3.09403,0.002217929175915648,7.08059556114195e-05
3.09667,0.003590112028301885,0.0001124334306515031
3.09932,0.003571444228634851,0.0001101157351943752
3.10196,0.002095245907325195,6.696874159173752e-05
3.1046,0.003329048973362928,0.0001036443270611922
3.10725,0.001370520948945618,4.444856601512456e-05
3.10989,0.002353273584905664,7.514486576762394e-05
3.11253,0.003792484253607104,0.0001170830371654945
3.11518,0.003207272197558266,0.0001004223826603184
3.11782,0.003475589483906772,0.0001077870983460249
3.12047,0.003446167383462818,0.0001070020414647866
3.12311,0.002009898238068814,6.456805315424927e-05
3.12575,0.002684429592119867,8.441467342499319e-05
3.1284,0.002666441662042176,8.452625126963278e-05
3.13104,0.002297368618202,7.321011596519465e-05
3.13368,0.003379961362375141,0.0001063735560930363
3.13633,0.003868476276359601,0.0001191277337578871
3.13897,0.001843703315760266,5.902460389695578e-05
3.14161,0.004035470102663706,0.0001250905402445289
3.14426,0.002282134503329634,7.339103948035071e-05
3.1469,0.003174807852386237,9.952962581352805e-05
3.14955,0.002887499999999999,9.098810751290542e-05
3.15219,0.003475857311320752,0.0001079198720835853
3.15483,0.00164671968645949,5.301312715055427e-05
3.15748,0.003022072974472808,9.490842419060934e-05
3.16012,0.002244148793007767,7.161374588841652e-05
3.16276,0.001964193604328525,6.326209860824302e-05
3.16541,0.003155027538845728,9.93354076455374e-05
3.16805,0.002602428620976693,8.232913047538697e-05
3.1707,0.003183863623751387,9.983010104676656e-05
3.17334,0.003261345865704773,0.0001014321858072988
3.17598,0.003513536279134295,0.0001095952800865688
3.17863,0.004439319506104327,0.0001354991466964251
3.18127,0.002736083657047727,8.625411558009606e-05
3.18391,0.004297821933962263,0.0001314986619682202
3.18656,0.003643606548279689,0.0001125531574426676
3.1892,0.00323434107935627,0.000101788487681629
3.19185,0.002600975027746948,8.21946844905229e-05
3.19449,0.001912594478357379,6.132481642325173e-05
3.19713,0.002516991675915649,7.987864585891805e-05
3.19978,0.002346367300221979,7.419122460152943e-05
3.20242,0.003421975929522753,0.0001061538141078221
3.20506,0.001801354536625971,5.753125415274398e-05
3.20771,0.004212588720865706,0.0001283350145986136
3.21035,0.003612252427857935,0.000111420463626203
3.213,0.001716322766370698,5.490886360925155e-05
3.21564,0.002784276567702554,8.615635683621041e-05
3.21828,0.003534033088235293,0.0001088146274525545
3.22093,0.003308808546059935,0.0001023747075731574
3.22357,0.002967397266925638,9.2672992520213e-05
3.22621,0.002296700194228638,7.223680895520395e-05
3.22886,0.002976331714761377,9.228016767782099e-05
3.2315,0.001679250416204216,5.512790203342904e-05
3.23414,0.002768392341842398,9.046884009616559e-05
3.23679,0.0009358256104328531,3.198255351641854e-05
3.23943,0.002421528371254163,8.09457070149367e-05
3.24208,0.003094926609322977,0.0001037473191252309
3.24472,0.002273348848501666,7.83144373552176e-05
3.24736,0.002139364178690347,7.354538880926293e-05
3.25001,0.00444373980299667,0.0001484691597379823
3.25265,0.002159927372364039,7.647923630405731e-05
3.25529,0.004005576442841287,0.0001382495333993143
3.25794,0.00377304730854606,0.0001297700936500523
3.26058,0.003000047031076579,0.0001054367608676597
3.26323,0.002996862860710321,0.000105654385823088
3.26587,0.002780165302441732,9.94395028807273e-05
3.26851,0.004491742716426192,0.0001572978282493389
3.27116,0.002938920574361823,0.0001055218968798999
3.2738,0.003371301609322974,0.0001205638327406844
3.27644,0.003704302649833517,0.0001329220865319321
3.27909,0.001508271226415091,5.693756011600658e-05
3.28173,0.003087642619311876,0.0001121045560539102
3.28438,0.003052440482796896,0.000113267582957424
3.28702,0.004198522058823531,0.0001471270877958517
3.28966,0.001760127427857935,6.403314269562928e-05
3.29231,0.003398203385127636,0.0001178123083507023
3.29495,0.003188386931187571,0.0001100479548373367
3.29759,0.002430549805771368,8.473563211249048e-05
3.30024,0.002608449014983354,9.003635216640489e-05
3.30288,0.002306525110987793,8.002591899180954e-05
3.30553,0.001971145671476139,6.850675355333906e-05
3.30817,0.003761308684794672,0.0001258889090933141
3.31081,0.003005069367369586,0.0001022782836959848
3.31346,0.003571670851831299,0.0001203196572134055
3.3161,0.004051086501109876,0.000134069242189109
3.31874,0.002189818743063265,7.552811150659814e-05
3.32139,0.00293665892064373,9.904488092725419e-05
3.32403,0.004016358213096557,0.0001332959293301004
3.32667,0.002345204425638179,7.948830682240919e-05
3.32932,0.003135148793007771,0.0001048031164555515
3.33196,0.003522843854051056,0.0001176670881175185
3.33461,0.003203291412319647,0.0001073838612472881
3.33725,0.002950331853496115,9.900697556486719e-05
3.33989,0.002088737930077695,7.12096348005688e-05
3.34254,0.003415094825194231,0.0001120604919996378
3.34518,0.003846676956159821,0.0001263202328809198
3.34782,0.003736267966148726,0.00012232440294068
3.35047,0.003083513041065483,0.0001017438765557673
3.35311,0.002705981687014427,8.998982342911059e-05
3.35576,0.004011445754716978,0.000130636850122483
3.3584,0.001503427441731411,5.11815202475336e-05
3.36104,0.001466050638179798,4.986919338196659e-05
3.36369,0.003096984531076583,0.0001028145479452925
3.36633,0.002411348640399557,8.04342272622491e-05
3.36897,0.003309639497780243,0.000108921249249428
3.37162,0.002984405452275251,9.74174959235316e-05
3.37426,0.002483620837957825,8.306032663395824e-05
3.37691,0.002070944575471695,6.984551804217027e-05
3.37955,0.002283329425638182,7.59757064338155e-05
3.38219,0.001250614386792452,4.247712626354138e-05
3.38484,0.00134142390399556,4.550612509595234e-05
3.38748,0.003242556742508327,0.00010615313235184
3.39012,0.003470734253607102,0.0001138892070581646
3.39277,0.002702921129300776,8.928916760475403e-05
3.39541,0.0004203997641509431,1.45160308580852e-05
3.39806,0.001374265954495004,4.689947755956387e-05
3.4007,0.00261660973917869,8.687717582541315e-05
3.40334,0.00285914920921199,9.448176247461797e-05
3.40599,0.002817388734739177,9.301989668642139e-05
3.40863,0.001992768729189786,6.634182717448369e-05
3.41127,0.002325508809655939,7.73588523722322e-05
3.41392,0.00243000499445061,8.05753916524629e-05
3.41656,0.003827690968368478,0.0001236233278941891
3.41921,0.003428866190344063,0.0001116230481063092
3.42185,0.002898702968923422,9.492470176806647e-05
3.42449,0.001839688193673698,6.201742083832148e-05
3.42714,0.002871528787458381,9.363541263939361e-05
3.42978,0.002839552025527191,9.339244385829036e-05
3.43242,0.001861672932852387,6.259740695863772e-05
3.43507,0.00169548487791343,5.716045427538038e-05
3.43771,0.002321230438401775,7.716059379353837e-05
3.44035,0.002438870768590454,8.041555411417254e-05
3.443,0.003006168146503888,9.846237713446762e-05
3.44564,0.002711393174250834,8.936327686167728e-05
3.44829,0.001211326165371807,4.067798136218775e-05
3.45093,0.003342982866259712,0.0001081873501382769
3.45357,0.003395193188124305,0.0001096094277779595
3.45622,0.0009157271087680348,3.112328480965998e-05
3.45886,0.004119812846836849,0.0001320095001109431
3.4615,0.002597495560488345,8.446383500450645e-05
3.46415,0.002098668146503883,6.928300409463016e-05
3.46679,0.002639750485571584,8.629988926038149e-05
3.46944,0.002629600513318533,8.617858426734921e-05
3.47208,0.003655661071032185,0.0001171925641926877
3.47472,0.002351195061043285,7.732497995005148e-05
3.47737,0.00310698799944506,0.0001001019905201326
3.48001,0.003678495074916759,0.0001167372493878942
3.48265,0.002985039539400667,9.591992084430947e-05
3.4853,0.001511324916759159,5.015514285091425e-05
3.48794,0.003229362236403996,0.0001042607456671922
3.49059,0.004020707547169813,0.000127777737997745
3.49323,0.002245838165926749,7.285463867830624e-05
3.49587,0.002222875971143173,7.193867490473288e-05
3.49852,0.001956339622641509,6.456454674431439e-05
3.50116,0.004152336709211989,0.0001313242416314819
3.5038,0.00245115878190899,7.986322429622606e-05
3.50645,0.003659293909544948,0.0001162349951931051
3.50909,0.004294905591009989,0.0001348847027220698
3.51174,0.002779911209766925,8.96455077871737e-05
3.51438,0.003456184586570477,0.000110959053517339
3.51702,0.002477712610987792,8.024934781996526e-05
3.51967,0.002419113346281909,7.910356099267616e-05
3.52231,0.004569939164816869,0.0001426727656345444
3.52495,0.004217389012208659,0.0001335771752523288
3.5276,0.003438457616537183,0.0001091823558867873
3.53024,0.002913481548279689,9.351710466662394e-05
3.53288,0.002426411071032187,7.886424254125276e-05
3.53553,0.003289234253607101,0.0001056681878248889
3.53817,0.003144369381243062,0.0001012733053669736
3.54082,0.003552739802996671,0.0001126640533522268
3.54346,0.003789652608213094,0.0001200253841666648
3.5461,0.004807442563817984,0.0001508128951291908
3.54875,0.002375104952830188,7.740438741659772e-05
3.55139,0.003249712541620421,0.0001038152154057325
3.55403,0.002570818118756935,8.359192413719066e-05
3.55668,0.002033670782463931,6.631364428105142e-05
3.55932,0.002834444991675916,9.165890910900441e-05
3.56197,0.002585610432852388,8.365581906873105e-05
3.56461,0.002416789886237516,7.83235662374842e-05
3.56725,0.002659700194228636,8.632936693427694e-05
3.5699,0.002653427996670364,8.62676176333419e-05
3.57254,0.001505219825194229,4.946553162258669e-05
3.57518,0.002082745005549388,6.79366390478913e-05
3.57783,0.00182004522752497,6.004917307515863e-05
3.58047,0.002825158018867928,9.130804905396118e-05
3.58312,0.004550822697003326,0.0001421319587672925
3.58576,0.002909235224750278,9.335597275181885e-05
3.5884,0.002367250971143172,7.70954802189295e-05
3.59105,0.001484430008324084,4.917034054747154e-05
3.59369,0.001462369728079909,4.848923334987276e-05
3.59633,0.001841782741398446,6.027058695589743e-05
3.59898,0.001058719478357381,3.524905746910838e-05
3.60162,0.003185759017758046,0.0001025066405563607
3.60427,0.002350895185904552,7.689119530490116e-05
3.60691,0.003124364733629301,9.982342054183018e-05
3.60955,0.001822370976692561,5.991331718554e-05
3.6122,0.00374564650388457,0.0001188943898522914
3.61484,0.003148478357380687,0.0001016000040174262
3.61748,0.002505147752497227,8.089562874715681e-05
3.62013,0.004098695685349612,0.0001286540503136044
3.62277,0.003133761584350725,0.0001004694514694166
3.62541,0.004160154064927858,0.0001302796691509912
3.62806,0.003182831229189787,0.0001024579661931482
3.6307,0.003227842258601553,0.0001032792964591998
3.63335,0.003325420713096559,0.0001067308711939343
3.63599,0.004091727594339623,0.0001288769835371786
3.63863,0.002541505896226416,8.238638822908008e-05
3.64128,0.001742604189789125,5.746120937655133e-05
3.64392,0.004225526845172033,0.0001326408449712225
3.64656,0.001370445407880137,4.542856720654378e-05
3.64921,0.004058146157047725,0.0001284986331920956
3.65185,0.005123586501109878,0.0001583859673874458
3.6545,0.002759048140954495,8.88376304957817e-05
3.65714,0.003538286279134295,0.000112349547739768
3.65978,0.002940687777469475,9.470633594708399e-05
3.66243,0.002692224056603772,8.702431855487512e-05
3.66507,0.001457365704772478,4.828812570257661e-05
3.66771,0.002518715385682576,8.164619271190713e-05
3.67036,0.002780442286348505,8.935420452763929e-05
3.673,0.0005090918423973378,1.718736351239153e-05
3.67565,0.0005389855022197557,1.809819903000362e-05
3.67829,0.00287398272752497,9.199791605338257e-05
3.68093,0.001852351623196449,6.105093576743897e-05
3.68358,0.001988998543285238,6.44231041757371e-05
3.68622,0.002231991259711431,7.281478353580216e-05
3.68886,0.003369019353496116,0.0001061449910594002
3.69151,0.004309844408990015,0.0001342202811256654
3.69415,0.001533749167591564,5.015907477861738e-05
3.6968,0.003124561598224197,9.846029469677557e-05
3.69944,0.002867380896226413,9.199367576053954e-05
3.70208,0.001874732380688125,6.064976458104414e-05
3.70473,0.003502086084905659,0.0001102435059535991
3.70737,0.001301485571587125,4.241227285556787e-05
3.71001,0.003385924528301888,0.0001058353859396595
3.71266,0.003291434100998891,0.0001034919477937632
3.7153,0.00436951727247503,0.0001358185190996048
3.71794,0.00280611480299667,8.936932584039968e-05
3.72059,0.002238867785793559,7.219287859471588e-05
3.72323,0.002201143035516091,7.070804603957711e-05
3.72588,0.003574587194783574,0.000112354216767636
3.72852,0.002409025180355159,7.710085270665425e-05
3.73116,0.002743715593784687,8.68693062370811e-05
3.73381,0.00303887056048835,9.651002771374824e-05
3.73645,0.003340856270810212,0.0001045068827875024
3.73909,0.003007108976137625,9.578727072167598e-05
3.74174,0.003691009711431743,0.0001145389721486415
3.74438,0.003120683823529411,9.853011909604846e-05
3.74703,0.001346182991120976,4.440051254679115e-05
3.74967,0.00215270747780244,6.972567180070678e-05
3.75231,0.002783024417314096,8.754222092407046e-05
3.75496,0.00280817730299667,8.920933746462723e-05
3.7576,0.001628280799112097,5.274947534347374e-05
3.76024,0.002094650735294118,6.772445549941273e-05
3.76289,0.001739433754162044,5.632772330380528e-05
3.76553,0.002381674736403993,7.642158172043397e-05
3.76818,0.00248098147891232,7.940866922118508e-05
3.77082,0.002820199778024417,8.909274843736417e-05
3.77346,0.002660311390122087,8.4870521150199e-05
3.77611,0.002739233490566036,8.713682363741995e-05
3.77875,0.002561748612652607,8.168143107228521e-05
3.78139,0.003840830535516091,0.000119858213163153
3.78404,0.002607492161487236,8.320236559636147e-05
3.78668,0.002107792591564928,6.775099056433418e-05
3.78933,0.0009600376664816862,3.160931026993867e-05
3.79197,0.002389899556048833,7.916003561588811e-05
3.79461,0.002270372988346285,7.656300758510371e-05
3.79726,0.002992666897891229,9.997320444748786e-05
3.7999,0.003209948182574918,0.0001089620435135202
3.80254,0.001985448113207547,6.953907724974774e-05
3.80519,0.002293564095449502,8.075964073452047e-05
3.80783,0.002454599334073253,8.659388799230222e-05
3.81047,0.002404007422308546,8.590852915475718e-05
3.81312,0.001669134780799111,6.183851881848144e-05
3.81576,0.002272911625971142,8.268605288540408e-05
3.81841,0.003089840177580465,0.0001104912735413399
3.82105,0.003475097322419535,0.0001259148047151625
3.82369,0.002782330812985572,0.0001018862586344319
3.82634,0.00158269748890122,5.970278648879905e-05
3.82898,0.0008619418701442852,3.323811432189147e-05
3.83162,0.003567786209766926,0.0001311175764671773
3.83427,0.001959766440066591,7.493774597154456e-05
3.83691,0.002041458379578249,7.887453851283212e-05
3.83956,0.003570375208102108,0.0001339600622573515
3.8422,0.001875902122641511,7.314043210259282e-05
3.84484,0.003844879994450613,0.0001449633161347598
3.84749,0.002689550360710321,0.0001011469378743064
3.85013,0.002841902955049944,0.0001039685708688475
3.85277,0.003775608837402887,0.0001331712605009635
3.85542,0.004016067494450612,0.0001416312982205846
3.85806,0.003431615427303,0.0001210970450715378
3.86071,0.002521290649278576,8.993508800394892e-05
3.86335,0.002220918770810211,7.910106190451624e-05
3.86599,0.003581669741953388,0.0001234108947064264
3.86864,0.00235928024417314,8.29465521323991e-05
3.87128,0.002368324569922309,8.374919326432485e-05
3.87392,0.002334319644839065,8.198381851029278e-05
3.87657,0.00198016710599334,7.009246693915381e-05
3.87921,0.002705519284128746,9.434095524873322e-05
3.88186,0.003032266440066592,0.0001047800259647536
3.8845,0.001913155313540511,6.766187113507732e-05
3.88714,0.002480693049389567,8.582419775693553e-05
3.88979,0.003423784336847945,0.0001173576263600802
3.89243,0.002841120074916758,9.803641389324995e-05
3.89507,0.0029360317008879,9.974001437050034e-05
3.89772,0.003541184309101001,0.0001187132489215447
3.90036,0.003460204286903439,0.0001157056060128887
3.903,0.002264066453940067,7.737399093834874e-05
3.90565,0.003234169395116539,0.0001083957397464861
3.90829,0.002445344408990013,8.293484886297896e-05
3.91094,0.002500796129300775,8.511103516452367e-05
3.91358,0.001936637139289678,6.621551662716523e-05
3.91622,0.003568182228079909,0.0001174213709437138
3.91887,0.003314947974472811,0.0001107482588029568
3.92151,0.001373705119311873,4.717874269638212e-05
3.92415,0.00112189012208657,3.872000169661794e-05
3.9268,0.002977911209766923,9.9366094938852e-05
3.92944,0.001820933407325194,6.158168719767446e-05
3.93209,0.002753281839622642,9.16329656247769e-05
3.93473,0.003206022336293008,0.0001048234178108881
3.93737,0.005200931395671476,0.0001643357750180882
3.94002,0.002277803482241954,7.624470298666616e-05
3.94266,0.002936169048279689,9.709549175079306e-05
3.9453,0.002643335252497228,8.78158854009018e-05
3.94795,0.003679937222530523,0.0001195384960546344
3.95059,0.002769092813540508,9.197575680030745e-05
3.95324,0.004354789053829079,0.0001406139342681961
3.95588,0.002056165996115428,6.920014593773728e-05
3.95852,0.001806766023862378,6.120092508436287e-05
3.96117,0.004704198529411762,0.0001509182173911674
3.96381,0.002505520879578245,8.328953225696234e-05
3.96645,0.001473350652053273,4.995633406836196e-05
3.9691,0.002317428204772474,7.73453505882087e-05
3.97174,0.003545996046059934,0.0001162573839740505
3.97439,0.003187555979467257,0.0001053346182452948
3.97703,0.002184061598224194,7.242788611803719e-05
3.97967,0.002513688471143171,8.342841651696621e-05
3.98232,0.002659281284683684,8.780245630361255e-05
3.98496,0.002831173834628191,9.346269321404726e-05
3.9876,0.002993832061598226,9.832793841753144e-05
3.99025,0.002740165163706993,9.051463428390483e-05
3.99289,0.003387435349611544,0.0001113891317775679
