0.0431807,12.87740554245283,0.1140009889606536
0.0458244,11.28411055771365,0.1023034121669499
0.0484682,9.89633328246393,0.09575826454746739
0.0511119,8.764643423973364,0.0896029111975964
0.0537556,7.888679071864596,0.08252127211507043
0.0563993,6.978775950332964,0.07670761461541248
0.059043,6.338684317425084,0.07064718462874198
0.0616867,5.63013675291343,0.06737522824863588
0.0643304,5.241792725443951,0.06360760653004703
0.0669742,4.881822219755827,0.06033905652338844
0.0696179,4.463307525665927,0.05760646557690737
0.0722616,4.129738782602664,0.05321845200729936
0.07490529999999999,3.728585187985572,0.05006168212200773
0.07754900000000001,3.47907428482242,0.04782199007392091
0.08019270000000001,3.260170629855716,0.045384886163639
0.08283649999999999,2.991009755826859,0.04348977729825606
0.08548020000000001,2.860557981409545,0.04207878398854996
0.08812390000000001,2.678116144561598,0.0420522538807787
0.0907676,2.517180894839067,0.04060250472813002
0.0934113,2.382008879716981,0.03962332283330956
0.096055,2.223777061598224,0.0382983877319437
0.0986987,2.124414876526082,0.03690666000772264
0.101342,1.999910244173141,0.03553385950463234
0.103986,1.90751605854606,0.03376589890555996
0.10663,1.806153019561598,0.03317210227657982
0.109274,1.73524568881798,0.0324690872199446
0.111917,1.625654030244173,0.03056356406388134
0.114561,1.564797918978913,0.02955206997989735
0.117205,1.485794073945616,0.02869095683293855
0.119848,1.422501099472808,0.02744128438931113
0.122492,1.358803614039956,0.02627198772125258
0.125136,1.31280817008879,0.02590119174603728
0.12778,1.271970876109878,0.0252922635678284
0.130423,1.228050110294118,0.02476538645823718
0.133067,1.165879172447281,0.02367332546303877
0.135711,1.099348233213097,0.02213227399717241
0.138354,1.094155242785794,0.022317928186787
0.140998,1.025486903440622,0.02108149169720825
0.143642,1.034004753745838,0.02117058443619732
0.146286,0.9914825964206437,0.02003689850226275
0.148929,0.9246561542730299,0.01905757357055786
0.151573,0.927915613901221,0.0193623847799398
0.154217,0.8659335058268591,0.01800101965692895
0.15686,0.8534060273307437,0.01787792251853599
0.159504,0.8318640274694783,0.01726855623995985
0.162148,0.810020435627081,0.0170113874279734
0.164792,0.7845716807713652,0.01661938961452227
0.167435,0.7619792480577137,0.0160059756407841
0.170079,0.7227318188124306,0.01529816137540155
0.172723,0.7128442716426193,0.01505446266434026
0.175366,0.6975651297169811,0.01486551868497075
0.17801,0.6555358892896781,0.01397431683933211
0.180654,0.6544344089900112,0.01387985998890271
0.183298,0.6350719291065484,0.01361563720642939
0.185941,0.6239351158435071,0.01327130263653448
0.188585,0.6002691301331853,0.01286304666423012
0.191229,0.5797948688956716,0.01244838879855129
0.193872,0.5764173134017759,0.01234732831075538
0.196516,0.5632031437291898,0.01210765696814936
0.19916,0.5371329605993341,0.01162619162743318
0.201804,0.5368610356548279,0.01175826817685047
0.204447,0.5301425964206438,0.01141599325111231
0.207091,0.4999402941176471,0.01079751148186569
0.209735,0.5086177649833518,0.01089110089682251
0.212378,0.5026379800221976,0.01080679355457558
0.215022,0.4781080563263041,0.01031141859458256
0.217666,0.4675482852386237,0.01019078618224978
0.22031,0.4667831229189789,0.0102440117213246
0.222953,0.4442388304661488,0.009644698638806409
0.225597,0.4330647044950056,0.009381488248873188
0.228241,0.4290801422031076,0.009369156890369039
0.230885,0.4223913471143174,0.009213690686963909
0.233528,0.4111687375138735,0.009061320870640295
0.236172,0.404234548418424,0.008858377222570572
0.238816,0.3990809995837958,0.008745466800658146
0.241459,0.3877654744728081,0.008463357413359735
0.244103,0.3889356284683685,0.008373100209468116
0.246747,0.3896153607103219,0.008443293316547284
0.249391,0.3709912832963375,0.008148518392768469
0.252034,0.3723120158157603,0.008180240008752931
0.254678,0.3585053523862376,0.00781744738210754
0.257322,0.3562557852386238,0.007771386377332503
0.259965,0.3343130743618202,0.007372082690124773
0.262609,0.3280624174528302,0.007255273154932237
0.265253,0.3280136820199778,0.00731510469852841
0.267897,0.3246191641231965,0.007131816275038023
0.27054,0.3180342036625972,0.007002384388371648
0.273184,0.318427406354051,0.006916603955302313
0.275828,0.318232807991121,0.006896093020490463
0.278471,0.3212450880965594,0.00702119499667405
0.281115,0.3017106721698114,0.006676305718107458
0.283759,0.2899323321309656,0.006479067644227595
0.286403,0.2817657019977803,0.006194064195447273
0.289046,0.2837318528024417,0.006279905197461879
0.29169,0.288047445199778,0.006303547240261761
0.294334,0.2793393000832409,0.006198519738445039
0.296977,0.2723423432297447,0.006063599611724095
0.299621,0.2741722454217536,0.006013793518268182
0.302265,0.2565103780521643,0.005726489183000289
0.304909,0.2610936605160932,0.005766589271410027
0.307552,0.2596096448390677,0.005772720867030217
0.310196,0.2525679127358491,0.005609677895573113
0.31284,0.242499753745838,0.005410938157432522
0.315483,0.2534538034128746,0.005579933850189396
0.318127,0.2527168591148724,0.005537017468677905
0.320771,0.2413063331021088,0.005324186421955169
0.323415,0.2406434121809101,0.005319912251506839
0.326058,0.2244707567980022,0.005020979647735059
0.328702,0.236205237236404,0.00526299061129477
0.331346,0.2275912002635961,0.005066299012088054
0.333989,0.2271301639844617,0.005016072125018194
0.336633,0.2272015892064373,0.004963672881959917
0.339277,0.2187248057713652,0.004817118639471615
0.341921,0.2162423661209767,0.004834631756551524
0.344564,0.2152322744866815,0.004775776386278684
0.347208,0.2063463491953386,0.004630823987016914
0.349852,0.2111209794672586,0.004670533548733541
0.352495,0.206685164608768,0.004592374455724657
0.355139,0.2063798848501665,0.004576437156330736
0.357783,0.2103929261237514,0.004642108180713514
0.360427,0.1943746995699223,0.00437110396172128
0.36307,0.19826299736404,0.004384257485667865
0.365714,0.1980846174389567,0.004395063085573808
0.368358,0.1924746723779135,0.004250646585961376
0.371001,0.1944133605715871,0.004299000979467433
0.373645,0.1941355480022198,0.004299711584119172
0.376289,0.189578288290788,0.004192823281213185
0.378933,0.186792537527747,0.004156658026689333
0.381576,0.1755920935072142,0.003912740227240898
0.38422,0.1857004311875694,0.004096594321773206
0.386864,0.1790889123196449,0.00396992272235272
0.389507,0.1838801707824639,0.004057033231342534
0.392151,0.1775122512486127,0.003980421675465006
0.394795,0.1758556402608213,0.003884550412459573
0.397439,0.1692693818673696,0.00378738446053022
0.400082,0.1699709912597114,0.003769175802743859
0.402726,0.1688823529411765,0.003764347313392519
0.40537,0.168825669672586,0.003755544890653102
0.408013,0.1641536195893452,0.003633169178260572
0.410657,0.1666818417036626,0.003708000417316123
0.413301,0.1561050555632631,0.003512580654910115
0.415945,0.1631115260127636,0.003634605693451171
0.418588,0.1603268259572697,0.003594539574356128
0.421232,0.1598125698529412,0.00357062956119736
0.423876,0.1577863501664817,0.003582363745082102
0.426519,0.1504863591842397,0.00349151687041165
0.429163,0.1530597456992231,0.003617254989597855
0.431807,0.151767418909545,0.003671985289500368
0.434451,0.151685385890677,0.003728061184530493
0.437094,0.1449744137763596,0.003695806382166162
0.439738,0.1425452740704773,0.003668750140301589
0.442382,0.1429091874306326,0.003737900531106133
0.445025,0.1439375554245283,0.003759968171969385
0.447669,0.1433588879716981,0.003773302016420807
0.450313,0.1470981684239734,0.003898994352842637
0.452957,0.1417288216564928,0.003755158793351217
0.4556,0.1313297332824639,0.00354200874273702
0.458244,0.1357527656770255,0.003567227440269839
0.460888,0.1352011671059934,0.003574415328824185
0.463531,0.1362293290788013,0.003631709477352161
0.466175,0.1364119187014429,0.003594316102670154
0.468819,0.1369030432158712,0.003670492290989045
0.471463,0.128049438054939,0.003425108888124054
0.474106,0.126331341218091,0.003455143823199096
0.47675,0.1312249852941176,0.003549018807850929
0.479394,0.1293758750693673,0.003522498577457821
0.482037,0.1248288454495006,0.003479152337311267
0.484681,0.1257911493479467,0.003340841013690489
0.487325,0.1215172968229745,0.00324611768937035
0.489969,0.1203831278440622,0.003156021726686877
0.492612,0.1236578788152053,0.003204219904800636
0.495256,0.118842497572142,0.003066922276447353
0.4979,0.1178412740011099,0.003012563445586443
0.500543,0.1136866458795783,0.002917265958755964
0.5031870000000001,0.11564309309101,0.002928741986363303
0.505831,0.1188838345588235,0.00298307411453441
0.508475,0.1180744852941177,0.002958699612721858
0.511118,0.1183595749861265,0.002919023039268957
0.5137620000000001,0.1142647502081021,0.002849715537894315
0.516406,0.1066955194228635,0.00269455196235461
0.519049,0.1135223761098779,0.002821755882545241
0.521693,0.107268539608768,0.002679722596595258
0.5243370000000001,0.1126738897058824,0.002766215825974145
0.526981,0.1089140483490566,0.002707149183466547
0.529624,0.1076818842952275,0.00264983002541055
0.532268,0.1135346664123197,0.002753046579316041
0.5349120000000001,0.1015366850027747,0.002526755242416954
0.537555,0.1049065421753607,0.002580703812908245
0.540199,0.1060483568257492,0.00260805625994487
0.542843,0.1046619653856826,0.002570731203917712
0.5454870000000001,0.1033753820061043,0.002541205792353158
0.54813,0.1059435767896781,0.002532093676653321
0.550774,0.1070047776775805,0.002574736502359339
0.553418,0.09663105507769146,0.002383158776322016
0.556061,0.1025251673140955,0.002480042205089819
0.558705,0.1039908104883463,0.002516846621323327
0.561349,0.1016414352802442,0.002423635100801235
0.563993,0.0986036657880133,0.002388779191452898
0.566636,0.1012389639289678,0.002417274999179733
0.56928,0.09919527823251943,0.002395615189296043
0.571924,0.09408280313540511,0.002300878205608458
0.574567,0.09434958442008878,0.002295684470294759
0.577211,0.0955074023307436,0.002307756232904126
0.579855,0.09585526664816872,0.002287973464552946
0.582499,0.09386204238346281,0.002273032457357167
0.5851420000000001,0.09637156007214207,0.002297987932319317
0.587786,0.09225217758046615,0.002247887443610761
0.59043,0.09240070504994452,0.002234021815418775
0.593073,0.08335847613762487,0.002050028652451138
0.5957170000000001,0.0926052267619312,0.002208511090966592
0.598361,0.08617417092119867,0.002107570356296221
0.601005,0.08865629009433963,0.002133183556961878
0.603648,0.09114945886514983,0.002163418209499284
0.6062920000000001,0.08608334309101,0.002076415167954556
0.608936,0.08545327108768036,0.002062247356458323
0.611579,0.08530314352108768,0.002042257031156978
0.614223,0.08549262798279689,0.00204358403663616
0.6168670000000001,0.08916081284683684,0.002099117230448591
0.619511,0.08409819714206437,0.002003515880621808
0.622154,0.08422969353496117,0.002010568031763841
0.624798,0.08450001609322974,0.002000645518411244
0.6274420000000001,0.08399022377913427,0.001981249357810069
0.630085,0.084677102663707,0.002003538538668141
0.632729,0.08024059191176472,0.001918693103885889
0.635373,0.08270317341842398,0.001955652172466091
0.6380169999999999,0.07874048369866814,0.001877298809345096
0.64066,0.07978221559378468,0.001905299652626908
0.643304,0.08193788061875693,0.001940250619270385
0.645948,0.07969966981132076,0.0018938483875317
0.6485919999999999,0.07834137964761377,0.001865782486280147
0.651235,0.07782487791342953,0.001870553201081968
0.653879,0.07799739768312987,0.001868339897653916
0.656523,0.07470803066037737,0.001803544740905741
0.659166,0.07678103544672586,0.001839082846195323
0.66181,0.07401261334628191,0.001769800542221151
0.664454,0.07508957713651498,0.001804270823405288
0.667098,0.07312666773029967,0.001777613792421577
0.669741,0.07528884988901222,0.001809699599687571
0.672385,0.07627033206159822,0.001813257476208279
0.675029,0.07076369970865705,0.00171106532517469
0.6776720000000001,0.07380443361542731,0.001755334195508576
0.680316,0.07091747384850167,0.001712713786549481
0.68296,0.07336568195061044,0.00173764235368753
0.685604,0.07063711348501665,0.00170616096576473
0.6882470000000001,0.07005430958657048,0.001684774567049096
0.690891,0.07387571233351832,0.001749221578377982
0.693535,0.06936872176748057,0.001665224109218414
0.696178,0.07052466946448391,0.001684077380929214
0.6988220000000001,0.07110058310210876,0.001698870345522031
0.701466,0.07063009045504993,0.001676259037588993
0.70411,0.06944162805216426,0.001665555824024877
0.706753,0.06709262368201999,0.001607502911295353
0.7093970000000001,0.07078368604328525,0.001673020252165752
0.712041,0.07062181985294116,0.001671884064849453
0.714684,0.06630298147891234,0.001591158996067142
0.717328,0.06727231985294119,0.001605565405196064
0.7199719999999999,0.0652833510682575,0.001572368152851148
0.722616,0.06613452719200888,0.001577125742350925
0.725259,0.06626059607380688,0.001581704358535784
0.727903,0.06595704918146504,0.001556718901976733
0.7305469999999999,0.06303099119034405,0.001528673278959627
0.73319,0.06273894485294118,0.001518350336034515
0.735834,0.06422338172863486,0.001530162284617688
0.738478,0.06327771746670366,0.00150828042958965
0.7411219999999999,0.06468313609877913,0.001534899485389305
0.743765,0.06402534739178692,0.001532299622348042
0.746409,0.06292413491953384,0.00148854849308717
0.749053,0.06394410183129856,0.001519340881901151
0.751696,0.05723531811875694,0.001393226535433522
0.75434,0.06256865468923417,0.001494140850967507
0.756984,0.060029190690899,0.001431333946536082
0.759628,0.06091488450332963,0.00145432250679407
0.762271,0.0601296191037736,0.001437430210045938
0.764915,0.05958507103218647,0.001419478723275203
0.767559,0.06062650991953384,0.001453464629211736
0.7702020000000001,0.05831566294395116,0.001395212473038839
0.772846,0.05607534156492786,0.001354135225601284
0.77549,0.05871754141231965,0.001409037302125612
0.778134,0.05791212943951166,0.001378418233375457
0.7807770000000001,0.0580547349472808,0.001390854429016956
0.783421,0.05849251373473918,0.001389008864658029
0.786065,0.05509690850443952,0.00133315910469807
0.788708,0.05664629467258601,0.001359983557966901
0.7913520000000001,0.05578276644006661,0.001332140962051359
0.793996,0.05750046039123197,0.001367582860962348
0.79664,0.05606244693396227,0.001335698472763372
0.799283,0.05465056152885683,0.001311270592129423
0.8019269999999999,0.05259982762208657,0.001275732842759837
0.804571,0.05110612895394007,0.001243118976054316
0.807214,0.0536873328246393,0.001292371534679885
0.809858,0.0555195951026637,0.001308171957190181
0.8125019999999999,0.05574723238068812,0.001330331666908821
0.815146,0.05528813727802442,0.001304828615886997
0.817789,0.05210768902608214,0.001253846557840019
0.820433,0.05628615607658157,0.001328346165767577
0.8230769999999999,0.05656851942286349,0.001320160399545565
0.82572,0.05327912035238624,0.001274102631825884
0.828364,0.05147885772752499,0.001233710088245172
0.831008,0.05402002025527193,0.001281788598998283
0.8336519999999999,0.04872944450610433,0.00117869275694117
0.836295,0.05355192889844617,0.001263945289672819
0.838939,0.05330068847114317,0.001263330853806962
0.841583,0.05207325832408435,0.001224948904686207
0.844226,0.05162159371531631,0.001238094171677085
0.84687,0.0466376322835738,0.001138966250524061
0.849514,0.05103559877913429,0.001212816462881446
0.852158,0.04884775783851276,0.001179902296594682
0.854801,0.04840490635405106,0.001149090639769573
0.857445,0.04778150256659267,0.001153964763699324
0.860089,0.04895785321864595,0.001162876182166169
0.8627320000000001,0.04911060640954495,0.001166659276621645
0.865376,0.0492170506381798,0.001207996705278966
0.86802,0.04774354890399556,0.001175953194280152
0.870664,0.04569999597669257,0.001156673694380617
0.8733070000000001,0.04789245407880133,0.001178858985166664
0.875951,0.04641452060210877,0.001173506018992301
0.878595,0.04721400603496115,0.00118761666464934
0.881238,0.04648601449778025,0.001169300484845317
0.8838819999999999,0.0478286699500555,0.0012113810364038
0.886526,0.04697904356270811,0.001170476140393352
0.88917,0.04399936057158712,0.001129236312452421
0.891813,0.04466784177302997,0.001142576005144409
0.8944569999999999,0.04644665302441732,0.001149596196734686
0.897101,0.04507475860155382,0.001114579653179366
0.899744,0.04471436133462819,0.001103337138569268
0.902388,0.04515914712819091,0.001106761301512578
0.9050319999999999,0.04325637756659267,0.001059606283518977
0.907676,0.04405167390399557,0.001075269639778175
0.910319,0.04642216398446172,0.001119008452817336
0.912963,0.04450993805493896,0.001083242218398914
0.9156069999999999,0.04275577379300777,0.001052716980419251
0.91825,0.04312561369311876,0.001042696439512811
0.920894,0.04272641120976693,0.001046851035061265
0.923538,0.04121369679522752,0.001015783928762224
0.9261819999999999,0.04169951741120977,0.00101587452842629
0.928825,0.04237619596281909,0.001039415795977499
0.931469,0.04311294339622642,0.001040211917588628
0.934113,0.04347918250554939,0.001056102171614452
0.936756,0.04224207623473919,0.001015902028946016
0.9394,0.04203124569922309,0.001016025081553336
0.942044,0.043062040163707,0.001027487024885798
0.944688,0.0421919856409545,0.001016258959808706
0.947331,0.03862129224472808,0.0009555007799280129
0.949975,0.04255276290233075,0.00101520139805437
0.952619,0.04010205507769145,0.0009756876256807121
0.9552619999999999,0.04019480577136515,0.0009764734212239584
0.957906,0.03983936216703663,0.0009687017840416755
0.96055,0.03892410661764707,0.0009572664159572114
0.963194,0.03990133331021087,0.0009520974594102341
0.9658369999999999,0.04119728607103219,0.0009907363553232542
0.968481,0.03811799875138736,0.0009296230938489656
0.971125,0.03828691544117647,0.0009274031403521685
0.973768,0.03871407040788014,0.0009332016945114245
0.9764119999999999,0.04000191280521643,0.0009483598882781394
0.979056,0.03913289754439511,0.0009416471199972091
0.9817,0.03832338575194229,0.0009222061960741397
0.984343,0.03802205473085461,0.0009114259934959581
0.9869869999999999,0.03716273848501665,0.0008930809101133036
0.989631,0.03828945407880133,0.0009251242936376272
0.992274,0.03702203523862375,0.0009263635706610082
0.994918,0.03756842376526083,0.0009340331107222735
0.9975619999999999,0.03605651054384018,0.0009160723973445279
1.00021,0.03678748709766926,0.0009368691843268662
1.00285,0.03685535960044396,0.000934616608051121
1.00549,0.04005086341564928,0.001012585959047009
1.00814,0.03824548917869034,0.0009722545244820945
1.01078,0.03537537278024418,0.000924333439389327
1.01342,0.03538932040788013,0.0009294895405372868
1.01607,0.03646810405105438,0.0009598957685309234
1.01871,0.0373346585044395,0.000969539184033316
1.02136,0.03870874819644839,0.001000312828577866
1.024,0.03687857130965594,0.0009745396098586462
1.02664,0.03800564629578247,0.0009972754531294046
1.02929,0.03490577975860155,0.0009413878358066128
1.03193,0.03583763145116538,0.0009567284847875841
1.03457,0.03557684538013318,0.0009499827236409365
1.03722,0.03555535509156492,0.00096063337523355
1.03986,0.03488068867924528,0.000938468953891066
1.04251,0.03462358122918979,0.0009410772908496326
1.04515,0.03495254883462819,0.0009310567327631973
1.04779,0.03489735578523862,0.0009215897814654203
1.05044,0.03481463374028857,0.0009109868884336777
1.05308,0.03304365815760266,0.0008618660388757037
1.05572,0.03439254231409546,0.0008933061800964954
1.05837,0.03366260731132076,0.0008641047947891983
1.06101,0.03335799139844617,0.0008671977886435424
1.06365,0.03408994311875694,0.000867839403320365
1.0663,0.03221730986403996,0.0008329037726889735
1.06894,0.03205473633462819,0.0008285830006932533
1.07159,0.03354538817980023,0.0008442676278335882
1.07423,0.03402632609600444,0.0008615684443946898
1.07687,0.03189594443673696,0.0008113150779055418
1.07952,0.03483254384017758,0.0008706384017432346
1.08216,0.03146696503884572,0.0008028478253330205
1.0848,0.03173756229189789,0.0007933521356916336
1.08745,0.03118945921198668,0.0007908397103384305
1.09009,0.03302209690621532,0.000819378478569633
1.09274,0.02917930917036627,0.0007516797405166408
1.09538,0.03207193680632631,0.0008028181721540398
1.09802,0.03000405507769146,0.000757274145554071
1.10067,0.02971597579078802,0.0007566630332349761
1.10331,0.03169327462541621,0.0007834955599677972
1.10595,0.02947161188956715,0.000746398361527984
1.1086,0.02986658407325194,0.00075087930774633
1.11124,0.03044071677302996,0.000761716672581602
1.11389,0.03035042230854606,0.0007622318566708921
1.11653,0.02897559322974472,0.0007219801431864831
1.11917,0.02977239123196448,0.0007480355880308348
1.12182,0.03068243673695894,0.0007579254312612689
1.12446,0.03006380348224196,0.0007513571166624767
1.1271,0.02821482373751387,0.0007109204649724364
1.12975,0.02941739400665926,0.0007294869058560563
1.13239,0.0284146115427303,0.0007143563996343265
1.13504,0.02842458067425083,0.0007113463640631252
1.13768,0.02968336036348502,0.0007349397508196729
1.14032,0.02802688214483907,0.0007055079758641334
1.14297,0.02948284919533851,0.0007315738353981946
1.14561,0.0282296297863485,0.0007135190210249349
1.14825,0.02914038949778024,0.0007164659167821556
1.1509,0.02668058469755827,0.0006746702657759207
1.15354,0.02611694991675916,0.000663098749164568
1.15618,0.02661441530244173,0.0006690141081428152
1.15883,0.02590356700887902,0.0006642803500662305
1.16147,0.02537942418146504,0.0006414037469825814
1.16412,0.02733334420088791,0.000687684944896418
1.16676,0.02736620456437292,0.0006759464794398294
1.1694,0.02813321649556048,0.0006965205879375261
1.17205,0.02539675055493896,0.0006410033912616843
1.17469,0.02676660307991121,0.0006659631429713973
1.17733,0.02450320047169811,0.0006247025917460028
1.17998,0.02747890954495006,0.0006735298145880171
1.18262,0.02525693548834629,0.0006364280451242341
1.18527,0.02380650353773585,0.0006053106415019915
1.18791,0.02485947960599334,0.0006276414928387496
1.19055,0.02604024597669256,0.0006504330928888279
1.1932,0.02541769832130965,0.0006307821032647015
1.19584,0.02570225235849057,0.0006413419056694013
1.19848,0.02715782339067703,0.0006625229573044885
1.20113,0.02484270033296338,0.0006237271828266857
1.20377,0.02583653003607103,0.0006395313328029761
1.20642,0.02518500437014429,0.0006274288647453205
1.20906,0.02604777490288568,0.0006450291932861089
1.2117,0.02592229203662598,0.0006340641235700728
1.21435,0.02374906943673696,0.0005968267824371821
1.21699,0.02424220151220865,0.0006033038556805971
1.21963,0.02573633053551609,0.0006326342641703484
1.22228,0.02467051248612653,0.0006146752544778894
1.22492,0.0236794297308546,0.0005895723650590998
1.22757,0.02504855431465039,0.0006175858084140487
1.23021,0.02191177337680355,0.0005534834148995206
1.23285,0.02404145914261931,0.0005955381152856532
1.2355,0.02329551859045505,0.0005830952226621217
1.23814,0.02518472738623752,0.0006160141277493631
1.24078,0.02342303648723641,0.0005863740669549044
1.24343,0.02192957588790233,0.0005545392260738673
1.24607,0.02279970824084351,0.0005683252110824565
1.24871,0.02449523890122087,0.0006001716525162801
1.25136,0.02356024424250833,0.00058043794004054
1.254,0.02346788956714761,0.0005807075831157681
1.25665,0.02075245837957825,0.0005270332073955761
1.25929,0.02164408788845727,0.0005454699014017565
1.26193,0.0209406929800222,0.0005252979498653489
1.26458,0.02446293708379578,0.0005932993523845322
1.26722,0.02381913720865704,0.0005836146922490604
1.26986,0.02154587992508325,0.0005391231020824455
1.27251,0.02051785072142064,0.0005198164342891272
1.27515,0.02024757394561599,0.0005104121831624873
1.2778,0.02097754328523863,0.0005271365337432878
1.28044,0.02083393285238624,0.0005187159899746485
1.28308,0.02127975561875694,0.0005290647876559901
1.28573,0.02014009045504995,0.0005103301170490883
1.28837,0.01925500326026637,0.0004851790907688155
1.29101,0.01983928135405106,0.0005057541420517901
1.29366,0.02212555688124307,0.0005413879948642704
1.2963,0.02191396177857935,0.000539186775605427
1.29895,0.02020237062985571,0.0005067294733755545
1.30159,0.02043453121531631,0.0005057845640401902
1.30423,0.02070038998335183,0.0005175661720945164
1.30688,0.01942369561598225,0.0004841800088365738
1.30952,0.01997314470033297,0.0004996531743485567
1.31216,0.01754732422308546,0.0004473617483465237
1.31481,0.02057013429522753,0.0005090228204226412
1.31745,0.0202366685627081,0.0005017043070362347
1.3201,0.01950937291897891,0.0004835572536513963
1.32274,0.01945535647891232,0.0004845180611141043
1.32538,0.02013436993618203,0.0004941383868425673
1.32803,0.02007449105160932,0.0004928616348415419
1.33067,0.01999499667036627,0.0004968069146472866
1.33331,0.01923005181742508,0.0004736169414749048
1.33596,0.0176933496809101,0.0004476748369621996
1.3386,0.01748778412874584,0.0004423168845847031
1.34124,0.01754681374861265,0.0004419967993188568
1.34389,0.01898606562153163,0.0004702999722118723
1.34653,0.01929887201720311,0.0004733657277449093
1.34918,0.01908374250832408,0.00047342707788616
1.35182,0.01980328260266371,0.0004827615789672315
1.35446,0.01778746927025527,0.0004468618976596742
1.35711,0.01762708414261931,0.0004423190399867313
1.35975,0.01907163762486127,0.0004710116644199549
1.36239,0.01566407401498335,0.0004033823143881288
1.36504,0.0173074012208657,0.0004314135480058241
1.36768,0.01780483226970034,0.0004454041410331816
1.37033,0.01920014442286349,0.0004718271012457202
1.37297,0.01750022551331853,0.0004385040694578817
1.37561,0.01865542237791343,0.0004655222150717041
1.37826,0.0199876188263041,0.0004826729505868614
1.3809,0.01798151366537181,0.0004489694056061179
1.38354,0.01746139282741399,0.000437469187255278
1.38619,0.01875720824084351,0.0004637337933756816
1.38883,0.01731028780521643,0.0004317603976426773
1.39148,0.01746299063540511,0.0004361930112786392
1.39412,0.01550689137069922,0.000397112628033612
1.39676,0.01699440940621532,0.0004232199266642645
1.39941,0.01667837305771365,0.0004186413667773643
1.40205,0.01662612839900111,0.0004162919066494661
1.40469,0.01680503940066593,0.0004251303128249004
1.40734,0.01409688991398446,0.0003640398962873412
1.40998,0.01559534309100999,0.0003944125346819624
1.41263,0.01565875409267481,0.0003943652786420345
1.41527,0.01518804626803552,0.000385611274691407
1.41791,0.01558132221143175,0.0003951823354743317
1.42056,0.0158667484045505,0.0004003307866856042
1.4232,0.01414541703662597,0.0003632623219839527
1.42584,0.01488978267203108,0.0003783018341620629
1.42849,0.01560637437569368,0.0003944217724589027
1.43113,0.0166891044672586,0.0004161926326169428
1.43377,0.01712082165649279,0.0004232408646085276
1.43642,0.01526458768035516,0.0003837865260283996
1.43906,0.01638429626803552,0.0004090567261638592
1.44171,0.01418964747502775,0.0003627301398484032
1.44435,0.01599982200332964,0.0003990309076501123
1.44699,0.01297533629300777,0.0003358160662032383
1.44964,0.0148793282463929,0.0003774609979799679
1.45228,0.01542688880410655,0.0003863416626154159
1.45492,0.01399552753884573,0.000356193490156833
1.45757,0.0159254689927858,0.0003948503385518444
1.46021,0.01379347579078801,0.0003520517149778446
1.46286,0.0161097983490566,0.0003989301698806228
1.4655,0.01579118902608213,0.0003934067733659204
1.46814,0.01320085613207547,0.0003375862841521925
1.47079,0.01553324833518313,0.0003884775403848379
1.47343,0.01372567196170922,0.0003482383628507743
1.47607,0.01309653620976692,0.0003377519992579079
1.47872,0.01163987326581576,0.000302498586028196
1.48136,0.0130041243063263,0.0003348480580189034
1.48401,0.01396935141509434,0.0003564767624605581
1.48665,0.01396149743340733,0.0003525866177968089
1.48929,0.01431092751109878,0.0003590706599033359
1.49194,0.01227614192563818,0.0003140603937736664
1.49458,0.01458592445893452,0.0003681872986548623
1.49722,0.01283857491675915,0.0003275195833532895
1.49987,0.01274202656770255,0.0003259959347745757
1.50251,0.01152256714761376,0.0003022378306004209
1.50516,0.0121625006936737,0.0003123041260344212
1.5078,0.01324381839622642,0.0003357385375285921
1.51044,0.01294325423140955,0.0003298755862556498
1.51309,0.01281849014983352,0.0003260376436973992
1.51573,0.01334369284128746,0.0003389436376725549
1.51837,0.01163447551331854,0.0002989257399701563
1.52102,0.01317219859877914,0.0003328440908062568
1.52366,0.01190828211709212,0.0003042251639768566
1.5263,0.0123050672863485,0.0003121416104082603
1.52895,0.01391918299112098,0.0003492569113362118
1.53159,0.01253837930077691,0.0003199055053944013
1.53424,0.01155746711986682,0.0003002961199733078
1.53688,0.0117020458518313,0.0003008274644464436
1.53952,0.01378415677025527,0.0003427914208979611
1.54217,0.01276220976692564,0.000320604324559433
1.54481,0.01325727157325194,0.0003327503640486618
1.54745,0.01133311015538291,0.0002941022839582578
1.5501,0.01061661688401776,0.00027987971652447
1.55274,0.01253311889567148,0.0003257293129335514
1.55539,0.01208793250554939,0.0003179204034826704
1.55803,0.01262686306881243,0.000331987285309489
1.56067,0.01339150804661487,0.0003518502252331134
1.56332,0.01096530070754717,0.000295533964996354
1.56596,0.01175282547169811,0.0003192078263821346
1.5686,0.01304330036071032,0.0003450822264998017
1.57125,0.009902762971698113,0.0002790144878289225
1.57389,0.01131763110432852,0.0003105474576498344
1.57654,0.01089860252497225,0.0003001782930628325
1.57918,0.01115489275804661,0.0003116537724315298
1.58182,0.01154248938679245,0.0003186797317661317
1.58447,0.01174730181742508,0.0003258779047592352
1.58711,0.01058543215871254,0.0002966172576950974
1.58975,0.01179443715316315,0.0003263827983781846
1.5924,0.01055442140677025,0.0003028682174572184
1.59504,0.01134962160099889,0.0003162512558582318
1.59769,0.01128233053551609,0.0003190561341870217
1.60033,0.01083045074916759,0.0003066603501104649
1.60297,0.01165741939511654,0.0003265730169847142
1.60562,0.01157351387347392,0.0003243035182203604
1.60826,0.01128116308268591,0.0003102312665577906
1.6109,0.01059663283851276,0.0002941126768400846
1.61355,0.01138836730022198,0.0003079513669287023
1.61619,0.01046413609877913,0.0002865594288207511
1.61883,0.01074895109600444,0.0002930634205578401
1.62148,0.009367719339622641,0.0002576600196973879
1.62412,0.009245404619866815,0.0002571608840375119
1.62677,0.01174459607380688,0.0003101517886549208
1.62941,0.01144854377081021,0.0003068406116629762
1.63205,0.01116364178690344,0.0002972843754776769
1.6347,0.01080975020810211,0.000288724846198906
1.63734,0.01101182713651498,0.0002938142729629502
1.63998,0.01072283220033297,0.0002867333718672164
1.64263,0.01141705917036626,0.0003009464320836341
1.64527,0.009485858698668147,0.0002554723865441289
1.64792,0.009298072766370701,0.0002527935551202867
1.65056,0.009814151012763598,0.0002642554291050313
1.6532,0.01014250284406216,0.0002706026030177737
1.65585,0.008305174736403994,0.000228927677736101
1.65849,0.009453403509988903,0.0002528143260798144
1.66113,0.008162267064372918,0.0002240129172099974
1.66378,0.008960156978357382,0.0002435015415796227
1.66642,0.009118133948390677,0.0002470687883572566
1.66907,0.009525339206437295,0.0002578568823837411
1.67171,0.008291881798002221,0.0002258137231297571
1.67435,0.009331120837957825,0.0002512073756909246
1.677,0.009489688401775803,0.0002540074273885999
1.67964,0.01126195276082131,0.0002931854472425853
1.68228,0.007979025041620421,0.0002179241295601434
1.68493,0.01038058996947836,0.0002733396954015565
1.68757,0.009672083448945617,0.0002572544802098866
1.69022,0.009594450124861265,0.0002542017049155317
1.69286,0.008409142133740289,0.0002273987716182675
1.6955,0.009512565899001109,0.0002544460535668578
1.69815,0.0101489192563818,0.0002676697791768849
1.70079,0.01065539920921199,0.0002807342314223768
1.70343,0.008730175638179799,0.0002325999738790843
1.70608,0.007594550776914543,0.0002070546984582316
1.70872,0.008817203523862375,0.0002346957164000729
1.71137,0.009566266440066593,0.0002531787534526167
1.71401,0.01043913887347392,0.0002729227239383574
1.71665,0.008116750138734741,0.0002195554600700827
1.7193,0.009874126040510543,0.000260372595976737
1.72194,0.009564105507769148,0.0002518595400159182
1.72458,0.008954122849611541,0.0002385597580884792
1.72723,0.008020563471143173,0.0002155940254580646
1.72987,0.008253946448390677,0.00022150946428398
1.73251,0.008153257075471702,0.0002204373389108788
1.73516,0.007924612583240847,0.0002117119515335123
1.7378,0.008686931811875694,0.000231347314026426
1.74045,0.007310491190344065,0.000198021953397655
1.74309,0.009924706506659269,0.0002589920707300627
1.74573,0.00796615559100999,0.0002141823950877242
1.74838,0.007749000208102112,0.0002069744930798487
1.75102,0.008949633879023308,0.0002385063730586286
1.75366,0.009480165649278581,0.0002461060730065886
1.75631,0.008226476970033297,0.000218674110903096
1.75895,0.009147146295782463,0.0002411925650573392
1.7616,0.008682204772475026,0.0002293347715353788
1.76424,0.00794434024694784,0.0002132884504853642
1.76688,0.00903055438401776,0.0002351351801934609
1.76953,0.00764816204217536,0.000205385668280584
1.77217,0.006882285516093233,0.0001874206167500313
1.77481,0.009730952830188681,0.0002531355114842564
1.77746,0.00858279730854606,0.0002277930975537574
1.7801,0.008126050846281912,0.0002145211727600176
1.78275,0.007051678343507213,0.0001909991022544668
1.78539,0.008253188748612653,0.0002162850100660346
1.78803,0.008629955535516093,0.0002257848637428103
1.79068,0.007243696864594894,0.0001954140049364379
1.79332,0.007836810973917868,0.0002064578382378668
1.79596,0.00822034669811321,0.0002191297650636171
1.79861,0.007339835460599336,0.0001948023722103601
1.80125,0.007468898515538292,0.000199509898636048
1.8039,0.007949566315205327,0.000211048635349221
1.80654,0.007039381173695894,0.0001886195878033325
1.80918,0.007175936528856827,0.000193817501420848
1.81183,0.007117229675360711,0.0001910972589593846
1.81447,0.00713409822419534,0.0001914790547684674
1.81711,0.007810451720310763,0.0002067366718870569
1.81976,0.007556821448390677,0.0002004876715452041
1.8224,0.006109820893451723,0.0001678237331172347
1.82504,0.008064061390122085,0.0002128684736979613
1.82769,0.007550844547724752,0.0002027057148579694
1.83033,0.007354614039955602,0.0001965377683857238
1.83298,0.00708011841009989,0.0001897511241324379
1.83562,0.007335115288568259,0.0001971394410383393
1.83826,0.008625851137624863,0.0002281904596188472
1.84091,0.007359045782463931,0.0001987575673911697
1.84355,0.008004894422863484,0.0002129683145535667
1.84619,0.005860130202552719,0.0001617245240768081
1.84884,0.007667866814650389,0.0002031116801840336
1.85148,0.007971301539955606,0.0002129898551007058
1.85413,0.007594397405660374,0.0002045665580570407
1.85677,0.006517850235849057,0.0001765861178676399
1.85941,0.006942720657602664,0.0001886403227797489
1.86206,0.007195774070477252,0.0001923777028376387
1.8647,0.006380507422308547,0.0001748114947601398
1.86734,0.006762772683129854,0.0001834854922867062
1.86999,0.006555813054938955,0.0001776806128707629
1.87263,0.007032158990011098,0.0001918515375225919
1.87528,0.007134361473362927,0.0001921921938441971
1.87792,0.007664167591564928,0.0002056047141352244
1.88056,0.006710296822974473,0.0001825335770802162
1.88321,0.006482448945615982,0.0001761253935984382
1.88585,0.006086348224195339,0.000168767887012941
1.88849,0.006205467327968925,0.000168797854640472
1.89114,0.005749897475027744,0.0001594426166813763
1.89378,0.006006695893451719,0.0001640320088425274
1.89643,0.007305830535516093,0.0001969459561529736
1.89907,0.005753669950055494,0.0001596984948751079
1.90171,0.006465060765815761,0.000174983520612257
1.90436,0.006646984253607104,0.0001810647858587653
1.907,0.005891557574916757,0.000161518422384576
1.90964,0.005729773793007768,0.0001589308894562821
1.91229,0.00587644249445061,0.0001623719772692994
1.91493,0.005698758462819088,0.0001571001545142465
1.91757,0.006579068257491678,0.0001787064546112966
1.92022,0.007553060418978912,0.0002032069606251627
1.92286,0.005254290857380688,0.0001471589741247209
1.92551,0.006222306118201998,0.0001691064669016972
1.92815,0.006961761584350719,0.0001875809333921209
1.93079,0.006573844478357379,0.0001803347969587341
1.93344,0.007955092258601554,0.000210834414703608
1.93608,0.006007300221975585,0.0001649107947676793
1.93872,0.00636110023584906,0.000173499973674553
1.94137,0.00571811528856826,0.0001595034585237275
1.94401,0.005551973016093232,0.0001541305718012226
1.94666,0.007128251803551611,0.0001918044116787341
1.9493,0.006041627913429523,0.0001664287480127034
1.95194,0.005508532325194226,0.0001520769989319454
1.95459,0.005714608351831299,0.0001578075099055346
1.95723,0.004910398168701439,0.0001381041892500559
1.95987,0.006192394145394009,0.0001691657510831026
1.96252,0.004981090871254162,0.0001402876087476009
1.96516,0.005653685627081022,0.0001556981218761154
1.96781,0.00514957033851276,0.0001434561620180018
1.97045,0.005413455882352943,0.000150080815638322
1.97309,0.00633912465316315,0.0001735116216913988
1.97574,0.006538383670921198,0.0001786716533882525
1.97838,0.007836167730299669,0.0002086834524164482
1.98102,0.005953830882352943,0.000164707432481509
1.98367,0.005456864525527193,0.0001507700423815227
1.98631,0.005392350166481686,0.0001496025114262087
1.98896,0.005231646850721421,0.0001458359711644346
1.9916,0.006703145602108768,0.000181892176529096
1.99424,0.00404502719200888,0.0001140422921719014
1.99689,0.00490680882352941,0.0001364463171839649
1.99953,0.00427095907325194,0.0001201815111323251
2.00217,0.005558856409544952,0.0001530134949625339
2.00482,0.005194377635960042,0.0001439637614265757
2.00746,0.006291730646503883,0.0001708688577586326
2.0101,0.005952684031631521,0.0001614718845627582
2.01275,0.007203369381243065,0.0001929376596219989
2.01539,0.007386174181465041,0.0001952486962075072
2.01804,0.00513499320199778,0.0001431667477554763
2.02068,0.005352386653718089,0.0001477365594798893
2.02332,0.004857427857935625,0.0001346237508104083
2.02597,0.006076264636514982,0.000165509855857159
2.02861,0.004941390607658156,0.000136101727782709
2.03125,0.006244780729744731,0.0001695529241180174
2.0339,0.004479230369034404,0.0001250015846718621
2.03654,0.004463563609877913,0.0001254761784411814
2.03919,0.004716291967258602,0.0001311011805649594
2.04183,0.006202377011653718,0.0001672921204638143
2.04447,0.004862534891786906,0.0001350402889483289
2.04712,0.006283066315205327,0.0001695988175263342
2.04976,0.004994848501664818,0.0001382438097563773
2.0524,0.004483971143174248,0.0001254602348129224
2.05505,0.005479776359600444,0.0001501281159276128
2.05769,0.00441459468645949,0.000123677215131668
2.06034,0.00472550339900111,0.0001301510973335132
2.06298,0.004946163429522753,0.0001371751734981871
2.06562,0.004717214483906768,0.000130427418785362
2.06827,0.004623429106548279,0.0001281743669684254
2.07091,0.00480764171753607,0.0001337026004426306
2.07355,0.005615990635405108,0.0001527051937364142
2.0762,0.005240720935072141,0.0001443138077419534
2.07884,0.005321314095449501,0.000145511338113263
2.08149,0.006216429938956717,0.000167813556322091
2.08413,0.005440671268035516,0.000149980479541385
2.08677,0.004955319922308547,0.0001358058106669573
2.08942,0.005280288429522753,0.0001464601273445138
2.09206,0.004719329633740287,0.0001311009252529611
2.0947,0.004220190899001107,0.0001184804678874032
2.09735,0.005378448321309654,0.0001477422464293977
2.09999,0.004485534614317425,0.0001251927164454962
2.10263,0.00439328066037736,0.0001241240603697912
2.10528,0.005302019076026637,0.0001441837287387638
2.10792,0.004940266648168703,0.0001375482547182461
2.11057,0.004807911834073252,0.0001345524753185479
2.11321,0.004943839969478355,0.0001411349531365962
2.11585,0.005471219617092122,0.0001572640214681158
2.1185,0.00513380743618202,0.0001465206151392361
2.12114,0.005385022683129853,0.0001568540230082295
2.12378,0.00552733289400666,0.0001578464133393473
2.12643,0.004772762347391783,0.0001400532234848912
2.12907,0.005675143867924528,0.0001665132794547323
2.13172,0.004445715316315209,0.000133004053127985
2.13436,0.004349533226970032,0.0001317250743292753
2.137,0.005804257283573808,0.0001704953042441627
2.13965,0.004465488762486126,0.0001356480329586222
2.14229,0.004668133393451721,0.0001410096005656297
2.14493,0.005452609045504994,0.0001639502954064682
2.14758,0.004424144908435073,0.0001364825212653559
2.15022,0.006540146295782464,0.0001921534774815934
2.15287,0.005716004716981133,0.0001728778534863611
2.15551,0.003555896503884571,0.0001112726496872061
2.15815,0.005726582755271923,0.0001734595548499572
2.1608,0.003969570824084352,0.0001241358320616317
2.16344,0.004932382907880133,0.0001506391284059918
2.16608,0.003993341079356268,0.0001242431985489262
2.16873,0.004999223016093231,0.000150574513988565
2.17137,0.004759581576026634,0.000142185025867355
2.17402,0.003804472391786902,0.0001147372973338166
2.17666,0.005098694575471698,0.0001507014066033117
2.1793,0.004762211778579356,0.00014052062732056
2.18195,0.003657783088235296,0.0001096646904553067
2.18459,0.004486173279689231,0.0001322443214913297
2.18723,0.00452872579078801,0.0001334733351946125
2.18988,0.004824047863485018,0.0001407965698634955
2.19252,0.004427214622641512,0.0001296925861830613
2.19516,0.004801536625971143,0.0001392899865680306
2.19781,0.004045102733074362,0.000119787140207028
2.20045,0.004761362513873475,0.0001379887827969137
2.2031,0.003925642549944507,0.0001159538135734756
2.20574,0.0036809810627081,0.0001087742318615254
2.20838,0.004806943534961152,0.0001394536420920054
2.21103,0.004739588374028857,0.0001378135945321413
2.21367,0.004229155105438402,0.0001244080808821698
2.21631,0.003351779966703661,0.0001001182220949885
2.21896,0.004068763110432851,0.0001188446102287442
2.2216,0.004332273238068814,0.000125520098904057
2.22425,0.003714248890122087,0.0001095741837660823
2.22689,0.005526394353496116,0.000157722207232807
2.22953,0.003280151012763596,9.6795192312031e-05
2.23218,0.003432883601553833,0.0001025555714165875
2.23482,0.004009287111542733,0.0001172359653062217
2.23746,0.004789640052719201,0.0001398860725916708
2.24011,0.005060562361265262,0.0001454744716431036
2.24275,0.005190747086570477,0.0001503353953417044
2.2454,0.003467952968923421,0.0001028851359531812
2.24804,0.003842162805216429,0.0001138014240044844
2.25068,0.004240495421753607,0.0001246073600855828
2.25333,0.00411652566592675,0.0001204691096499267
2.25597,0.005120226068257494,0.0001481044826010744
2.25861,0.004952552372364043,0.0001434365121704149
2.26126,0.004434887763596004,0.0001299814448181861
2.2639,0.003942295921198668,0.0001160386445934289
2.26655,0.00434492064372919,0.0001274561683329645
2.26919,0.004098178343507213,0.0001221552638022328
2.27183,0.00434207068534961,0.0001266725381494104
2.27448,0.005151195615982245,0.0001485149568280483
2.27712,0.004153256936736962,0.0001216330525237593
2.27976,0.003286278995560488,9.96507594678463e-05
2.28241,0.005515289816870144,0.0001592472517800524
2.28505,0.005400911487236403,0.0001550330741646186
2.28769,0.003976142896781358,0.0001171833064791069
2.29034,0.004382368410099891,0.0001270223434704788
2.29298,0.004176731895116538,0.0001232024136831158
2.29563,0.004233927927302995,0.000123720576802749
2.29827,0.003706250693673696,0.000109759257465611
2.30091,0.00282958976137625,8.670119579929759e-05
2.30356,0.004008103634850165,0.000116987689449293
2.3062,0.005270188817980022,0.0001527996397248061
2.30884,0.002674991537180912,8.068525769767359e-05
2.31149,0.004691292452830189,0.0001379530851978082
2.31413,0.004888074639289679,0.0001422504628514893
2.31678,0.004661414816870145,0.0001365235654466142
2.31942,0.004632901498335184,0.0001359408655247381
2.32206,0.004124718437846838,0.0001203566152471544
2.32471,0.003360535862930078,0.0001009871524219593
2.32735,0.00418340240011099,0.0001238369400414833
2.32999,0.005569638179800221,0.0001600077937063023
2.33264,0.003510246809100999,0.0001065001854450262
2.33528,0.003258827830188679,9.639148511038022e-05
2.33793,0.003994169741953385,0.0001188096969634323
2.34057,0.003898834628190901,0.0001151371417434979
2.34321,0.002466701928412872,7.511790743851504e-05
2.34586,0.003937612375138734,0.0001180314523493963
2.3485,0.003450557921753606,0.0001030248814459987
2.35114,0.003538233629300778,0.0001055239497373622
2.35379,0.003448367230854603,0.000102495113632677
2.35643,0.00364872502774695,0.0001080778943851438
2.35908,0.00424999986126526,0.0001261244247421258
2.36172,0.00285950860155383,8.644896784885292e-05
2.36436,0.003200409406215319,9.604284468153592e-05
2.36701,0.003763890815760266,0.0001110727848823787
2.36965,0.003171854883462821,9.498802088291952e-05
2.37229,0.005773200749167594,0.0001655627868445165
2.37494,0.005287860849056601,0.000152787561143203
2.37758,0.004240243618201996,0.0001264941441604527
2.38022,0.003551428135405105,0.0001048506031274092
2.38287,0.004976379855715874,0.0001462717030630353
2.38551,0.003654271573251941,0.0001075197074210188
2.38816,0.004000691453940071,0.0001188138147621597
2.3908,0.003414410377358491,0.000102598180509344
2.39344,0.004879817771920089,0.0001423475010150611
2.39609,0.003758708240843509,0.0001121537686992226
2.39873,0.004194827413984464,0.0001230435656708539
2.40137,0.004004383809655936,0.0001187001125155484
2.40402,0.004169518867924525,0.0001213183613468624
2.40666,0.003348962056048834,0.0001002510549636327
2.40931,0.004305703385127637,0.000126987515598194
2.41195,0.004971515468923416,0.0001436149387275501
2.41459,0.004144443812430634,0.0001228213945091048
2.41724,0.003241510613207545,9.665178988343727e-05
2.41988,0.003725048973362933,0.0001109127256392117
2.42252,0.00405397995283019,0.0001202860268023638
2.42517,0.00456965073529412,0.0001327930507744326
2.42781,0.004513079633740291,0.0001329824322296883
2.43046,0.003881817286348501,0.0001146848760726851
2.4331,0.004656820546614874,0.0001362727404042123
2.43574,0.004011239733629301,0.0001186014729182395
2.43839,0.003334929730854607,0.0001004112338758108
2.44103,0.001440467397336292,4.482000934779583e-05
2.44367,0.003874398238068812,0.0001146844272205722
2.44632,0.003843852178135407,0.000114283247123416
2.44896,0.002300706159822419,7.0158961709609e-05
2.45161,0.00319703066037736,9.583814729991921e-05
2.45425,0.004263631589900114,0.0001262813210457398
2.45689,0.004281752289123195,0.0001251488606311354
2.45954,0.00327674708657048,9.889896292813064e-05
2.46218,0.003369852594339623,0.0001011893622073101
2.46482,0.002280186459489456,6.926497007837563e-05
2.46747,0.003162812846836848,9.479036111992374e-05
2.47011,0.003879480091564926,0.0001159749293284595
2.47275,0.004444394492230855,0.0001318119543713946
2.4754,0.003490542036625971,0.0001037047044896044
2.47804,0.003281556534406215,9.859990830292401e-05
2.48069,0.004601167383462817,0.0001351046726246017
2.48333,0.004478296406770254,0.000132662648213567
2.48597,0.004227623682019978,0.0001255169200124804
2.48862,0.004734788082685905,0.0001380876549439181
2.49126,0.003172555355160931,9.642566833447754e-05
2.4939,0.004356153371254161,0.0001278101031200947
2.49655,0.003393153579356271,0.0001023121780155601
2.49919,0.004133343854051051,0.000122138377381396
2.50184,0.003827043146503888,0.0001138066945090625
2.50448,0.002604726900665925,7.966274048100229e-05
2.50712,0.004270201373473919,0.0001269516154957543
2.50977,0.002597710738068814,7.908598286870894e-05
2.51241,0.003059257491675914,9.218269372392519e-05
2.51505,0.003541971767480578,0.0001065462448787309
2.5177,0.003362174875138736,0.0001018018341647708
2.52034,0.003699886931187571,0.0001101484516747049
2.52299,0.003783861126526082,0.0001134513447686538
2.52563,0.002819586293007769,8.584116181659434e-05
2.52827,0.002853625554938959,8.697042382016882e-05
2.53092,0.003926043146503887,0.0001168510781793726
2.53356,0.003682274417314099,0.000109556253904957
2.5362,0.003369220796337403,0.0001019478590812087
2.53885,0.002642444783573807,8.068175138562906e-05
2.54149,0.002746316037735849,8.381144211384224e-05
2.54414,0.002875179938956715,8.774503540185095e-05
2.54678,0.003231983282463931,9.787377683722191e-05
2.54942,0.002764503121531631,8.435123237000574e-05
2.55207,0.003194070824084349,9.66110810096515e-05
2.55471,0.003932981478912321,0.0001172306487062872
2.55735,0.003275055424528305,9.925735665624718e-05
2.56,0.00339988360155383,0.0001031786087251799
2.56264,0.003933990982241955,0.0001186772383237115
2.56529,0.00363235779689234,0.0001082794909143034
2.56793,0.004378444852941178,0.0001300237651941324
2.57057,0.003196057783018871,9.646500314588179e-05
2.57322,0.002779975305216426,8.514487074369374e-05
2.57586,0.003394666689789123,0.0001021353340439167
2.5785,0.003489289886237517,0.0001049391256188614
2.58115,0.003747695269145393,0.0001134990593546426
2.58379,0.003102661556603774,9.437612612581867e-05
2.58643,0.004209837194783573,0.0001253133756128976
2.58908,0.002851098362930077,8.698221674378038e-05
2.59172,0.002359804453385129,7.274323866938384e-05
2.59437,0.002660760058268591,8.195551140191442e-05
2.59701,0.00309488311598224,9.373344205687753e-05
2.59965,0.00370331603773585,0.0001110759047173405
2.6023,0.00267098328246393,8.193497968852892e-05
2.60494,0.005490999930632628,0.0001606132620136697
2.60758,0.002430265954495005,7.589978546589971e-05
2.61023,0.002761660030521642,8.478943431665213e-05
2.61287,0.002255875971143175,7.006362101555545e-05
2.61552,0.003637377844062154,0.0001101932090353693
2.61816,0.002865796822974473,8.765495210468138e-05
2.6208,0.003591421406770258,0.0001080981053284035
2.62345,0.004600952205882353,0.0001366383320726286
2.62609,0.003335893451720312,0.0001016140144188962
2.62873,0.003169494797447281,9.674355240714962e-05
2.63138,0.003770616259711432,0.000113577222066833
2.63402,0.003923751734184243,0.0001179415132474516
2.63667,0.003583935973917871,0.000108542749770477
2.63931,0.003825786417869036,0.0001161725661208861
2.64195,0.002498827483351832,7.726102829784056e-05
2.6446,0.002812158088235297,8.571443551276244e-05
2.64724,0.001997443118756937,6.208305354475124e-05
2.64988,0.002877244728079911,8.881187011459709e-05
2.65253,0.004029245976692564,0.0001216816746974532
2.65517,0.003371487028301886,0.0001025128570592034
2.65782,0.002938529134295226,9.004528734064018e-05
2.66046,0.003518956922863486,0.000106838830676568
2.6631,0.00299897114317425,9.172789015582885e-05
2.66575,0.003486259087125418,0.00010507095807303
2.66839,0.002583403718091007,8.038425732373123e-05
2.67103,0.003098554869589346,9.689859154368453e-05
2.67368,0.003727164123196449,0.0001169300653152188
2.67632,0.003130916204217534,0.0001008974313020033
2.67896,0.003079198043840178,9.869180975717534e-05
2.68161,0.003402081159822418,0.0001109346675308014
2.68425,0.002036138457269697,6.885545795033907e-05
2.6869,0.002934722322419535,9.716563619720288e-05
2.68954,0.003910570962819089,0.0001276724912613616
2.69218,0.002377421545504991,8.010477279992216e-05
2.69483,0.004269001872918982,0.0001411542321727583
2.69747,0.004349011306881244,0.0001436045270654938
2.70011,0.004918210946170924,0.0001587393924388565
2.70276,0.002421111750832412,8.429250247766348e-05
2.7054,0.004094030452275249,0.0001367161758572775
2.70805,0.003879773099334073,0.0001317446355235363
2.71069,0.00259150034683685,8.935374417720525e-05
2.71333,0.003881581506659269,0.0001324946489575074
2.71598,0.003856845241398446,0.0001331481373499218
2.71862,0.002895550846281908,0.0001022956879224423
2.72126,0.004265373612652609,0.0001470132243300735
2.72391,0.002917430285793559,0.0001027595848511224
2.72655,0.003468021642619312,0.0001190181610960829
2.7292,0.004211469339622641,0.0001406372679365394
2.73184,0.00300142737236404,0.0001011562368585761
2.73448,0.003290463512763595,0.0001097650353912741
2.73713,0.003430324361820202,0.000112175748109612
2.73977,0.003029199014983351,0.0001010617219028567
2.74241,0.004019107450055494,0.000130184352310488
2.74506,0.003743144492230854,0.0001205301452017793
2.7477,0.001621907880133186,5.480277552381627e-05
2.75035,0.002690257699778026,8.782423847990015e-05
2.75299,0.003351610571587127,0.0001091175284915293
2.75563,0.001559984808546062,5.17098257302342e-05
2.75828,0.001790836015538292,5.915486404368434e-05
2.76092,0.004508451026637066,0.0001431731663821772
2.76356,0.003266372780244173,0.0001047199070196604
2.76621,0.003354048487791342,0.0001073384669821503
2.76885,0.002475940829633742,8.101021364256295e-05
2.77149,0.002300072072697007,7.512829423439934e-05
2.77414,0.002830594686459488,9.161390783620089e-05
2.77678,0.002262404550499444,7.343820073261088e-05
2.77943,0.002538257630410657,8.194263116110027e-05
2.78207,0.00252807561043285,8.211668781984787e-05
2.78471,0.004935926470588237,0.0001538832834582371
2.78736,0.003172246323529415,0.0001016272216406242
2.79,0.003871903093784683,0.0001212684617371994
2.79264,0.003929499722530521,0.0001238682803950117
2.79529,0.003594953523862377,0.0001137996159863354
2.79793,0.002979616606548279,9.512971695416368e-05
2.80058,0.002734804037180909,8.7045820150512e-05
2.80322,0.003816913776359597,0.0001206899342021068
2.80586,0.003186628884572698,0.0001019423459781456
2.80851,0.002512624028856823,8.070184200018656e-05
2.81115,0.003563134711431745,0.0001117131962872542
2.81379,0.003193919741953385,0.0001011164874263609
2.81644,0.002899797169811319,9.295648576526164e-05
2.81908,0.002778489664261932,8.87272225763001e-05
2.82173,0.0021948227663707,7.086811933143198e-05
2.82437,0.002768039816870144,8.792155982768211e-05
2.82701,0.004044134433962267,0.0001254035602423288
2.82966,0.002782710807436185,8.910710783149013e-05
2.8323,0.003241645671476138,0.0001016179311604142
2.83494,0.002561375485571589,8.178680302642874e-05
2.83759,0.003657126109877915,0.0001134186091752226
2.84023,0.002734131034961154,8.700946747458127e-05
2.84288,0.002562591009988901,8.245900179424257e-05
2.84552,0.00283161105715871,8.877147093580048e-05
2.84816,0.003684286556603775,0.0001160996217035632
2.85081,0.002979575402330743,9.442876207926066e-05
2.85345,0.003045543354605995,9.619332605827091e-05
2.85609,0.002906231895116539,9.19460789545756e-05
2.85874,0.003169989248057714,9.982162548199056e-05
2.86138,0.004386204980577137,0.0001360180863929595
2.86402,0.003063963928967812,9.705388624013959e-05
2.86667,0.003378143798557161,0.000106279666068836
2.86931,0.004311497155937846,0.0001330282301177032
2.87196,0.003752589414539401,0.0001163017209305328
2.8746,0.002530041967258603,8.154283733666413e-05
2.87724,0.004559255826859046,0.0001404404337847879
2.87989,0.004859991675915649,0.0001489636851826245
2.88253,0.001845136306881243,5.983770096211334e-05
2.88517,0.003609242230854604,0.0001137871547683714
2.88782,0.002525234808546061,8.121159233335801e-05
2.89046,0.003261098640399555,0.0001017350111868695
2.89311,0.002385492993895672,7.69487955363931e-05
2.89575,0.001017377913429524,3.365100125530863e-05
2.89839,0.002579924250832409,8.169495460260871e-05
2.90104,0.004362102802441735,0.0001351148618455893
2.90368,0.003877962402885684,0.0001196817758160021
2.90632,0.003788295158157603,0.0001181041435724904
2.90897,0.002630859531076583,8.438919993987112e-05
2.91161,0.005046674250832408,0.0001538166981645172
2.91426,0.002671583032741397,8.461950383239354e-05
2.9169,0.001577782741398447,5.172764529974066e-05
2.91954,0.004141605299667039,0.0001287105554663471
2.92219,0.002695673765260823,8.466296451654524e-05
2.92483,0.002930203593229745,9.275872711668783e-05
2.92747,0.003495497988346283,0.00010912647714246
2.93012,0.004003992369589343,0.0001253099247237139
2.93276,0.003601005965593787,0.0001124941927900489
2.93541,0.002430433060488346,7.699884948938915e-05
2.93805,0.003178074431187568,9.97002783021733e-05
2.94069,0.003192743132630412,0.000100001071984138
2.94334,0.003089769214761377,9.819108007689734e-05
2.94598,0.003221043562708103,0.0001001055692231925
2.94862,0.00350327413984462,0.0001100950403870835
2.95127,0.002580343160377357,8.250432005694958e-05
2.95391,0.003186793701442843,0.0001001082380476489
2.95655,0.002802655937846836,8.857212346628028e-05
2.9592,0.002919637000554936,9.109842874077274e-05
2.96184,0.002226952899556046,7.165985522644206e-05
2.96449,0.003442108768035517,0.0001089232114372997
2.96713,0.002895869034406217,9.157631864315208e-05
2.96977,0.004433727178135406,0.00013676346085339
2.97242,0.002089726831298558,6.709877453205976e-05
2.97506,0.003742057158712545,0.0001177115980997525
2.9777,0.004174795296892343,0.0001288900616549188
2.98035,0.003082128121531629,9.692781389258725e-05
2.98299,0.003193512278024418,0.0001010804067142104
2.98564,0.002986500000000003,9.402284276899019e-05
2.98828,0.002919277608213095,9.251190108708011e-05
2.99092,0.002252771920088788,7.179281976144074e-05
2.99357,0.003368318881798002,0.0001057464505473984
2.99621,0.003846443465593785,0.0001201694040958285
2.99885,0.004248846143174253,0.0001311222332364683
3.0015,0.002678290163706996,8.513007019328793e-05
3.00414,0.004038677164261933,0.0001253238334878934
3.00679,0.002170406978357383,6.955153231182045e-05
3.00943,0.003030135266370701,9.599572458119409e-05
3.01207,0.003769858559933408,0.0001164124971823781
3.01472,0.002995539747502774,9.503320340051767e-05
3.01736,0.003367845033296336,0.0001059021712614682
3.02,0.002887092536071032,9.12767700077808e-05
3.02265,0.004347731687014427,0.0001336120442801755
3.02529,0.001551737097669256,5.020442959561092e-05
3.02794,0.003213015607658155,0.0001011982792561482
3.03058,0.003219475513318537,0.0001007211944041902
3.03322,0.002760744381243063,8.775885150585971e-05
3.03587,0.002779787597114317,8.803076257026114e-05
3.03851,0.001208398376803553,3.908684973479561e-05
3.04115,0.003603789539400665,0.0001121507700362278
3.0438,0.003043476276359602,9.547885041822688e-05
3.04644,0.00368771795227525,0.0001138003685816511
3.04908,0.003038742369589344,9.59023500719386e-05
3.05173,0.003990211847946727,0.0001228641983269694
3.05437,0.003715862721975583,0.0001152906695248333
3.05702,0.003307787597114318,0.0001028182785699472
3.05966,0.002035296059933407,6.421526161591258e-05
3.0623,0.00284954633740289,8.974225253971123e-05
3.06495,0.002162319506104328,6.859239874066696e-05
3.06759,0.003362417522197559,0.0001043328796427774
3.07023,0.002670198113207547,8.424820864496826e-05
3.07288,0.003663272405660378,0.0001133981170124294
3.07552,0.003871868756936737,0.0001198739065635042
3.07817,0.002363535724195338,7.535037240382787e-05
3.08081,0.002798006728634851,8.757422673492346e-05
3.08345,0.001433707616537181,4.63129906233737e-05
3.0861,0.003430106895116537,0.0001061508790491449
3.08874,0.003638733004994448,0.0001122612273386023
3.09138,0.003439029897336296,0.0001067290767487723
3.09403,0.002617838998335184,8.252681681648419e-05
3.09667,0.002165087056048832,6.940530187586091e-05
3.09932,0.002449178690344063,7.679169285043366e-05
3.10196,0.003340322905105439,0.0001036935664821054
3.1046,0.003448495421753606,0.0001066295487302015
3.10725,0.003254945477247506,0.0001011861063620319
3.10989,0.003830032741398447,0.0001183285789409685
3.11253,0.002719984253607102,8.532010554277935e-05
3.11518,0.002949814511653717,9.24014912705887e-05
3.11782,0.003347032325194226,0.0001035787469249617
3.12047,0.003339906284683684,0.0001034366083686375
3.12311,0.001371896711986681,4.444448484738516e-05
3.12575,0.002519658504439514,7.912894775673916e-05
3.1284,0.001716341079356273,5.520946493124776e-05
3.13104,0.003014276220865703,9.427734546620274e-05
3.13368,0.003731250208102109,0.000116107545030881
3.13633,0.002427267203107658,7.650822322003442e-05
3.13897,0.003722226484461712,0.0001143464724286965
3.14161,0.002954294325749167,9.306127560247396e-05
3.14426,0.003260711778579356,0.0001023861678222383
3.1469,0.003207748335183128,0.0001000394973381469
3.14955,0.003439087125416206,0.0001067294801558221
3.15219,0.003504173765260821,0.0001082440859856539
3.15483,0.002797164331298557,8.76037518222854e-05
3.15748,0.002406024139844616,7.61328507789438e-05
3.16012,0.003655759503329632,0.0001129760461560308
3.16276,0.003549045158157604,0.0001102926748252512
3.16541,0.00352783414261931,0.0001097745381934686
3.16805,0.003091019076026639,9.641823448485766e-05
3.1707,0.003351358768035516,0.000104264450359092
3.17334,0.003740619589345174,0.0001147682641116116
3.17598,0.002614322905105439,8.259278684816331e-05
3.17863,0.003313093784683684,0.000102793504405022
3.18127,0.002307765815760267,7.304329394284207e-05
3.18391,0.002648325541065482,8.324443045485544e-05
3.18656,0.002841726692563819,8.873050973040127e-05
3.1892,0.003791261861820201,0.0001175154931250368
3.19185,0.002968631104328525,9.27080372721101e-05
3.19449,0.003337573668146502,0.0001035528313991247
3.19713,0.003652740149833517,0.0001128731186768978
3.19978,0.004181694714206441,0.0001270732489605293
3.20242,0.003691932228079913,0.0001134188660731897
3.20506,0.003992457477802442,0.0001216201731857128
3.20771,0.002922438887347393,9.080959053995487e-05
3.21035,0.003101274347946726,9.614941808641822e-05
3.213,0.002690253121531632,8.40167774850575e-05
3.21564,0.003241849403440622,9.897709520680637e-05
3.21828,0.003139662943951167,9.695921888520642e-05
3.22093,0.003070991537180908,9.50166877222364e-05
3.22357,0.003199079425638178,9.900816872306014e-05
3.22621,0.003179523446170924,9.783103970208319e-05
3.22886,0.003069773723640399,9.457104906827303e-05
3.2315,0.003723112375138734,0.0001168147281590071
3.23414,0.003809485571587125,0.0001214563400996125
3.23679,0.002102564234184241,6.980034123951168e-05
3.23943,0.002167206784128746,7.248068976597952e-05
3.24208,0.004809113623751386,0.0001554089708445879
3.24472,0.003169540579911211,0.0001067785028367537
3.24736,0.002750148029966706,9.29834308942296e-05
3.25001,0.002172494658712545,7.549590630055763e-05
3.25265,0.005534758809655935,0.0001829646368630519
3.25529,0.003819470726970035,0.000131686788049449
3.25794,0.002643662597114316,9.249749819140781e-05
3.26058,0.003604306881243064,0.0001246334381728902
3.26323,0.003658900180355162,0.0001267705953996995
3.26587,0.001886056673140955,6.836769001841176e-05
3.26851,0.003197678482241953,0.0001142444189021689
3.27116,0.00352452407047725,0.0001245607674120425
3.2738,0.001229991675915649,4.569344662791201e-05
3.27644,0.001923753953940065,7.114957554585664e-05
3.27909,0.001929689650388457,7.188676233075346e-05
3.28173,0.002307417869034407,8.467679084643836e-05
3.28438,0.002633370699223086,9.8080260750957e-05
3.28702,0.003194169256381799,0.0001135417388580919
3.28966,0.003071131173695891,0.0001083314433868192
3.29231,0.002328038290788013,8.203713463450629e-05
3.29495,0.002022834073251943,7.111439399527934e-05
3.29759,0.002497712680355164,8.656267872097058e-05
3.30024,0.003019575541065487,0.0001029228959114572
3.30288,0.002872671059933409,9.810192577063546e-05
3.30553,0.002927129300776913,9.934980848011711e-05
3.30817,0.004540984045504994,0.0001491237595325018
3.31081,0.003559128745837956,0.0001193040045314954
3.31346,0.00330839879300777,0.0001115070188168445
3.3161,0.002473170990566037,8.4002350260319e-05
3.31874,0.003211523099334075,0.000108045153858715
3.32139,0.003942774347946727,0.0001298634884568463
3.32403,0.00184444270255272,6.359922060536035e-05
3.32667,0.002854007838512764,9.532798379327227e-05
3.32932,0.002138258532186462,7.257278834462589e-05
3.33196,0.003080905729744726,0.0001033173145057852
3.33461,0.003427694159267481,0.0001138865663128436
3.33725,0.00206485321864595,7.021501830590282e-05
3.33989,0.002092102941176472,7.099266484997497e-05
3.34254,0.001499762555493895,5.087729338255436e-05
3.34518,0.003730206367924528,0.0001222027787475106
3.34782,0.003570947488901225,0.0001167456517723092
3.35047,0.002552161764705885,8.470620667099152e-05
3.35311,0.003536498473917871,0.0001151954953114454
3.35576,0.002141071864594892,7.197517790385735e-05
3.3584,0.003266883254716985,0.0001068789405866033
3.36104,0.001978493756936736,6.627940055726597e-05
3.36369,0.002963872017203105,9.82022801613145e-05
3.36633,0.003239622086570478,0.0001058306161947927
3.36897,0.003197220657602666,0.0001049685972812351
3.37162,0.002579734253607106,8.448906096721493e-05
3.37426,0.002822365288568258,9.332207030912325e-05
3.37691,0.003742027400110985,0.0001215485192729356
3.37955,0.003722569852941178,0.0001199084718835959
3.38219,0.00197701040510544,6.583606000548643e-05
3.38484,0.003253178274139842,0.0001057220841544832
3.38748,0.003421589067702554,0.0001111176070376006
3.39012,0.005154453038290788,0.0001631715164804388
3.39277,0.004064331367924527,0.0001301678255932148
3.39541,0.00367630896226415,0.0001181844686226036
3.39806,0.003559625485571587,0.000115711558538666
3.4007,0.003462326304106545,0.0001125514343281027
3.40334,0.002798785030521644,9.217304352369028e-05
3.40599,0.003362863901220866,0.0001093467861837115
3.40863,0.002642444783573807,8.64412274149945e-05
3.41127,0.003618542938401778,0.0001168485072887433
3.41392,0.002591914678135408,8.527679548723654e-05
3.41656,0.002525111195893448,8.327042035094754e-05
3.41921,0.003022157672031078,9.870966095659181e-05
3.42185,0.003224490982241957,0.0001044513756785888
3.42449,0.0007828229051054393,2.686020170270011e-05
3.42714,0.002782321656492789,9.047017570615856e-05
3.42978,0.00241469076026637,7.972774361362e-05
3.43242,0.00280779044117647,9.219901697179325e-05
3.43507,0.002009786071032186,6.701027351168341e-05
3.43771,0.002434313124306325,8.036605599688991e-05
3.44035,0.003271768243618202,0.0001056491387971678
3.443,0.003620317008879025,0.0001166445060066338
3.44564,0.00391476234739179,0.0001254935933790521
3.44829,0.002355139220310766,7.690823325456282e-05
3.45093,0.003369925846281911,0.0001085047035658607
3.45357,0.003588120491120977,0.0001148835819098022
3.45622,0.002673796614872364,8.724515316212111e-05
3.45886,0.001924543701442842,6.408840704206341e-05
3.4615,0.002132986681465038,6.968833915398159e-05
3.46415,0.002468590455049944,8.051891083503744e-05
3.46679,0.002838263249167591,9.200337602726313e-05
3.46944,0.003068425430077691,9.923763892096575e-05
3.47208,0.003865436320754719,0.0001228589189274824
3.47472,0.003204122364039956,0.0001031137792104169
3.47737,0.00136366731409545,4.530278963689288e-05
3.48001,0.002822797932852387,9.064467024326217e-05
3.48265,0.002423426054384018,7.838005261678755e-05
3.4853,0.003125284961154273,9.994727862218961e-05
3.48794,0.003017961709211986,9.739035464496624e-05
3.49059,0.003421598224195337,0.0001094772301810346
3.49323,0.003174260751942287,0.0001006434211274879
3.49587,0.003084868201997778,9.771031179175394e-05
3.49852,0.001756682297447282,5.794694067579108e-05
3.50116,0.002923192008879024,9.422539113044902e-05
3.5038,0.002575824431187571,8.333415658588448e-05
3.50645,0.00193052518035516,6.31653244439357e-05
3.50909,0.003515459142619312,0.0001115338810934686
3.51174,0.002333875554938959,7.557895286306985e-05
3.51438,0.003923829564372921,0.0001242787772931154
3.51702,0.002388825957269701,7.71540918949747e-05
3.51967,0.003253933684794674,0.0001041848460604472
3.52231,0.002683472738623753,8.643612175489924e-05
3.52495,0.002625876109877915,8.537113686814401e-05
3.5276,0.00382357970310766,0.0001199733932552492
3.53024,0.002098301886792452,6.814083900200599e-05
3.53288,0.001498789678135402,4.942082791037691e-05
3.53553,0.002721646157047725,8.800347313893275e-05
3.53817,0.003261801401220867,0.0001043364148691151
3.54082,0.002228276012763596,7.219886269426066e-05
3.54346,0.002544278024417314,8.217774630015225e-05
3.5461,0.002504859322974474,8.175382275341375e-05
3.54875,0.00458536785516093,0.0001426023137977099
3.55139,0.001856620837957824,6.070900584541902e-05
3.55403,0.003279851137624863,0.000104688808968338
3.55668,0.004092187708102107,0.0001276465029560791
3.55932,0.001477807574916762,4.889994872673027e-05
3.56197,0.003895469617092119,0.0001222859158536222
3.56461,0.003446872433407327,0.0001089802682414337
3.56725,0.003181002219755827,0.0001017312542215518
3.5699,0.002611949084350721,8.460031089745571e-05
3.57254,0.003227791897891233,0.0001020247965695437
3.57518,0.002786467258601552,8.921006206293116e-05
3.57783,0.003417791412319643,0.0001087170801793765
3.58047,0.002546251248612655,8.237074588995425e-05
3.58312,0.002927559655937846,9.386237882317991e-05
3.58576,0.002701314164816871,8.664414561134691e-05
3.5884,0.001858539123196448,6.087637394218543e-05
3.59105,0.002688529411764705,8.650294440119203e-05
3.59369,0.002708362375138735,8.714459132889888e-05
3.59633,0.00257384433962264,8.261902832749249e-05
3.59898,0.002126094131520531,6.892628669762737e-05
3.60162,0.00224724139844617,7.333245917348475e-05
3.60427,0.003801398099334074,0.0001202796689164232
3.60691,0.004101820338512764,0.0001280194727027086
3.60955,0.00297501317980022,9.512894206909834e-05
3.6122,0.001948066731409541,6.37850752660034e-05
3.61484,0.003126914816870143,0.0001004854249296653
3.61748,0.002970778301886794,9.462163899809474e-05
3.62013,0.003083103288013319,9.820636178320068e-05
3.62277,0.00259888505826859,8.382163828073455e-05
3.62541,0.002968917244728081,9.468132334732713e-05
3.62806,0.002181866329078803,7.133391595851706e-05
3.6307,0.002597074361820201,8.374925105937246e-05
3.63335,0.003022340801886789,9.713711515869192e-05
3.63599,0.002356457755271922,7.641304572395541e-05
3.63863,0.002754394353496117,8.850274760370633e-05
3.64128,0.0005917475027746967,1.99055462128201e-05
3.64392,0.002636074153718092,8.49333161040241e-05
3.64656,0.001803668840177581,5.898078984561625e-05
3.64921,0.003051572905105436,9.807867606924127e-05
3.65185,0.003065458726415094,9.801793575856107e-05
3.6545,0.001656171476137623,5.428961037109534e-05
3.65714,0.001765657949500557,5.780954308458244e-05
3.65978,0.002848779481132073,9.149291846276385e-05
3.66243,0.002903326997780241,9.302827608955267e-05
3.66507,0.001611288637624864,5.297221699327293e-05
3.66771,0.002106696101553831,6.854813692371918e-05
3.67036,0.003172660654827973,0.0001007153040393327
3.673,0.001955245421753609,6.37049589913778e-05
3.67565,0.002231970657602663,7.198305979938974e-05
3.67829,0.003998812083795783,0.0001246946170715841
3.68093,0.002558859739178692,8.274286340029642e-05
3.68358,0.002834806673140958,8.986370629042573e-05
3.68622,0.002285007352941175,7.412202670280219e-05
3.68886,0.002437666689789126,7.787491425183027e-05
3.69151,0.002506038221420644,8.044547365612057e-05
3.69415,0.001496580674250833,4.875679067906736e-05
3.6968,0.002421068257491675,7.701012994013691e-05
3.69944,0.004916008809655937,0.000151018053415678
3.70208,0.002240946309655937,7.163146938834843e-05
3.70473,0.003514836501109876,0.0001101126744476132
3.70737,0.002895926262486127,9.094070876337517e-05
3.71001,0.002703399556048836,8.524661063959031e-05
3.71266,0.002806025527192011,8.866061700781554e-05
3.7153,0.001691323251942288,5.519878187112087e-05
3.71794,0.003116084975027746,9.818264263810248e-05
3.72059,0.003783545227524971,0.0001177699705731788
3.72323,0.003191921337402883,0.0001000751934022888
3.72588,0.002566800707547169,8.191387010906137e-05
3.72852,0.003731909475582683,0.0001158520977570098
3.73116,0.003296378607103219,0.0001027736666281679
3.73381,0.003215865566037739,0.0001013136627494251
3.73645,0.003103611542730298,9.708555967944189e-05
3.73909,0.004435842327968922,0.0001368611682814507
3.74174,0.003407593368479469,0.0001058344111187347
3.74438,0.00100078405937847,3.285477391062249e-05
3.74703,0.002819071240288568,8.979655716826964e-05
3.74967,0.002066018382352942,6.673037487897527e-05
3.75231,0.002418916481687016,7.62908633713584e-05
3.75496,0.001453371184794673,4.725118217568399e-05
3.7576,0.002709406215316316,8.547744864602058e-05
3.76024,0.003558407672031074,0.0001112692974958511
3.76289,0.001989305285793562,6.379440350893008e-05
3.76553,0.003906940413429523,0.0001211065333496652
3.76818,0.00336217945338513,0.0001052808852938031
3.77082,0.002812348085460603,8.845209128454654e-05
3.77346,0.0033292618618202,0.0001043368988447809
3.77611,0.002734678135405104,8.660190557578967e-05
3.77875,0.002513242092119864,7.984499183712312e-05
3.78139,0.002253232033851276,7.218905523297847e-05
3.78404,0.001457699916759156,4.740649574267796e-05
3.78668,0.001973649972253052,6.332223868605679e-05
3.78933,0.002077029064927858,6.65034207908771e-05
3.79197,0.003193954078801331,0.0001036214958821399
3.79461,0.003258793493340733,0.0001072520920464966
3.79726,0.002784928967813538,9.298709564491976e-05
3.7999,0.001889192771920087,6.553374212797363e-05
3.80254,0.002347129578246393,8.123135667928276e-05
3.80519,0.00277192216981132,9.622555331816714e-05
3.80783,0.002116450055493894,7.483165627200029e-05
3.81047,0.003870053482241955,0.0001337962235527327
3.81312,0.002963842258601554,0.0001064510764655117
3.81576,0.00358334309100999,0.0001264656319645509
3.81841,0.004060313956714762,0.0001418542545242226
3.82105,0.002737129786348504,0.0001001802994855753
3.82369,0.00237250908712542,8.719307198676067e-05
3.82634,0.002918712194783574,0.0001066852280329061
3.82898,0.002821662527746946,0.0001040554170921543
3.83162,0.00360960849056604,0.0001319435142111251
3.83427,0.003253555979467258,0.0001206806272133017
3.83691,0.001430708865149835,5.572772976880996e-05
3.83956,0.002973967050499443,0.0001123605321422981
3.8422,0.001818280313540511,7.065373011756835e-05
3.84484,0.0003234737097669282,1.303893754064648e-05
3.84749,0.003275016509433962,0.0001212091895717943
3.85013,0.002280793077136517,8.399202448061899e-05
3.85277,0.002676600790788014,9.600773785273063e-05
3.85542,0.003079152261376252,0.0001100615892135926
3.85806,0.003137325749167592,0.0001108346186805308
3.86071,0.002771446032186458,9.791881552542259e-05
3.86335,0.002938352871809104,0.000102697817631597
3.86599,0.002387754647613766,8.3837371758617e-05
3.86864,0.002267234600443951,7.949092162037359e-05
3.87128,0.002142594131520536,7.576688260362769e-05
3.87392,0.001336525180355162,4.768419917576653e-05
3.87657,0.003808352455604881,0.000129432905810367
3.87921,0.002909709073251944,0.0001005912213888014
3.88186,0.002161644214761376,7.566777731651653e-05
3.8845,0.003039930424528301,0.0001046254206677046
3.88714,0.003015912943951168,0.0001027665909274146
3.88979,0.002979213720865705,0.0001025491821262266
3.89243,0.003062066245837957,0.0001047197068135498
3.89507,0.002491186390122084,8.497859447860463e-05
3.89772,0.002159240635405106,7.403460990792423e-05
3.90036,0.001588081506659268,5.488346369740053e-05
3.903,0.001652811043285239,5.693299300425583e-05
3.90565,0.00217320657602664,7.403456581348366e-05
3.90829,0.0008409208518312977,2.934839947106754e-05
3.91094,0.002861539053829077,9.625023832512719e-05
3.91358,0.003744678204772475,0.0001230107366727392
3.91622,0.002678468715316313,8.926737957603393e-05
3.91887,0.002625738762486129,8.851966849755005e-05
3.92151,0.002429737167036625,8.128856305984182e-05
3.92415,0.001732932644284126,5.87804399601356e-05
3.9268,0.002117086431742507,7.153725452067559e-05
3.92944,0.001175858490566039,4.011716887995692e-05
3.93209,0.001712197766370698,5.793829489789398e-05
3.93473,0.001640010266370698,5.50605807358737e-05
3.93737,0.003321744381243064,0.0001081638761109385
3.94002,0.002844498820754717,9.372312271077698e-05
3.94266,0.002361003953940071,7.861369964056554e-05
3.9453,0.001542038082685906,5.213958597907177e-05
3.94795,0.00150657269700333,5.086579840490111e-05
3.95059,0.003302687430632629,0.0001080636301803089
3.95324,0.002730450124861264,9.054560678729042e-05
3.95588,0.002644012832963373,8.753401682693125e-05
3.95852,0.002154575402330744,7.213427231538728e-05
3.96117,0.002422606548279689,8.081123100494087e-05
3.96381,0.00247267196170921,8.18754652334069e-05
3.96645,0.002911950124861266,9.545391878547998e-05
3.9691,0.003827242300221974,0.0001234590689993185
3.97174,0.002889338165926751,9.550931802260914e-05
3.97439,0.002086647960599332,7.016226187951622e-05
3.97703,0.0034641621809101,0.0001115428016206156
3.97967,0.002578127289123193,8.506620484326517e-05
3.98232,0.001846138942841288,6.167999621891535e-05
3.98496,0.001914860710321866,6.409411360916197e-05
3.9876,0.001933601761931189,6.457242210353544e-05
3.99025,0.001221647821864593,4.144130591930112e-05
3.99289,0.002639624583795782,8.769105812946578e-05
