0.0431807,15.76046922169811,0.1337211985306549
0.0458244,13.53694886237514,0.1182305632161036
0.0484682,11.9825737791343,0.1112801490664538
0.0511119,10.61951308268591,0.1049416874628223
0.0537556,9.497985328801333,0.09576161224418098
0.0563993,8.426257221143176,0.08983464192130911
0.059043,7.558658790233075,0.08153141576487248
0.0616867,6.852482757352941,0.07933346228686039
0.0643304,6.182885608351831,0.0730885998331066
0.0669742,5.683594486681465,0.06841261228476607
0.0696179,5.260174201581576,0.06624520348079915
0.0722616,4.768584995144284,0.06001705010867076
0.07490529999999999,4.430700476553829,0.0578758838416662
0.07754900000000001,4.077245067286349,0.05471460578696388
0.08019270000000001,3.844991245837958,0.05212804325673252
0.08283649999999999,3.516120882352942,0.04990326955095228
0.08548020000000001,3.285245273307436,0.04720563841188052
0.08812390000000001,3.060429476970034,0.04708463954288653
0.0907676,2.916207115704772,0.04599621972446912
0.0934113,2.717152539539401,0.04423791251372736
0.096055,2.579196401220866,0.04347336721761809
0.0986987,2.40452984600444,0.04094921429904046
0.101342,2.251460618756937,0.0393127502914393
0.103986,2.17663362236404,0.03770958143654597
0.10663,2.020893148584906,0.03645280917188359
0.109274,1.931364716287459,0.03555466287182633
0.111917,1.847103579356271,0.034017177204458
0.114561,1.739282443118757,0.03229386676200757
0.117205,1.645095988485017,0.0312209181634633
0.119848,1.611254186320755,0.03047927085417819
0.122492,1.525878475305216,0.02892101486145571
0.125136,1.454539919533852,0.02820723078959122
0.12778,1.368325336431742,0.0268553015798342
0.130423,1.332074735710322,0.02647854115027278
0.133067,1.260175711015538,0.02525405801604105
0.135711,1.230821734877914,0.02427232686522348
0.138354,1.165720559100999,0.02350384115890428
0.140998,1.134971316592675,0.02290018559766861
0.143642,1.108754698251942,0.02241175315858607
0.146286,1.058520713790233,0.02113833017179577
0.148929,1.023535975305216,0.02067502523643696
0.151573,0.9926932221143175,0.02045440353526194
0.154217,0.9455210543840178,0.01931722621162446
0.15686,0.9041780930910099,0.0187220828840841
0.159504,0.8896282200332963,0.0182251237207157
0.162148,0.8572047586015538,0.01778692994338643
0.164792,0.824771202136515,0.01730007108374722
0.167435,0.8060290746392897,0.01672816976318672
0.170079,0.7773299250832409,0.01621030006529962
0.172723,0.7408972475027747,0.01551199877020055
0.175366,0.733388305355161,0.01545894967513166
0.17801,0.7171146767480576,0.01499965416271723
0.180654,0.6693221795227526,0.0141166066227753
0.183298,0.6524919277192011,0.01389843908643507
0.185941,0.6539416294395117,0.01376107573506581
0.188585,0.6275966828523862,0.01330777149382227
0.191229,0.6220731430355161,0.01315176059106669
0.193872,0.5937832887069923,0.01262389441732261
0.196516,0.5861809045504994,0.01248268161510101
0.19916,0.5587988249167593,0.01197633004842848
0.201804,0.5603755958657047,0.01214944422423653
0.204447,0.5435644124583796,0.01163007448828146
0.207091,0.5226190954495006,0.01116247037949512
0.209735,0.5151303204772475,0.01098938537626775
0.212378,0.505904787735849,0.01085052936488066
0.215022,0.4926387236403995,0.0105417049300037
0.217666,0.4771289525527193,0.01034017989090275
0.22031,0.4784354467258601,0.01042941640018885
0.222953,0.4637368951165372,0.009960761460149077
0.225597,0.4446133310210877,0.0095593768314199
0.228241,0.4503270969755827,0.009712550681100445
0.230885,0.4182510099889012,0.009136133844164118
0.233528,0.4088134586570478,0.00901301546693359
0.236172,0.4137119762763596,0.009007827627934077
0.238816,0.4162141710599334,0.009016111899348655
0.241459,0.3844524264705882,0.008400072742315242
0.244103,0.3911109822419533,0.008398870144336341
0.246747,0.3808374889012209,0.008291030331248636
0.249391,0.3753017022752498,0.00821051839656956
0.252034,0.3608267980022197,0.007982798573332044
0.254678,0.3521219034406216,0.007704699874848261
0.257322,0.3452730299667037,0.007585506694121386
0.259965,0.3446363332408435,0.007532653863446574
0.262609,0.344100472391787,0.007505142615746281
0.265253,0.3393741426193119,0.007494125290119223
0.267897,0.3207157512486127,0.007060702645709805
0.27054,0.3275015593784684,0.007147503738056712
0.273184,0.3195618958102109,0.006927111999313783
0.275828,0.3215435668701443,0.006940686884129015
0.278471,0.3134453586293008,0.006887631019772644
0.281115,0.2967966114039956,0.006589106729501573
0.283759,0.3011080604883463,0.00665266227296973
0.286403,0.2954741162597114,0.006406201280638341
0.289046,0.284354952136515,0.006282434107812917
0.29169,0.284492894700333,0.006239543279336623
0.294334,0.283968822835738,0.006265768020746897
0.296977,0.2702265066592675,0.006022457288004565
0.299621,0.2640357789955605,0.005844512471342415
0.302265,0.2599873272752498,0.005775041317304572
0.304909,0.2630492584628191,0.005791148258983003
0.307552,0.263419890399556,0.005826311391736307
0.310196,0.2465797953662597,0.005507160000008515
0.31284,0.2467076200055494,0.005471516122653218
0.315483,0.2476174549112098,0.005481242266099588
0.318127,0.2473827442425083,0.005445733151018576
0.320771,0.238758996809101,0.005277566924471962
0.323415,0.2383313977524972,0.005276934462327811
0.326058,0.2338041988068812,0.005162618440945564
0.328702,0.2303311182019978,0.005163674468648645
0.331346,0.2285970409961155,0.005076340075079849
0.333989,0.2309983243618202,0.005070542451089696
0.336633,0.2244873758324085,0.004915335272118209
0.339277,0.2218164955604884,0.004859013875468432
0.341921,0.2176488034128746,0.00485061734785833
0.344564,0.2127455999583796,0.00473056011491028
0.347208,0.2108575242785794,0.004695746155632737
0.349852,0.2046839192563818,0.004563184633799911
0.352495,0.2093799204356271,0.004628408088629102
0.355139,0.2044664983351832,0.004540648645234258
0.357783,0.1970662918285239,0.004427077602097567
0.360427,0.1888026303412874,0.004277285491049865
0.36307,0.1933451595449501,0.004301928452024182
0.365714,0.1887904567841287,0.004243842079775404
0.368358,0.18583175131798,0.004141571333109805
0.371001,0.1890132273862375,0.004209774473067107
0.373645,0.1853883962264151,0.004157859469925858
0.376289,0.1873950370421754,0.004153379394121339
0.378933,0.1782464165510544,0.004018153626424298
0.381576,0.1821513700055494,0.00400941974692239
0.38422,0.1737147652608213,0.003905983731138964
0.386864,0.1775705140122087,0.003941142215316757
0.389507,0.1708379371531631,0.003849562697224669
0.392151,0.1716040242785793,0.003882570701713101
0.394795,0.1676714296614873,0.003752363073404924
0.397439,0.168988117300222,0.003777923853025195
0.400082,0.1616036050221975,0.003634135309545294
0.402726,0.1691207193396227,0.003762973213511695
0.40537,0.1585431342952275,0.003590598170382799
0.408013,0.1612054349334073,0.003582851035358563
0.410657,0.1565851831298557,0.003546708585447438
0.413301,0.1616130522336293,0.003593582193311029
0.415945,0.1540141841703662,0.003488524407259352
0.418588,0.1533770250416204,0.003481359028071901
0.421232,0.1510271439372919,0.003428718049284792
0.423876,0.1504735172031077,0.003462909889933138
0.426519,0.1542988251942287,0.00354781675939976
0.429163,0.1447258722253052,0.003477001056502201
0.431807,0.1495699293146504,0.003630224978280858
0.434451,0.1429979344478357,0.003575081733698315
0.437094,0.1520376636376249,0.003812598896031497
0.439738,0.1500397031770255,0.003795577256706912
0.442382,0.1388029811320755,0.003658961775671853
0.445025,0.1396244352802442,0.003676846573413284
0.447669,0.1389752857241953,0.003688551083156656
0.450313,0.1342634895948946,0.003656831333483683
0.452957,0.1466464992369589,0.003839550814524139
0.4556,0.1422200537597114,0.003736452939223726
0.458244,0.1345823140954495,0.00354102051364599
0.460888,0.1345896507352941,0.003558248010909396
0.463531,0.1283280541065483,0.003481152911224992
0.466175,0.1330911105715871,0.003528828449061219
0.468819,0.1269925819228635,0.003482091531239522
0.471463,0.1273855236542731,0.003408000439578347
0.474106,0.1327520570893452,0.003568502297707637
0.47675,0.12288971545505,0.00338771146763279
0.479394,0.1282864126664817,0.003497138126182677
0.482037,0.1189873464206437,0.003362266964674176
0.484681,0.1209470670782464,0.003246376403224894
0.487325,0.1181044430493896,0.003179031367500378
0.489969,0.1210432651914539,0.003163457233478309
0.492612,0.1177568854744728,0.003094576799132776
0.495256,0.1158372908573807,0.003009091806620457
0.4979,0.121264978218646,0.003067842492732543
0.500543,0.1150645149139845,0.002937028559020129
0.5031870000000001,0.1171569131520533,0.002950673804759647
0.505831,0.120547042799667,0.003007076369763113
0.508475,0.1136419415926748,0.002877832285595774
0.511118,0.1127266379716981,0.002819030774781836
0.5137620000000001,0.1115470115843507,0.002799158360603681
0.516406,0.1109459175915649,0.002763510614406846
0.519049,0.1095817649833518,0.002750492156279846
0.521693,0.1073757621392897,0.002677606229446826
0.5243370000000001,0.1059054789123196,0.002647899660920342
0.526981,0.1073056417175361,0.002675793526062215
0.529624,0.1067634651775805,0.002630442822637785
0.532268,0.1081457957130966,0.002659294712482013
0.5349120000000001,0.1004054918840178,0.002503712293441244
0.537555,0.1054110878190899,0.00258531495276134
0.540199,0.1034288673695893,0.00256011143768616
0.542843,0.10027568486404,0.00249296637540454
0.5454870000000001,0.1071625074223086,0.002600660858790002
0.54813,0.09912537756659268,0.002415655803867127
0.550774,0.09797063852663707,0.002421266930197963
0.553418,0.09914199431187569,0.002421696323089119
0.556061,0.09720831243063265,0.002387959296227244
0.558705,0.09525569950055493,0.002367190558289708
0.561349,0.09997305362097668,0.002392693461869797
0.563993,0.1004141562153163,0.002414833320275183
0.566636,0.0967224780799112,0.002339402565773213
0.56928,0.09420764504716983,0.00230941767967947
0.571924,0.09439075887902332,0.002302513449104084
0.574567,0.09346632623473919,0.002277508581810082
0.577211,0.09419800097114317,0.002282629002081257
0.579855,0.09033859420088791,0.002193726457660605
0.582499,0.08915400270532742,0.002191368884044376
0.5851420000000001,0.09398544672586015,0.002255506926596575
0.587786,0.09244652413984464,0.002247665228110032
0.59043,0.08996816828523863,0.002190297775007975
0.593073,0.09075875360710323,0.002169715905719131
0.5957170000000001,0.09016364796059935,0.002165304927751669
0.598361,0.08606195810210877,0.00210243650340843
0.601005,0.08493893715316317,0.002068379967065
0.603648,0.08989852171198667,0.002139796486203267
0.6062920000000001,0.08957011265260822,0.002130336209806878
0.608936,0.08284756215316316,0.002015944222782387
0.611579,0.0839047639428413,0.002016146889358601
0.614223,0.0848812260682575,0.002030436126004386
0.6168670000000001,0.08469178052164261,0.002023511109465971
0.619511,0.08545525804661487,0.002022426609101693
0.622154,0.08014660738068811,0.001940417688641782
0.624798,0.08664881603773586,0.002032183284174902
0.6274420000000001,0.08017219519977802,0.001916142408153253
0.630085,0.08454838526637071,0.001998349614987066
0.632729,0.08133710481409544,0.001933603475672424
0.635373,0.07916052635960046,0.001894987835360853
0.6380169999999999,0.07853256263873473,0.001870948444943976
0.64066,0.08059714345172031,0.001915591230544036
0.643304,0.07489823161764705,0.001821632227343951
0.645948,0.07810980507769145,0.001864958625900267
0.6485919999999999,0.07557140323251944,0.001817444330045919
0.651235,0.07687894353496116,0.001852046383855175
0.653879,0.07710113727802442,0.001850684498638766
0.656523,0.07666884780799112,0.001833000901026828
0.659166,0.07667147801054383,0.001834393820617803
0.66181,0.07524233032741398,0.001787147540217537
0.664454,0.07203471933962265,0.001750877204893723
0.667098,0.07312300513318534,0.001774730888650461
0.669741,0.07559007561043286,0.001811809171427891
0.672385,0.07293684218923417,0.001755696781994053
0.675029,0.07535307124028856,0.001783748968324707
0.6776720000000001,0.07069507179522753,0.001701463107110094
0.680316,0.07246171635682574,0.001735477952821914
0.68296,0.07138703253329634,0.001702552517717426
0.685604,0.07081028565482797,0.001706292856839708
0.6882470000000001,0.07435648772197559,0.001752556247677301
0.690891,0.07206410023584905,0.001716933747854563
0.693535,0.07111816127913431,0.001691331896575907
0.696178,0.06554665059655938,0.001598731030469907
0.6988220000000001,0.06822603953940067,0.001648701833749359
0.701466,0.06871519311875694,0.001642207090028655
0.70411,0.06428931534406215,0.00157698746964557
0.706753,0.06599164698945617,0.00158667694231773
0.7093970000000001,0.06555061306881242,0.001584384611985715
0.712041,0.06343685731132075,0.00155029660337781
0.714684,0.06796213797169812,0.001615938022414705
0.717328,0.06378154432574917,0.001545107658997137
0.7199719999999999,0.06690691169533852,0.001596676620801909
0.722616,0.06263713609877915,0.001516541468966394
0.725259,0.06649637576304107,0.001583032887177389
0.727903,0.06484941114039956,0.001536122579782663
0.7305469999999999,0.05968987853773586,0.001469786539961079
0.73319,0.06499217459766925,0.001553380231131024
0.735834,0.0630414158573807,0.001508184971735094
0.738478,0.05977057470865705,0.001447482019873883
0.7411219999999999,0.06245295782463928,0.001495710382146698
0.743765,0.06032095088790233,0.001468013285311567
0.746409,0.06018439782186459,0.001440874657203662
0.749053,0.05928855174805771,0.00143969449734712
0.751696,0.05861137874583796,0.001414183746649896
0.75434,0.0591852390399556,0.001435416875066738
0.756984,0.05783824798834628,0.001392447757047605
0.759628,0.0622884042036626,0.001474538506377514
0.762271,0.05930358899833518,0.001421375745076045
0.764915,0.05811270699223087,0.001392731209774423
0.767559,0.06058377198945616,0.00145038330510665
0.7702020000000001,0.05972690739456159,0.001416344984103446
0.772846,0.05815414012208658,0.001386627385921147
0.77549,0.05758188450332963,0.001387764637241766
0.778134,0.05658528496115428,0.001354098258579203
0.7807770000000001,0.05921554932019978,0.001407777884228694
0.783421,0.05780474667036626,0.001375382193042767
0.786065,0.05711076463651499,0.001364654658004563
0.788708,0.05710247114317427,0.001365357086108561
0.7913520000000001,0.05407434801609323,0.001301354745896207
0.793996,0.05503035911487238,0.001324233428729725
0.79664,0.05705803239456161,0.001349994007666136
0.799283,0.05446399798834629,0.001305982757832431
0.8019269999999999,0.05049394873751388,0.001237608256862561
0.804571,0.05313868722253053,0.001275502642451509
0.807214,0.05502111334628192,0.001312539330521891
0.809858,0.05623009316037737,0.001317685255397638
0.8125019999999999,0.05615366620421754,0.00133486580287657
0.815146,0.05534852434794673,0.001303690642480857
0.817789,0.05061341807713651,0.001226464236210008
0.820433,0.05275321490011099,0.001267514872179439
0.8230769999999999,0.04957797211431744,0.001201657305835077
0.82572,0.05229612506936737,0.001255541578493008
0.828364,0.05371656721698115,0.001268976495980051
0.831008,0.04956893465593785,0.001204866471549504
0.8336519999999999,0.04873683837402886,0.001176859054600709
0.836295,0.05142215156770255,0.001226518332000359
0.838939,0.04908009468645948,0.00119033994537401
0.841583,0.04948492383462819,0.001179840774200833
0.844226,0.05054813228357381,0.00121800520588305
0.84687,0.04867637118479468,0.001172023994333796
0.849514,0.04995316398446171,0.001192719249937725
0.852158,0.04948738464206438,0.001188767509936202
0.854801,0.04586393382352941,0.001104119410145204
0.857445,0.04519998966426193,0.001107665017755166
0.860089,0.04837463041065483,0.001151155093229712
0.8627320000000001,0.04773967341842398,0.001141688005208459
0.865376,0.04753491134850166,0.001176859796958832
0.86802,0.04945203600166481,0.001203521065685616
0.870664,0.05014428288013319,0.001232749966205952
0.8733070000000001,0.04848613817980022,0.001187207139839419
0.875951,0.0477958004300777,0.001195998723863876
0.878595,0.04533539130133186,0.001152022067973185
0.881238,0.04614676644006659,0.001161308172389858
0.8838819999999999,0.04782585432852387,0.001209307404387061
0.886526,0.04348410183129855,0.001105910921688637
0.88917,0.04712405951720311,0.001183492759992846
0.891813,0.04590090087402886,0.001162911211317463
0.8944569999999999,0.04258568049389568,0.001078861606329858
0.897101,0.04251279481132076,0.001067318023888979
0.899744,0.04442101019700334,0.001096347025646287
0.902388,0.04771937118479468,0.001148891945423067
0.9050319999999999,0.04168732096281908,0.001030232718093578
0.907676,0.04222701380410655,0.001041537144881975
0.910319,0.04412113734739179,0.001077558970442726
0.912963,0.04813101047447281,0.001143008982602333
0.9156069999999999,0.04274153544672587,0.001050693463551296
0.91825,0.04464316502497225,0.001066962566412261
0.920894,0.04234197586015538,0.001038372856006767
0.923538,0.04149727337680355,0.001019062268162726
0.9261819999999999,0.04063539560210876,0.0009955354494274177
0.928825,0.0402928191592675,0.001000942848537061
0.931469,0.04364074653163152,0.001047522696753193
0.934113,0.04368902642896781,0.001057936927515982
0.936756,0.04370906083518313,0.001039227646062132
0.9394,0.04090339470033297,0.0009947481383913749
0.942044,0.04025042459766926,0.0009772805042738571
0.944688,0.04123366710599334,0.0009980023163368729
0.947331,0.04061596552441732,0.0009890722969653689
0.949975,0.04192851900665927,0.00100285653943027
0.952619,0.04209954397891232,0.001008523515363876
0.9552619999999999,0.03998592327968924,0.0009711825344447997
0.957906,0.04038746982519422,0.0009765897682321805
0.96055,0.03952241474750277,0.0009661821104431796
0.963194,0.03993436535793563,0.000951062708451093
0.9658369999999999,0.04114280493895672,0.0009881202134243519
0.968481,0.04210826096004439,0.0009969361532379207
0.971125,0.03965416294395117,0.0009495557081939717
0.973768,0.03615558608490566,0.0008866427161693915
0.9764119999999999,0.04107892237791343,0.0009649725365071093
0.979056,0.04012704085738068,0.0009571259552614447
0.9817,0.03830134149556049,0.0009202630328813126
0.984343,0.0378194902192009,0.0009063709357473806
0.9869869999999999,0.03922807699778025,0.00092709316124429
0.989631,0.03688498543285239,0.000898936331577493
0.992274,0.03956062708102109,0.0009699586591040693
0.994918,0.04034934218923418,0.0009816885149076685
0.9975619999999999,0.03717744839067703,0.0009350187722247644
1.00021,0.03421872461154273,0.0008873696934424812
1.00285,0.0349999794672586,0.0008985980573890445
1.00549,0.03836169651775805,0.0009800445209973976
1.00814,0.03554201179245283,0.0009203034238414342
1.01078,0.03728878218645949,0.0009587282396533107
1.01342,0.0362832459073252,0.0009449025809269083
1.01607,0.03709351539955606,0.0009701407899539441
1.01871,0.03214929085738069,0.000867630357380011
1.02136,0.03484546365149834,0.0009253441611326182
1.024,0.03772769866814651,0.000989022383069192
1.02664,0.03748885384295227,0.0009857889982886423
1.02929,0.03272049119034406,0.0008963405612745473
1.03193,0.03690152434794673,0.000975590909152915
1.03457,0.03383832498612653,0.0009142811248265592
1.03722,0.034219193881798,0.000932551411110343
1.03986,0.03613384628190899,0.00096129363340781
1.04251,0.03271408622364039,0.0009012549308868484
1.04515,0.03504768479467259,0.00093131949811508
1.04779,0.03211103503052164,0.0008655636008463796
1.05044,0.03415410724195338,0.0008967898433424754
1.05308,0.03596998168701443,0.0009154720723073058
1.05572,0.03317710946170922,0.0008686297354295853
1.05837,0.03495671732796893,0.0008867926823596698
1.06101,0.03574479148168701,0.0009104623782890996
1.06365,0.03099330882352942,0.0008076881834864088
1.0663,0.03187984732241955,0.0008250468110412729
1.06894,0.03356072759433962,0.0008555350629174658
1.07159,0.03200982144839067,0.0008142690246543948
1.07423,0.03086094943118757,0.0008006061165500628
1.07687,0.03171840004162042,0.0008065960247032645
1.07952,0.02954112111542731,0.0007699060313723942
1.08216,0.03275315468923418,0.0008254630972426477
1.0848,0.03223892605438402,0.0008012090535424203
1.08745,0.03161834933407325,0.0007974690234188079
1.09009,0.02937344055216427,0.0007501293442731139
1.09274,0.03087603017480578,0.0007825104138266221
1.09538,0.03263183344894562,0.0008117009082291029
1.09802,0.03155791190344062,0.0007847736388428135
1.10067,0.03133326422031076,0.0007856097222240037
1.10331,0.02949983677857936,0.0007416200789748382
1.10595,0.03114919582408435,0.0007763311441998366
1.1086,0.03119642730299666,0.0007741806850089604
1.11124,0.02960031097391787,0.0007447600261130639
1.11389,0.03046893021642619,0.0007631146307898341
1.11653,0.02902856354051055,0.0007217197660542838
1.11917,0.03041313970588235,0.0007586085620744112
1.12182,0.02945306312430633,0.0007339452098738131
1.12446,0.03029189171753607,0.0007542697364984854
1.1271,0.03039058955327414,0.0007500770409306153
1.12975,0.03036939456159822,0.0007456856124500214
1.13239,0.0301458296337403,0.0007452428632047828
1.13504,0.02728164435349612,0.0006886010257769288
1.13768,0.02816232956437292,0.0007054246065586395
1.14032,0.02623037826026637,0.0006700531149344071
1.14297,0.03070643132630411,0.0007526717570764387
1.14561,0.02923695844894561,0.0007311661424718062
1.14825,0.02954013908157603,0.0007225372629877458
1.1509,0.02734699424250832,0.0006860854289593075
1.15354,0.02929629023307436,0.0007214926841598304
1.15618,0.02776939241120977,0.0006895515356453763
1.15883,0.0267557160099889,0.0006794953123933551
1.16147,0.02854480084628191,0.0006995811649884239
1.16412,0.02695186182019978,0.0006792972050268671
1.16676,0.02532616086293008,0.000636367852588651
1.1694,0.02815734385405105,0.0006957552939790912
1.17205,0.02713284447835738,0.0006726984565432884
1.17469,0.02644479814095449,0.0006587730113315651
1.17733,0.02762041398446171,0.0006826795240519367
1.17998,0.02612303898446171,0.0006471709016302147
1.18262,0.02408305022197559,0.0006127180023161207
1.18527,0.0259883355299667,0.0006459521177765682
1.18791,0.02550466897891233,0.0006388471133948229
1.19055,0.02459599236958935,0.0006217729028691791
1.1932,0.0241933836709212,0.0006064407264873302
1.19584,0.02668169950055494,0.0006585448341517538
1.19848,0.0259705467536071,0.0006394905859056309
1.20113,0.02392162583240844,0.0006049718562043362
1.20377,0.02596364504716981,0.0006407917903843231
1.20642,0.02599359135682575,0.0006414994615643696
1.20906,0.02502156097391787,0.0006245867564953672
1.2117,0.02354043645948945,0.0005881174225590173
1.21435,0.02204184135682575,0.000562568780526009
1.21699,0.02533152656770256,0.0006227078704298275
1.21963,0.02473275603496115,0.0006127743324030737
1.22228,0.0276061756381798,0.0006680256013461908
1.22492,0.02235611050221975,0.0005630477617738703
1.22757,0.02486780514705883,0.0006131291983051848
1.23021,0.02408907290510544,0.0005942701931229218
1.23285,0.02426693777746948,0.0005987450522641195
1.2355,0.0197182142064373,0.000511417664838619
1.23814,0.02007242855160932,0.000516410775734162
1.24078,0.02400774722530522,0.0005964641868967563
1.24343,0.02315510377358491,0.0005771909261003026
1.24607,0.0221300481409545,0.0005544531329454263
1.24871,0.02414026456714762,0.0005924858769811122
1.25136,0.02261158580743618,0.0005613899193029571
1.254,0.02334191911764706,0.000577302755090796
1.25665,0.02167177025527192,0.0005440924580502342
1.25929,0.02244239671198668,0.0005599379534544986
1.26193,0.02252199639289678,0.0005547932371206457
1.26458,0.02170161355438402,0.0005402410125599268
1.26722,0.02155178357380688,0.0005394371440034164
1.26986,0.02260008983074362,0.0005584005785101731
1.27251,0.02221475485571587,0.0005518654089215604
1.27515,0.02083326900665927,0.0005209743599245902
1.2778,0.02049845269145394,0.0005168449883433239
1.28044,0.02027955299667037,0.0005069935967307887
1.28308,0.0214010791481687,0.0005304686484053387
1.28573,0.02009918382352941,0.0005086176746494172
1.28837,0.02132388991398446,0.0005245259100274107
1.29101,0.02128987583240844,0.0005333328774387839
1.29366,0.02030316301331854,0.00050551919242379
1.2963,0.01788025201165372,0.0004589665157351897
1.29895,0.01863452726137625,0.0004747519790209156
1.30159,0.01961507089345172,0.0004889677100224099
1.30423,0.02169029841842397,0.0005357187253594386
1.30688,0.02181237278024417,0.0005291275905342902
1.30952,0.01947887721975582,0.0004890711713115117
1.31216,0.01949685599334074,0.0004854218428009309
1.31481,0.02031253926193119,0.000503156660911705
1.31745,0.01945854980577136,0.0004856411595049324
1.3201,0.01955572766370699,0.000483604870192202
1.32274,0.02026508802719201,0.0004993394582770557
1.32538,0.01827763922031077,0.000457083973154272
1.32803,0.01904539282741399,0.0004720882149995545
1.33067,0.01773613568257492,0.00045124586026596
1.33331,0.01958843694506104,0.0004796971883951856
1.33596,0.01965462465316315,0.0004855231899185111
1.3386,0.02060350971143174,0.0005024267585518768
1.34124,0.01680536674528301,0.0004262657047783581
1.34389,0.01930512361265261,0.0004756666343078766
1.34653,0.01792452823251943,0.0004457049583146409
1.34918,0.01924585821309656,0.00047574504876518
1.35182,0.01990929189789123,0.0004839303257834674
1.35446,0.01885990059655938,0.0004672052718870992
1.35711,0.01799300048557159,0.000448801607634352
1.35975,0.01943240344062154,0.0004771561594329101
1.36239,0.0168831694644839,0.0004276808743465002
1.36504,0.01728796656492786,0.0004302614094915833
1.36768,0.01778647350166482,0.0004442479890743736
1.37033,0.01671221087680356,0.0004218597718540989
1.37297,0.01703301546892342,0.0004283749921538884
1.37561,0.016881947072697,0.0004292707515328671
1.37826,0.01734507789955604,0.0004307345798569581
1.3809,0.01816640614594895,0.0004518198291320715
1.38354,0.01886320609045505,0.0004642137966773325
1.38619,0.01709351928412875,0.0004300217578634194
1.38883,0.01693947273862375,0.0004236097183197387
1.39148,0.01579838602941177,0.0004018369781513906
1.39412,0.01710865954495006,0.0004290060067719076
1.39676,0.01775856451165372,0.000437540176717274
1.39941,0.01708215149833519,0.0004259688787498972
1.40205,0.01685105764428413,0.0004200528993315568
1.40469,0.0167234550499445,0.0004227262179449833
1.40734,0.01715410550776915,0.0004259304415702817
1.40998,0.01586495602108768,0.0003991962382326278
1.41263,0.01686798342119867,0.0004179671076435091
1.41527,0.01519717986958935,0.0003851103693140141
1.41791,0.01565523799944506,0.0003959878290329975
1.42056,0.01666201269422864,0.000415643562266182
1.4232,0.017267506381798,0.0004259928033763965
1.42584,0.01498622343229744,0.0003796136660006731
1.42849,0.01602745858768036,0.0004022641768125945
1.43113,0.01548129439511654,0.0003911018643853519
1.43377,0.01561917973085461,0.0003924973496001833
1.43642,0.0143433987236404,0.0003641496446831322
1.43906,0.01558793319922309,0.0003922698708399272
1.44171,0.01307715649278579,0.0003385472992179893
1.44435,0.01495515774139844,0.0003771427935423685
1.44699,0.01416806104328524,0.0003603801110089634
1.44964,0.0147152896781354,0.0003734013169463895
1.45228,0.01509109732241953,0.0003788324531324217
1.45492,0.01578472912042175,0.0003920963322572525
1.45757,0.01654318888734739,0.0004064040514041411
1.46021,0.01386787229467258,0.0003529762083936227
1.46286,0.01442914698945616,0.0003641616507950736
1.4655,0.01449966571864595,0.0003664450208277401
1.46814,0.01448246753607103,0.0003636592476197883
1.47079,0.01611033629300777,0.0003993547358191288
1.47343,0.01319155084628191,0.0003364355940085942
1.47607,0.01414767869034406,0.0003592137937895047
1.47872,0.01380075978079911,0.0003478302869650836
1.48136,0.0138389217536071,0.0003518061439225372
1.48401,0.0143172294672586,0.0003630594679954916
1.48665,0.01436484094062153,0.0003602556876303958
1.48929,0.01269308969200888,0.0003247041107485397
1.49194,0.01303130077691454,0.0003294500074916896
1.49458,0.01267423189511654,0.0003274811900116658
1.49722,0.01423127746947836,0.0003558652809090395
1.49987,0.01360200437014428,0.000343435245738693
1.50251,0.01407860210876804,0.000356211899363133
1.50516,0.01176840524417314,0.0003032910627528868
1.5078,0.01281584392341842,0.0003261463912016054
1.51044,0.01332480528579356,0.0003372802912942332
1.51309,0.01254118576581576,0.0003196014388377863
1.51573,0.01418730341287458,0.0003558087750877853
1.51837,0.01201087604051055,0.0003064492646700111
1.52102,0.01291281804938957,0.0003268249777221783
1.52366,0.01313227629023308,0.0003294189648702792
1.5263,0.01323312361265261,0.0003309837139124809
1.52895,0.01328612597114317,0.0003355360965007433
1.53159,0.01275186293007769,0.0003238318791460384
1.53424,0.01368788540510544,0.0003448846726266034
1.53688,0.01242176907602664,0.0003156160482124756
1.53952,0.01273841662042175,0.0003206028929211697
1.54217,0.01020372544395117,0.0002650911251170508
1.54481,0.01122462173973363,0.0002891409199384214
1.54745,0.01186160002774695,0.0003050069217205247
1.5501,0.01111530237236404,0.0002904289100610558
1.55274,0.01129545865704773,0.0002980905364318299
1.55539,0.01223635925360711,0.0003205924976723891
1.55803,0.01207843493340732,0.0003193689070281276
1.56067,0.01117788013318535,0.0003021216450874039
1.56332,0.01215118097946726,0.0003215621430859189
1.56596,0.01182834364594895,0.0003203438768647783
1.5686,0.01115765801886793,0.0003023934976503891
1.57125,0.0108499105854606,0.000300971357404304
1.57389,0.01068858004994451,0.0002953894234566164
1.57654,0.01143549347946726,0.0003120301905251961
1.57918,0.01135754883462819,0.0003158332011755089
1.58182,0.01108802975860155,0.0003075413192354747
1.58447,0.01104351089067703,0.0003088205791301118
1.58711,0.01076222114317425,0.0003002619861396659
1.58975,0.01164095144284129,0.000322241423275986
1.5924,0.01086929030244173,0.0003099258287368305
1.59504,0.009157419880688121,0.0002629073430683373
1.59769,0.0106628022336293,0.0003036413530341239
1.60033,0.009575095588235294,0.0002756163054620779
1.60297,0.009621747918978915,0.0002770429049321401
1.60562,0.01279792008879023,0.0003519687702521693
1.60826,0.01312285425915649,0.0003512183848649823
1.6109,0.01060936036348501,0.0002938802945661139
1.61355,0.009917628537735845,0.0002734414717452035
1.61619,0.008953452136514984,0.00025028074539205
1.61883,0.01117568944228635,0.0003022996107035125
1.62148,0.01050866412319645,0.0002837282346490123
1.62412,0.01009411993618202,0.0002767220424811493
1.62677,0.008995244658712541,0.0002467314646725041
1.62941,0.01188723134017758,0.0003160759811851539
1.63205,0.01067049597669256,0.0002856331040025119
1.6347,0.01070449632352941,0.0002858259479080806
1.63734,0.01181027330743618,0.0003110602342570425
1.63998,0.01047130334350721,0.0002805242206199131
1.64263,0.01023099576859045,0.000273802778437515
1.64527,0.00944850020810211,0.000254147793386452
1.64792,0.01144064629578246,0.0003009492035544544
1.65056,0.01032544956992231,0.0002754505630068261
1.6532,0.009137371739733632,0.0002469960629405621
1.65585,0.009347114941731407,0.0002530997393812235
1.65849,0.008506988415649277,0.000230371632998864
1.66113,0.01031630910099889,0.0002736286902460776
1.66378,0.01132179959766926,0.000296660590002339
1.66642,0.009938052094894564,0.0002655187093128303
1.66907,0.01081040718645949,0.000286638027826381
1.67171,0.008996313679245282,0.0002419119373645537
1.67435,0.009356644561598225,0.0002513419935826543
1.677,0.007166869311875693,0.0001985521990052772
1.67964,0.01053506458102109,0.0002766101945563996
1.68228,0.009736842744173141,0.0002584992710952143
1.68493,0.009317452483351833,0.0002487852283608207
1.68757,0.009220027400110986,0.0002464424371004973
1.69022,0.008522499514428411,0.0002290907915844527
1.69286,0.007553238970588233,0.0002066413027437667
1.6955,0.008818206159822419,0.0002379458447122157
1.69815,0.01010741745283019,0.0002662565135069254
1.70079,0.008854889359045503,0.0002391923283735718
1.70343,0.009289293978912318,0.0002449612541590051
1.70608,0.009448214067702554,0.0002499270753804466
1.70872,0.008196233074361823,0.0002198608153268775
1.71137,0.007619618965038847,0.0002074255820804777
1.71401,0.009754370560488343,0.0002571467632408282
1.71665,0.009225899001109879,0.0002448601390711031
1.7193,0.00958908442008879,0.0002534672922399625
1.72194,0.00940375242785794,0.0002477850133029838
1.72458,0.00903650839345172,0.0002400166327432973
1.72723,0.008785886029411766,0.0002329689024625362
1.72987,0.007112314927857938,0.0001940066472407642
1.73251,0.008779629855715872,0.0002346338693291635
1.73516,0.00961405417591565,0.0002498459234509035
1.7378,0.008849116190344062,0.0002346548592677889
1.74045,0.008523657810765818,0.0002260992368477154
1.74309,0.008750569436736961,0.0002320060198374229
1.74573,0.007493657672031075,0.0002026314227488653
1.74838,0.007163076234739179,0.0001927687133978772
1.75102,0.008911794672586019,0.0002372052388468386
1.75366,0.008003223362930082,0.0002121319653560361
1.75631,0.00728734128745838,0.0001962696606159216
1.75895,0.007839187083795784,0.0002105608935814066
1.7616,0.008446676886792452,0.0002235196964983785
1.76424,0.008007520047169812,0.0002143798395343259
1.76688,0.00889160460599334,0.0002315851094913787
1.76953,0.008360148029966701,0.0002215959575631705
1.77217,0.008510836431742509,0.0002253822622664836
1.77481,0.009005186320754718,0.0002364106317453619
1.77746,0.008505630965593786,0.0002256069950329263
1.7801,0.008260399486681469,0.000217215696607527
1.78275,0.008736770602108769,0.0002299634486394825
1.78539,0.008346997017203107,0.000218030259677071
1.78803,0.007214659336847947,0.0001927017639745982
1.79068,0.008457252635960042,0.0002233749874897164
1.79332,0.008044983837402887,0.0002108652646756299
1.79596,0.006726190205327412,0.000183343588049901
1.79861,0.006962748196448394,0.000185591729864579
1.80125,0.008160877566592678,0.0002151987551970434
1.8039,0.007029064095449502,0.0001890695544838529
1.80654,0.007485096351276358,0.000198762330577887
1.80918,0.006475167244728083,0.0001765947746521542
1.81183,0.008288001734184241,0.0002180055628485508
1.81447,0.00754220310765816,0.0002007337517436434
1.81711,0.006660808268590454,0.0001792938396781682
1.81976,0.00699964886237514,0.0001870340793018263
1.8224,0.006997291065482796,0.0001890344108638636
1.82504,0.007221824292452828,0.0001928698613891914
1.82769,0.007280842466703663,0.0001959526405278751
1.83033,0.007395978496115425,0.0001971531947445224
1.83298,0.007741102733074363,0.0002049093351067912
1.83562,0.007979160099889016,0.0002118615761505691
1.83826,0.007593479467258604,0.0002038194335319781
1.84091,0.00667693285238624,0.0001820283416943894
1.84355,0.007404342952275249,0.0001985260427307005
1.84619,0.0076613496809101,0.000204844523634233
1.84884,0.006400402192008878,0.0001727439442545179
1.85148,0.006133959697558271,0.0001686049021119897
1.85413,0.007382905313540509,0.0001991854364679472
1.85677,0.00596635467536071,0.0001628522521226388
1.85941,0.00785305917036626,0.0002098772550379865
1.86206,0.006293012555493897,0.000170439079137404
1.8647,0.007308586639844619,0.0001968347277193835
1.86734,0.006924957061598223,0.0001870446531215734
1.86999,0.007043075818534961,0.0001890146263475662
1.87263,0.006901724750277469,0.0001883545054119406
1.87528,0.006477016856270807,0.0001760541406812482
1.87792,0.006811583657047728,0.0001849551667228839
1.88056,0.005978281007214209,0.0001643367854739175
1.88321,0.006857041065482796,0.0001848157432967756
1.88585,0.007677357519422861,0.0002069670936666512
1.88849,0.007228041551054383,0.0001929727367742033
1.89114,0.007397333657047723,0.0001992173780477651
1.89378,0.006381768729189789,0.0001728687041331
1.89643,0.006841642133740286,0.000185498347334299
1.89907,0.007524398307436184,0.0002023942886954268
1.90171,0.00652872128190899,0.0001761989967413219
1.90436,0.006126346073806885,0.0001680374742319803
1.907,0.007232594617092118,0.0001935670769965373
1.90964,0.00682289879300777,0.000185462249119545
1.91229,0.006139531423418424,0.0001685724374932845
1.91493,0.006869370283018868,0.0001853381082724527
1.91757,0.005644739733629302,0.0001554620651959556
1.92022,0.005768894908435072,0.0001596125622734853
1.92286,0.005797087749722528,0.0001605404906324314
1.92551,0.006055520602108767,0.0001647337741026234
1.92815,0.00654058580743618,0.0001771362840178702
1.93079,0.00715388540510544,0.0001940189572769325
1.93344,0.005402971698113205,0.0001491199412007936
1.93608,0.006699210599334076,0.0001814570241917505
1.93872,0.005770346212541624,0.0001586868231595084
1.94137,0.008534057297447281,0.000226819840147054
1.94401,0.006012796406770256,0.0001653076416267077
1.94666,0.006997519977802446,0.0001883462881376667
1.9493,0.006305563817980024,0.00017260914286787
1.95194,0.005519039400665924,0.0001520615958914414
1.95459,0.007283390260821309,0.0001955781848383325
1.95723,0.006565869173140952,0.0001791383012359479
1.95987,0.006470774417314095,0.0001756261897059158
1.96252,0.006381301748057715,0.000175075660865184
1.96516,0.004858261098779135,0.0001354289327978359
1.96781,0.005964658435072143,0.0001635504489751853
1.97045,0.004593285932297447,0.0001289692181697646
1.97309,0.006038082061598222,0.000165817770608622
1.97574,0.005997921684239736,0.0001650991706859599
1.97838,0.006285973501664817,0.0001714207113621638
1.98102,0.007021615288568261,0.0001904422181769637
1.98367,0.005833242161487238,0.0001598351805770966
1.98631,0.005287439650388456,0.0001466919570904429
1.98896,0.006114058060488345,0.0001675404301984966
1.9916,0.00502720983629301,0.0001401387343011448
1.99424,0.005527554938956715,0.0001515368689929059
1.99689,0.006561089483906769,0.000177000891925441
1.99953,0.005288588790233075,0.0001458825856217279
2.00217,0.005722002219755829,0.0001567746578818402
2.00482,0.005322293840177581,0.0001469123239577995
2.00746,0.005291246462264151,0.0001458917136776684
2.0101,0.007241391717536071,0.0001919197346289653
2.01275,0.006168182089345176,0.0001677669515803792
2.01539,0.004817526151498337,0.0001327416457886352
2.01804,0.004877855993340733,0.0001363732161906127
2.02068,0.005191026359600442,0.0001434269897350295
2.02332,0.005441406076581575,0.0001490022395942963
2.02597,0.004633315829633738,0.000129196666555361
2.02861,0.004237073182574914,0.0001179734258111473
2.03125,0.004699599680910102,0.000130832687995057
2.0339,0.00551377670643729,0.0001507989481251207
2.03654,0.005284786556603774,0.0001461301965879813
2.03919,0.006196164331298557,0.0001675735050849464
2.04183,0.005077341634295228,0.0001393744902299433
2.04447,0.005008649625416205,0.0001384852657516017
2.04712,0.007405492092119866,0.0001958835118395201
2.04976,0.005823327968923419,0.00015857196854969
2.0524,0.005476512069922307,0.0001502958676290575
2.05505,0.005677213235294119,0.0001547233473683159
2.05769,0.006075399347946723,0.0001650244767200139
2.06034,0.00533404390954495,0.0001450827482518025
2.06298,0.005129384850166485,0.000141536170679492
2.06562,0.004480358906770254,0.0001241728187198333
2.06827,0.004578012902330742,0.0001267862210455397
2.07091,0.004916260613207548,0.0001362114062342175
2.07355,0.004555829009433963,0.0001259843662951053
2.0762,0.005364837194783572,0.0001471415452053247
2.07884,0.005423889705882353,0.0001477822587442383
2.08149,0.005400952691453943,0.0001475630315047358
2.08413,0.005584519769700333,0.0001532806426526644
2.08677,0.004982606270810212,0.0001362388283297739
2.08942,0.00424725291342952,0.00011978630602081
2.09206,0.005218701859045504,0.0001434245900506246
2.0947,0.005455104189789123,0.0001495005436740143
2.09735,0.004364916134850164,0.0001218680340939373
2.09999,0.00527237493063263,0.0001448321257026348
2.10263,0.004408938263041067,0.0001243027632182785
2.10528,0.005569732033851279,0.0001504906404784333
2.10792,0.005105243756936739,0.000141463945601509
2.11057,0.004704443465593782,0.0001316568328359389
2.11321,0.005202762694228634,0.0001475721350602036
2.11585,0.004516380549389568,0.0001318116585036954
2.1185,0.006103411348501664,0.0001709852798191476
2.12114,0.002539848571032184,7.787772249657379e-05
2.12378,0.005316962472253053,0.0001521116984746555
2.12643,0.005442033296337401,0.0001575446204301481
2.12907,0.004729278163152051,0.0001408622992388778
2.13172,0.005215570338512766,0.0001536234989980051
2.13436,0.004940310141509432,0.0001477657709005298
2.137,0.00477639518590455,0.000142594056620638
2.13965,0.005324459350721421,0.0001589751243057919
2.14229,0.005329575541065485,0.0001588278742247789
2.14493,0.00582374458934517,0.0001736638795225807
2.14758,0.005439187916204219,0.0001645006024320339
2.15022,0.002743933060488344,8.61672328065495e-05
2.15287,0.00549412000554939,0.0001665039227442047
2.15551,0.005414687430632629,0.000163532455613145
2.15815,0.005690963998335183,0.0001721719850316655
2.1608,0.004081943881798005,0.0001271541984377122
2.16344,0.004458763318534962,0.0001370796083391675
2.16608,0.005539964275804662,0.0001672984280865044
2.16873,0.004250221906215319,0.0001295254451517705
2.17137,0.003998402330743618,0.0001208843844286718
2.17402,0.004570939511653716,0.0001356873511613295
2.17666,0.006654863415649282,0.0001911312540005443
2.1793,0.003930962472253053,0.0001175422942294138
2.18195,0.003368643937291901,0.0001013606047740381
2.18459,0.003942964345172029,0.0001171813964194403
2.18723,0.004048742438956715,0.0001201616204699553
2.18988,0.004258771781354052,0.0001253411892027316
2.19252,0.005141512624861265,0.0001484402791682366
2.19516,0.003831360432852387,0.0001129242227145109
2.19781,0.006065459975027747,0.0001729722058309039
2.20045,0.004392012486126527,0.0001279022427543336
2.2031,0.005556505480022199,0.0001591063180239436
2.20574,0.00436593250554939,0.0001271604429755743
2.20838,0.006086860987791343,0.0001723566599041981
2.21103,0.004407367924528304,0.0001286847814847463
2.21367,0.004754211293007771,0.0001382753903658537
2.21631,0.004371561459489455,0.0001278776380699599
2.21896,0.004071738970588236,0.0001187074009190817
2.2216,0.004333578038290788,0.0001253252650071283
2.22425,0.004564223224195343,0.0001323215876222426
2.22689,0.004223631451165371,0.0001231385433559835
2.22953,0.003816790163706993,0.0001113054428937334
2.23218,0.005128597391786904,0.0001482484851937976
2.23482,0.004443304869589344,0.0001286687038805046
2.23746,0.005898468437846836,0.0001686271782854516
2.24011,0.003897550430077694,0.0001142276865802852
2.24275,0.005275101276359601,0.0001522714506089045
2.2454,0.003931248612652609,0.0001154185822586046
2.24804,0.005343758948390678,0.0001537523891847669
2.25068,0.004554288429522752,0.0001328180192706988
2.25333,0.003664881659267484,0.000107951481562462
2.25597,0.005308254647613763,0.0001527559598936057
2.25861,0.004518443049389568,0.0001316463625910782
2.26126,0.003896737791342952,0.0001151332041559416
2.2639,0.004463918423973364,0.0001299065534870457
2.26655,0.003552975582685903,0.0001055646965826103
2.26919,0.003809725929522751,0.0001139623728531219
2.27183,0.002687858698668146,8.073185423273308e-05
2.27448,0.003311541759156493,9.857150831312972e-05
2.27712,0.004752480715871254,0.0001374218530426587
2.27976,0.004887955604883463,0.0001435959702461973
2.28241,0.003983729051054385,0.0001180151151665873
2.28505,0.004613956714761373,0.0001340590825976572
2.28769,0.003044423973362933,9.114318703564291e-05
2.29034,0.004219520185904553,0.0001224386765997639
2.29298,0.00597229723917869,0.0001703612942210925
2.29563,0.00292038325471698,8.73078698528531e-05
2.29827,0.003357937708102109,9.991306593886495e-05
2.30091,0.004284762486126529,0.0001274590398200126
2.30356,0.003417166481687014,0.0001006535957587221
2.3062,0.003675837402885682,0.0001095135666903676
2.30884,0.004535613762486127,0.0001318512502091787
2.31149,0.004061463096559376,0.0001205951442638357
2.31413,0.003988952830188682,0.0001177720778329337
2.31678,0.003598048418423973,0.0001072711295816288
2.31942,0.003818912180910101,0.0001135382818388579
2.32206,0.004640663915094339,0.0001339098564143119
2.32471,0.004457163221420648,0.000130979252900378
2.32735,0.004084031562153166,0.0001208953746338935
2.32999,0.005073882769145394,0.0001467804484421298
2.33264,0.005190600582685907,0.0001523924145402977
2.33528,0.002631974334073251,7.864675325361242e-05
2.33793,0.005264083726415095,0.0001527357773830535
2.34057,0.003841537874583796,0.0001133575099966106
2.34321,0.004167245768590455,0.0001226290989961846
2.34586,0.004651475443951164,0.0001373630802710307
2.3485,0.004140408088235294,0.0001218117644482473
2.35114,0.004943549250832409,0.0001434208387795643
2.35379,0.002357989178690342,7.144771640944626e-05
2.35643,0.004257105299667039,0.0001244621420976032
2.35908,0.003250271087680355,9.812066404271253e-05
2.36172,0.004081259433962264,0.0001203451360454526
2.36436,0.00278603232519423,8.411600007643642e-05
2.36701,0.003602942563817977,0.0001064464480101796
2.36965,0.00416574639289678,0.0001222432996255857
2.37229,0.003500490566037739,0.0001044080015556822
2.37494,0.003776673279689232,0.0001119300869869716
2.37758,0.00373663651498335,0.0001123170274944791
2.38022,0.004311829078801332,0.0001252925252391458
2.38287,0.004236512347391787,0.0001259832718380948
2.38551,0.00246706360987791,7.411240631714608e-05
2.38816,0.00459893091009989,0.00013484840324132
2.3908,0.00279366884017758,8.480145966180991e-05
2.39344,0.006279479259156494,0.0001784327051005827
2.39609,0.003427723917869036,0.0001027263051946862
2.39873,0.00374647974472808,0.0001106096100081742
2.40137,0.002771713859600443,8.395516452389683e-05
2.40402,0.004334450194228634,0.0001255093309403306
2.40666,0.004304510751942286,0.0001263584903859235
2.40931,0.004876473362930079,0.0001420842743418999
2.41195,0.003124124375693674,9.321893049849291e-05
2.41459,0.003835572419533852,0.0001141141764791869
2.41724,0.0036586804245283,0.0001080315550015384
2.41988,0.003836254578246396,0.0001137763154295499
2.42252,0.003389561945061044,0.0001016508850027121
2.42517,0.003475175152608213,0.0001028500960969356
2.42781,0.002089539123196448,6.437190770308928e-05
2.43046,0.003845740704772474,0.0001134876496645092
2.4331,0.004012523931742512,0.0001185950134265209
2.43574,0.005057369034406216,0.0001464525596806295
2.43839,0.004247648931742508,0.0001254897461932587
2.44103,0.0033592333518313,0.0001004735303972548
2.44367,0.003019136029411766,9.067905468437155e-05
2.44632,0.003766479814095449,0.0001119388031964184
2.44896,0.004002554800221977,0.000117934490239557
2.45161,0.002617562014428415,7.920061827860254e-05
2.45425,0.00500718458657048,0.0001460550770849656
2.45689,0.003539206506659267,0.0001046797879931835
2.45954,0.003371768590455053,0.0001013968014048456
2.46218,0.002456332200332964,7.493974936232548e-05
2.46482,0.002084123057713651,6.343998307417014e-05
2.46747,0.004031031492785796,0.0001186499099931393
2.47011,0.004516680424528301,0.000133191544326683
2.47275,0.003080099958379579,9.35345511367455e-05
2.4754,0.004282853357380685,0.0001251630726917034
2.47804,0.003290529897336292,9.867120496499686e-05
2.48069,0.002194863970588236,6.732340780560357e-05
2.48333,0.004021524764150941,0.0001199255959949248
2.48597,0.003092951096004439,9.364317916323897e-05
2.48862,0.002973605369034405,8.945990688626033e-05
2.49126,0.003544400527192009,0.0001067648006773101
2.4939,0.004423133115982241,0.000129381881112985
2.49655,0.00405860169256382,0.0001206360249221588
2.49919,0.003298821101553827,9.882733353581857e-05
2.50184,0.0038548788845727,0.0001143654053933688
2.50448,0.003404592327968922,0.0001023484386766895
2.50712,0.003813017688679244,0.0001141212523386573
2.50977,0.003009432436182022,9.072541373430098e-05
2.51241,0.003237122364039955,9.703372185607985e-05
2.51505,0.003360650319089903,0.000101254987998137
2.5177,0.002881710807436185,8.790276350712014e-05
2.52034,0.002268727108768036,6.931051568938547e-05
2.52299,0.0031093480854606,9.425260133347388e-05
2.52563,0.003170257075471699,9.569181352079418e-05
2.52827,0.00418383504439512,0.0001241243127371865
2.53092,0.002919286764705883,8.839529584365117e-05
2.53356,0.002827653163152056,8.534732139054771e-05
2.5362,0.002973545851831298,9.049397586966069e-05
2.53885,0.00362960627081021,0.000108551452140072
2.54149,0.00199617036625971,6.171962110610905e-05
2.54414,0.005373620560488348,0.0001563094610205952
2.54678,0.00385794402053274,0.0001152445185548108
2.54942,0.003885898793007771,0.0001158630864528591
2.55207,0.004178714275804662,0.0001238560387676552
2.55471,0.003092827483351831,9.348888081750082e-05
2.55735,0.00317941585738069,9.635882610582391e-05
2.56,0.002961402053274138,9.046729796695538e-05
2.56264,0.005068205743618203,0.0001494979313461959
2.56529,0.003473355299667037,0.0001036619109965205
2.56793,0.003144561667591566,9.538870183566007e-05
2.57057,0.0034603599472808,0.0001037310105340623
2.57322,0.004941319644839064,0.0001451247438394136
2.57586,0.005020997155937849,0.0001463918911673516
2.5785,0.004302775596559379,0.0001272296249461228
2.58115,0.003801398099334074,0.0001147982579212377
2.58379,0.002282010890677026,7.040741632632574e-05
2.58643,0.003107441245837957,9.425794704295089e-05
2.58908,0.002990826442841289,9.083176803571939e-05
2.59172,0.002566397821864596,7.864570676542424e-05
2.59437,0.003476534891786902,0.0001052292632665541
2.59701,0.00380158122918979,0.0001133989494924814
2.59965,0.002733048279689238,8.335471068899747e-05
2.6023,0.003237632838512763,9.805151376929244e-05
2.60494,0.00452979710044395,0.000134546491728581
2.60758,0.003251328662597114,9.97352119272696e-05
2.61023,0.004131288221420643,0.0001233357854711488
2.61287,0.003382857103218647,0.0001025798054803694
2.61552,0.004012198876248613,0.000120473820555044
2.61816,0.002856915024972255,8.723787237425036e-05
2.6208,0.004008133393451721,0.0001194933036250205
2.62345,0.002961482172586018,9.053659958538978e-05
2.62609,0.00308837056048835,9.434770306101724e-05
2.62873,0.003353448737513875,0.0001018117786821595
2.63138,0.004293955604883465,0.0001278591142104179
2.63402,0.003310495629855719,0.0001004804326033461
2.63667,0.004042950957269698,0.0001211698385695134
2.63931,0.002857578870699223,8.823438565843278e-05
2.64195,0.003605549875138734,0.0001089185856363039
2.6446,0.002717205258046614,8.282026115390576e-05
2.64724,0.002612782325194231,8.007570357964475e-05
2.64988,0.004061682852386238,0.0001223491220302382
2.65253,0.003048906076581576,9.364291608086866e-05
2.65517,0.003791564026082131,0.000114166086284186
2.65782,0.003404113901220867,0.00010319681486129
2.66046,0.00303581458102109,9.285765165357762e-05
2.6631,0.004092828662597114,0.0001224158504342491
2.66575,0.003834984114872366,0.0001146166293668326
2.66839,0.00303307907880133,9.337192608923198e-05
2.67103,0.005176300430077692,0.0001555044633115839
2.67368,0.001965088651498335,6.36987955468097e-05
2.67632,0.003202863346281907,0.0001028826864569022
2.67896,0.003998326789678136,0.0001257101520083855
2.68161,0.004217764428412873,0.0001351819541277715
2.68425,0.00306555715871254,0.0001013633579717865
2.6869,0.002189498265815763,7.34326482870414e-05
2.68954,0.003862659614317423,0.000125988997954347
2.69218,0.004903034059378468,0.0001572419388146438
2.69483,0.003485709697558271,0.0001167418255322333
2.69747,0.001524958934517206,5.310681930366928e-05
2.70011,0.003388618826304107,0.000112253973251998
2.70276,0.004167026012763596,0.0001400137014806663
2.7054,0.003379549320199779,0.0001141623441464026
2.70805,0.003201643243618202,0.0001099105658641429
2.71069,0.00362004918146504,0.0001221425292824941
2.71333,0.003031973432297449,0.0001049790402886043
2.71598,0.003674287666481687,0.0001270477587327252
2.71862,0.003083327622086571,0.0001083295918162564
2.72126,0.005414307436182019,0.0001824454415960386
2.72391,0.002738512416759153,9.661798743923549e-05
2.72655,0.00304174112097669,0.0001050490987908002
2.7292,0.004589014428412874,0.0001519080900282079
2.73184,0.004613450818534959,0.0001505716514786535
2.73448,0.002834584628190898,9.522000253634914e-05
2.73713,0.004338213512763596,0.0001392541506952965
2.73977,0.003829430701997779,0.0001255990114871446
2.74241,0.00369746274972253,0.0001202687763451874
2.74506,0.003549049736403993,0.0001144907313089679
2.7477,0.003441646365149836,0.0001119700725503935
2.75035,0.003103055285793564,0.0001003079493200485
2.75299,0.00328009836293008,0.0001067388082598235
2.75563,0.001518231201442844,5.027649131577902e-05
2.75828,0.004260113207547172,0.0001339252503908114
2.76092,0.002748206853496114,9.006586418911022e-05
2.76356,0.002386296476137627,7.768446256163377e-05
2.76621,0.002517145047169813,8.172014239670633e-05
2.76885,0.003356223154827969,0.0001077281277343678
2.77149,0.002900486195893453,9.345739633405415e-05
2.77414,0.003094713720865705,9.946855290203849e-05
2.77678,0.00240460488346282,7.769009048650359e-05
2.77943,0.002562819922308547,8.25436802025846e-05
2.78207,0.003191898446170922,0.0001021530711846531
2.78471,0.002894234600443953,9.359966123183033e-05
2.78736,0.003572201928412876,0.0001133599049115748
2.79,0.002423986889567146,7.791518315314811e-05
2.79264,0.00303328509988901,9.708720187824652e-05
2.79529,0.003591931881243062,0.0001135021294632841
2.79793,0.002907852594339625,9.279636044015603e-05
2.80058,0.002038269630965592,6.56515701392989e-05
2.80322,0.005126887416759154,0.0001579682991304658
2.80586,0.004377430771365149,0.0001366671767519915
2.80851,0.003747605993340729,0.0001173368590275225
2.81115,0.002315585460599337,7.424068535874616e-05
2.81379,0.002870878676470586,9.129724217282801e-05
2.81644,0.004037239594894558,0.0001263912670033396
2.81908,0.003145504786348502,9.954808438690937e-05
2.82173,0.004187344270255274,0.0001298865460058559
2.82437,0.00327144089900111,0.0001027192179303513
2.82701,0.002302477941176473,7.370164961044251e-05
2.82966,0.003499481062708103,0.0001103088924231376
2.8323,0.00160361778579356,5.183657663886129e-05
2.83494,0.001982662250277473,6.392379847872614e-05
2.83759,0.00426555216426193,0.0001305753368665447
2.84023,0.00298538519700333,9.436785140271248e-05
2.84288,0.003672129023307438,0.0001154268714795353
2.84552,0.001158552719200886,3.749004377307093e-05
2.84816,0.003355911834073251,0.0001062229322575279
2.85081,0.002772043493340732,8.804844409854679e-05
2.85345,0.003270541273584905,0.0001026636498650617
2.85609,0.002307488831853498,7.373163429578806e-05
2.85874,0.003391553482241956,0.0001061466054181086
2.86138,0.002698113970588235,8.625663627869543e-05
2.86402,0.002231066453940064,7.170569523792378e-05
2.86667,0.004082049181465041,0.0001264972816808483
2.86931,0.004211691384572695,0.0001299488045549004
2.87196,0.002510511168146504,7.952491512183441e-05
2.8746,0.002670159198113207,8.56620573334065e-05
2.87724,0.002999744866814653,9.499121179614841e-05
2.87989,0.003975978079911209,0.000123629229928383
2.88253,0.003312693188124308,0.0001041601138542722
2.88517,0.004830260543840179,0.0001485962591191857
2.88782,0.001689544603218644,5.515865155074121e-05
2.89046,0.003633996809100998,0.0001123573017123638
2.89311,0.0028473464900111,9.083680590920518e-05
2.89575,0.00288951900665927,9.182945532140985e-05
2.89839,0.003514275665926745,0.0001091129360041682
2.90104,0.00363791578801332,0.0001140018854929917
2.90368,0.002648428551609322,8.351970787720975e-05
2.90632,0.002862573737513874,9.066833381464156e-05
2.90897,0.004146259087125416,0.0001289355360286813
2.91161,0.003292976970033299,0.0001034779551496801
2.91426,0.002419733698668144,7.688341711172708e-05
2.9169,0.002268276151498335,7.31771098893424e-05
2.91954,0.003833535099889014,0.0001195989892827883
2.92219,0.002398454009433963,7.562747404470631e-05
2.92483,0.002973399347946724,9.387452228827359e-05
2.92747,0.00289970789400666,9.140152824775958e-05
2.93012,0.003373155799112096,0.0001066413709134975
2.93276,0.002181955604883466,6.991884425315413e-05
2.93541,0.001663828593229741,5.343408418693031e-05
2.93805,0.004291938887347391,0.000131625461000875
2.94069,0.003368845380133184,0.0001049692182519675
2.94334,0.002740655036071033,8.753179812122129e-05
2.94598,0.001591325194228638,5.096948520501385e-05
2.94862,0.003866237513873476,0.0001204480561618233
2.95127,0.00419486175083241,0.0001298291783329232
2.95391,0.00259104938956715,8.219142687314583e-05
2.95655,0.003530963374028859,0.0001098440057420846
2.9592,0.001790618548834627,5.702108164421086e-05
2.96184,0.004024944714206436,0.0001248706180553361
2.96449,0.002583504439511655,8.298382532829337e-05
2.96713,0.003792152330743617,0.0001176478514926645
2.96977,0.00401314657325194,0.0001245284894584218
2.97242,0.003611581714761376,0.0001123601175134554
2.97506,0.002221163706992235,7.186309847500625e-05
2.9777,0.003961426123751386,0.0001225616076762957
2.98035,0.002806380341287458,8.856843737760302e-05
2.98299,0.001831094825194229,5.944055125178283e-05
2.98564,0.003820175776914539,0.0001181581250343861
2.98828,0.003283934933407326,0.0001031483794847272
2.99092,0.003408985155382906,0.0001060350752554268
2.99357,0.003749503676470589,0.0001166462575796381
2.99621,0.004643630618756937,0.0001426871917853156
2.99885,0.003693047031076581,0.0001149441303672065
3.0015,0.003086555285793563,9.714969945599698e-05
3.00414,0.003553177025527194,0.0001110678604624776
3.00679,0.003668157394561599,0.0001139566666843279
3.00943,0.002567892619311877,8.194118499589025e-05
3.01207,0.001974934170366259,6.302361203482402e-05
3.01472,0.002764178066037736,8.793049104304862e-05
3.01736,0.004515908990011098,0.0001387536157832894
3.02,0.003674138873473921,0.0001142014427009041
3.02265,0.002613812430632631,8.287063807394875e-05
3.02529,0.004311229328523862,0.0001319502694756328
3.02794,0.002547384364594894,8.113580840663634e-05
3.03058,0.003419659336847946,0.0001063836730582292
3.03322,0.002371295851831297,7.582472559594324e-05
3.03587,0.002913678412874582,9.186120961799429e-05
3.03851,0.003168670713096558,9.83960016200483e-05
3.04115,0.002689696864594894,8.503500436080408e-05
3.0438,0.002136548557158713,6.811163453157688e-05
3.04644,0.00222824167591565,7.061106357971165e-05
3.04908,0.003670151220865703,0.0001142198734849097
3.05173,0.003087358768035517,9.653651563677431e-05
3.05437,0.002537582339067705,8.040483382658478e-05
3.05702,0.002431648584905662,7.674858653073288e-05
3.05966,0.002566372641509434,7.998136004954083e-05
3.0623,0.002371829217536074,7.526644048051313e-05
3.06495,0.002542588651498336,7.990473448122082e-05
3.06759,0.002576195269145392,8.102010703354885e-05
3.07023,0.001914604328523862,6.123001876147827e-05
3.07288,0.00363392584628191,0.0001123462819128495
3.07552,0.003301854189789123,0.0001031534015052738
3.07817,0.002452193465593783,7.789455218751394e-05
3.08081,0.002239254647613763,7.073729495075566e-05
3.08345,0.004509178967813545,0.0001369496463318419
3.0861,0.002845007006104328,8.888031953868553e-05
3.08874,0.002709738138179798,8.494368010806808e-05
3.09138,0.003099415579911211,9.664511274817003e-05
3.09403,0.003149030036071031,9.806366923971643e-05
3.09667,0.002528073321309656,8.030604795127972e-05
3.09932,0.002713618201997781,8.449269622225905e-05
3.10196,0.001803039331298559,5.760283265535633e-05
3.1046,0.004043072280799111,0.0001234006887478297
3.10725,0.003538522058823531,0.0001092070049784787
3.10989,0.004003845865704774,0.0001230736886788736
3.11253,0.004076999375693675,0.0001244048331807376
3.11518,0.003678190621531632,0.0001134025462372332
3.11782,0.002070342536071031,6.557159766139763e-05
3.12047,0.002480867022752495,7.797441960071203e-05
3.12311,0.002009737999445059,6.41487669683364e-05
3.12575,0.002757544187014431,8.60357612324125e-05
3.1284,0.003687527955049948,0.0001138724169316201
3.13104,0.001753518729189791,5.613501215922116e-05
3.13368,0.002780737583240845,8.798192605439142e-05
3.13633,0.002755481687014426,8.613260333571298e-05
3.13897,0.002866712472253051,8.935056170050795e-05
3.14161,0.00274774673973363,8.674723762298193e-05
3.14426,0.003075132561043286,9.672897504536659e-05
3.1469,0.002378490566037738,7.525987370347196e-05
3.14955,0.004906575332963375,0.0001479175934894816
3.15219,0.003763279619866815,0.0001154682318755878
3.15483,0.002343711917314095,7.39223224708747e-05
3.15748,0.003944337819089899,0.0001209398588716854
3.16012,0.003223412805216426,0.0001002553775035517
3.16276,0.003790524764150944,0.0001170461199344613
3.16541,0.002446063193673694,7.759883006466191e-05
3.16805,0.002434750346836849,7.67846502937923e-05
3.1707,0.002676571032186458,8.421938735610897e-05
3.17334,0.002679267619311878,8.37269802039123e-05
3.17598,0.003221673071587125,0.00010040440719605
3.17863,0.001739916759156493,5.558072679714078e-05
3.18127,0.003382829633740292,0.0001046283907403067
3.18391,0.001579522475027744,5.064400687705355e-05
3.18656,0.00290334988901221,9.038005496472208e-05
3.1892,0.003310271295782463,0.0001033602073826569
3.19185,0.003777103634850168,0.0001159199321177709
3.19449,0.002887371809100997,9.020570112643184e-05
3.19713,0.003556162042175363,0.0001098888161115242
3.19978,0.003242192771920093,0.0001000936304565244
3.20242,0.003156597877358491,9.779608412762533e-05
3.20506,0.004004338027192006,0.0001217318798454936
3.20771,0.002695334975027746,8.396987164793038e-05
3.21035,0.001848139636514983,5.862238255702997e-05
3.213,0.002640899625416206,8.240386423675e-05
3.21564,0.004006302094894563,0.0001203463934528847
3.21828,0.003505625069367369,0.0001073072313590092
3.22093,0.003612460738068813,0.000110415338587924
3.22357,0.0036131131381798,0.0001107416271169311
3.22621,0.002239220310765818,7.00590307390931e-05
3.22886,0.002843585460599335,8.782606776987787e-05
3.2315,0.002176855438401776,7.028023388023103e-05
3.23414,0.003496997364039959,0.0001119509847606169
3.23679,0.002398181603773589,7.899366350959779e-05
3.23943,0.003117261584350719,0.0001021299868339688
3.24208,0.001947961431742508,6.637712760575762e-05
3.24472,0.002476622988346281,8.442464449311162e-05
3.24736,0.003073944506104328,0.0001030938544110111
3.25001,0.002294207339067706,7.938301798796995e-05
3.25265,0.002715863831853493,9.44816740863278e-05
3.25529,0.003473263734739181,0.0001203244633824188
3.25794,0.00324073460044395,0.0001118740330706789
3.26058,0.003035253745837958,0.0001059185190636718
3.26323,0.004203207894006657,0.0001438788096234763
3.26587,0.003230092466703662,0.0001137888500461196
3.26851,0.0052499003190899,0.0001801728828401259
3.27116,0.002144045435627084,7.77013872230655e-05
3.2738,0.004988979189789124,0.0001720832350833796
3.27644,0.002734721628745837,9.933543254341132e-05
3.27909,0.001991587541620419,7.396301691788036e-05
3.28173,0.002786645810210878,0.0001011167907935711
3.28438,0.004150303967813541,0.000149834946075735
3.28702,0.004753359739178689,0.0001638535473882999
3.28966,0.003740241884017758,0.0001300126471789135
3.29231,0.004113508601553832,0.0001398116750350594
3.29495,0.002748096975582687,9.505296811401073e-05
3.29759,0.003394522475027747,0.0001153860254741541
3.30024,0.001829895324639291,6.374281684167961e-05
3.30288,0.002963617924528302,0.0001008423221027284
3.30553,0.003642983906770253,0.0001217303476188445
3.30817,0.002353108768035515,8.041951693065201e-05
3.31081,0.00393392688679245,0.0001306992488425389
3.31346,0.004302313193673698,0.0001420350388345182
3.3161,0.002969796268035517,9.96997092865143e-05
3.31874,0.004048449431187568,0.0001337998909327836
3.32139,0.002196379370144285,7.468648893075796e-05
3.32403,0.003652387624861263,0.0001212756602712041
3.32667,0.002633588165926747,8.818497779852635e-05
3.32932,0.003110357588790236,0.0001033591107492374
3.33196,0.00252833428135405,8.55630206716156e-05
3.33461,0.003510308615427303,0.0001162332329157302
3.33725,0.002251187846836848,7.612037244092709e-05
3.33989,0.00263160349611543,8.817296968961589e-05
3.34254,0.002904872155937846,9.563952205869747e-05
3.34518,0.002444520324639286,8.194768128462978e-05
3.34782,0.004142129508879024,0.0001337234910926409
3.35047,0.002853913984461712,9.39858602190081e-05
3.35311,0.00140102351553829,4.754271697283209e-05
3.35576,0.001751119728079912,5.922744545686933e-05
3.3584,0.003171426817425085,0.0001037559837779058
3.36104,0.003147869450610433,0.0001028165802095872
3.36369,0.003217026151498333,0.0001058666644355655
3.36633,0.001652387555493897,5.56181350740453e-05
3.36897,0.002930034198113207,9.652152115019878e-05
3.37162,0.001883543215871255,6.243906048494687e-05
3.37426,0.002876846420643727,9.484626580606785e-05
3.37691,0.002200302927302994,7.353791234727867e-05
3.37955,0.00233034801609323,7.697105072805733e-05
3.38219,0.004365618895671475,0.000138521551038602
3.38484,0.001938054106548277,6.452396569120508e-05
3.38748,0.00298690746392897,9.764420445099811e-05
3.39012,0.004023076789678137,0.0001297965548500196
3.39277,0.004471108559933403,0.0001418532609671874
3.39541,0.00197535307991121,6.555742905496188e-05
3.39806,0.002780591079356271,9.160419446784553e-05
3.4007,0.001202373404550498,4.083849745252058e-05
3.40334,0.002680940968368481,8.833483162308547e-05
3.40599,0.004547233351831297,0.0001443233821827448
3.40863,0.002718626803551607,8.863755130468953e-05
3.41127,0.001565771711986684,5.255720523869706e-05
3.41392,0.001987059655937846,6.605044699760841e-05
3.41656,0.003299864941731408,0.0001069728170098321
3.41921,0.002251432783018868,7.453656120261271e-05
3.42185,0.001405764289678139,4.713355228783038e-05
3.42449,0.001919876179245283,6.419956162637915e-05
3.42714,0.002522048349056605,8.2278450529265e-05
3.42978,0.004615682713651498,0.0001458302691481403
3.43242,0.002787691939511656,9.14073044964972e-05
3.43507,0.002791224056603775,9.144545849914458e-05
3.43771,0.002874122364039953,9.388734442310185e-05
3.44035,0.002695573043840175,8.786257712811329e-05
3.443,0.002776752219755828,9.077474191903805e-05
3.44564,0.003647690344062156,0.0001173073826603534
3.44829,0.002262979120421753,7.389868114061791e-05
3.45093,0.003869664331298558,0.0001231859873294072
3.45357,0.003159138804106546,0.0001018000417413731
3.45622,0.002724683823529411,8.86531794009145e-05
3.45886,0.00243549889012209,8.011664733245065e-05
3.4615,0.003025286903440623,9.69270106109162e-05
3.46415,0.002874429106548281,9.283461569452076e-05
3.46679,0.002673995768590454,8.68006777259694e-05
3.46944,0.003117160862930076,0.0001005332256930626
3.47208,0.003324447835738066,0.0001065745933833743
3.47472,0.004206277608213096,0.0001325344514234486
3.47737,0.002215443188124307,7.218553008811041e-05
3.48001,0.003081194159267484,9.826735134484284e-05
3.48265,0.002354752358490567,7.612348353187462e-05
3.4853,0.002187682991120976,7.114115918272207e-05
3.48794,0.002333422308546062,7.619074012527158e-05
3.49059,0.002451719617092117,7.980294810949007e-05
3.49323,0.002573205674250834,8.239989502092609e-05
3.49587,0.001903611958934518,6.160639167035266e-05
3.49852,0.003456150249722532,0.000110012530628679
3.50116,0.003368014428412879,0.0001074282415334921
3.5038,0.001637192355715871,5.38833068932217e-05
3.50645,0.003789041412319643,0.0001192939719050711
3.50909,0.003350710946170923,0.0001064498009619462
3.51174,0.00231203731964484,7.476653092699846e-05
3.51438,0.004107485918423974,0.0001294078174622647
3.51702,0.003956829564372919,0.0001237352697369565
3.51967,0.00322976054384018,0.0001032693404887754
3.52231,0.002031438887347393,6.61730753902108e-05
3.52495,0.0025575,8.310890860343906e-05
3.5276,0.003681127566592678,0.0001156043587353123
3.53024,0.003538137486126524,0.0001114881548684333
3.53288,0.002619132352941174,8.425814318604854e-05
3.53553,0.003688434447835739,0.0001168401864347798
3.53817,0.004307198182574919,0.0001348146647352401
3.54082,0.001999592605438403,6.497224772814411e-05
3.54346,0.004150967813540509,0.0001297466024162385
3.5461,0.004412660377358492,0.0001385490782318786
3.54875,0.003527792938401773,0.0001116907543272015
3.55139,0.003936792869034405,0.0001233317117323851
3.55403,0.00255465690899001,8.256074014947063e-05
3.55668,0.002019501109877914,6.544818900650276e-05
3.55932,0.002627645602108767,8.477388914172457e-05
3.56197,0.002862960599334074,9.152765725758894e-05
3.56461,0.002538136306881245,8.153142185933185e-05
3.56725,0.003530826026637074,0.0001119551867932955
3.5699,0.001606559309100995,5.301502162798761e-05
3.57254,0.002441043146503884,7.820682481890123e-05
3.57518,0.002485195754716979,7.989425274840359e-05
3.57783,0.002742362721975581,8.823173548762676e-05
3.58047,0.001986377497225307,6.486891087610104e-05
3.58312,0.002625212264150942,8.451759414993927e-05
3.58576,0.002907197905105441,9.26977701332387e-05
3.5884,0.004102497918978913,0.0001283718529841405
3.59105,0.001852244034406214,6.049731855724243e-05
3.59369,0.00287059253607103,9.189947586451612e-05
3.59633,0.002085757491675915,6.74820404198293e-05
3.59898,0.00191860800499445,6.234647289872394e-05
3.60162,0.002413912458379576,7.836215355092056e-05
3.60427,0.002616410585460601,8.457250238652362e-05
3.60691,0.001960785099889014,6.372828845352025e-05
3.60955,0.002950954495005547,9.423074830084499e-05
3.6122,0.003087111542730296,9.861153007773563e-05
3.61484,0.00455033740288568,0.0001420572356600336
3.61748,0.002715197697003332,8.675584863507411e-05
3.62013,0.002221065274694784,7.182957309343129e-05
3.62277,0.003246615357935628,0.00010319507892726
3.62541,0.002138995629855715,6.922661468164999e-05
3.62806,0.003786312777469479,0.0001196975171496974
3.6307,0.003664446725860154,0.0001155269216988466
3.63335,0.002443398654273027,7.930047643434558e-05
3.63599,0.00261368652885683,8.416360021494391e-05
3.63863,0.003147230785238622,0.0001001631043675607
3.64128,0.004122539192563821,0.0001288848527173931
3.64392,0.004115534475582689,0.0001286279796371833
3.64656,0.002455450887902331,7.909322990261239e-05
3.64921,0.003282934586570474,0.0001048425578562801
3.65185,0.001011050776914538,3.364791383895379e-05
3.6545,0.001705703523862375,5.575280035057037e-05
3.65714,0.002857707061598225,9.135724554846347e-05
3.65978,0.002594297655382905,8.358929903969512e-05
3.66243,0.003732928135405102,0.0001174853507178094
3.66507,0.001962785793562709,6.394241840421726e-05
3.66771,0.003836220241398445,0.0001204218689642771
3.67036,0.002136168562708104,6.909698925767472e-05
3.673,0.002987063124306327,9.514069302603809e-05
3.67565,0.002187103842952273,7.04705756705223e-05
3.67829,0.002183628953940064,7.041682423695394e-05
3.68093,0.003321091981132076,0.0001055852589320077
3.68358,0.002696200263596005,8.554643157934557e-05
3.68622,0.002241193534961154,7.263252114050397e-05
3.68886,0.002839682505549391,8.982485399321143e-05
3.69151,0.001820846420643732,5.916471003075558e-05
3.69415,0.001817756104328526,5.871995504765104e-05
3.6968,0.002597651220865707,8.21838182296768e-05
3.69944,0.002384353010543841,7.674469371692422e-05
3.70208,0.002465967119866817,7.832618228392074e-05
3.70473,0.001884504647613763,6.087674368313248e-05
3.70737,0.002267973987236401,7.198409549803855e-05
3.71001,0.002833375971143173,8.895189811076598e-05
3.71266,0.00314117605438402,9.84210602535908e-05
3.7153,0.002345886584350723,7.538597557168646e-05
3.71794,0.00320181263873474,0.0001005294052029277
3.72059,0.003265150388457266,0.0001024746701837096
3.72323,0.003030377913429521,9.513541710261147e-05
3.72588,0.003762157949500556,0.0001170734936043363
3.72852,0.001824332755271921,5.871118494525789e-05
3.73116,0.001173242022752498,3.811614155859116e-05
3.73381,0.003552710044395119,0.0001109972790591543
3.73645,0.002562165233074362,8.085534013022365e-05
3.73909,0.003385844408990009,0.000106370404131665
3.74174,0.003246210183129857,0.0001009517210046334
3.74438,0.003466639012208659,0.0001080235509242743
3.74703,0.002817560418978912,8.958621765756799e-05
3.74967,0.003216096767480578,0.0001013191421847013
3.75231,0.002261173002219758,7.141074248488345e-05
3.75496,0.002352161071032188,7.49258921913287e-05
3.7576,0.002303796476137624,7.313722073928112e-05
3.76024,0.002053080258046615,6.601023956269165e-05
3.76289,0.003259516856270808,0.0001017268408262606
3.76553,0.003207201234739178,0.0001005820029495669
3.76818,0.002139856340177584,6.852170901838853e-05
3.77082,0.002292968923418425,7.272908489663744e-05
3.77346,0.002543382977247504,8.081064401970246e-05
3.77611,0.004895541759156491,0.0001485052466442505
3.77875,0.002939362375138736,9.242990583809695e-05
3.78139,0.003093294464483906,9.729216938244618e-05
3.78404,0.002176633393451721,6.961237946546251e-05
3.78668,0.001258367647058825,4.090495152110007e-05
3.78933,0.003312400180355161,0.0001033067753199399
3.79197,0.003124502081021086,0.0001013206030684614
3.79461,0.003978219131520535,0.0001288925390199945
3.79726,0.002641881659267478,8.829884886432498e-05
3.7999,0.003801182921753605,0.0001267668552387684
3.80254,0.001302334836293005,4.596901355629124e-05
3.80519,0.002760499445061044,9.567469832080611e-05
3.80783,0.001230742508324083,4.424147465480213e-05
3.81047,0.004419557505549393,0.0001509614380844761
3.81312,0.00240756243063263,8.728105740865995e-05
3.81576,0.002823262624861265,0.000100934493907186
3.81841,0.00299433795782464,0.0001065922956152598
3.82105,0.002616607450055497,9.582653511183979e-05
3.82369,0.00237092959211987,8.697759818631587e-05
3.82634,0.003645691939511654,0.0001311657325827685
3.82898,0.0026659105854606,9.843136596160323e-05
3.83162,0.003048132352941177,0.0001124263204563291
3.83427,0.003599579841842396,0.0001323853206698267
3.83691,0.003017609184239737,0.0001135932716673193
3.83956,0.003301242993895671,0.0001237074976253175
3.8422,0.002246350929522754,8.635978688714301e-05
3.84484,0.002205409961154274,8.529149888754916e-05
3.84749,0.002805631798002221,0.000104599543242555
3.85013,0.003890252705327416,0.0001385968224408385
3.85277,0.002698942633185351,9.6588889710919e-05
3.85542,0.003649945130410659,0.0001287907362892058
3.85806,0.004436242924528303,0.0001526432137227016
3.86071,0.001837117508324083,6.601992574829017e-05
3.86335,0.002319854675360713,8.193197161585853e-05
3.86599,0.002323842327968927,8.154849152815323e-05
3.86864,0.003904415510543838,0.000132398799303567
3.87128,0.002243430008324086,7.902437628385831e-05
3.87392,0.00105680348224195,3.785619368806655e-05
3.87657,0.00185772648446171,6.550216975044096e-05
3.87921,0.002518406354051055,8.757886862329186e-05
3.88186,0.00278909288290788,9.622398814568364e-05
3.8845,0.003564322766370698,0.0001212119710523701
3.88714,0.002451438054938959,8.431917392066298e-05
3.88979,0.004706334281354051,0.0001564242806310448
3.89243,0.002096674320199778,7.297198918091615e-05
3.89507,0.003051838443396224,0.0001027805478730457
3.89772,0.003905315135960047,0.000129193076636418
3.90036,0.003180336084905662,0.0001062417012865751
3.903,0.001513014289678137,5.217307830770788e-05
3.90565,0.001671636792452831,5.742705530567903e-05
3.90829,0.003699142966148724,0.0001216577837510579
3.91094,0.001723164955604881,5.920049427846857e-05
3.91358,0.003976520602108766,0.000129822097446772
3.91622,0.001414364525527191,4.827641245736278e-05
3.91887,0.003818829772475028,0.0001255422120581984
3.92151,0.002014398654273028,6.783514775996624e-05
3.92415,0.00319222579078801,0.0001049861286150601
3.9268,0.002802266786903439,9.322799011760599e-05
3.92944,0.002817594755826861,9.280963602602212e-05
3.93209,0.002702074153718093,8.94443977945179e-05
3.93473,0.002285520116537184,7.55971585696987e-05
3.93737,0.002785173903995562,9.147240552810291e-05
3.94002,0.003294998265815758,0.0001074290434066664
3.94266,0.003564808060488348,0.0001157116426275499
3.9453,0.003605224819644839,0.0001168189805667968
3.94795,0.001199067910654827,4.067101242572575e-05
3.95059,0.0004330860849056588,1.500717938879897e-05
3.95324,0.00344806735571587,0.0001125397993575315
3.95588,0.002306687638734737,7.674271233748561e-05
3.95852,0.003027097599889012,9.94237464086446e-05
3.96117,0.002553201026637068,8.47894207121578e-05
3.96381,0.003329651012763596,0.0001082131899492182
3.96645,0.003328295851831297,0.0001080226861849275
3.9691,0.002634219963928966,8.680250761261431e-05
3.97174,0.002329578870699225,7.772992028230677e-05
3.97439,0.003525934170366258,0.0001150173814604474
3.97703,0.00152557241953385,5.094293780951714e-05
3.97967,0.003581930701997777,0.0001156896977314139
3.98232,0.003039344408990012,9.896689800175423e-05
3.98496,0.003554742785793563,0.0001149737236242875
3.9876,0.002474109531076581,8.157286774178707e-05
3.99025,0.001934210668701444,6.452417986747589e-05
3.99289,0.003572259156492786,0.0001162980551499739
