0.0431807,66.83632909961155,0.471727807019257
0.0458244,58.0838837264151,0.4239973301076017
0.0484682,50.77491846559379,0.3907259836354723
0.0511119,44.61265375971143,0.3805634963503529
0.0537556,39.23968628607103,0.3344493081315951
0.0563993,34.64917065066593,0.3240917220034775
0.059043,30.88423585738069,0.2855394860695487
0.0616867,27.58255809031632,0.2789076466980164
0.0643304,24.97345095241399,0.259997769676879
0.0669742,22.55755251942286,0.235774994956342
0.0696179,20.28496707061598,0.2274239273483395
0.0722616,18.52398579980578,0.2046087948564049
0.07490529999999999,16.92001471073807,0.1951568520379741
0.07754900000000001,15.39406811112653,0.1837774479826647
0.08019270000000001,14.11839759988901,0.1691783607957451
0.08283649999999999,13.00157898446171,0.1646127546438386
0.08548020000000001,11.91655825887902,0.150122804798053
0.08812390000000001,10.95034124167592,0.1500015947391604
0.0907676,10.09987172447281,0.1422029530236297
0.0934113,9.385659129439512,0.1351112765326097
0.096055,8.596735871254163,0.1303817439284427
0.0986987,7.995390486958936,0.1208976615650853
0.101342,7.400357955049945,0.1161295333839515
0.103986,6.904460710321866,0.1063199895120743
0.10663,6.42145367855161,0.1031309817750854
0.109274,5.919719169672587,0.09790599741506789
0.111917,5.579757477802442,0.09170879427660664
0.114561,5.268236195893452,0.08733059403868071
0.117205,4.856509438817981,0.08180161188026383
0.119848,4.601678888041066,0.07822627021562417
0.122492,4.330933414261931,0.07297948836845214
0.125136,4.018746363762486,0.06961223666744151
0.12778,3.779328319228636,0.06575806070323675
0.130423,3.538987735155383,0.06260062095958395
0.133067,3.313532037319645,0.0595193860257227
0.135711,3.126610386376249,0.05482014629905649
0.138354,2.956902918978912,0.05309634738343447
0.140998,2.781825374583796,0.0500141468520497
0.143642,2.631289680216427,0.04759835392052808
0.146286,2.452183095865705,0.04398089937144882
0.148929,2.34885795782464,0.04213551473773871
0.151573,2.249053079217536,0.04156876740019338
0.154217,2.094144243895672,0.03816332062177705
0.15686,1.972019956298557,0.03644969938940314
0.159504,1.850043591842397,0.03408440645303732
0.162148,1.771031437291898,0.03279113255649554
0.164792,1.666691714067703,0.0315982204995412
0.167435,1.589112253052164,0.02956556142651206
0.170079,1.525203870699223,0.02865374728790348
0.172723,1.403608256104329,0.02642220599523836
0.175366,1.372298155521643,0.02607640506326831
0.17801,1.275259682297447,0.02423968751613698
0.180654,1.203959950055494,0.02289172368804539
0.183298,1.180927090038846,0.02267446005059833
0.185941,1.116229372225305,0.02135670280439788
0.188585,1.067102155937847,0.02051623729309397
0.191229,1.004037155244173,0.01950765045823761
0.193872,0.9576751311043286,0.01855809423151825
0.196516,0.905798357380688,0.01777471297031957
0.19916,0.8849885793562708,0.01732062666622638
0.201804,0.8517594610155383,0.01706066531567454
0.204447,0.7999842099056603,0.01586623876249742
0.207091,0.794588448945616,0.01559106229617215
0.209735,0.7475159267480578,0.01480733040553061
0.212378,0.7035714913984462,0.01408320176383566
0.215022,0.69504711709212,0.01384719814394504
0.217666,0.6638712735849056,0.01341035827992146
0.22031,0.6257698251942287,0.0128812685935854
0.222953,0.614664281354051,0.01245691697327298
0.225597,0.5683257894006659,0.01155456585440652
0.228241,0.553952041481687,0.01142605210229416
0.230885,0.5364070796337403,0.01107651828579857
0.233528,0.5235063138179801,0.0109067033149318
0.236172,0.4921886133462819,0.01031842929285809
0.238816,0.4789974951442842,0.01004568381257365
0.241459,0.4589947475027747,0.009636078296182156
0.244103,0.4445530812985572,0.009259218303456388
0.246747,0.4267209031631521,0.009052137237108493
0.249391,0.4227430937846837,0.008994965956009016
0.252034,0.3962132089345172,0.008576267684015947
0.254678,0.3918352150388458,0.008365592442183436
0.257322,0.3633573321309656,0.007890721356060219
0.259965,0.3608247835738069,0.007808401613765668
0.262609,0.3426709149556049,0.007495319281821593
0.265253,0.3347714026082131,0.00743110614909375
0.267897,0.3248377753884573,0.0071398969752414
0.27054,0.3155010599334073,0.006965842009223531
0.273184,0.3006466419256382,0.006635363506686327
0.275828,0.2924836057158712,0.006490083071588376
0.278471,0.2865458719478358,0.006461538118598861
0.281115,0.2702954321587126,0.006166878929118158
0.283759,0.2718906076581576,0.006188530731246355
0.286403,0.2569861723085461,0.005797215316054039
0.289046,0.2677077615149834,0.006027467648923346
0.29169,0.2559232637347392,0.005789054034661619
0.294334,0.237913266509434,0.005526605840826926
0.296977,0.2385097891231965,0.005516973868748112
0.299621,0.2393743680632631,0.005455287618340523
0.302265,0.2220554113485017,0.005172490173880688
0.304909,0.2198054321587125,0.005099514562796666
0.307552,0.2091335627081021,0.004957024026425285
0.310196,0.20382265954495,0.004819077775507796
0.31284,0.2005932103218646,0.004732726787078451
0.315483,0.1998810412042175,0.004722033558194835
0.318127,0.1924015989872364,0.004559362945903611
0.320771,0.1966889870976692,0.004611080043381947
0.323415,0.1790429009433962,0.004323269411791522
0.326058,0.1698363221420644,0.004130293035192376
0.328702,0.180773615427303,0.004369019462551253
0.331346,0.1651584325055494,0.004038357422930842
0.333989,0.1654280385682576,0.004019007560705701
0.336633,0.1619312472253052,0.003917627780352943
0.339277,0.152675910099889,0.003753362239436885
0.341921,0.1588929397891232,0.003904464551180021
0.344564,0.1550012083102109,0.003795309174666136
0.347208,0.1492241870144284,0.003701425421835389
0.349852,0.1418850291342952,0.003538730513702512
0.352495,0.1472899488762486,0.00363417222379736
0.355139,0.1370482720588235,0.003444255910009071
0.357783,0.136143177927303,0.003432316241109953
0.360427,0.1325679612236404,0.003355887718334546
0.36307,0.1223942210044395,0.003141390008358455
0.365714,0.1319590819228635,0.003319688830185941
0.368358,0.1300094677441732,0.003239066558333909
0.371001,0.1228336456714761,0.003136629881523715
0.373645,0.1244188131243063,0.003165108025727632
0.376289,0.1253965617369589,0.003147816925167561
0.378933,0.1209174549805771,0.003085479609469271
0.381576,0.1136123661209767,0.002897451689674649
0.38422,0.1150202501387348,0.00295154869326262
0.386864,0.1120863221420644,0.002874459859179271
0.389507,0.1099695561875694,0.002852191234395736
0.392151,0.1142819529689234,0.002942494863231526
0.394795,0.1134072835738069,0.002870926555938158
0.397439,0.1059064517896782,0.002747608627454593
0.400082,0.1081584614317425,0.002762740382681956
0.402726,0.1000231922863485,0.002630841592233538
0.40537,0.09608871143174251,0.002553773361041021
0.408013,0.09573275735294119,0.002510082069554111
0.410657,0.09774851345726972,0.002577274916421634
0.413301,0.09733048980299666,0.00253937002753212
0.415945,0.09698905792175361,0.002548937211922271
0.418588,0.08831215475860157,0.002392194735251756
0.421232,0.09234309010821309,0.002452333086798684
0.423876,0.09476740663152053,0.002534937971482413
0.426519,0.09042134600443952,0.002463090623734261
0.429163,0.0887037481964484,0.002502663300202077
0.431807,0.08437652476415095,0.002461045645903969
0.434451,0.08600213186736959,0.002534359066546352
0.437094,0.08317877767758047,0.002536469151777402
0.439738,0.0858578163845727,0.002594978225974238
0.442382,0.08319832450055495,0.002590242987817911
0.445025,0.08193097662319644,0.002558982549194933
0.447669,0.07408626588512764,0.002407017570242997
0.450313,0.07557385030521642,0.002476623262766814
0.452957,0.07348200145671475,0.002394474917396121
0.4556,0.07422274798834627,0.002399441125146473
0.458244,0.07831513942841288,0.00244992802500895
0.460888,0.07407594651775805,0.00237256901303991
0.463531,0.07496834059378468,0.002418618770469235
0.466175,0.07299604120421754,0.002343195515131867
0.468819,0.0700380522336293,0.002328672376510382
0.471463,0.06409568528024417,0.002128103652990727
0.474106,0.06816108109045504,0.002273552460496223
0.47675,0.06426994020532742,0.002177128118140201
0.479394,0.06861457928690344,0.002287190538013561
0.482037,0.06554675818534962,0.002243088284757192
0.484681,0.06992010745005549,0.002226406733619621
0.487325,0.0632464984045505,0.002080416122314012
0.489969,0.06729014296614873,0.002115669976109413
0.492612,0.0656080036764706,0.002080852472939622
0.495256,0.06502390642341842,0.002028260141417835
0.4979,0.06934684003884573,0.002096546022647485
0.500543,0.06058379488068812,0.001896167104967935
0.5031870000000001,0.06320179869589344,0.001936049343712097
0.505831,0.0640883829772475,0.001957035782611534
0.508475,0.06222802857935628,0.001907608892526193
0.511118,0.06365051491398448,0.001909466587526969
0.5137620000000001,0.06227532873196448,0.001883022780115351
0.516406,0.06219947405660377,0.00186160188717791
0.519049,0.05873356298557159,0.00179870513791224
0.521693,0.05411230625693674,0.001673648511354726
0.5243370000000001,0.06184759461709212,0.001836844444599893
0.526981,0.05175093375416205,0.001623733742649474
0.529624,0.05499849223085461,0.001669997942285826
0.532268,0.05916908927580466,0.001764017781631333
0.5349120000000001,0.06109595872641511,0.001784193461458549
0.537555,0.05708563693118756,0.001700859959496485
0.540199,0.05625319728079912,0.001689902801652012
0.542843,0.05183891391509434,0.001586185520057182
0.5454870000000001,0.0559525323945616,0.00166749177218427
0.54813,0.05251051976970034,0.001561266827564437
0.550774,0.05352467917591565,0.001603266937637031
0.553418,0.04988210044395117,0.001509892176930525
0.556061,0.05113007089345172,0.001537521996996449
0.558705,0.05375531520532742,0.001601167788746446
0.561349,0.05287809801609322,0.001543836324230529
0.563993,0.04939726872918979,0.001485588751382867
0.566636,0.05065730743618202,0.001499744920907632
0.56928,0.05147765822697003,0.001527481334964335
0.571924,0.0493507949500555,0.001474327585806683
0.574567,0.05203972038013319,0.001524449490056709
0.577211,0.05156994880688125,0.0015102773194311
0.579855,0.05199543729189789,0.0015013897632002
0.582499,0.05090176976970033,0.001493257873902892
0.5851420000000001,0.04807614248057714,0.00142197713853051
0.587786,0.04819740649278579,0.001438301558040095
0.59043,0.04613113859600444,0.00138196642770707
0.593073,0.04583386390122086,0.001353417602362571
0.5957170000000001,0.04718210939234185,0.001387327918628274
0.598361,0.0483448077136515,0.00141440320400239
0.601005,0.04383008448945616,0.001308667722763995
0.603648,0.04164911549667036,0.001255621798245279
0.6062920000000001,0.04414379051054384,0.001306794833045637
0.608936,0.04686396476137625,0.001361851077506796
0.611579,0.04555972995283019,0.001322048888586126
0.614223,0.0484931177164262,0.001381581797102418
0.6168670000000001,0.04756174445061043,0.001360669355915476
0.619511,0.04513390954495006,0.001302038676643471
0.622154,0.04768651997780245,0.001357550466505128
0.624798,0.04390607880133185,0.001269850817788361
0.6274420000000001,0.04398672003329634,0.001264980608331425
0.630085,0.04279308421198669,0.001248983933955241
0.632729,0.04436110384295228,0.001271456245927769
0.635373,0.04413817758046614,0.001265442938181617
0.6380169999999999,0.04319731360987791,0.001235817555080387
0.64066,0.04035007699778025,0.001185252933458219
0.643304,0.04103317196170922,0.001199564221069211
0.645948,0.04316448529411765,0.001236757222505873
0.6485919999999999,0.04135608483629302,0.001195808067050395
0.651235,0.03969943951165372,0.001170423635818399
0.653879,0.03875173106270811,0.001145998677765214
0.656523,0.03900134850166482,0.001144317124057071
0.659166,0.04186886216703662,0.001205796214815506
0.66181,0.03908883421198668,0.001131406006160628
0.664454,0.04114133074361821,0.001187181503727796
0.667098,0.04091760557713652,0.001185774877376968
0.669741,0.03966031839622641,0.001156817054695928
0.672385,0.03832912229467259,0.001120617996146692
0.675029,0.03909088755549389,0.001129065979967266
0.6776720000000001,0.03951671025249723,0.001134078547187883
0.680316,0.03875904710044395,0.001121959076547878
0.68296,0.04035989046892342,0.001143947161861915
0.685604,0.03772208573806882,0.001099283871975552
0.6882470000000001,0.03796235897613762,0.001095313422351515
0.690891,0.03841424105160932,0.001107075114846502
0.693535,0.03794837701165372,0.001090391445696688
0.696178,0.03572949327136515,0.001044092635842695
0.6988220000000001,0.03765221254162041,0.001088179171443004
0.701466,0.04158635918423974,0.001158020079214036
0.70411,0.03938184655937848,0.001120595315517573
0.706753,0.03709817376526083,0.001058831711189948
0.7093970000000001,0.03657676872918979,0.001053187404532087
0.712041,0.03807099160654828,0.001084657775842632
0.714684,0.03456914130133186,0.001004441671640193
0.717328,0.03453698827691454,0.001003006167673936
0.7199719999999999,0.03472582262763597,0.001006769997419823
0.722616,0.03771291093229745,0.001062679586427514
0.725259,0.03753752518035516,0.001061577975811766
0.727903,0.03493917806603774,0.000993427842705924
0.7305469999999999,0.03857193874861266,0.001083000793547697
0.73319,0.03649579557436182,0.001035799148552113
0.735834,0.03255459843229744,0.0009448337449584473
0.738478,0.03491749549112098,0.0009905619144608541
0.7411219999999999,0.03552687153163153,0.001005940652404102
0.743765,0.03412395033296338,0.0009818572482853264
0.746409,0.03737314782186459,0.001030417737368376
0.749053,0.03638138748612652,0.001021933086469874
0.751696,0.03613939969478357,0.001005574960377406
0.75434,0.03355951206992231,0.0009615597492519434
0.756984,0.03629512645671475,0.001001856641905035
0.759628,0.03356592848224195,0.0009532064351912002
0.762271,0.03679855500832409,0.001016197628465556
0.764915,0.03593167549944506,0.0009924762277199821
0.767559,0.03723581416481687,0.001031316111575358
0.7702020000000001,0.03406450867092119,0.0009516845396795123
0.772846,0.03212156728634851,0.0009096928481143172
0.77549,0.03336110689511654,0.0009429242538343596
0.778134,0.03611967660932297,0.0009862621031674935
0.7807770000000001,0.03453266641231965,0.0009624400801260829
0.783421,0.03460652039400666,0.0009571146764944736
0.786065,0.03547443000832409,0.0009758044029102125
0.788708,0.03574946129300777,0.0009815329611230659
0.7913520000000001,0.03338282609600444,0.0009240065291698304
0.793996,0.03307812548557158,0.0009230784983611142
0.79664,0.0346959541481687,0.0009496011693277861
0.799283,0.03248516474750278,0.000904312151756857
0.8019269999999999,0.0314359222391787,0.000882200204560699
0.804571,0.03358266197280799,0.0009207091860829482
0.807214,0.03272184864039955,0.0009078370491932665
0.809858,0.03151285051331854,0.0008722297899613374
0.8125019999999999,0.03389519367369589,0.0009347217037694364
0.815146,0.03282071358213097,0.000899080171753072
0.817789,0.03385737964761376,0.000921859716029109
0.820433,0.03162671379023307,0.0008807924281374885
0.8230769999999999,0.03217553107658158,0.0008827748407265356
0.82572,0.0339032490982242,0.0009237131485309499
0.828364,0.03212825839345172,0.000880228995863733
0.831008,0.03528221920088791,0.0009474705659329892
0.8336519999999999,0.03169827635960044,0.0008647380651701598
0.836295,0.03071831416481687,0.0008490799665579142
0.838939,0.03165773827691454,0.0008706022901311746
0.841583,0.03212341231964484,0.0008666876948375193
0.844226,0.03273147440344062,0.00089507352273566
0.84687,0.03312157304384018,0.0008907079983987089
0.849514,0.03569595532741399,0.0009407456751053789
0.852158,0.03061660842119867,0.0008434407016418572
0.854801,0.03253253815205328,0.0008633580286036398
0.857445,0.03173900672863485,0.0008602949215116108
0.860089,0.03168552594339623,0.0008502538436794022
0.8627320000000001,0.03440067785793562,0.0009047735216198814
0.865376,0.03214905049944506,0.0008910161314492763
0.86802,0.03196995636792453,0.000881267036020404
0.870664,0.03254696878468369,0.0009067142447582475
0.8733070000000001,0.03092391634295227,0.0008597826559196229
0.875951,0.03437638797169812,0.0009473205858255113
0.878595,0.02973998411487236,0.0008506383834527803
0.881238,0.02887295123473918,0.0008282883013990436
0.8838819999999999,0.03064724375693674,0.0008802585826962039
0.886526,0.03171798571032187,0.0008815435724937106
0.88917,0.03197725180355162,0.000897379445132773
0.891813,0.03075423050776915,0.0008727936503210966
0.8944569999999999,0.03220130202552719,0.0008830503947343726
0.897101,0.03170909475582687,0.000865234116759717
0.899744,0.03029057318257492,0.0008326875678431088
0.902388,0.03378831680077692,0.0008990131554492035
0.9050319999999999,0.02966033636237514,0.0008056570959996881
0.907676,0.03203135065205327,0.0008545000652859732
0.910319,0.02964179217536072,0.0008092656391250194
0.912963,0.03257893639012208,0.0008655140594642935
0.9156069999999999,0.02836748994173141,0.0007811345081406442
0.91825,0.03238319346559378,0.0008477767915526201
0.920894,0.03043826054384018,0.000819300069332401
0.923538,0.03322291710599334,0.0008698216394929688
0.9261819999999999,0.03185090822697004,0.000836087128530449
0.928825,0.02980126394284129,0.000805620366774297
0.931469,0.03181131326304107,0.0008351700359373816
0.934113,0.03403224576859045,0.0008863648280006697
0.936756,0.03164748758324085,0.0008245296891852305
0.9394,0.03153513512763596,0.0008255351555209483
0.942044,0.0324946920782464,0.0008385199345318003
0.944688,0.03179886272197559,0.0008285429547600412
0.947331,0.03111619582408435,0.0008168331423778234
0.949975,0.03038827067147614,0.0007956499078920816
0.952619,0.02959195796337403,0.0007822826413938033
0.9552619999999999,0.03129213096559379,0.0008146132577299574
0.957906,0.03203157498612653,0.0008275637545259789
0.96055,0.03008213935904551,0.000793781178210679
0.963194,0.03120845664539401,0.0007964091078706039
0.9658369999999999,0.03102323224195339,0.0008072889648292749
0.968481,0.0324730896226415,0.0008278715010702521
0.971125,0.02856938145116537,0.0007486332703546031
0.973768,0.029623046545505,0.0007679380109943075
0.9764119999999999,0.03231590697835738,0.0008129986206932557
0.979056,0.03280033580743618,0.0008292283998209364
0.9817,0.02862432498612653,0.0007452863796961729
0.984343,0.03101163783296338,0.0007860980394544281
0.9869869999999999,0.02973913485016648,0.0007590722812786098
0.989631,0.029873378190899,0.0007722836165514548
0.992274,0.0328825679800222,0.0008507378530025145
0.994918,0.02977219665649278,0.0007883856780663128
0.9975619999999999,0.03090232075471698,0.0008190269312167876
1.00021,0.02978208337957825,0.0008034182268416983
1.00285,0.02857333476692564,0.0007756335792034971
1.00549,0.02880657581853496,0.0007967550886570929
1.00814,0.03062085474472808,0.0008270363228966577
1.01078,0.03137922752497226,0.0008473899425968558
1.01342,0.0293692926609323,0.0008109275164950677
1.01607,0.02845072475027747,0.0008003108760141687
1.01871,0.03009626782741398,0.0008285022133330839
1.02136,0.03158005230299667,0.0008632793167481466
1.024,0.03025517647058823,0.0008438547891860021
1.02664,0.03060191225027747,0.0008521718665447677
1.02929,0.03144730375971144,0.0008729038430151255
1.03193,0.02895258983074362,0.0008185523183906607
1.03457,0.02855889726692564,0.0008086338821587557
1.03722,0.02796585869866815,0.0008053354738675903
1.03986,0.02954771836847947,0.0008311799146462285
1.04251,0.02957613325471698,0.0008388444143547359
1.04515,0.03057258629300778,0.0008445702391492681
1.04779,0.02707104959766926,0.0007643358773137818
1.05044,0.0293830251109878,0.0008047110563590606
1.05308,0.03254243174250833,0.0008530810823660442
1.05572,0.0313070102663707,0.0008346471914487226
1.05837,0.030328934309101,0.0008008583359826798
1.06101,0.03013662278024417,0.0008054854016881889
1.06365,0.03074560280244173,0.0008050866221649208
1.0663,0.02794395178967814,0.0007501738772899977
1.06894,0.03080221968645949,0.0008053585143034576
1.07159,0.02869542286348502,0.0007528466508851737
1.07423,0.02809049230022198,0.000748647452886589
1.07687,0.02680699465871255,0.0007134965906028698
1.07952,0.02970129106548279,0.0007751293996963864
1.08216,0.02956433740288569,0.0007673654696963787
1.0848,0.02783936861820199,0.0007202769378642848
1.08745,0.02832782630410655,0.0007370160118503592
1.09009,0.02721523231132076,0.000710438012757369
1.09274,0.02932478294950056,0.0007552275988494568
1.09538,0.02936937506936737,0.0007529677837683321
1.09802,0.02835513096559378,0.0007267576898080972
1.10067,0.02815348897058824,0.0007275132221119018
1.10331,0.03045350839345172,0.0007614481533689555
1.10595,0.02743333081298557,0.0007081826653868171
1.1086,0.03079679217536071,0.00076892460648353
1.11124,0.02936350117924529,0.0007423540577485239
1.11389,0.03023328787458379,0.0007608134043535331
1.11653,0.02808581104328524,0.0007060445922670791
1.11917,0.02819653593229745,0.0007190895795372799
1.12182,0.02636379980577137,0.0006771953863300491
1.12446,0.03023807443118757,0.0007553392235189003
1.1271,0.02642582817702552,0.0006774521002849049
1.12975,0.02631103093784684,0.0006715447089705754
1.13239,0.02704589900110988,0.0006890833400688489
1.13504,0.0243575412735849,0.0006337150673127881
1.13768,0.02714270831021088,0.0006880622706366806
1.14032,0.02760199798834629,0.000698180927390369
1.14297,0.0290372942563818,0.0007240575972268528
1.14561,0.02485786577413985,0.0006489039983127204
1.14825,0.02482880306603774,0.0006356355049674668
1.1509,0.02654019277192009,0.0006726794341557734
1.15354,0.02483744450610433,0.0006389816257867476
1.15618,0.02501344832130965,0.0006389387791247891
1.15883,0.02578553981687015,0.0006626653800340547
1.16147,0.02739943805493896,0.0006802839827372519
1.16412,0.02653045713096559,0.0006731655805998808
1.16676,0.02545645775527192,0.0006406176513389119
1.1694,0.02758895456437292,0.0006871066595768437
1.17205,0.02495971115427303,0.000633241872229802
1.17469,0.02588133046614873,0.0006499328416374546
1.17733,0.02520612153163152,0.0006389279023825405
1.17998,0.02641996115427303,0.0006545270157988239
1.18262,0.0259292967536071,0.000649874918517867
1.18527,0.02655042973085461,0.0006582925602506081
1.18791,0.02585005188679245,0.0006471708627883029
1.19055,0.02232460987791343,0.0005788573750066468
1.1932,0.02426835245560488,0.0006095577820127277
1.19584,0.02461203454495005,0.0006212341575615497
1.19848,0.02538617938401776,0.0006303136533993013
1.20113,0.02428342175360711,0.0006136409481745861
1.20377,0.02482022801054384,0.0006209903520662173
1.20642,0.02371696677302997,0.0005999871445168261
1.20906,0.02472928572419534,0.0006207482837089227
1.2117,0.02400082491675916,0.0005985627001172825
1.21435,0.02361742196170922,0.0005949000976647827
1.21699,0.02477902379300777,0.0006140648818208695
1.21963,0.02316324160654828,0.000584489688471154
1.22228,0.02506330313540511,0.0006227374157856279
1.22492,0.02327063811043286,0.0005823334711199776
1.22757,0.02388087257214206,0.0005961669812766353
1.23021,0.02284914643451721,0.0005722522080459548
1.23285,0.02252182470865705,0.0005670364040153511
1.2355,0.02157103052164262,0.0005500678614064672
1.23814,0.02341084003884573,0.0005832657532311937
1.24078,0.02158972350166482,0.0005513373813484743
1.24343,0.02327935738068812,0.0005811669990287658
1.24607,0.02190012860710322,0.0005515329234617295
1.24871,0.02093059336847947,0.0005322682363271615
1.25136,0.02003265961431743,0.0005123770602715453
1.254,0.02199151956159823,0.0005529577738635181
1.25665,0.02411909475582686,0.0005923220633392637
1.25929,0.02343688339345172,0.0005804908405556825
1.26193,0.02291764844617092,0.0005638440431812799
1.26458,0.02145470872641509,0.000536970609209454
1.26722,0.02228908726415094,0.000555186156366727
1.26986,0.02048761827136515,0.0005189572036735843
1.27251,0.02034220629855716,0.0005168738457544881
1.27515,0.02177714317425083,0.0005407114404080853
1.2778,0.02134105604883463,0.0005347480730854739
1.28044,0.01988518285238624,0.0005006422825620054
1.28308,0.02009334884850167,0.0005064480238002851
1.28573,0.02245059406215316,0.0005557868257650531
1.28837,0.02069232082408435,0.0005138306658413622
1.29101,0.02199600166481687,0.000548470672121893
1.29366,0.02084753940066593,0.0005174995764145789
1.2963,0.02234864338235294,0.0005479801381105049
1.29895,0.02065644110710322,0.0005161153054457346
1.30159,0.01970606354051054,0.000492119805743061
1.30423,0.02060271309655938,0.0005161943084338066
1.30688,0.02019313859600445,0.0004996743292523261
1.30952,0.01944710418978913,0.0004898165875326938
1.31216,0.01909440524417315,0.0004788518779150154
1.31481,0.02092442189234185,0.0005163596514274843
1.31745,0.01831412555493895,0.0004642369625455985
1.3201,0.01860606201442841,0.0004662889888246121
1.32274,0.02096448383740289,0.0005141362761005789
1.32538,0.0188016195199778,0.0004687289169323313
1.32803,0.01975593666759156,0.0004872292707466307
1.33067,0.01903399986126526,0.0004784844189625801
1.33331,0.01941345636792453,0.0004776568005885116
1.33596,0.01831420567425084,0.0004605562257478177
1.3386,0.01881829120421754,0.0004692703736959081
1.34124,0.01986919790510543,0.0004880656004676471
1.34389,0.01884949653163152,0.0004681124281713265
1.34653,0.01731076852108768,0.0004347221259210364
1.34918,0.01718935571587125,0.000436200379769797
1.35182,0.01752299542175361,0.0004387455804577237
1.35446,0.01764829057991121,0.0004445416212393591
1.35711,0.01835172898168701,0.0004571583679456186
1.35975,0.01957272669256382,0.0004812026132937791
1.36239,0.01826628059100999,0.0004566320854377953
1.36504,0.0170833647336293,0.0004273820009733454
1.36768,0.01955255493895671,0.0004800687046168334
1.37033,0.01589027830188679,0.000406244375872294
1.37297,0.01634561466426194,0.0004156324105721796
1.37561,0.01849429099611543,0.0004628239389102416
1.37826,0.01610629599056604,0.000407035027428797
1.3809,0.01572549119034406,0.0004037110758710445
1.38354,0.01549572273862375,0.0003979409274537886
1.38619,0.0173555552164262,0.0004364981029060465
1.38883,0.01777415572974473,0.0004413937697689752
1.39148,0.01728285953107658,0.000433053299558084
1.39412,0.01795712305771365,0.0004471189164918773
1.39676,0.01611813304661487,0.0004060473954693848
1.39941,0.01576345629855716,0.0004004886218863248
1.40205,0.01655802698390677,0.0004153519434808019
1.40469,0.01543085585460599,0.0003973844815224155
1.40734,0.01431009884850166,0.0003689227054645764
1.40998,0.01693127538845727,0.0004217923412178397
1.41263,0.01501795983629301,0.0003816146022554768
1.41527,0.01478701477524973,0.0003777008079336463
1.41791,0.0157091010682575,0.0003982077127595857
1.42056,0.01498255167869034,0.0003825692701218688
1.4232,0.01520404495005549,0.0003856502217778813
1.42584,0.01376925686736959,0.000355224020661124
1.42849,0.01371970192841288,0.0003554901503763525
1.43113,0.016710118618202,0.0004170422056625891
1.43377,0.01660354848779134,0.0004134206618656948
1.43642,0.01482800610432853,0.0003752253428566801
1.43906,0.01568696066870144,0.0003953950688268039
1.44171,0.0153800602108768,0.000387734242261584
1.44435,0.01361025208102109,0.0003501682893959082
1.44699,0.01363572544395116,0.0003502216827434959
1.44964,0.01296056229189789,0.0003373857307154622
1.45228,0.01214952823251942,0.0003178070307981576
1.45492,0.01467297065760266,0.0003706011098383456
1.45757,0.01380993000832409,0.0003519530691042241
1.46021,0.01346775645116537,0.0003455605348068507
1.46286,0.01450326879855716,0.0003667256076024569
1.4655,0.01305692293285239,0.0003371855394263863
1.46814,0.01449462278024417,0.0003649398879918505
1.47079,0.0153396571864595,0.0003849573620815155
1.47343,0.01370062895394007,0.0003480777628309837
1.47607,0.01458062056048835,0.0003691984654580268
1.47872,0.01397867043562709,0.0003525040402564377
1.48136,0.01454454397891232,0.0003674344280564062
1.48401,0.01428259503329634,0.0003633695857350146
1.48665,0.01297273355993341,0.0003322339686411463
1.48929,0.01267523453107658,0.0003252473962434099
1.49194,0.01208342064372919,0.0003102605054587217
1.49458,0.01263034940344062,0.0003274714394176474
1.49722,0.0128335846281909,0.0003277551043881404
1.49987,0.01319456333240844,0.0003358912225744225
1.50251,0.01289549167591565,0.0003323198301911178
1.50516,0.01270793007769145,0.0003242312356685209
1.5078,0.01187833351831298,0.0003070161018845426
1.51044,0.01341586660654828,0.0003401408901756585
1.51309,0.01335002455604884,0.0003375199768793903
1.51573,0.0130874026082131,0.0003339082761081638
1.51837,0.01162834066315205,0.000299105415889171
1.52102,0.01134728669533851,0.0002942353345973335
1.52366,0.01259469859877914,0.0003191081361324321
1.5263,0.01180764081576027,0.0003018650761630383
1.52895,0.011801881381798,0.0003049465089599541
1.53159,0.01292180743618202,0.0003283276276715414
1.53424,0.01165262597114318,0.000302680946151922
1.53688,0.01098417681742509,0.0002855402635034567
1.53952,0.01148995172031077,0.0002949904193561184
1.54217,0.01294240954495006,0.0003246942523061941
1.54481,0.01104135453662598,0.0002859722343001478
1.54745,0.01151090635405105,0.00029828447023842
1.5501,0.01309809510266371,0.000334029856284668
1.55274,0.01190466301331853,0.0003123960528448147
1.55539,0.0111264778718091,0.0002968958769451274
1.55803,0.01213280160932298,0.0003214816200364552
1.56067,0.0121900846281909,0.0003258172213079418
1.56332,0.01132533400388457,0.0003040103290503714
1.56596,0.01104718035516094,0.0003033454665365385
1.5686,0.01111372974472808,0.0003022485461347339
1.57125,0.009623123682019976,0.0002725509091952852
1.57389,0.0118964359045505,0.0003241435504805446
1.57654,0.00961380923973363,0.0002700592689255319
1.57918,0.0104240672863485,0.0002946303012191826
1.58182,0.01047012673418424,0.0002938196587276634
1.58447,0.01021294832130966,0.0002898379561308663
1.58711,0.01284788706992231,0.0003491977663249658
1.58975,0.009206812291897891,0.0002647753912965518
1.5924,0.0127866598917869,0.0003559919618779865
1.59504,0.009778046961709211,0.0002789470132283375
1.59769,0.01143137534683685,0.0003229366841473473
1.60033,0.009791944228634849,0.00028175759583315
1.60297,0.01323799028856826,0.0003633728298122128
1.60562,0.01000111514983352,0.0002869883556064901
1.60826,0.01030771344339623,0.0002877661168532618
1.6109,0.009719051678690341,0.0002735183248009518
1.61355,0.009379409891786903,0.0002614326376991241
1.61619,0.01055940940621532,0.000289074896282716
1.61883,0.01139897051886793,0.0003082427802782078
1.62148,0.0086938243618202,0.0002418316422057685
1.62412,0.01159413658435072,0.0003119456048592875
1.62677,0.007694038360155381,0.0002159558024185177
1.62941,0.009484819436736959,0.0002618697132001192
1.63205,0.00965888665371809,0.0002631399555183496
1.6347,0.00904371455327414,0.0002481432987159356
1.63734,0.00946142688679245,0.0002584704955786809
1.63998,0.01022057567980022,0.0002755973089844898
1.64263,0.01004413464206437,0.0002703090213974862
1.64527,0.01027333996947836,0.0002737831465197902
1.64792,0.009325267549944505,0.0002536954316933714
1.65056,0.009651554592119867,0.0002607777143648707
1.6532,0.008821083587680358,0.000240278990862624
1.65585,0.009622198876248612,0.0002602185438115101
1.65849,0.008714222738623753,0.0002359086434599689
1.66113,0.008822358629300777,0.0002399334308024071
1.66378,0.01037092071309656,0.0002762599689798636
1.66642,0.01034210523029967,0.000275467193874729
1.66907,0.01119875693673696,0.0002961311108178632
1.67171,0.01050505188679245,0.0002770157448922054
1.67435,0.00954806104328524,0.0002564839363181614
1.677,0.008483000693673696,0.0002308140612104287
1.67964,0.006974196101553829,0.0001939251920961408
1.68228,0.008759318465593783,0.0002366350934121497
1.68493,0.0100623560627081,0.0002664736785777371
1.68757,0.008353090663152053,0.0002268923530557483
1.69022,0.008443478981687017,0.0002278961332030516
1.69286,0.007610261029411767,0.0002086112168253373
1.6955,0.007312924528301886,0.0002026640485918898
1.69815,0.008358870699223088,0.0002267538902802369
1.70079,0.008855141162597113,0.0002398852099359873
1.70343,0.008157757491675915,0.0002195156198173014
1.70608,0.008239144977802445,0.0002226097635484957
1.70872,0.009128867647058826,0.0002421028414756181
1.71137,0.00818800825471698,0.0002215418978868901
1.71401,0.008977785516093227,0.0002401592840591403
1.71665,0.007900862930077692,0.000214675466903976
1.7193,0.008677898931742508,0.0002332334082727587
1.72194,0.008773053204772478,0.000234062484464977
1.72458,0.00732641890954495,0.0002004715545529827
1.72723,0.009216309864039953,0.0002434932133648546
1.72987,0.007007381520532743,0.0001920217009909341
1.73251,0.008643060765815761,0.000232137173417589
1.73516,0.007517904064927861,0.0002023597712917836
1.7378,0.007970665163706992,0.0002148798220144685
1.74045,0.007236644076026639,0.0001964625031215356
1.74309,0.009077295990566038,0.0002401566122226315
1.74573,0.009272535307991121,0.0002445895130822328
1.74838,0.007045827344617095,0.0001905193362992514
1.75102,0.007244122641509436,0.0001985468469653388
1.75366,0.007425746254162045,0.0001992089668958645
1.75631,0.009595578662597117,0.0002500509058643337
1.75895,0.008399289747502776,0.0002242694160793043
1.7616,0.008059654827968924,0.0002151850682471429
1.76424,0.00626499368756937,0.0001730735332754164
1.76688,0.007212647197558271,0.0001934062851310806
1.76953,0.007397846420643728,0.0001996740185608289
1.77217,0.00806642605438402,0.0002157266671469924
1.77481,0.008368375138734742,0.0002225049912850169
1.77746,0.008354869311875695,0.000222769170980078
1.7801,0.006106151428967818,0.0001667650332396547
1.78275,0.008117883254716981,0.0002163668360063401
1.78539,0.007166221490011099,0.0001912600310725899
1.78803,0.007679580258046615,0.0002041685165773491
1.79068,0.007269403718091007,0.0001962326865491904
1.79332,0.008609824986126526,0.0002243386519117536
1.79596,0.007415719894561599,0.0002004450047365553
1.79861,0.007100736542730301,0.0001893869717084486
1.80125,0.007168107727524973,0.0001926208219408324
1.8039,0.007919189650388458,0.000210565825028056
1.80654,0.007239679453385128,0.0001935614923340806
1.80918,0.008090189442286349,0.0002155722194804381
1.81183,0.006392630618756939,0.0001738999383546786
1.81447,0.006927871115427304,0.0001867704669146791
1.81711,0.005581349334073251,0.0001534432795693264
1.81976,0.008243443951165373,0.0002165865423145236
1.8224,0.00570125818534961,0.0001578653860078906
1.82504,0.008034669048279689,0.0002124141882049603
1.82769,0.006335571933962268,0.0001736903143647267
1.83033,0.006529636931187569,0.0001770499268496807
1.83298,0.007028704703107661,0.0001887296483018153
1.83562,0.007185704217536072,0.0001937982318409349
1.83826,0.007615271920088793,0.0002049204125302892
1.84091,0.008136088651498339,0.0002172679316023382
1.84355,0.006546814511653715,0.0001785303302081825
1.84619,0.006470341773029965,0.0001769152565984932
1.84884,0.00711570740843507,0.0001903592856348905
1.85148,0.00764393403163152,0.0002055289582698034
1.85413,0.005641454841842397,0.0001571468272667125
1.85677,0.007258564719755827,0.0001944853063894252
1.85941,0.006967649209211984,0.0001894403893422528
1.86206,0.006020240635405107,0.0001642703000201632
1.8647,0.005813949431187571,0.00016100002730313
1.86734,0.00590696108490566,0.0001627545021601884
1.86999,0.007200086778579356,0.0001932891138483291
1.87263,0.007534575749167589,0.000204098224836368
1.87528,0.007532668909544946,0.0002018393481093385
1.87792,0.007299029550499445,0.0001971766161585545
1.88056,0.006245581922863488,0.0001714005563964957
1.88321,0.006546017896781352,0.000177852415760465
1.88585,0.004996427996670364,0.0001413560441540178
1.88849,0.006653906562153163,0.000179836821062462
1.89114,0.00628763540510544,0.0001729520180594553
1.89378,0.006905245421753603,0.0001859780321069194
1.89643,0.006702120074916759,0.0001826600792222214
1.89907,0.007840480438401779,0.0002104323987099828
1.90171,0.006470692008879023,0.0001753046516036595
1.90436,0.006927401845172032,0.0001880309178927106
1.907,0.006342263041065484,0.0001727396358335577
1.90964,0.004664049597669257,0.0001319536489858845
1.91229,0.006856370352386237,0.0001865393441678305
1.91493,0.00585764650388457,0.0001612111053025058
1.91757,0.006169818812430633,0.0001689104610884895
1.92022,0.006385996739733629,0.000175337441794641
1.92286,0.007502507422308544,0.0002025250759483348
1.92551,0.005061880896226415,0.0001404721581833986
1.92815,0.004492392827413982,0.0001264122449586943
1.93079,0.006300523168701442,0.0001738169028611545
1.93344,0.006244819644839066,0.0001703751662513828
1.93608,0.005540181742508327,0.0001534704753239831
1.93872,0.007181613554384018,0.0001934402840844221
1.94137,0.007080670088790234,0.0001932002397477035
1.94401,0.005947144353496116,0.0001641579568950985
1.94666,0.005812303551609326,0.0001600403554641303
1.9493,0.006044947142064374,0.0001666872194104978
1.95194,0.006559308546059931,0.000178074567836316
1.95459,0.005404043007769145,0.0001501939550287725
1.95723,0.005500648584905658,0.0001532673998820374
1.95987,0.005458661487236405,0.0001511667482196845
1.96252,0.006218247502774692,0.0001715692290426642
1.96516,0.006737333657047724,0.0001823576803212525
1.96781,0.00432445588235294,0.0001223792658215824
1.97045,0.006525122780244173,0.000177692290440725
1.97309,0.00490251671753607,0.0001377324467718261
1.97574,0.005970841356825752,0.0001649046121061962
1.97838,0.005549814372918979,0.0001537176698461309
1.98102,0.005543139289678136,0.0001546035997992036
1.98367,0.005634111334628192,0.000155354859703408
1.98631,0.004748786071032187,0.0001333914934865873
1.98896,0.005564050430077694,0.0001543644136089645
1.9916,0.00659171108490566,0.0001793899967727884
1.99424,0.00330712832963374,9.461826880516665e-05
1.99689,0.005350761376248612,0.0001477878717681415
1.99953,0.005086367647058823,0.0001412088496149094
2.00217,0.004945256936736958,0.0001377424877553548
2.00482,0.006054996392896782,0.0001655327939289512
2.00746,0.005068835252497226,0.0001407062648761433
2.0101,0.00580611147336293,0.000158057576629927
2.01275,0.00558427254439512,0.0001538541894482225
2.01539,0.006672631589900111,0.0001786346822132375
2.01804,0.005059040094339627,0.000141389837968601
2.02068,0.005777843091009988,0.0001584743640378544
2.02332,0.004879014289678134,0.0001353138887233951
2.02597,0.006042545851831299,0.0001648602567440627
2.02861,0.006173717189234183,0.0001666337696514233
2.03125,0.00513158011931188,0.0001421775168119516
2.0339,0.005318491606548279,0.0001463758974561949
2.03654,0.004502822072697002,0.0001266241377386814
2.03919,0.005830820269145394,0.000159129957446568
2.04183,0.005222700957269701,0.0001434122684866577
2.04447,0.00449828960876804,0.0001258745857312249
2.04712,0.007108066315205326,0.0001894674856519657
2.04976,0.004327981132075468,0.0001213596852648936
2.0524,0.005643938540510545,0.0001548907430414838
2.05505,0.004381912874583796,0.0001225484723354382
2.05769,0.005456099958379578,0.0001502185313716235
2.06034,0.004370963998335185,0.00012128260857124
2.06298,0.003644133046614875,0.0001036076655416809
2.06562,0.004528041342952273,0.0001257510821602309
2.06827,0.006893964622641506,0.0001840413745756024
2.07091,0.005778023931742507,0.0001581688747161963
2.07355,0.005828032117092121,0.0001580613709904627
2.0762,0.00459358580743618,0.0001280937954882688
2.07884,0.00502194256381798,0.0001381931666520962
2.08149,0.004569817841287462,0.0001270552129184008
2.08413,0.00448310814372919,0.0001258418244907681
2.08677,0.005389887069922309,0.0001467492645038649
2.08942,0.005243593784683683,0.000145690812011036
2.09206,0.004287303412874584,0.0001201668070856843
2.0947,0.005525036903440621,0.0001516680978641135
2.09735,0.00427641863207547,0.0001199370257172561
2.09999,0.004240071933962261,0.0001190000260956907
2.10263,0.00573049486681465,0.0001582587103520788
2.10528,0.003395202344617093,9.566422382734109e-05
2.10792,0.005037943534961157,0.0001401716322116599
2.11057,0.00502563034128746,0.0001402565482491863
2.11321,0.004942649625416201,0.0001412539906941244
2.11585,0.00582408795782464,0.0001665576491312149
2.1185,0.004969883324084349,0.0001424047440750102
2.12114,0.00456872135127636,0.0001351810884904572
2.12378,0.005107187222530524,0.0001470667201260622
2.12643,0.003666978496115425,0.0001099013567392078
2.12907,0.005258065621531629,0.0001555797502784769
2.13172,0.004854735849056603,0.0001443289013878809
2.13436,0.004879373682019975,0.0001465247408007985
2.137,0.00500448342119867,0.0001492276633971402
2.13965,0.005466293423973365,0.0001632742574009551
2.14229,0.003891571240288568,0.0001193519590000893
2.14493,0.005763471975582684,0.0001725430455189666
2.14758,0.004880733421198667,0.0001494988134278744
2.15022,0.004386333171476139,0.0001339394786367875
2.15287,0.005238905660377359,0.0001599437162009443
2.15551,0.004886014428412876,0.0001493770765501091
2.15815,0.003911033365704774,0.0001225122140373666
2.1608,0.003932761723085462,0.0001231989760690494
2.16344,0.005015706992230854,0.0001531209520913122
2.16608,0.005727809725305216,0.0001729017577127244
2.16873,0.005215796961709214,0.0001566605923506785
2.17137,0.005017954911209765,0.0001493755297450285
2.17402,0.003165578107658155,9.672656030493973e-05
2.17666,0.004356377705327417,0.0001306396403474873
2.1793,0.005706269076026636,0.0001657887562118905
2.18195,0.005938528093784687,0.0001711225478563445
2.18459,0.004693155799112094,0.0001379755278454795
2.18723,0.004035900457824638,0.0001201563680983212
2.18988,0.002195539261931189,6.740234856232645e-05
2.19252,0.003770854328523861,0.0001119209838136344
2.19516,0.005984028995560488,0.0001702227208059061
2.19781,0.004672780313540512,0.0001369438551705631
2.20045,0.004033650249722533,0.0001185824278198697
2.2031,0.004738006589900113,0.0001380394526560032
2.20574,0.004090093160377359,0.0001200763298922737
2.20838,0.00569599320199778,0.0001628459153372913
2.21103,0.004399790926748057,0.0001288537387583873
2.21367,0.005481625971143178,0.0001578503032470611
2.21631,0.00488334073251942,0.0001419393557957109
2.21896,0.004561817355715873,0.0001322016974928452
2.2216,0.003668656423418426,0.000107705369921415
2.22425,0.00582397350166482,0.0001656193129446755
2.22689,0.004964483282463927,0.0001432377959251812
2.22953,0.003645197488901224,0.0001069488301407789
2.23218,0.00361482311320755,0.0001077342988813676
2.23482,0.004789740774139844,0.0001382410917127687
2.23746,0.003421041967258599,0.0001025922651603083
2.24011,0.004299520463374032,0.0001254383512936747
2.24275,0.004287894006659267,0.000126365252762051
2.2454,0.003294849472807992,9.817319888219196e-05
2.24804,0.004003729120421756,0.0001183567898884122
2.25068,0.004381253607103218,0.0001285473113743439
2.25333,0.004029058268590459,0.0001182241195212931
2.25597,0.004761703593229746,0.0001387639197895621
2.25861,0.003239921961709215,9.69477922034567e-05
2.26126,0.005520824916759155,0.0001588814315314677
2.2639,0.002980062985571586,8.941847938262273e-05
2.26655,0.003160230715871253,9.487044335584735e-05
2.26919,0.003156845102663708,9.589378952962953e-05
2.27183,0.003608978981687013,0.000106826048845674
2.27448,0.004337732796892344,0.0001270369814431184
2.27712,0.002846762763596003,8.554951050014101e-05
2.27976,0.003576448251942286,0.0001079635004063529
2.28241,0.004119382491675917,0.0001220811922613293
2.28505,0.004837306465038846,0.0001403917436567027
2.28769,0.003175247364039957,9.509775126282249e-05
2.29034,0.004276153093784686,0.0001243137187822058
2.29298,0.004001865774139842,0.0001185500403913035
2.29563,0.004519747849611543,0.0001315283387724393
2.29827,0.002400511931187569,7.29701433486058e-05
2.30091,0.003609471143174254,0.0001090561665695967
2.30356,0.003180562708102107,9.437614689451816e-05
2.3062,0.003619227386237514,0.000108255809571424
2.30884,0.002356849195338511,7.161351904762706e-05
2.31149,0.004346024001109878,0.0001287422163273307
2.31413,0.003851353634850168,0.00011432940863902
2.31678,0.002973369589345173,8.997286031840611e-05
2.31942,0.003636675083240842,0.000108805734270543
2.32206,0.003046724542175361,9.08064755401853e-05
2.32471,0.003542498265815764,0.0001061992791054012
2.32735,0.003395097044950056,0.0001021036397237942
2.32999,0.004696520810210876,0.0001371848780925357
2.33264,0.003092367369589347,9.468215903085443e-05
2.33528,0.002289109461709209,6.906195847388299e-05
2.33793,0.00386078253329634,0.0001152513173462959
2.34057,0.005004847391786905,0.0001450296468473656
2.34321,0.003821542383462818,0.0001135069807280336
2.34586,0.004295928829078801,0.0001280581610018963
2.3485,0.003360824292452827,0.0001006242171915461
2.35114,0.003531686736958934,0.0001054539907116355
2.35379,0.004733458102108768,0.0001375519409506757
2.35643,0.003914744034406219,0.0001155083511203268
2.35908,0.00439171947835738,0.0001301271281465683
2.36172,0.003755265399556049,0.0001117276291635358
2.36436,0.003129149001109878,9.413142206518605e-05
2.36701,0.004009239039955606,0.0001179045344123306
2.36965,0.003755558407325196,0.0001113622263029521
2.37229,0.003024833657047725,9.131053344210318e-05
2.37494,0.003806386098779135,0.0001130757753810351
2.37758,0.003055347669256382,9.331424675710099e-05
2.38022,0.004101000832408434,0.0001199726752567277
2.38287,0.003965869311875695,0.0001188747421413529
2.38551,0.004476341495560485,0.000129883006915013
2.38816,0.004419761237513877,0.000130393317590237
2.3908,0.002309153024417314,7.09744187914565e-05
2.39344,0.003889955119311876,0.0001156702158873817
2.39609,0.003922334766925639,0.0001168051584719164
2.39873,0.003467023584905661,0.0001031985211989016
2.40137,0.004780213443396225,0.0001398554464248165
2.40402,0.003243911903440622,9.613102833780615e-05
2.40666,0.004083129647613764,0.0001206953127891324
2.40931,0.004068618895671474,0.0001206475728875234
2.41195,0.005031032672031074,0.000145334171123033
2.41459,0.003230190899001108,9.749694119259674e-05
2.41724,0.002905055285793562,8.727701354631358e-05
2.41988,0.004452600998890124,0.000130936128718511
2.42252,0.002550918770810215,7.798387502693177e-05
2.42517,0.003047109114872364,9.118007726853759e-05
2.42781,0.003849302580466149,0.0001149406069747488
2.43046,0.004021820061043284,0.0001186379961767934
2.4331,0.002466450124861266,7.531195363377982e-05
2.43574,0.002812128329633741,8.515594945793134e-05
2.43839,0.001953169187014428,6.049723904109939e-05
2.44103,0.003407419395116537,0.0001021182940236527
2.44367,0.004054575124861267,0.0001197399985214384
2.44632,0.004240030729744729,0.0001252765077861694
2.44896,0.002837482658157601,8.571391090522027e-05
2.45161,0.004013766925638183,0.0001186272658196762
2.45425,0.004470018937291901,0.0001320354904326359
2.45689,0.003673463582130964,0.0001086929327219333
2.45954,0.003397017619311876,0.0001024041757900914
2.46218,0.002413685835183128,7.391523735354762e-05
2.46482,0.00354190538290788,0.0001051170943479041
2.46747,0.00364091911764706,0.0001082565779462839
2.47011,0.003999384364594895,0.0001194175406464482
2.47275,0.004093655036071034,0.0001223207730175917
2.4754,0.001944559794672584,5.960138069282497e-05
2.47804,0.00376181458102109,0.000112131783605072
2.48069,0.002341482311320754,7.182064407369591e-05
2.48333,0.005445702760821305,0.0001587009271439908
2.48597,0.002797173487791345,8.542427586793182e-05
2.48862,0.003791669325749168,0.0001126329693336361
2.49126,0.002310036625971144,7.149159308161217e-05
2.4939,0.004393946795227525,0.0001289681169246903
2.49655,0.002320905382907881,7.153566240242328e-05
2.49919,0.002923748265815757,8.847835566542528e-05
2.50184,0.002845306881243065,8.629285750735868e-05
2.50448,0.002894850374583793,8.813189134821525e-05
2.50712,0.003967235918423974,0.000118736855848119
2.50977,0.003521234600443953,0.0001054325205438361
2.51241,0.004364629994450608,0.0001284953345559305
2.51505,0.003427950541065485,0.000103449951599251
2.5177,0.002816791273584907,8.628140334279853e-05
2.52034,0.005077572835738067,0.0001475699584005467
2.52299,0.002788527469478359,8.530149900403555e-05
2.52563,0.003066536903440624,9.301455998058836e-05
2.52827,0.002737475443951168,8.370844763884216e-05
2.53092,0.003983500138734739,0.0001185612173336466
2.53356,0.002471053551609324,7.532199900185329e-05
2.5362,0.002758642966148725,8.455041733178703e-05
2.53885,0.003763497086570476,0.0001126004503210236
2.54149,0.003035272058823529,9.22096426334963e-05
2.54414,0.004106064372918977,0.0001225488441459787
2.54678,0.003180890052719199,9.652370046300636e-05
2.54942,0.003077128676470592,9.342582098345959e-05
2.55207,0.003697403232519423,0.0001108929043243362
2.55471,0.003372306534406215,0.0001016891324161953
2.55735,0.003715597183684795,0.0001117901348398189
2.56,0.003240469062153161,9.874635931439347e-05
2.56264,0.003817154134295228,0.0001155268341324552
2.56529,0.00360523168701443,0.0001076401135004772
2.56793,0.004071015607658161,0.0001217081489238024
2.57057,0.002697212056048837,8.228092876594554e-05
2.57322,0.002813350721420643,8.620324495338866e-05
2.57586,0.00387948009156493,0.0001157951926605653
2.5785,0.002778814719755828,8.480967812732642e-05
2.58115,0.00402110814372919,0.0001212858731712041
2.58379,0.002406882561043284,7.429169696597942e-05
2.58643,0.004010317216981132,0.0001199409123936617
2.58908,0.003270282602663708,9.90752134495808e-05
2.59172,0.004716456784128747,0.0001392304466180772
2.59437,0.002105189858490565,6.562785514906469e-05
2.59701,0.005146235086015538,0.0001502431228578907
2.59965,0.003952922031076585,0.0001181383691559015
2.6023,0.003175231340177579,9.655663128164855e-05
2.60494,0.004473484669811318,0.0001333958017328377
2.60758,0.001936982796892341,6.116563402044976e-05
2.61023,0.002346573321309655,7.271964435449539e-05
2.61287,0.003965004023307435,0.0001192617878835715
2.61552,0.00334860495283019,0.0001021137776836846
2.61816,0.003179978981687014,9.67818686071177e-05
2.6208,0.004533006451165374,0.0001342458078222301
2.62345,0.002766906700887905,8.515736504336718e-05
2.62609,0.003413632075471702,0.0001039391025098243
2.62873,0.002792636445615984,8.595670764894064e-05
2.63138,0.002491545782463929,7.700206952088302e-05
2.63402,0.002987889497780246,9.151818617996618e-05
2.63667,0.003554062916204216,0.0001078137735458442
2.63931,0.003663602039400667,0.0001117068922764291
2.64195,0.003953267688679244,0.0001189905153106778
2.6446,0.002566535169256381,7.86857195228723e-05
2.64724,0.004032977247502777,0.0001206621012768417
2.64988,0.002888278301886792,8.92283595056088e-05
2.65253,0.003284800221975585,0.0001007192324771093
2.65517,0.003535708726415093,0.0001072859104025178
2.65782,0.003188890538290788,9.735129926040932e-05
2.66046,0.003704787943951167,0.0001122055732030558
2.6631,0.002880463235294116,8.839875182852399e-05
2.66575,0.00407607456992231,0.0001216299715809465
2.66839,0.003204305493895672,9.860131407019485e-05
2.67103,0.003769061945061044,0.0001165005109179852
2.67368,0.00320201637069922,0.0001015746994181957
2.67632,0.00435768021642619,0.0001373534529255225
2.67896,0.002849690552164262,9.184122633104779e-05
2.68161,0.003482475166481684,0.0001135022678180452
2.68425,0.003139152469478355,0.0001039488297397203
2.6869,0.004400241884017762,0.0001418681324882274
2.68954,0.00322474965316315,0.0001067614257744685
2.69218,0.002840373820754717,9.493708856660273e-05
2.69483,0.002395148515538293,8.217797905456773e-05
2.69747,0.002403760197003329,8.24678052808473e-05
2.70011,0.002943201234739179,9.861169923689691e-05
2.70276,0.003480632422308546,0.0001188188412113405
2.7054,0.003667521018312985,0.0001235776202337482
2.70805,0.002938119381243061,0.0001016703057594442
2.71069,0.002779895185904551,9.559720176392463e-05
2.71333,0.002511632838512767,8.810556725292611e-05
2.71598,0.002778279064927858,9.801774139780825e-05
2.71862,0.002469476345726971,8.808015600989445e-05
2.72126,0.001697746531631524,6.159491443718608e-05
2.72391,0.003796888526637068,0.0001316473581724461
2.72655,0.001617059517203107,5.761840106579604e-05
2.7292,0.001501422169811321,5.293695582467758e-05
2.73184,0.003238305840732518,0.0001087563338930152
2.73448,0.002181062846836848,7.443770445929638e-05
2.73713,0.003663952275249724,0.0001194200652407452
2.73977,0.002981470796337401,9.966764141504494e-05
2.74241,0.003301764913984464,0.0001085221664215254
2.74506,0.00414147481964484,0.0001325084123614089
2.7477,0.004143583102108769,0.000133431595457942
2.75035,0.003496784475582687,0.0001125154044084968
2.75299,0.004824295088790235,0.0001530076879502459
2.75563,0.003550400319089903,0.0001132905916906636
2.75828,0.002758013457269702,8.945871524894073e-05
2.76092,0.004026407463928965,0.0001291433846345698
2.76356,0.003417752497225307,0.0001093739156124649
2.76621,0.002593006589900112,8.430208192195057e-05
2.76885,0.003029908643174253,9.815722203352063e-05
2.77149,0.001921176401220868,6.32988723869304e-05
2.77414,0.004471667105993343,0.0001404784926425529
2.77678,0.002480443534961153,8.025239515397508e-05
2.77943,0.002829869034406216,9.09344532074369e-05
2.78207,0.002890993201997779,9.333549266232843e-05
2.78471,0.003589807574916758,0.0001148717781432011
2.78736,0.003203790441176471,0.0001026846599742799
2.79,0.004420766162597114,0.0001372137999436711
2.79264,0.002497882075471698,8.103199957929792e-05
2.79529,0.00339220588235294,0.0001079112704387808
2.79793,0.003886864802996669,0.0001221175583351865
2.80058,0.002952865912874583,9.369125671628955e-05
2.80322,0.003307126040510543,0.0001057050560255352
2.80586,0.002653766786903441,8.588007477714033e-05
2.80851,0.002590316870144282,8.315900035136959e-05
2.81115,0.004244721143174254,0.0001315449513259557
2.81379,0.00334088145116537,0.0001055811329630364
2.81644,0.003141002081021087,0.0001003213002076409
2.81908,0.0039904888318535,0.0001246390552771564
2.82173,0.003086894076026635,9.80423797418778e-05
2.82437,0.004025180493895672,0.0001249723057622646
2.82701,0.002792396087680358,8.877733668842201e-05
2.82966,0.0016960205327414,5.557388474464674e-05
2.8323,0.002749461293007769,8.710713941601517e-05
2.83494,0.002639022544395119,8.422769105554674e-05
2.83759,0.0038289019145394,0.0001184934974332464
2.84023,0.00258043930355161,8.245476913029158e-05
2.84288,0.003476477663706992,0.0001100037754342968
2.84552,0.003408561667591565,0.0001058022213165813
2.84816,0.003017167383462819,9.64104554914173e-05
2.85081,0.00374407387624861,0.0001170511049097679
2.85345,0.002733123820754719,8.694652974023082e-05
2.85609,0.003007388249167594,9.50615848499293e-05
2.85874,0.002907152122641511,9.211518422669322e-05
2.86138,0.003285388526637071,0.0001041325594797803
2.86402,0.003768899417314092,0.000117919220977761
2.86667,0.002721348571032188,8.68093087714539e-05
2.86931,0.00346967210044395,0.0001088634293499928
2.87196,0.002130104675360709,6.818141677367753e-05
2.8746,0.00223300534128746,7.247655219319554e-05
2.87724,0.002758494173140954,8.802134212024361e-05
2.87989,0.002210011098779135,7.131577399781586e-05
2.88253,0.002773009503329634,8.836510585853817e-05
2.88517,0.003014161764705882,9.622611222729833e-05
2.88782,0.003770746739733627,0.0001185146853671808
2.89046,0.00349559642064373,0.0001086767559342557
2.89311,0.002832764775249722,9.06609537421919e-05
2.89575,0.003270520671476137,0.0001034735324583144
2.89839,0.003163604883462819,9.91640887484599e-05
2.90104,0.004071201026637073,0.0001269170774906466
2.90368,0.003866974611542729,0.0001194938934413637
2.90632,0.003104785862930077,9.816450786639624e-05
2.90897,0.002384092050499444,7.693445323347289e-05
2.91161,0.003906416204217538,0.0001216919874064899
2.91426,0.003364065690899,0.0001052461578031414
2.9169,0.003470981478912319,0.0001096603077631277
2.91954,0.00214624528301887,6.938084800475518e-05
2.92219,0.003612078454495007,0.0001116031665410282
2.92483,0.002754284475582686,8.758283797624788e-05
2.92747,0.002363961501109876,7.552410349488041e-05
2.93012,0.002615387347391788,8.416206666836776e-05
2.93276,0.003798076581576029,0.0001183431475785993
2.93541,0.003479057505549389,0.0001081205535485738
2.93805,0.002430057644284127,7.743480490949827e-05
2.94069,0.001814256034961155,5.845953021016409e-05
2.94334,0.001677952483351832,5.491195886759609e-05
2.94598,0.001439831021087683,4.639473780824652e-05
2.94862,0.003028075055493899,9.613973193714983e-05
2.95127,0.003029286001664817,9.611635552010462e-05
2.95391,0.003905990427302999,0.0001211719555942419
2.95655,0.001546888734739177,5.018115545648388e-05
2.9592,0.002975171129300774,9.283121611668032e-05
2.96184,0.003856991745283016,0.000120383670755327
2.96449,0.001892257907880136,6.181569163221614e-05
2.96713,0.002407049667036625,7.694404344104483e-05
2.96977,0.003062130341287458,9.70359036959155e-05
2.97242,0.003513904827968923,0.0001098414718622602
2.97506,0.00419104578246393,0.0001308615069115326
2.9777,0.003382873127081021,0.0001061138127603755
2.98035,0.003364972183684795,0.0001053605400625893
2.98299,0.00422263339345172,0.0001312199951806738
2.98564,0.003200922169811323,0.0001004641150649267
2.98828,0.003943980715871255,0.0001227014331109677
2.99092,0.002968786764705882,9.339300915951973e-05
2.99357,0.002967241606548281,9.398298446477196e-05
2.99621,0.003026159059378468,9.614283123688162e-05
2.99885,0.003916259433962264,0.0001217346860949544
3.0015,0.002227973848501665,7.153016399048691e-05
3.00414,0.003522411209766926,0.00011049053202764
3.00679,0.002954317216981132,9.331401788829372e-05
3.00943,0.002206485849056603,7.112493587308132e-05
3.01207,0.002233742438956717,7.112112662829494e-05
3.01472,0.002197620074916759,7.090929605770034e-05
3.01736,0.003284772752497226,0.0001035639135450675
3.02,0.001760248751387346,5.698725689893496e-05
3.02265,0.002281637763596004,7.303113126871237e-05
3.02529,0.003332217119866813,0.0001041732306964012
3.02794,0.002510529481132075,8.02534688773655e-05
3.03058,0.002541185418978911,8.063462611873891e-05
3.03322,0.002241617022752496,7.207431676501359e-05
3.03587,0.002903056881243063,9.181135405694912e-05
3.03851,0.004023726900665927,0.0001233229420096414
3.04115,0.003637370976692563,0.0001132445587804882
3.0438,0.002826215593784685,8.913306234649055e-05
3.04644,0.003968959628190901,0.0001219654943892394
3.04908,0.002523231825749169,8.053352321620109e-05
3.05173,0.00445213401775805,0.0001360644763971272
3.05437,0.002366722183684793,7.546647958369411e-05
3.05702,0.003430690621531634,0.0001065015257422661
3.05966,0.002492090593784682,7.800521468999248e-05
3.0623,0.002518058407325195,7.990683280533601e-05
3.06495,0.00108405549389567,3.519077372753464e-05
3.06759,0.003350880341287457,0.0001041085983095175
3.07023,0.002968516648168701,9.320704666946558e-05
3.07288,0.003338010890677025,0.0001040863932541529
3.07552,0.003362081021087679,0.0001052179546261757
3.07817,0.003593893659822418,0.000111969020974498
3.08081,0.002763234947280799,8.663719362321898e-05
3.08345,0.002817265122086572,8.859578161112619e-05
3.0861,0.002680808199223086,8.426499627334598e-05
3.08874,0.002565134225860153,8.087349272896774e-05
3.09138,0.001595901151498338,5.144134697653087e-05
3.09403,0.002335521434517204,7.412198567884102e-05
3.09667,0.00267482900943396,8.496785575995839e-05
3.09932,0.002639244589345174,8.253422416143455e-05
3.10196,0.0023912753190899,7.570831647371915e-05
3.1046,0.0005442802441731411,1.786957411969456e-05
3.10725,0.003848675360710323,0.0001184290769373529
3.10989,0.002678374861265261,8.46800818147924e-05
3.11253,0.001404690690899003,4.529315104401423e-05
3.11518,0.002736033296337403,8.615808571074479e-05
3.11782,0.002439280521642618,7.69124548383982e-05
3.12047,0.002132645602108768,6.769082502032263e-05
3.12311,0.002337883809655937,7.435201988923874e-05
3.12575,0.002750516578801335,8.607749898238996e-05
3.1284,0.002827206784128749,8.902453983654822e-05
3.13104,0.002685832824639289,8.46345240740817e-05
3.13368,0.004239641578801332,0.0001308088459984113
3.13633,0.0009456551054384021,3.076581945522348e-05
3.13897,0.002612917383462821,8.208335871456965e-05
3.14161,0.001557070754716981,5.050465208297856e-05
3.14426,0.004068131312430631,0.0001259315584871878
3.1469,0.003038902608213099,9.518593513964679e-05
3.14955,0.002438717397336294,7.725872010329402e-05
3.15219,0.001123888526637068,3.645147526909614e-05
3.15483,0.003100450263596004,9.663829521350702e-05
3.15748,0.002616898168701443,8.254767660928616e-05
3.16012,0.003577151012763594,0.0001108292029730682
3.16276,0.00199566904827969,6.400859976444434e-05
3.16541,0.004057079425638179,0.000125119586289088
3.16805,0.002288544048279692,7.259427902277747e-05
3.1707,0.002935837125416203,9.21742798358045e-05
3.17334,0.00149963665371809,4.812079640310721e-05
3.17598,0.002122802372364042,6.77947403573502e-05
3.17863,0.002378330327413987,7.522358792309071e-05
3.18127,0.002404778856825752,7.604599379680765e-05
3.18391,0.003550491884017758,0.0001097803075039912
3.18656,0.001169803759711432,3.781955688047459e-05
3.1892,0.003461673903995558,0.0001080875579981269
3.19185,0.004726998196448391,0.0001429489664406191
3.19449,0.002522462680355159,7.960714057505406e-05
3.19713,0.002923997780244175,9.172908485388552e-05
3.19978,0.001881148793007769,5.982995160065422e-05
3.20242,0.003571295435627081,0.0001100822012012675
3.20506,0.00329482429245283,0.0001018062176587189
3.20771,0.00275512687291898,8.59816426074355e-05
3.21035,0.003044961917314095,9.460643162700482e-05
3.213,0.003033507144839066,9.420617280244183e-05
3.21564,0.001783265885127636,5.609883307808155e-05
3.21828,0.002907820546614872,9.0300717754001e-05
3.22093,0.003920714067702552,0.0001194908135219802
3.22357,0.003232409059378469,0.0001000823811689018
3.22621,0.003038353218645952,9.384316399778245e-05
3.22886,0.002091814511653719,6.576677888638759e-05
3.2315,0.00271413554384018,8.693760334878768e-05
3.23414,0.002734833795782465,8.911665162689627e-05
3.23679,0.003319553690344066,0.0001076878278573518
3.23943,0.001297312499999999,4.421788049994995e-05
3.24208,0.003351125277469481,0.0001113889394651722
3.24472,0.003460190552164261,0.0001160430491323614
3.24736,0.0007802545088790256,2.748757572951341e-05
3.25001,0.002732368410099892,9.399222892628157e-05
3.25265,0.003244857311320752,0.0001120402494166468
3.25529,0.003791909683684795,0.0001309442997592166
3.25794,0.001781189650388455,6.347740761756804e-05
3.26058,0.003044593368479467,0.000106533944758473
3.26323,0.004302944991675913,0.0001474459872084658
3.26587,0.003323305563263043,0.0001172023491360096
3.26851,0.001968396434517202,7.21594983765852e-05
3.27116,0.002259600374583798,8.193730810087696e-05
3.2738,0.001608836986681464,5.936368370448678e-05
3.27644,0.003488026290233074,0.0001252332775104538
3.27909,0.003238816315205327,0.0001176992216392375
3.28173,0.002693936320754718,9.821442915504638e-05
3.28438,0.002655758324084352,9.897551944608404e-05
3.28702,0.002899169950055493,0.0001037533975466436
3.28966,0.003978974542175358,0.0001380900649552966
3.29231,0.001937033157602665,6.88717986469842e-05
3.29495,0.002103044950055497,7.389349899515736e-05
3.29759,0.002578083795782464,8.930033239907269e-05
3.30024,0.002215154758601554,7.678872963615054e-05
3.30288,0.002158945338512767,7.48653775363141e-05
3.30553,0.002219652885682575,7.648541439012082e-05
3.30817,0.003260356964483905,0.0001097803917488408
3.31081,0.001718902608213096,5.98191557078865e-05
3.31346,0.002216189442286351,7.64153710314575e-05
3.3161,0.003066809309100998,0.0001030598094614072
3.31874,0.002069044603218647,7.128662266432854e-05
3.32139,0.0004761925638179829,1.683353142656821e-05
3.32403,0.002050894145394007,7.049338736255688e-05
3.32667,0.003520051123751386,0.0001162000424670124
3.32932,0.003336568743063265,0.00011071325107659
3.33196,0.003622809864039953,0.000120350863610745
3.33461,0.003329765468923421,0.0001109599105345378
3.33725,0.003025117508324085,0.0001010116892521224
3.33989,0.001536354189789124,5.279194930456203e-05
3.34254,0.002077857727524974,6.973828536202938e-05
3.34518,0.003634269214761377,0.0001194023498059273
3.34782,0.002483385058268593,8.302315427057191e-05
3.35047,0.003423630965593785,0.0001118342578272933
3.35311,0.003295545366259713,0.0001079596038862137
3.35576,0.002620254023307433,8.733612303651851e-05
3.3584,0.001980327344617094,6.652493385604031e-05
3.36104,0.003296410654827968,0.0001076682584543751
3.36369,0.002694625346836848,8.985603028546198e-05
3.36633,0.004107176886792453,0.0001321236792520762
3.36897,0.001713598709766927,5.801916899736327e-05
3.37162,0.003192234947280801,0.0001034208437570954
3.37426,0.003344216703662596,0.0001095669121107961
3.37691,0.000420532533296335,1.463907988121174e-05
3.37955,0.003975930008324087,0.0001276005202486364
3.38219,0.002271185627081023,7.526060007918982e-05
3.38484,0.003014170921198666,9.85130650022745e-05
3.38748,0.001720038013318537,5.785270626167183e-05
3.39012,0.003091861473362928,0.000101848495224346
3.39277,0.002165595241398443,7.206671625621125e-05
3.39541,0.002936739039955605,9.587422166991127e-05
3.39806,0.004302926678690342,0.0001380701546790233
3.4007,0.003835911209766925,0.0001239421795262684
3.40334,0.00354387173973363,0.0001151635451860053
3.40599,0.002349606409544951,7.803170232100242e-05
3.40863,0.002623696864594894,8.595120297703735e-05
3.41127,0.001411915163706991,4.768309215448595e-05
3.41392,0.002302638179800223,7.627718324729154e-05
3.41656,0.002868777261376248,9.405846574747599e-05
3.41921,0.003344283088235294,0.000108664628293598
3.42185,0.002474299528301888,8.141746554692457e-05
3.42449,0.001964010474472809,6.580734027420855e-05
3.42714,0.001660628399001113,5.528930098843896e-05
3.42978,0.003438913152053273,0.000111398847494933
3.43242,0.004081000763041067,0.000130905460868957
3.43507,0.003084666759156491,0.0001007705512151898
3.43771,0.0027547903718091,9.04635962904918e-05
3.44035,0.001948403232519421,6.465355077113983e-05
3.443,0.003142508324084354,0.0001022942355139433
3.44564,0.00248520491120977,8.198809408983862e-05
3.44829,0.003175126040510541,0.0001021454515598934
3.45093,0.002108916551054384,6.969798832340469e-05
3.45357,0.002279909475582683,7.497567692707458e-05
3.45622,0.00166729203662597,5.55809262690764e-05
3.45886,0.002821902885682576,9.238258529283343e-05
3.4615,0.001808938401775805,5.955689693847779e-05
3.46415,0.003165903163152054,0.0001019641068028815
3.46679,0.003107097877358491,0.0001002961291416469
3.46944,0.002644800291342954,8.634602777232454e-05
3.47208,0.002696152192008878,8.776588305038025e-05
3.47472,0.002930022752497226,9.490708776656309e-05
3.47737,0.003446602316870144,0.0001099310536496479
3.48001,0.001979095796337404,6.46946009910878e-05
3.48265,0.00175010335738069,5.744164911862315e-05
3.4853,0.002779810488346282,8.959603641263764e-05
3.48794,0.002501833102108769,8.165075174470267e-05
3.49059,0.002692466703662594,8.747400827968534e-05
3.49323,0.001608585183129857,5.267978182199602e-05
3.49587,0.003837783712541618,0.0001199629005538041
3.49852,0.003607987791342953,0.0001148457611869832
3.50116,0.002153817702552723,7.057988951719093e-05
3.5038,0.001565748820754719,5.175874084076428e-05
3.50645,0.003125790857380687,9.996288681855619e-05
3.50909,0.002521704980577135,8.166957286397375e-05
3.51174,0.002269459628190899,7.366602542208941e-05
3.51438,0.003158163637624864,0.0001016243289339477
3.51702,0.002117313054938956,6.883491869194425e-05
3.51967,0.001534483976137624,5.091497697080412e-05
3.52231,0.001518279273029966,5.012803033392908e-05
3.52495,0.003011089761376252,9.725483605443211e-05
3.5276,0.00228762382075472,7.404714073779783e-05
3.53024,0.002920966981132076,9.341432872375447e-05
3.53288,0.002204663706992229,7.172471459161652e-05
3.53553,0.002846815413429524,9.192211266095647e-05
3.53817,0.00200630889289678,6.588023854917511e-05
3.54082,0.00207243250554939,6.743452025643481e-05
3.54346,0.003066106548279687,9.812267153328325e-05
3.5461,0.001540428829078804,5.134106919814175e-05
3.54875,0.003398411695338509,0.0001081738118083273
3.55139,0.003278303690344061,0.0001043036250346784
3.55403,0.002935544117647057,9.44308581589067e-05
3.55668,0.001322643937291898,4.360920178663951e-05
3.55932,0.002186760474472811,7.138482715730975e-05
3.56197,0.003606696725860155,0.0001139689158284029
3.56461,0.001540128953940066,5.063343350721979e-05
3.56725,0.002436007075471701,7.914327918492947e-05
3.5699,0.004055699084350719,0.0001278891676005156
3.57254,0.001660291897891233,5.419584583089706e-05
3.57518,0.002165931742508322,7.028281870328521e-05
3.57783,0.002818819436736957,9.081748820285314e-05
3.58047,0.002458738068812434,7.976381149472395e-05
3.58312,0.002094067008879021,6.834058642986289e-05
3.58576,0.003953968160377359,0.0001239134233918741
3.5884,0.002239357658157603,7.286111951629221e-05
3.59105,0.001970912180910099,6.440401019130052e-05
3.59369,0.001737627635960044,5.708405806283537e-05
3.59633,0.003913942841287457,0.0001225807776617373
3.59898,0.001196513249167591,3.958114425250623e-05
3.60162,0.002158766786903441,7.064753892078333e-05
3.60427,0.001991951512208658,6.540178127108292e-05
3.60691,0.003266793978912322,0.0001037177339045476
3.60955,0.002165647891231963,7.045123927496983e-05
3.6122,0.003515429384017756,0.0001116869247140159
3.61484,0.002547331714761378,8.289758711767711e-05
3.61748,0.00195742924528302,6.368530541662336e-05
3.62013,0.002951020879578249,9.434115613992553e-05
3.62277,0.004791361473362931,0.0001483646648078535
3.62541,0.0008699538013318546,2.899799777197196e-05
3.62806,0.002023809239733629,6.645320621789464e-05
3.6307,0.002907296337402883,9.327856900314846e-05
3.63335,0.00328595622918979,0.00010517545836183
3.63599,0.003390775180355163,0.0001078500194503141
3.63863,0.001994428343507212,6.514346365378112e-05
3.64128,0.002739107588790235,8.820063168757553e-05
3.64392,0.002457064719755831,7.953493535056459e-05
3.64656,0.003626337402885683,0.0001145040896696197
3.64921,0.003058875208102108,9.840395484770523e-05
3.65185,0.002580301956159825,8.338468571192873e-05
3.6545,0.003089895116537182,9.849621990454543e-05
3.65714,0.002539702067147614,8.194235524252234e-05
3.65978,0.002693279342397333,8.685899384865471e-05
3.66243,0.003421378468368479,0.0001086397196359532
3.66507,0.00205840246947836,6.71211586447855e-05
3.66771,0.002900358004994451,9.297751006019298e-05
3.67036,0.002857562846836849,9.137097851734357e-05
3.673,0.003226551193118756,0.0001025836106058965
3.67565,0.004098819298002216,0.0001276073363202343
3.67829,0.003202952622086571,0.0001015134813945826
3.68093,0.003099092813540512,9.92444030661998e-05
3.68358,0.003276813471143178,0.0001030955798570331
3.68622,0.00389863318534961,0.0001226175922078795
3.68886,0.002648151567702554,8.433125281152862e-05
3.69151,0.001548104259156493,5.073727835013512e-05
3.69415,0.002921090593784685,9.256772134268685e-05
3.6968,0.002631163984461709,8.34301427733099e-05
3.69944,0.00227484135682575,7.35965932326696e-05
3.70208,0.002544117785793563,8.091765743034756e-05
3.70473,0.002411753815205327,7.729829930908547e-05
3.70737,0.001964161556603772,6.290979217036586e-05
3.71001,0.003316312291897893,0.0001034349480742106
3.71266,0.002837569644839067,8.96973196746475e-05
3.7153,0.003279253676470589,0.0001037234612073474
3.71794,0.003057826789678137,9.656048772262593e-05
3.72059,0.001889146989456157,6.11440116227236e-05
3.72323,0.003201650110987788,0.0001004682440859676
3.72588,0.002597314719755826,8.292539882601934e-05
3.72852,0.003045286972807991,9.590095900643042e-05
3.73116,0.002813327830188683,8.863855265806506e-05
3.73381,0.001078284614317426,3.552093754087396e-05
3.73645,0.002573954217536071,8.144440688251278e-05
3.73909,0.003125662666481684,9.898286480632736e-05
3.74174,0.002505587264150943,7.929455332622302e-05
3.74438,0.002694197280799112,8.548399227672577e-05
3.74703,0.001523539678135402,4.988552632700819e-05
3.74967,0.003455355923973364,0.0001086652873334669
3.75231,0.002427844062153164,7.664037748946406e-05
3.75496,0.002203093368479466,7.05955296355286e-05
3.7576,0.002763383740288569,8.718033011747338e-05
3.76024,0.003751563887347392,0.0001170040762439019
3.76289,0.00419432609600444,0.0001289692808083127
3.76553,0.003041033781908989,9.596065145577521e-05
3.76818,0.00160272502774695,5.204425411931127e-05
3.77082,0.002303132630410657,7.324912696148535e-05
3.77346,0.001811996670366258,5.861265002920647e-05
3.77611,0.002316844478357378,7.406948495754637e-05
3.77875,0.001728072835738067,5.584204163051774e-05
3.78139,0.002374876040510542,7.598175498702207e-05
3.78404,0.002905467327968923,9.183989250802545e-05
3.78668,0.003757220310765819,0.0001165016627180999
3.78933,0.0005922602663706974,1.958649730038095e-05
3.79197,0.003032525110987789,9.880446761899572e-05
3.79461,0.004702154342397339,0.0001507395843026995
3.79726,0.001955327830188677,6.645823285272107e-05
3.7999,0.00281619610155383,9.599335939287513e-05
3.80254,0.001040967327968921,3.705595747422607e-05
3.80519,0.002283514844617091,8.013924481626521e-05
3.80783,0.001396399486681464,5.016720171733618e-05
3.81047,0.001267075471698114,4.618962934170571e-05
3.81312,0.0007728560627081003,2.908634944467797e-05
3.81576,0.001895961709211986,6.926070165627906e-05
3.81841,0.003112845865704774,0.0001108734000079137
3.82105,0.003890824986126528,0.0001393556756304473
3.82369,0.003175213027192012,0.0001149738607022389
3.82634,0.001382621254162045,5.218888031928322e-05
3.82898,0.001070716773029967,4.096074698897907e-05
3.83162,0.002666535516093233,9.938146474851058e-05
3.83427,0.002612029203662596,9.822087183017895e-05
3.83691,0.001125156700887905,4.415907139917805e-05
3.83956,0.001822950124861264,7.055924786860741e-05
3.8422,0.00212917071309656,8.229074163496207e-05
3.84484,0.002216443534961155,8.594913047126809e-05
3.84749,0.003267256381798003,0.0001210684337505922
3.85013,0.003084137971698112,0.0001119046665943535
3.85277,0.002844965801886791,0.000101814741388975
3.85542,0.0019132285654828,7.00883697919321e-05
3.85806,0.00267723487791343,9.554021809474923e-05
3.86071,0.0009910644422863478,3.635943988473165e-05
3.86335,0.002464573043840179,8.704309302803318e-05
3.86599,0.003699788498890125,0.0001267487877738985
3.86864,0.00204464026082131,7.208435271256836e-05
3.87128,0.004497712749722533,0.0001521080214480623
3.87392,0.001580488485016647,5.616408599165165e-05
3.87657,0.002728847738623749,9.480863637501181e-05
3.87921,0.004625544256381798,0.0001549691670813608
3.88186,0.002641169741953388,9.165606739423823e-05
3.8845,0.002878135197003328,9.947836052205577e-05
3.88714,0.002253749375693675,7.805595782639889e-05
3.88979,0.003351013110432853,0.0001146236301425099
3.89243,0.002106036834073253,7.349725052303312e-05
3.89507,0.003018508809655937,0.0001020190000436868
3.89772,0.001899722738623755,6.555105878510159e-05
3.90036,0.002382004370144286,8.107616232506681e-05
3.903,0.002964286348501664,9.955351011144167e-05
3.90565,0.002019766648168702,6.909500248644455e-05
3.90829,0.00117168770810211,4.064841347393797e-05
3.91094,0.002120458310210876,7.24677802534955e-05
3.91358,0.002350098571032183,7.940331042846887e-05
3.91622,0.001428433476692564,4.888434429867687e-05
3.91887,0.002324169672586019,7.89163160185475e-05
3.92151,0.003109148931742506,0.0001027463515248694
3.92415,0.0037202349472808,0.0001214781835896808
3.9268,0.003755434794672583,0.0001230156917718297
3.92944,0.002320282741398449,7.740781881916246e-05
3.93209,0.002355180424528302,7.873460290774251e-05
3.93473,0.0027275269145394,8.969305219756102e-05
3.93737,0.002736369797447283,9.02173624636859e-05
3.94002,0.001902890885127635,6.395269428439349e-05
3.94266,0.002930148654273032,9.656790109908298e-05
3.9453,0.001145829772475028,3.910635005461117e-05
3.94795,0.002195555285793563,7.316443227300651e-05
3.95059,0.001949540926748059,6.56014925530436e-05
3.95324,0.002043415579911211,6.878359240952161e-05
3.95588,0.002673084697558269,8.853975089567814e-05
3.95852,0.002729374236958935,9.043173360403912e-05
3.96117,0.001954320615982242,6.588247684626812e-05
3.96381,0.003553870629855713,0.0001153382662500912
3.96645,0.001720871254162043,5.784411906327734e-05
3.9691,0.002094490496670367,6.997453385705716e-05
3.97174,0.002399420019422866,8.018007977510988e-05
3.97439,0.002734584281354052,9.085386145041399e-05
3.97703,0.001521017064372918,5.094356589563419e-05
3.97967,0.002386779481132071,7.913845708842162e-05
3.98232,0.003066882561043283,0.0001000999722164749
3.98496,0.00235913374028857,7.833881000772011e-05
3.9876,0.00218080417591565,7.253894516945154e-05
3.99025,0.002807122017203108,9.227828775579197e-05
3.99289,0.00320771628745838,0.0001054794279799706
