0.0431807,69.11222116398447,0.4869184278756469
0.0458244,59.85816022475029,0.4363030763718387
0.0484682,52.47633217258602,0.4030955920848825
0.0511119,45.83591541342953,0.3905940753771774
0.0537556,40.24918961570477,0.3426673659599309
0.0563993,35.85638555077691,0.334955093297946
0.059043,32.03090344894562,0.2956427162540248
0.0616867,28.62294169187015,0.28899203983502
0.0643304,25.89876033088235,0.2692636957316898
0.0669742,23.46137160932297,0.2447971142479556
0.0696179,21.06674842466704,0.2358637647193451
0.0722616,19.08706661279134,0.2105869188443908
0.07490529999999999,17.51112812638735,0.2017060458135701
0.07754900000000001,15.87897994519978,0.1893576084365499
0.08019270000000001,14.59795975305216,0.1746902895405434
0.08283649999999999,13.25560985294118,0.1677378736643406
0.08548020000000001,12.23822356132075,0.1540091355287663
0.08812390000000001,11.26283173834628,0.1541234243074921
0.0907676,10.41523278163152,0.1464693411571261
0.0934113,9.547220866398447,0.1373659364999737
0.096055,8.898721581576027,0.1347802663505945
0.0986987,8.207100045782465,0.1239680280513009
0.101342,7.673113851276359,0.1202319144972115
0.103986,7.044154453385128,0.1083907897129977
0.10663,6.552728026498336,0.1051614981657433
0.109274,6.127013009850168,0.101178550092828
0.111917,5.703489164816871,0.09365932124766642
0.114561,5.355737930077692,0.08873380865506887
0.117205,4.992936603079912,0.08398423980249514
0.119848,4.653641984600444,0.079093705301873
0.122492,4.360865989178691,0.07349086542224542
0.125136,4.057219657325194,0.07027166781356986
0.12778,3.830721424112098,0.06662414891379191
0.130423,3.611340052025527,0.06381805439491217
0.133067,3.340596340871254,0.06000576919196848
0.135711,3.204159012902331,0.05609942505155581
0.138354,2.982431220865705,0.05355286490602156
0.140998,2.818723751387347,0.05065439057704563
0.143642,2.652793703523863,0.04798762784623706
0.146286,2.497629058684795,0.04475357936275319
0.148929,2.386699453385128,0.04277903683767657
0.151573,2.184592514567147,0.04052844609375329
0.154217,2.09020740982242,0.03813364415861883
0.15686,1.974756603079911,0.03652811956547342
0.159504,1.877443023029967,0.03456403449190625
0.162148,1.80508054245283,0.0333770940538945
0.164792,1.66506895463374,0.03160048825810107
0.167435,1.615074801609323,0.03001770916303861
0.170079,1.506850138734739,0.02838127612919072
0.172723,1.456755973917869,0.02731564788673059
0.175366,1.36309610918424,0.02595488787878748
0.17801,1.295228848501665,0.02459434001348426
0.180654,1.235599753052164,0.02343196341388423
0.183298,1.196297865566038,0.02295391899032743
0.185941,1.114001597530522,0.02134784432926018
0.188585,1.074267798279689,0.02065933701743565
0.191229,1.022523656354051,0.01983639752285975
0.193872,0.9739652185072142,0.01884615848442467
0.196516,0.9190391037735849,0.01801582867718742
0.19916,0.8842084461709212,0.01733364616592906
0.201804,0.8414318528024418,0.01691337656214155
0.204447,0.8030546108490567,0.01594013427186762
0.207091,0.7649202677580467,0.01513942996449041
0.209735,0.7419567910654828,0.01474021810897596
0.212378,0.6899617383462819,0.01388736910401294
0.215022,0.6794238512763597,0.0136186637333749
0.217666,0.6566378731964484,0.01331602801845016
0.22031,0.6189656354051055,0.01279215746108519
0.222953,0.6044357921753607,0.01231104056997914
0.225597,0.5721225291342953,0.01163640417933338
0.228241,0.5490817029689234,0.01136741472299926
0.230885,0.5375347017203108,0.01111537452942772
0.233528,0.5105052386237514,0.01071647187093446
0.236172,0.4871797828801332,0.01025539178357055
0.238816,0.4681168347669257,0.00989087203055661
0.241459,0.4592513582130966,0.009658858322135208
0.244103,0.4322733088235294,0.00908529099542295
0.246747,0.4203527913429523,0.008967250120133404
0.249391,0.4072388623751387,0.0087626543704004
0.252034,0.3984874528301887,0.008631608995489003
0.254678,0.3790477150388458,0.008174904039334619
0.257322,0.3611261237513874,0.007872434070444868
0.259965,0.3542149403440622,0.007718067423710429
0.262609,0.3431340045782464,0.007520110900710973
0.265253,0.3423181839622642,0.007571969462722778
0.267897,0.3187706832685905,0.007057617193447291
0.27054,0.3214015038845727,0.007077633378057726
0.273184,0.2968052642896781,0.006588898644642944
0.275828,0.287903756936737,0.006432168130824926
0.278471,0.2844776491398446,0.006443028644961505
0.281115,0.2795357068534962,0.006334174430773041
0.283759,0.2647938679245283,0.006086703874218829
0.286403,0.2596204952830189,0.005854455710354672
0.289046,0.2646412520810211,0.005993126018721426
0.29169,0.2493081555216426,0.005695127704462791
0.294334,0.2416381277746948,0.005602401454638278
0.296977,0.2236055369034406,0.00528365747156561
0.299621,0.2227798272752498,0.005195361934129373
0.302265,0.2201197287735849,0.005154289374784872
0.304909,0.2169998827691454,0.005066231074953016
0.307552,0.2073530826859045,0.004940756843783328
0.310196,0.2010252136514983,0.004785227606950913
0.31284,0.1980113311598224,0.004702459066851445
0.315483,0.1904314033018868,0.004577905092074047
0.318127,0.1853408442702553,0.004452766178753614
0.320771,0.1795416688401776,0.004338779951032714
0.323415,0.191708115982242,0.004546688469594335
0.326058,0.1678188491953385,0.004107690539563891
0.328702,0.175906802164262,0.004299644704277413
0.331346,0.161824484808546,0.003992208478881098
0.333989,0.1660980878190899,0.004041678748114809
0.336633,0.1657411494173141,0.003992559648023847
0.339277,0.162287801054384,0.003925926090877387
0.341921,0.151685246254162,0.003792875112990801
0.344564,0.1508642819783574,0.003735461141503243
0.347208,0.150315022891232,0.003730884835375964
0.349852,0.1452886348501665,0.003607615451169571
0.352495,0.1351836461570477,0.003437257107034495
0.355139,0.1453159211986682,0.003596496388148013
0.357783,0.1318725439095449,0.003368125996361765
0.360427,0.1329445448806882,0.003372464040650808
0.36307,0.1271153544672586,0.003233655724786017
0.365714,0.1224792962680355,0.00316419616441428
0.368358,0.1280955776220866,0.003215803028365151
0.371001,0.1240170079078801,0.003166848084346698
0.373645,0.1188295067980022,0.003076704609702625
0.376289,0.1160439826581576,0.002993581573235713
0.378933,0.1156662979328524,0.003002936043353637
0.381576,0.1169546462264151,0.002964708711226435
0.38422,0.1098415438401776,0.002869511865897407
0.386864,0.111489089900111,0.002872787163068873
0.389507,0.1133227325194229,0.002920166457563954
0.392151,0.1072035262208657,0.002825750797621969
0.394795,0.1055332949500555,0.002741291248339769
0.397439,0.09950485009711434,0.002641655027936371
0.400082,0.1010320088790233,0.002645213673718077
0.402726,0.1032694436736959,0.002697151076578017
0.40537,0.09387201609322975,0.002521478221382887
0.408013,0.09682656908990012,0.00253769311790591
0.410657,0.09660175430077693,0.002564870738223741
0.413301,0.09436417529134296,0.002493946951718471
0.415945,0.09283102587402885,0.002481974551108001
0.418588,0.0886255586154273,0.002405734894289287
0.421232,0.08706569970865706,0.002363196644016415
0.423876,0.08867966662042173,0.002431138516882577
0.426519,0.09113688013318537,0.002484285340025063
0.429163,0.08823141051609323,0.00250185768795626
0.431807,0.08575869735016649,0.002496577253352656
0.434451,0.08308363713928968,0.002483566734321319
0.437094,0.08621717667869035,0.002607632255746706
0.439738,0.08142190767203109,0.002510584652934205
0.442382,0.07912064067702552,0.002511410075274748
0.445025,0.0787315606964484,0.002498250643605755
0.447669,0.07933904821032187,0.002530872008319951
0.450313,0.07439245671476137,0.002458180418107058
0.452957,0.07227034565760267,0.002375033210540533
0.4556,0.07705405001387348,0.002469892123146592
0.458244,0.07479000416204218,0.002381482669849969
0.460888,0.07266007803829079,0.00234917117169457
0.463531,0.07650434225860156,0.002460517140523416
0.466175,0.06788291828523861,0.002236181856481006
0.468819,0.06866306749445061,0.002305005177585437
0.471463,0.07076623605715872,0.002286904504617809
0.474106,0.06568491363762485,0.002224080913979011
0.47675,0.06530254078801331,0.002208640609460715
0.479394,0.07053792348779135,0.002338870717154506
0.482037,0.07022682477802443,0.002359942171045662
0.484681,0.06543038145116536,0.002132835347266454
0.487325,0.07098449021920089,0.00225994520398471
0.489969,0.06635123619589346,0.002102093332850255
0.492612,0.06209692362652607,0.002010176454102071
0.495256,0.0641719863346282,0.002016542850712498
0.4979,0.06169514816870145,0.001940128462898296
0.500543,0.06340463561320754,0.001963637897345556
0.5031870000000001,0.06463474403440622,0.001972962266327568
0.505831,0.05989619721143173,0.001873845706801676
0.508475,0.06343634225860156,0.001939669138923474
0.511118,0.06144510495283019,0.001869675693865668
0.5137620000000001,0.05806945400943397,0.001800020422128348
0.516406,0.05749621864594895,0.001768500990770979
0.519049,0.05297591453940068,0.001679762854270993
0.521693,0.05609038339345173,0.001722054273092264
0.5243370000000001,0.05707635224750278,0.00174326259589506
0.526981,0.05979163922031078,0.001801909159100067
0.529624,0.05778907075471699,0.001734558418805828
0.532268,0.0567214671892342,0.001718904958067521
0.5349120000000001,0.05650093306048835,0.001695452210340944
0.537555,0.05511010072142063,0.00166530090224327
0.540199,0.05485332977247504,0.001666203220243273
0.542843,0.05537453336570478,0.001666926621505108
0.5454870000000001,0.05599952809378469,0.001674163521508323
0.54813,0.05272388894284129,0.001571092247352864
0.550774,0.05595316419256381,0.001659319287598653
0.553418,0.05331484669811321,0.001587722397722581
0.556061,0.04842006950610432,0.001484848699239933
0.558705,0.05396856992230855,0.001611141705235378
0.561349,0.04949836785516094,0.001478626794705129
0.563993,0.05274675957269701,0.001561014907732096
0.566636,0.05037524167591566,0.001499012837091316
0.56928,0.04850060772752498,0.001469973971436349
0.571924,0.04866687361265262,0.001464948449249414
0.574567,0.04920310758879023,0.001470605175917317
0.577211,0.04757121684239733,0.001431791202944724
0.579855,0.04635668590455051,0.001389368085144088
0.582499,0.04717418444783573,0.001420429241663654
0.5851420000000001,0.04616355715871253,0.001386510466276348
0.587786,0.04908828745837959,0.001462012954928328
0.59043,0.04445730882352941,0.001350862840773751
0.593073,0.04371271656492786,0.00131306155037757
0.5957170000000001,0.04608358206159823,0.00136917459096006
0.598361,0.04469848626526082,0.001342721226075375
0.601005,0.04734201151498335,0.001387155398594907
0.603648,0.04447979945893452,0.001320712521766621
0.6062920000000001,0.0464350654827969,0.001359305104027294
0.608936,0.04525468826304106,0.001333215437858615
0.611579,0.04611232429245284,0.001338083766950697
0.614223,0.04571501491398446,0.001329760068853768
0.6168670000000001,0.04588001720310766,0.001331116924691032
0.619511,0.04340003607103218,0.00127070787653517
0.622154,0.04306107186459489,0.001267211379202877
0.624798,0.04444365649278579,0.001285398860585413
0.6274420000000001,0.04111368729189789,0.001209643588652054
0.630085,0.04168118840177581,0.001230080197202175
0.632729,0.04575247870421754,0.001304200290107106
0.635373,0.04073642605438402,0.001199195419222272
0.6380169999999999,0.04095143195061043,0.001193590876055299
0.64066,0.04246163290788014,0.001233658086580718
0.643304,0.0437569080882353,0.00126029069435619
0.645948,0.04131636168146505,0.001202895528880362
0.6485919999999999,0.04015358552996671,0.001174898878493036
0.651235,0.03689611057158713,0.001114167945749433
0.653879,0.04168050395394007,0.001211866912404819
0.656523,0.04024372433407326,0.001174614132659943
0.659166,0.04095234302164263,0.00119102854437977
0.66181,0.03881970199778025,0.001129758561438177
0.664454,0.03958101859045506,0.001158836638618617
0.667098,0.04082617799667036,0.001188062382451698
0.669741,0.04222358698668147,0.00121416482137636
0.672385,0.03986272038013318,0.001156825748133889
0.675029,0.0394533015399556,0.001140620851211825
0.6776720000000001,0.03970533400388457,0.001142008238909386
0.680316,0.03736586383185349,0.00109656022906617
0.68296,0.03826859329911209,0.001104772732670959
0.685604,0.03626908768035517,0.001072249768761426
0.6882470000000001,0.03858465711709212,0.001112207726877873
0.690891,0.03735689504716981,0.001088827229331872
0.693535,0.03786915045782464,0.001092607531907205
0.696178,0.03930785065205328,0.001122740175524282
0.6988220000000001,0.0362905276082131,0.001063305551316424
0.701466,0.03727749680910099,0.001074167805357561
0.70411,0.03795157949500555,0.001095026140407982
0.706753,0.03817497731687013,0.001084852018966488
0.7093970000000001,0.03530200180355161,0.001030093180700988
0.712041,0.035720565690899,0.001039421691560183
0.714684,0.0380320581992231,0.001080422727585977
0.717328,0.03610304612930078,0.001039659755912259
0.7199719999999999,0.0375590932991121,0.001069630597670952
0.722616,0.03462110668701444,0.001002213254797932
0.725259,0.03580198064650389,0.001029464278621684
0.727903,0.0369153323390677,0.001037726511161859
0.7305469999999999,0.03906563394839067,0.001096862493909106
0.73319,0.03564064782186459,0.001021715745834111
0.735834,0.03357085467536071,0.0009698754050685313
0.738478,0.03652292626248613,0.001027177648739238
0.7411219999999999,0.03816027885682576,0.001063221163008564
0.743765,0.03554114650388458,0.001015098472305666
0.746409,0.03714432706714761,0.00102946219449488
0.749053,0.03427486764705882,0.0009820637750557232
0.751696,0.03287847502774695,0.0009417095412783655
0.75434,0.03617240885127636,0.001019219690741582
0.756984,0.03226583469755827,0.0009222565804908699
0.759628,0.03273799840455049,0.000939262912089426
0.762271,0.03502022676193119,0.0009837344016227099
0.764915,0.03452668035516093,0.0009674746001280584
0.767559,0.03332592307158713,0.0009547517117417427
0.7702020000000001,0.03335563589067703,0.0009404543369676775
0.772846,0.03240752455604884,0.000918953012667762
0.77549,0.03385269610155383,0.0009565182180210797
0.778134,0.03399491245837959,0.0009469049243557555
0.7807770000000001,0.03424693805493896,0.0009600551150409607
0.783421,0.03453068174250833,0.0009589883854847696
0.786065,0.03524789837680355,0.0009747402662549701
0.788708,0.03169947586015538,0.0009020047186941681
0.7913520000000001,0.03247981277746948,0.0009088148954841325
0.793996,0.03491132401498336,0.0009636849264404256
0.79664,0.03545800326026637,0.0009682184438859942
0.799283,0.03524731236126526,0.0009635130771194178
0.8019269999999999,0.03329899382630411,0.000923712438857184
0.804571,0.0326182543701443,0.0009044356564878503
0.807214,0.03260311182019978,0.000908670984483617
0.809858,0.03205876061320755,0.0008865414298476841
0.8125019999999999,0.03234602955049944,0.0009064997774344899
0.815146,0.03165708358768035,0.0008785987254605899
0.817789,0.03409066419256382,0.0009298337826547311
0.820433,0.03504158199223086,0.000952852303387181
0.8230769999999999,0.03395685807436182,0.0009216890723875929
0.82572,0.03018690337125416,0.0008511111199764811
0.828364,0.03465666363762487,0.0009338371446968863
0.831008,0.03347422391786904,0.0009150529315294513
0.8336519999999999,0.03278528940066593,0.0008897289124842837
0.836295,0.0326141202136515,0.000890584094418884
0.838939,0.03191176227802442,0.0008789002556772314
0.841583,0.02973885557713652,0.0008215232079342215
0.844226,0.03488325020810211,0.0009409944931593916
0.84687,0.03055816710599334,0.0008422852549550113
0.849514,0.03132878898446171,0.0008580917427530267
0.852158,0.03246878378190899,0.000883938843006021
0.854801,0.03222302580466149,0.0008603589115030363
0.857445,0.02883921413706992,0.0008041936068211858
0.860089,0.03184665732519423,0.0008565137426144468
0.8627320000000001,0.03236065704772476,0.000868215004724007
0.865376,0.03007624944506104,0.0008513537968567387
0.86802,0.03207990295504994,0.0008866710879253805
0.870664,0.03143630910099889,0.0008870388398362034
0.8733070000000001,0.03150139345172031,0.0008747789676788922
0.875951,0.0313796510127636,0.0008893136546543822
0.878595,0.03190734884850167,0.0008993453653305006
0.881238,0.0338569676054384,0.0009350738903216858
0.8838819999999999,0.03442779938956715,0.0009620230115207464
0.886526,0.03070697155937847,0.0008637095029057697
0.88917,0.02963447155937847,0.0008513207766592192
0.891813,0.03322256915926748,0.0009271647569580115
0.8944569999999999,0.03144921059933408,0.0008708805435253606
0.897101,0.03136416967258602,0.0008613645552444258
0.899744,0.03629498910932298,0.0009542131168183549
0.902388,0.03068145012486126,0.0008404346469180931
0.9050319999999999,0.03322836979744728,0.000879429074150018
0.907676,0.03209226422031076,0.0008587831304630662
0.910319,0.03222873029966704,0.0008640333667522256
0.912963,0.02898416599611543,0.0007966287710240272
0.9156069999999999,0.03172719027469479,0.0008518876994112661
0.91825,0.03332557970310766,0.0008689745087917267
0.920894,0.03076086667591565,0.0008286988622399794
0.923538,0.03189577504162042,0.0008471790810532911
0.9261819999999999,0.02943895067980022,0.0007915153808390164
0.928825,0.03069363283851276,0.000826390404637196
0.931469,0.03270951942286349,0.000855534399260933
0.934113,0.03485124826581577,0.0009050700389568771
0.936756,0.03092135481409546,0.000813411914099703
0.9394,0.03203759766925638,0.0008382335637842545
0.942044,0.02956548425360711,0.0007846355758331415
0.944688,0.03102685592397337,0.0008165736196950223
0.947331,0.02961382137902331,0.0007902354387931188
0.949975,0.03055631520532742,0.0008017751619615326
0.952619,0.03059507463928968,0.0008047771046670458
0.9552619999999999,0.03056773793007769,0.0008035100242589954
0.957906,0.03364842848224195,0.0008610710999179597
0.96055,0.02959331999167591,0.0007870229327438701
0.963194,0.03083986202830189,0.0007922532530496754
0.9658369999999999,0.02923721254162042,0.0007754223170132113
0.968481,0.0317500013873474,0.0008171661595103105
0.971125,0.02938678156215317,0.0007673323256657018
0.973768,0.0316848369173141,0.0008100794570784717
0.9764119999999999,0.03108527434794673,0.0007929042167654275
0.979056,0.03109072703940067,0.0008000881267641768
0.9817,0.03122877490288569,0.000797902621881484
0.984343,0.02937457137902331,0.0007578222080741627
0.9869869999999999,0.02895030299667037,0.0007467104553734751
0.989631,0.02920188679245283,0.0007620950890370069
0.992274,0.03003004578246393,0.0007986758265179208
0.994918,0.03097224660099889,0.0008147575678439131
0.9975619999999999,0.02943345907325194,0.0007928454040621563
1.00021,0.03177181215316315,0.0008457524945179563
1.00285,0.03114022017203108,0.0008298858162848855
1.00549,0.03156277171198669,0.0008556454118143157
1.00814,0.0301906827136515,0.0008213460222313662
1.01078,0.02971652289123197,0.0008168260432877059
1.01342,0.02904483233906771,0.000807151919863452
1.01607,0.03055481811875694,0.0008470173768993208
1.01871,0.0297770267064373,0.0008249216084972461
1.02136,0.02940616356825749,0.0008218214032053281
1.024,0.02987758559933408,0.0008390580856815178
1.02664,0.03022995262208658,0.0008475376301265975
1.02929,0.02918791627358491,0.0008289511578018829
1.03193,0.03066954668423974,0.0008574094376728085
1.03457,0.0263367767064373,0.0007636433177050067
1.03722,0.03205810134572697,0.0008945912777702842
1.03986,0.0279973410099889,0.0008012432135310104
1.04251,0.02768410425915649,0.0008013598627999203
1.04515,0.0291156051609323,0.0008173852338852057
1.04779,0.02957919610155383,0.0008196752814805248
1.05044,0.02876757144839068,0.000794969075315405
1.05308,0.02970039372918979,0.0008001662854372372
1.05572,0.02907289470033296,0.000792971486941769
1.05837,0.02726677420921199,0.0007422525938753998
1.06101,0.02972439747502775,0.0008001852862785577
1.06365,0.03098003190899002,0.0008125342025241208
1.0663,0.02656969956992231,0.0007249162076650674
1.06894,0.02826596274972253,0.0007582139423616094
1.07159,0.02767305466148724,0.0007353140972167185
1.07423,0.02747590850443951,0.0007390415805736873
1.07687,0.02791165683962265,0.0007381276894561346
1.07952,0.02668010627081021,0.000717996521227357
1.08216,0.02713839331298557,0.0007223965646638406
1.0848,0.02758458920643729,0.0007179085330282741
1.08745,0.02760123571032187,0.0007254488909296011
1.09009,0.03076818042452831,0.0007813426192543881
1.09274,0.02763554737791344,0.0007251268996555051
1.09538,0.02717628059100999,0.0007131234123723363
1.09802,0.02855584128745838,0.0007332459884379995
1.10067,0.02638450034683685,0.0006954052772308458
1.10331,0.02825178392064373,0.0007226176567933148
1.10595,0.02691253239456159,0.0007005960736478598
1.1086,0.0285588537735849,0.0007296024840234537
1.11124,0.02781037687291898,0.0007154200965889138
1.11389,0.02843364789123197,0.00072946458510369
1.11653,0.02759023876248613,0.0006991945399399237
1.11917,0.02722043091009989,0.0007029305171765856
1.12182,0.02926901761931188,0.0007351689845824027
1.12446,0.02842737798279689,0.0007240664323224828
1.1271,0.02907910509156493,0.0007304888558681016
1.12975,0.02428195213651498,0.0006341226330764795
1.13239,0.02773167452830189,0.0007047201538484512
1.13504,0.02710838061875694,0.000689689108270368
1.13768,0.0275703394145394,0.0006987223241398168
1.14032,0.0266919112791343,0.0006832792509510306
1.14297,0.03086362541620422,0.0007603106765103218
1.14561,0.02613895067980022,0.0006765613076594342
1.14825,0.02454657706714761,0.0006324119980312047
1.1509,0.02860724812708102,0.0007141149991112975
1.15354,0.02893785932297448,0.000719464545943591
1.15618,0.0263417349472808,0.0006669223885183466
1.15883,0.02674008129855715,0.0006835560572282116
1.16147,0.02456548064650389,0.0006286079543499043
1.16412,0.02770056534406215,0.000697811255764545
1.16676,0.02516317529134295,0.0006373127663764125
1.1694,0.02812758525249722,0.0006996517444353124
1.17205,0.02517733809655938,0.0006397640348813908
1.17469,0.02502130688124306,0.0006358101060739042
1.17733,0.02525954966703662,0.0006422928377035047
1.17998,0.02552619589345173,0.0006400066836344643
1.18262,0.02783906645394007,0.000688060825862218
1.18527,0.02541163672308546,0.0006391363593796855
1.18791,0.02545330105438402,0.0006419717516859337
1.19055,0.02317314206437292,0.0005979044310157497
1.1932,0.02382588783296337,0.0006032345400214242
1.19584,0.02525706367924528,0.000635872042442852
1.19848,0.02545439525527192,0.000633888527787873
1.20113,0.02417567272475028,0.0006138084236385376
1.20377,0.02345957318257492,0.0005970146258622056
1.20642,0.02514444110710322,0.0006295886908531756
1.20906,0.02353640073529412,0.0005999520197754865
1.2117,0.02388231700887903,0.0005984764623818318
1.21435,0.02251447662319645,0.0005755565824551098
1.21699,0.02348463908157603,0.0005916051083025103
1.21963,0.0256059420782464,0.000633150864544809
1.22228,0.02423358754162042,0.0006092012439434834
1.22492,0.02245177296059933,0.0005685563182388319
1.22757,0.02299225783851276,0.0005812442161848641
1.23021,0.02244534510266371,0.0005665170671763511
1.23285,0.02262607137902331,0.0005711433290561989
1.2355,0.0237413711154273,0.0005944074713081448
1.23814,0.02337165024972253,0.0005846452638835109
1.24078,0.02304343118756937,0.0005818066012995133
1.24343,0.02338983046614873,0.000585406448449855
1.24607,0.02205269866814651,0.0005565336800929945
1.24871,0.02307767647058823,0.0005761066831338041
1.25136,0.02123325894839068,0.0005381672186985749
1.254,0.02095814067702553,0.0005346727362423612
1.25665,0.02411579841842397,0.0005944232319677705
1.25929,0.02322502504162043,0.0005785826292940626
1.26193,0.02212444436736959,0.0005507531623965099
1.26458,0.02217635481409545,0.0005529030561559671
1.26722,0.02259740926748057,0.0005631524733144807
1.26986,0.02249261549667037,0.0005599488874164376
1.27251,0.02108118104883462,0.0005333834108183867
1.27515,0.02132284378468369,0.0005339027380596317
1.2778,0.02190969714206438,0.0005477285116203335
1.28044,0.02118474098224195,0.0005279905363359392
1.28308,0.02197319970865705,0.0005449245270419634
1.28573,0.02018058504439512,0.0005135483623549849
1.28837,0.02205938519700333,0.0005419511186321242
1.29101,0.02044310627081021,0.0005201638384866278
1.29366,0.02023648085460599,0.0005074861402032966
1.2963,0.01786818833240843,0.0004617187685366197
1.29895,0.02080717986958934,0.0005209545815994223
1.30159,0.02049500985016648,0.0005093402986015074
1.30423,0.0206055973917869,0.0005181580024178081
1.30688,0.01964182616537182,0.0004907486927947736
1.30952,0.02122591315205328,0.0005263733625730137
1.31216,0.02032918118756937,0.0005048544411698943
1.31481,0.01889879966703663,0.0004785845377575535
1.31745,0.01928931492785794,0.0004854573685461369
1.3201,0.01849174320199778,0.0004657350058729245
1.32274,0.01976573869311875,0.0004928811436274696
1.32538,0.01871449549112098,0.0004687403019061304
1.32803,0.02016278253329634,0.0004968884222852005
1.33067,0.02033376401220865,0.000505742151658068
1.33331,0.01872106527469478,0.0004658902040248411
1.33596,0.01933886299944506,0.0004825203768998536
1.3386,0.01794288471143174,0.0004535857754388355
1.34124,0.01901247065760266,0.0004732061833340672
1.34389,0.0188574397891232,0.0004700011743689472
1.34653,0.01749314296614872,0.0004399982696165603
1.34918,0.01855596226415095,0.0004652610971348102
1.35182,0.01933197502774695,0.0004759542840051436
1.35446,0.01785302975860156,0.0004502976102164035
1.35711,0.01698448147891232,0.000431449467566198
1.35975,0.01981699902885683,0.0004876966373194898
1.36239,0.0169773439927858,0.0004324012772193285
1.36504,0.01794210640954495,0.0004460817098433119
1.36768,0.01711786639844617,0.0004337169235127341
1.37033,0.01705931062708102,0.0004316583181820157
1.37297,0.0170888471836848,0.0004323071231764697
1.37561,0.0183813227663707,0.000462297109902209
1.37826,0.0180394605299667,0.0004472924213095982
1.3809,0.01607687160099889,0.0004125019026950149
1.38354,0.01617872842674806,0.0004135413780981114
1.38619,0.01785577441731409,0.0004481300256512126
1.38883,0.01626589823806881,0.0004127379169764608
1.39148,0.01631346163984462,0.0004150510919035747
1.39412,0.01739466259711432,0.0004375630084393099
1.39676,0.01498996157047725,0.0003843365466213949
1.39941,0.01669716675915649,0.0004210145640515313
1.40205,0.01611086965871254,0.0004078179184435487
1.40469,0.0171579993063263,0.000434292559022234
1.40734,0.01593585703385127,0.0004041052501302712
1.40998,0.01684731034961154,0.0004216788232851994
1.41263,0.01507530237236404,0.0003842280909771684
1.41527,0.01704127462541621,0.0004251163358515483
1.41791,0.01705160314927858,0.0004268641000253789
1.42056,0.01641398619589345,0.0004133636907514902
1.4232,0.01594150887902331,0.000402185692311214
1.42584,0.01348556582963374,0.0003504978955630788
1.42849,0.01462569110710322,0.000375978909509987
1.43113,0.01436662874583795,0.0003705001730184562
1.43377,0.01528073286625971,0.0003881394604410875
1.43642,0.01528065732519423,0.000385948177848308
1.43906,0.01544209316037736,0.0003918562957455921
1.44171,0.01421432422308546,0.0003649835403858047
1.44435,0.01461320851831299,0.000372541337436513
1.44699,0.01459722586015538,0.0003717042724850289
1.44964,0.01412052968923418,0.0003634080885472318
1.45228,0.01499348910932297,0.0003793138879121209
1.45492,0.01415198910932297,0.0003611686348712329
1.45757,0.01513421066870144,0.0003807032097231713
1.46021,0.01498194277192009,0.0003784359170944678
1.46286,0.01510166849334073,0.0003804173812887557
1.4655,0.01531981277746948,0.00038571857400357
1.46814,0.01172073196448391,0.0003072125169332648
1.47079,0.01467157658157603,0.0003726818848514056
1.47343,0.01432702462541621,0.0003624108084063154
1.47607,0.01405808240843507,0.0003597076871945658
1.47872,0.01528395137347392,0.0003805443925967857
1.48136,0.01195353121531632,0.0003137255017395037
1.48401,0.0135027365427303,0.0003483461344224157
1.48665,0.01395218070199778,0.000354077825729771
1.48929,0.01126625631243064,0.0002958445485879695
1.49194,0.01284263124306326,0.0003276386281679689
1.49458,0.01297204682297447,0.0003360408187337642
1.49722,0.01334458559933407,0.0003397715962231347
1.49987,0.01242805043007769,0.0003208469853296171
1.50251,0.01382057214206437,0.000353166516877233
1.50516,0.01331445615982242,0.000338218362928086
1.5078,0.01236436015538291,0.0003186643726129535
1.51044,0.01338693208934517,0.0003408067516152757
1.51309,0.01332280688124306,0.0003382135490808186
1.51573,0.01396324403440622,0.0003535159890321391
1.51837,0.01341786272197558,0.0003381660574886239
1.52102,0.01251425880965594,0.0003205384002904962
1.52366,0.01217665892064373,0.0003114289023868473
1.5263,0.01313977316870144,0.0003312243008121484
1.52895,0.01261804536625971,0.0003236368059012896
1.53159,0.01177903135405105,0.000305143291121785
1.53424,0.01275449542175361,0.0003275382970542683
1.53688,0.01305219360432852,0.0003309983772222604
1.53952,0.01397003357380688,0.0003482379343560601
1.54217,0.01310374694783574,0.0003292729209965529
1.54481,0.01102031749445061,0.0002865870276459573
1.54745,0.01084397031076581,0.0002847331194599429
1.5501,0.01179810203940067,0.0003073684654143827
1.55274,0.0131040948945616,0.0003395886898945831
1.55539,0.01052095900388457,0.0002842498555758978
1.55803,0.01030221268035516,0.0002811750307887516
1.56067,0.01117492716426193,0.0003040593740173107
1.56332,0.01130537284961154,0.0003046994765458167
1.56596,0.01159171698113208,0.0003170601900312046
1.5686,0.01232350846281909,0.0003307935478468802
1.57125,0.01225964421476138,0.000335644653330633
1.57389,0.01212214345172031,0.0003305028119404721
1.57654,0.01075102275249723,0.0002981666717855925
1.57918,0.01306843951165372,0.0003572967330270813
1.58182,0.01075441294395116,0.0003016953641202601
1.58447,0.009698353426748055,0.0002783643048669466
1.58711,0.01246876248612653,0.0003419097916352368
1.58975,0.01120759753052164,0.0003142080338690701
1.5924,0.01103589268867924,0.0003160103727773465
1.59504,0.01046803447558269,0.0002967665158389188
1.59769,0.009959949847391788,0.0002884322037787175
1.60033,0.01121744991675915,0.0003174000086811948
1.60297,0.01102543826304107,0.0003131212091146723
1.60562,0.01186700235849057,0.0003327507617107989
1.60826,0.009784282533296341,0.000276309847045063
1.6109,0.01030202268312985,0.0002885417967487473
1.61355,0.009629565274694784,0.0002684052077160655
1.61619,0.0118648505826859,0.0003200942861814158
1.61883,0.01023328031354051,0.0002824559807487814
1.62148,0.01101481215316315,0.0002972078528194728
1.62412,0.01036769304938957,0.0002849626145880364
1.62677,0.01039415073529412,0.0002811193019841235
1.62941,0.01037659316037736,0.0002837886691187339
1.63205,0.01002301748057714,0.0002726237601340704
1.6347,0.01021121316592675,0.0002764189072083557
1.63734,0.01074132144839068,0.00028908776170978
1.63998,0.01133574493618202,0.0003019223912345509
1.64263,0.0100867810072142,0.0002723099187010062
1.64527,0.0100232990427303,0.0002691050158919333
1.64792,0.01073445178967814,0.0002871126305183596
1.65056,0.01061294055216426,0.0002838170253071104
1.6532,0.008579993132630415,0.0002354633152055024
1.65585,0.008444811251387347,0.0002333949048074545
1.65849,0.01226854432574917,0.0003167354714260733
1.66113,0.008901058684794669,0.0002426997881270146
1.66378,0.009530743826304108,0.0002580202486648011
1.66642,0.009204411001664818,0.0002502844262665551
1.66907,0.0097192737236404,0.0002636088631172646
1.67171,0.009496647336293006,0.0002551270489140487
1.67435,0.011388355854606,0.0002990047505640058
1.677,0.01006336556603774,0.0002683689418373008
1.67964,0.009029645602108768,0.0002440219170620384
1.68228,0.008629410724195336,0.0002344705217334286
1.68493,0.009552843021642622,0.0002558588934097561
1.68757,0.008409860918423972,0.000229098316652503
1.69022,0.01039088186736959,0.0002734079804383601
1.69286,0.008598475513318535,0.0002329645356034625
1.6955,0.008149896642619314,0.0002236960066109756
1.69815,0.007920892758046619,0.0002171792084103735
1.70079,0.009605996462264151,0.0002582569278690186
1.70343,0.0089042634572697,0.0002377490062309303
1.70608,0.0086929865427303,0.0002341262406951639
1.70872,0.00915606243063263,0.0002436408286392746
1.71137,0.007895939026082134,0.0002154363887213736
1.71401,0.007556560488346282,0.0002075001440465308
1.71665,0.01172058546059934,0.0003019544328888404
1.7193,0.009522333587680355,0.0002536306848396144
1.72194,0.01002859149556049,0.0002635403755328372
1.72458,0.007662805563263043,0.0002093336176333704
1.72723,0.007782540441176469,0.0002109983088566927
1.72987,0.008362656908990011,0.0002251344035978644
1.73251,0.01014628218645949,0.0002673853089908764
1.73516,0.008451568743063265,0.0002250240485646436
1.7378,0.00853621594062153,0.0002289669353274834
1.74045,0.00833482803829079,0.0002232148753770823
1.74309,0.009004341634295226,0.0002393927403449574
1.74573,0.008112705258046613,0.0002186744736315598
1.74838,0.008395494381243067,0.0002230681989315256
1.75102,0.008676472807991121,0.0002333280900404762
1.75366,0.009430606132075475,0.0002461815866745554
1.75631,0.007602599334073251,0.0002050861783353898
1.75895,0.007758747294672584,0.0002100613457483685
1.7616,0.006728598362930079,0.0001842333729958065
1.76424,0.008170597183684796,0.0002196392133998123
1.76688,0.006742072142064375,0.0001828677900830158
1.76953,0.007334712402885682,0.0001989245850380916
1.77217,0.008068280244173142,0.000216586734054932
1.77481,0.008511605577136518,0.0002266620138150687
1.77746,0.00915299500554939,0.0002419662232509736
1.7801,0.00726632484739179,0.0001954144379350973
1.78275,0.007170552511098779,0.0001947835837959819
1.78539,0.007750749098224196,0.0002057140461331128
1.78803,0.007335227455604883,0.0001968444832152906
1.79068,0.008293832130965592,0.0002210856456841901
1.79332,0.007181022960599335,0.0001921052234514947
1.79596,0.006572429800221974,0.0001808166720877614
1.79861,0.007295586709211989,0.0001947044330283137
1.80125,0.00858418222807991,0.0002263611966864298
1.8039,0.007202694089900113,0.0001944799508274988
1.80654,0.006617243965038847,0.0001794091670748225
1.80918,0.006739721212541623,0.0001842320757909555
1.81183,0.00805464851553829,0.0002140628405797234
1.81447,0.006671420643729193,0.0001813071175514375
1.81711,0.006113753607103218,0.0001671929405047498
1.81976,0.007765154550499445,0.000206332451296278
1.8224,0.006694806326304107,0.0001829838704324687
1.82504,0.006624866745283019,0.0001798641986255016
1.82769,0.008192302649833519,0.000218756808401185
1.83033,0.006582904827968924,0.0001790135654893378
1.83298,0.007576789470033296,0.0002024271119915586
1.83562,0.007182934378468371,0.0001944676827244947
1.83826,0.006862631104328525,0.0001876640482485585
1.84091,0.00799892438956715,0.0002148787063681434
1.84355,0.007070909267480575,0.0001918880422623569
1.84619,0.006342402677580467,0.0001744508836485067
1.84884,0.006960962680355158,0.0001873957391946913
1.85148,0.006351723987236405,0.0001751153946592624
1.85413,0.005263863970588233,0.0001481580214579084
1.85677,0.007629837610987793,0.0002039871561988506
1.85941,0.007617943326859043,0.0002057255634330442
1.86206,0.007849433199223089,0.0002086863373522032
1.8647,0.007623112167036627,0.0002056320195739848
1.86734,0.00731452004716981,0.000197629853243619
1.86999,0.005775084697558268,0.0001593713500470696
1.87263,0.007248458240843505,0.0001980116317930834
1.87528,0.006486379370144282,0.000177460553452719
1.87792,0.007256131381798003,0.0001968989823015024
1.88056,0.006806577344617096,0.0001857558439962634
1.88321,0.005931113623751387,0.0001634396477466821
1.88585,0.007774027192008879,0.0002106467953440797
1.88849,0.006397707894006659,0.0001743093964833879
1.89114,0.005655173557158712,0.0001578382691881914
1.89378,0.00596274472807991,0.0001637451312182962
1.89643,0.005761748265815757,0.0001601496846053481
1.89907,0.006908669950055494,0.0001889655176385045
1.90171,0.005997644700332963,0.0001644048525934124
1.90436,0.00580976033573807,0.0001612905533834693
1.907,0.005022697974472807,0.0001404671597254805
1.90964,0.005595402261376251,0.000156322566572137
1.91229,0.008523882144839064,0.0002266335881259113
1.91493,0.006551273723640397,0.0001788784850691172
1.91757,0.007452437430632633,0.0002005558244690272
1.92022,0.007242472183684797,0.0001967870914001363
1.92286,0.006446237305771362,0.0001777399568730937
1.92551,0.005378283504439509,0.0001490000677242879
1.92815,0.007024025735294117,0.0001899850444559151
1.93079,0.005827407186459488,0.0001626848057302325
1.93344,0.005769460321864594,0.0001592881547926696
1.93608,0.006493281076581576,0.0001776633558273781
1.93872,0.006650880341287462,0.0001814037790507214
1.94137,0.006336590593784682,0.0001757350184250713
1.94401,0.005358931256936736,0.0001499989316808103
1.94666,0.00574074556048835,0.0001588664847991653
1.9493,0.007001548834628191,0.0001907225828450773
1.95194,0.00414744256381798,0.0001178804940640457
1.95459,0.006433599056603774,0.0001763647339776167
1.95723,0.006869086431742509,0.0001877175310479371
1.95987,0.006383261237513873,0.0001746658827687416
1.96252,0.006441917730299667,0.0001777405300702778
1.96516,0.005877310072142066,0.0001620185704043974
1.96781,0.005528992508324082,0.000153762512039343
1.97045,0.005438819367369591,0.0001514515880164884
1.97309,0.00590110092952275,0.000163526291673313
1.97574,0.006612459697558269,0.0001813514974157363
1.97838,0.007147919950055493,0.0001934244239562001
1.98102,0.006278222530521647,0.0001735644689447403
1.98367,0.005581736195893451,0.0001546361271142269
1.98631,0.005752475027746946,0.0001593773817365603
1.98896,0.004351891023862376,0.0001238460369119109
1.9916,0.006231403093784684,0.0001712629585975834
1.99424,0.006664608213096558,0.0001804579696344377
1.99689,0.006634410099889012,0.0001799562326514914
1.99953,0.006184345588235293,0.000169123236944085
2.00217,0.004441237791342955,0.0001253039555130521
2.00482,0.005671636931187567,0.0001566606686877947
2.00746,0.005759395047169813,0.0001585873165780045
2.0101,0.006793616329078804,0.0001825864477337914
2.01275,0.007815068881798002,0.0002082773240707189
2.01539,0.00515958983074362,0.0001422620231979896
2.01804,0.006232284406215317,0.000171308882840273
2.02068,0.004082770255271919,0.0001158545855381555
2.02332,0.006372667175360709,0.0001729134721100027
2.02597,0.005511354814095446,0.0001523267857094451
2.02861,0.005484095935072141,0.0001503479018499608
2.03125,0.00564031485849057,0.0001554832445342165
2.0339,0.00557473605715871,0.0001533261339895369
2.03654,0.006116562361265262,0.0001678332338856442
2.03919,0.005261400874028856,0.0001455604303664018
2.04183,0.006051935835183131,0.0001644463744884294
2.04447,0.004827534198113211,0.0001348072443688246
2.04712,0.004787147197558268,0.000133253542767119
2.04976,0.004885199500554937,0.0001361340732163288
2.0524,0.006566981687014428,0.0001781092726202212
2.05505,0.004687762624861267,0.0001308762681900415
2.05769,0.0042386297863485,0.0001197105138281311
2.06034,0.005759225652053274,0.0001565456737705586
2.06298,0.004370723640399559,0.0001230768568662981
2.06562,0.005033044811320755,0.0001390659793422626
2.06827,0.004820614178690342,0.0001338228859510437
2.07091,0.004752176262486127,0.0001329367193084502
2.07355,0.005195936528856829,0.0001430129508134039
2.0762,0.004574700541065482,0.0001280981921218628
2.07884,0.006156454911209768,0.0001667653188426233
2.08149,0.004184054800221978,0.0001175871010888792
2.08413,0.004209649486681464,0.0001192107854183534
2.08677,0.005023718923418423,0.0001381840583179778
2.08942,0.005088551470588234,0.0001423116836068284
2.09206,0.005732403995560487,0.0001571784085854517
2.0947,0.0054375237236404,0.000150065270634552
2.09735,0.005715498820754714,0.0001568442357829698
2.09999,0.003682464414539401,0.0001048260211240521
2.10263,0.005891923834628192,0.0001628813195276673
2.10528,0.005564055008324087,0.0001513587983359856
2.10792,0.003937241537180913,0.0001121996687187998
2.11057,0.005422655868479465,0.0001508692423826814
2.11321,0.00507475492508324,0.0001452396841561748
2.11585,0.004550694506104329,0.0001336245022156378
2.1185,0.005123323251942286,0.000146960734824263
2.12114,0.006288264913984463,0.0001812012331741879
2.12378,0.004206531700887903,0.0001235525177644552
2.12643,0.003351651775804659,0.0001014314870820765
2.12907,0.005450924250832407,0.0001613485678070382
2.13172,0.005289760821309658,0.000156651199639034
2.13436,0.003782174042730298,0.0001163119641910208
2.137,0.00426223522475028,0.0001292965462853302
2.13965,0.005254183268590458,0.0001581273084387899
2.14229,0.004645471073806882,0.0001410679239637414
2.14493,0.004767405799112097,0.0001458142700264378
2.14758,0.0047423330327414,0.0001461749750424398
2.15022,0.003410479952830188,0.000106448471336825
2.15287,0.004606260682574919,0.000142770538261246
2.15551,0.004353518590455049,0.000134892379329861
2.15815,0.003999050152608216,0.0001255434008282885
2.1608,0.004930041134850168,0.0001522685899039256
2.16344,0.004785993479467261,0.0001472629552039882
2.16608,0.004533482588790232,0.0001403291787823847
2.16873,0.005069544880688124,0.0001532443885483197
2.17137,0.003963996809100997,0.0001207270584705929
2.17402,0.00496778190899001,0.0001474101856275898
2.17666,0.00425883816592675,0.0001284326733270829
2.1793,0.005579863693118758,0.0001630889101838023
2.18195,0.004135683337957828,0.0001235013957300456
2.18459,0.003366173973362929,0.0001018112761874772
2.18723,0.004434917522197556,0.0001315715440198779
2.18988,0.002922152746947837,8.877978769542158e-05
2.19252,0.003277227802441732,9.855149975928957e-05
2.19516,0.00450873487791343,0.0001321289266224194
2.19781,0.00480005556326304,0.0001408884553752835
2.20045,0.00386501054384018,0.0001144157230413338
2.2031,0.004888104397891235,0.0001425733035377128
2.20574,0.004047194991675913,0.0001193651366545982
2.20838,0.004347310488346282,0.0001277962295881425
2.21103,0.003700211986681467,0.0001101864513514138
2.21367,0.003419080188679247,0.0001026084499797326
2.21631,0.004551509433962264,0.0001335972201982265
2.21896,0.004942063609877911,0.0001427976568271297
2.2216,0.005124126734184242,0.0001471038241107887
2.22425,0.003015265122086575,9.058259706367085e-05
2.22689,0.004154248127081021,0.0001220856829307673
2.22953,0.00436986521920089,0.0001270044070041788
2.23218,0.005445938540510547,0.0001575962553052137
2.23482,0.005129194852941178,0.0001477131794581691
2.23746,0.003833816662042177,0.0001145131719557878
2.24011,0.004901147821864597,0.0001419811500810769
2.24275,0.00413720102663707,0.0001227320059084182
2.2454,0.004425012486126525,0.0001296183838012162
2.24804,0.005158545990566039,0.0001499084330381431
2.25068,0.005092507075471695,0.000148070158118532
2.25333,0.005014045088790235,0.0001450936861969797
2.25597,0.00505919804384018,0.0001472124355235164
2.25861,0.003861121323529413,0.0001146270487314393
2.26126,0.005296216148723641,0.0001536007335287786
2.2639,0.003598904550499444,0.0001071324663680238
2.26655,0.005316149833518311,0.0001540222997080599
2.26919,0.004897448598779133,0.0001445636422205918
2.27183,0.00318416349889012,9.537118201715674e-05
2.27448,0.003373096281908993,0.0001009624154546657
2.27712,0.003919194089900113,0.0001158400516467951
2.27976,0.00455269062153163,0.0001354695476439086
2.28241,0.003518327413984463,0.000105847103208253
2.28505,0.004652597114317425,0.0001359953456982226
2.28769,0.002700803690344063,8.194469968659633e-05
2.29034,0.003592414886237515,0.0001061604780409851
2.29298,0.003975060141509433,0.0001182652206071798
2.29563,0.00356291724472808,0.0001059302269747803
2.29827,0.004392369589345171,0.0001290763954806744
2.30091,0.004564012624861268,0.0001359795291046189
2.30356,0.003320267896781354,9.86372367168472e-05
2.3062,0.004163443534961154,0.0001237477816727594
2.30884,0.003718328107658157,0.0001104712948632676
2.31149,0.004512305910099888,0.000133772343222116
2.31413,0.003717874861265263,0.0001110641417022102
2.31678,0.004359639705882355,0.0001290143245308313
2.31942,0.004371826997780246,0.0001295205900930135
2.32206,0.003643041134850168,0.0001077746576262622
2.32471,0.004868884919533851,0.0001429687408741838
2.32735,0.004662973709766927,0.0001375004494957477
2.32999,0.005283589345172032,0.0001532992785913156
2.33264,0.003658948251942289,0.0001112405479901494
2.33528,0.003393702968923417,0.0001006149739342222
2.33793,0.004065590385682576,0.000121365202009715
2.34057,0.002853575194228635,8.637063862026235e-05
2.34321,0.003286505618756937,9.898388573611981e-05
2.34586,0.002683584905660377,8.279923386995578e-05
2.3485,0.004652416273584905,0.0001365109175524648
2.35114,0.00354423113207547,0.0001062085342914538
2.35379,0.003876158573806881,0.0001148503843967686
2.35643,0.00384803898446171,0.0001141152884392862
2.35908,0.003302463096559378,0.0001002677126233164
2.36172,0.004362890260821311,0.0001288483681730371
2.36436,0.002838132769145396,8.618170217307341e-05
2.36701,0.003102448668146502,9.315168443617107e-05
2.36965,0.002686217397336292,8.159613924311138e-05
2.37229,0.003963007907880134,0.0001179706836106739
2.37494,0.004800964345172031,0.0001405996202772319
2.37758,0.002108406076581576,6.58662975707898e-05
2.38022,0.002755522891231963,8.300476457221239e-05
2.38287,0.003782762347391788,0.0001142129743055274
2.38551,0.003105271157047724,9.276519820781614e-05
2.38816,0.002937302164261934,8.944249589285781e-05
2.3908,0.005140798418423974,0.0001503814429709249
2.39344,0.004369869797447279,0.0001292839188844157
2.39609,0.004065015815760267,0.0001211975503329192
2.39873,0.003897813679245285,0.0001155238121363564
2.40137,0.004993445269145392,0.0001460939964842211
2.40402,0.002804949639289678,8.414652949305988e-05
2.40666,0.003694207616537184,0.0001104095391685844
2.40931,0.00287275804661487,8.747318290756731e-05
2.41195,0.003537860502219756,0.0001054391746252806
2.41459,0.004409570061043287,0.0001306784828567784
2.41724,0.004641446795227521,0.0001354926628742347
2.41988,0.0045140410654828,0.0001331007522627364
2.42252,0.005359810280244176,0.0001560800075698468
2.42517,0.003730069020532743,0.0001106090087863031
2.42781,0.003840558129855716,0.0001151373734707465
2.43046,0.004458081159822418,0.0001309543332099863
2.4331,0.004398035169256386,0.0001299388772196972
2.43574,0.003599998751387348,0.0001077889647358331
2.43839,0.00408184773862375,0.0001217760679703952
2.44103,0.003804605160932298,0.000113613810042879
2.44367,0.005028322350166481,0.0001464282552552522
2.44632,0.00329629390954495,9.950524498440363e-05
2.44896,0.002506589900110988,7.650080205254939e-05
2.45161,0.004265135543840179,0.0001259588263058201
2.45425,0.003824921129300777,0.0001147714094468654
2.45689,0.002765665996115427,8.357420576265871e-05
2.45954,0.002629085460599336,8.074453404318582e-05
2.46218,0.003372599542175358,0.0001017620788188428
2.46482,0.003892942425083241,0.0001152204657397122
2.46747,0.002783093091009991,8.443206880684406e-05
2.47011,0.003309923349056603,0.0001005176552082798
2.47275,0.00414978433684795,0.000124343918182521
2.4754,0.003541040094339621,0.0001056187560645353
2.47804,0.003091009919533851,9.367058902554208e-05
2.48069,0.002128456506659268,6.581511935919654e-05
2.48333,0.003635715940621531,0.0001099487940686893
2.48597,0.003272052094894561,9.939093557743963e-05
2.48862,0.003154240080466147,9.520116399532016e-05
2.49126,0.003254505965593782,9.924437523151024e-05
2.4939,0.004030228010543837,0.0001195305800768376
2.49655,0.003608079356270809,0.0001088808853233061
2.49919,0.004059679869589346,0.0001207112509508007
2.50184,0.0037279698945616,0.000111608567788335
2.50448,0.004216063609877911,0.0001256870671451221
2.50712,0.005347645879578248,0.00015667768025851
2.50977,0.004066984461709214,0.0001210048193370544
2.51241,0.004511751942286348,0.0001329798944480044
2.51505,0.003865539331298559,0.0001161394271325843
2.5177,0.004334663082685906,0.0001295174466379369
2.52034,0.004489519977802441,0.000132365756021268
2.52299,0.004198490011098783,0.0001255322218549034
2.52563,0.004362936043285241,0.0001296634560513983
2.52827,0.003257999167591566,9.900808203077764e-05
2.53092,0.002991165233074361,9.105648554274629e-05
2.53356,0.003007852941176472,9.108259503600676e-05
2.5362,0.004039636306881245,0.0001212980481013429
2.53885,0.002550124445061043,7.838630628049182e-05
2.54149,0.003899850998890123,0.0001169956821891562
2.54414,0.003601976553829079,0.0001089358727175051
2.54678,0.003165507144839068,9.645323055044642e-05
2.54942,0.00379705792175361,0.000114164887346158
2.55207,0.003450704425638179,0.000104373484620394
2.55471,0.002972762971698115,9.067543161347453e-05
2.55735,0.005212798210321868,0.0001531938713360651
2.56,0.003310035516093231,0.0001011176155360272
2.56264,0.003254350305216425,9.993008017720734e-05
2.56529,0.002882212125416205,8.75887655940655e-05
2.56793,0.004365351068257494,0.0001303006821648783
2.57057,0.003755336362375141,0.0001127085046724198
2.57322,0.001703927164261927,5.357901874287282e-05
2.57586,0.002813572766370698,8.601425954311907e-05
2.5785,0.002975793770810214,9.082148561371568e-05
2.58115,0.003286642966148722,0.0001009060145671841
2.58379,0.003509690552164261,0.000106450938984211
2.58643,0.002486402122641506,7.685256700437268e-05
2.58908,0.003277149972253053,9.965031091798549e-05
2.59172,0.004409302233629301,0.0001313858680935896
2.59437,0.004319802094894562,0.0001295976526403772
2.59701,0.003671192771920088,0.0001105154345423842
2.59965,0.004159790094339624,0.0001243208981852534
2.6023,0.003504498820754716,0.0001063071983865493
2.60494,0.00474824812708102,0.0001414220854346234
2.60758,0.004175859739178692,0.0001267237901199498
2.61023,0.004107504231409545,0.0001235044944111557
2.61287,0.005102446448390675,0.0001508958267318475
2.61552,0.003722418770810211,0.0001131392332048611
2.61816,0.004403790024972255,0.0001315088643311845
2.6208,0.002918625208102107,8.94119712028771e-05
2.62345,0.003287682228079914,0.0001005507878923128
2.62609,0.004119918146503886,0.0001242712113718078
2.62873,0.002989203454495005,9.200695373111832e-05
2.63138,0.002598814095449502,8.04546450051257e-05
2.63402,0.003469063193673696,0.0001056838748959941
2.63667,0.004188951234739178,0.0001260481687924467
2.63931,0.003071840801886793,9.509352472879182e-05
2.64195,0.002768577760821306,8.556494790993428e-05
2.6446,0.003305029203662598,0.0001002815844511349
2.64724,0.003198111126526083,9.756618378148159e-05
2.64988,0.00255745421753607,7.982943055905568e-05
2.65253,0.004422402885682576,0.0001332323413494705
2.65517,0.002254692494450608,7.040938159113273e-05
2.65782,0.002602348501664818,8.06616010297949e-05
2.66046,0.0023827048418424,7.432129071099434e-05
2.6631,0.003956717397336291,0.0001194408299681136
2.66575,0.003078451789678133,9.39628430610926e-05
2.66839,0.004370247502774692,0.0001320521874027913
2.67103,0.002711395463374031,8.585101582038796e-05
2.67368,0.002791233213096559,8.959726820964372e-05
2.67632,0.00480650860155383,0.000150836609295887
2.67896,0.003572801678690347,0.000113992853836089
2.68161,0.003208535793562709,0.0001055306850570152
2.68425,0.004092457824639289,0.0001335755650590806
2.6869,0.002120916134850167,7.171266476797276e-05
2.68954,0.004692352316870143,0.000151766310798535
2.69218,0.003140661001664814,0.0001047655947926654
2.69483,0.004909155174805773,0.0001612282756958002
2.69747,0.002623058199223088,8.994416591115857e-05
2.70011,0.002301788915094343,7.838760483192491e-05
2.70276,0.00299611660654828,0.0001036381192901029
2.7054,0.00265140212264151,9.14422428887371e-05
2.70805,0.002018235224750275,7.138858193985553e-05
2.71069,0.004546732033851277,0.0001518147207901468
2.71333,0.004004782117092121,0.0001370565498185388
2.71598,0.003232097738623751,0.0001134625196582707
2.71862,0.002603641856270812,9.297119750186788e-05
2.72126,0.003667385960044397,0.0001284523147340891
2.72391,0.003169714553274139,0.0001116457281741407
2.72655,0.001804309794672584,6.429044302203434e-05
2.7292,0.003831658018867923,0.0001294931886523745
2.73184,0.002860486057158713,9.714486421869066e-05
2.73448,0.00573925305216426,0.0001839959785789971
2.73713,0.005144122225305219,0.0001638627335016859
2.73977,0.003309364802996668,0.0001103539082992251
2.74241,0.003854107450055494,0.0001258362221299369
2.74506,0.002476847322419533,8.213532133926765e-05
2.7477,0.002213440205327414,7.425919935985142e-05
2.75035,0.002133932089345176,7.078063790201692e-05
2.75299,0.002757651775804661,9.126159694761152e-05
2.75563,0.005032287111542731,0.0001568848206660071
2.75828,0.002809335599334075,9.138135344638602e-05
2.76092,0.004331433129855713,0.000138673367468075
2.76356,0.002486331159822419,8.132583232308689e-05
2.76621,0.004048614248057712,0.0001285174307254375
2.76885,0.003273860502219757,0.0001059614249270239
2.77149,0.002014458171476139,6.650185799319984e-05
2.77414,0.004100668909544949,0.0001301973970082147
2.77678,0.002792679938956717,9.014462575394562e-05
2.77943,0.002525324084350724,8.194620638093221e-05
2.78207,0.003590892619311875,0.0001148178745891411
2.78471,0.003022265260821312,9.815276878904536e-05
2.78736,0.002709591634295229,8.802136568867973e-05
2.79,0.003521621462264149,0.0001115671997578304
2.79264,0.002333706159822417,7.624643704522896e-05
2.79529,0.003426725860155381,0.0001093544671669543
2.79793,0.004189143521087682,0.0001313844637150763
2.80058,0.001696091495560487,5.538040497666665e-05
2.80322,0.003482335529966701,0.0001113559275651836
2.80586,0.004032253884572698,0.0001275529973881271
2.80851,0.004346188817980023,0.0001354906813994077
2.81115,0.002118881104328526,6.866295791768502e-05
2.81379,0.004374809725305215,0.0001361023786211016
2.81644,0.00314979231409545,0.0001009704219835872
2.81908,0.003215162805216428,0.0001023008601038372
2.82173,0.003262355369034408,0.0001036618664947777
2.82437,0.00360302039400666,0.0001131800249941091
2.82701,0.002409357103218649,7.747809076313801e-05
2.82966,0.002633276845172033,8.498671914693813e-05
2.8323,0.003819832408435073,0.0001190186444874382
2.83494,0.002343061806326304,7.550841635387971e-05
2.83759,0.002926003052164261,9.245981414577348e-05
2.84023,0.002682076373473918,8.58593722768686e-05
2.84288,0.003793933268590455,0.0001197824969808944
2.84552,0.001713740635405103,5.519742540410837e-05
2.84816,0.003401923210321865,0.0001083104905325371
2.85081,0.003577128121531633,0.0001126154047828504
2.85345,0.002882168632075472,9.177091023346524e-05
2.85609,0.001625398793007769,5.301442388691602e-05
2.85874,0.003033374375693674,9.624364198620945e-05
2.86138,0.003600806811875693,0.0001138752168117063
2.86402,0.003458860571587125,0.0001092700652917595
2.86667,0.003819395185904549,0.0001197417108185772
2.86931,0.004323125901775804,0.0001340105148814959
2.87196,0.001395296129300776,4.550495005125905e-05
2.8746,0.003413712194783573,0.0001086709663180475
2.87724,0.002698290233074364,8.653297563388502e-05
2.87989,0.003054766231964487,9.731554834980053e-05
2.88253,0.001899869242508324,6.184613038449661e-05
2.88517,0.003866951720310768,0.00012191192701716
2.88782,0.002938421545504996,9.419570499298143e-05
2.89046,0.003560538845726968,0.000110980878607972
2.89311,0.003097501872918977,9.899767454629889e-05
2.89575,0.003423479883462818,0.0001084094663824652
2.89839,0.002809019700332963,8.898920322919513e-05
2.90104,0.002870464345172033,9.190337331911679e-05
2.90368,0.00209961126526082,6.738790263590482e-05
2.90632,0.002977510613207546,9.473420090933557e-05
2.90897,0.002109122572142065,6.870409508041643e-05
2.91161,0.002995116259711432,9.52984907605141e-05
2.91426,0.001565936528856824,5.096578094814172e-05
2.9169,0.004714524764150942,0.0001460643234294011
2.91954,0.003208398446170923,0.0001019689280377379
2.92219,0.002080403232519423,6.645856024153007e-05
2.92483,0.002066128260266369,6.686093925055099e-05
2.92747,0.001681642549944505,5.468215891528787e-05
2.93012,0.002926524972253053,9.395703497784112e-05
2.93276,0.001067182366814651,3.521717911714006e-05
2.93541,0.003407797100443949,0.0001064543423410473
2.93805,0.002300355923973361,7.377298678465678e-05
2.94069,0.001291367647058823,4.222456151634568e-05
2.94334,0.003038103704217538,9.712042296036276e-05
2.94598,0.003365693257491678,0.0001048260087357663
2.94862,0.002224295227524973,7.203058109166246e-05
2.95127,0.0036726669672586,0.0001155501764460861
2.95391,0.002842509572697006,9.033018997073939e-05
2.95655,0.003426808268590458,0.0001075339136264071
2.9592,0.003540080951720309,0.0001097006337493495
2.96184,0.001958392966148721,6.367228549660133e-05
2.96449,0.002689467952275253,8.678809248396329e-05
2.96713,0.003282067008879023,0.000103513717686583
2.96977,0.001655761723085459,5.417801175558057e-05
2.97242,0.003208879162042175,0.0001012791454643554
2.97506,0.003486728357380689,0.0001107578051943309
2.9777,0.002982276567702552,9.463152377948766e-05
2.98035,0.003175043632075469,0.0001001588967120043
2.98299,0.00307411161209767,9.800476322533828e-05
2.98564,0.00438780965593785,0.0001352009744965035
2.98828,0.002939330327413983,9.356786591839594e-05
2.99092,0.003236797308546059,0.0001016898953776847
2.99357,0.002841133809655939,9.055754894350765e-05
2.99621,0.003781317910654826,0.0001188590228805714
2.99885,0.003751099195338514,0.0001174091041742503
3.0015,0.004338247849611545,0.0001342626829379863
3.00414,0.00358476692563818,0.0001127427231089728
3.00679,0.002253616606548279,7.245124304248004e-05
3.00943,0.002747405660377361,8.795001339424926e-05
3.01207,0.003780869242508323,0.000117299217830232
3.01472,0.003735224125971141,0.0001173992803031743
3.01736,0.001989792869034405,6.45981998823799e-05
3.02,0.001969566176470588,6.373392874884874e-05
3.02265,0.003071980438401776,9.717915311868662e-05
3.02529,0.002913788290788014,9.21817359979064e-05
3.02794,0.003328913915094339,0.0001051277620950157
3.03058,0.003061228426748057,9.653096445332191e-05
3.03322,0.003172260058268588,0.0001005237357937441
3.03587,0.004693357241953386,0.0001440812114668841
3.03851,0.002724786834073251,8.591296498605115e-05
3.04115,0.002482119173140953,7.932727982148664e-05
3.0438,0.002313429106548281,7.398606245789462e-05
3.04644,0.002996540094339626,9.416005074966415e-05
3.04908,0.004072373057713652,0.0001266286110423056
3.05173,0.003866622086570479,0.000119918038637981
3.05437,0.001598604605993341,5.197836856721007e-05
3.05702,0.0028171827136515,8.883805364239167e-05
3.05966,0.003862909128745837,0.0001182597090828894
3.0623,0.003284548418423975,0.0001030776203914629
3.06495,0.003094175776914539,9.685607966215866e-05
3.06759,0.003415639636514984,0.0001063948089164301
3.07023,0.002579617508324084,8.193783769317919e-05
3.07288,0.003717707755271918,0.000115526953262093
3.07552,0.002213994173140955,7.114844753384912e-05
3.07817,0.002288841634295229,7.343766489711092e-05
3.08081,0.0027114778718091,8.542691208066823e-05
3.08345,0.002945456021087682,9.275003118769098e-05
3.0861,0.002469934170366262,7.826005323667542e-05
3.08874,0.002760762694228635,8.70413021467314e-05
3.09138,0.003199335807436182,0.0001002385265608389
3.09403,0.003317692633185349,0.0001036747220990503
3.09667,0.00337603322697003,0.0001061944574167238
3.09932,0.00170129925083241,5.440504794746291e-05
3.10196,0.002853037250277472,8.984709491389002e-05
3.1046,0.003480772058823529,0.0001080884338667904
3.10725,0.00179224153718091,5.763803304828176e-05
3.10989,0.001862920504994452,6.009464817645376e-05
3.11253,0.003039179592119867,9.520747805739163e-05
3.11518,0.002411916342952275,7.673672556291402e-05
3.11782,0.002746183268590453,8.639769167026274e-05
3.12047,0.002529854259156494,7.997450632419757e-05
3.12311,0.001771783643174251,5.72108814554688e-05
3.12575,0.002566036140399559,8.090565263819811e-05
3.1284,0.002818302094894562,8.910021876021728e-05
3.13104,0.002676722114317426,8.468601902445041e-05
3.13368,0.001730913637624863,5.632534152412831e-05
3.13633,0.002225068951165372,7.076513290726122e-05
3.13897,0.003305834975027746,0.0001028592497934433
3.14161,0.003342941662042177,0.0001050254095906227
3.14426,0.003032715108213096,9.611793887766554e-05
3.1469,0.002603602941176473,8.256725112606009e-05
3.14955,0.004035930216426194,0.0001244557457350972
3.15219,0.00265825117924528,8.387810881603111e-05
3.15483,0.002139773931742508,6.822312517882085e-05
3.15748,0.00414797821864595,0.0001275563403873522
3.16012,0.002509023238068813,7.966806096501966e-05
3.16276,0.002093597738623754,6.727368986698822e-05
3.16541,0.002147950679800221,6.901585391387235e-05
3.16805,0.002299440274694787,7.320394931697866e-05
3.1707,0.002951036903440619,9.297872189447851e-05
3.17334,0.002437078385127636,7.703747432925876e-05
3.17598,0.00279601061320755,8.845114068636883e-05
3.17863,0.002662868340732521,8.407323819554005e-05
3.18127,0.003800159683684797,0.0001173868463828812
3.18391,0.002671651706437292,8.435079733079278e-05
3.18656,0.002122552857935628,6.755289940764822e-05
3.1892,0.003250273376803553,0.0001022899036550062
3.19185,0.003687278440621534,0.0001141187792145296
3.19449,0.002602742230854608,8.232419396420726e-05
3.19713,0.003165477386237516,9.921751627982042e-05
3.19978,0.002855262278024419,8.940870849074274e-05
3.20242,0.002191022821864596,6.966270191000226e-05
3.20506,0.002711807505549388,8.506910755878436e-05
3.20771,0.002817185002774697,8.814854098757498e-05
3.21035,0.002341628815205327,7.404254942443814e-05
3.213,0.003545698460044393,0.00010945697601424
3.21564,0.001338935627081022,4.267236966252002e-05
3.21828,0.00228103572419534,7.19953345611048e-05
3.22093,0.001611446587125418,5.158688346534316e-05
3.22357,0.002129257699778026,6.762828820315315e-05
3.22621,0.003235629855715874,9.993632760136323e-05
3.22886,0.00246027178135405,7.707873934732255e-05
3.2315,0.003258054106548279,0.0001036475241509939
3.23414,0.002881062985571586,9.397113697019105e-05
3.23679,0.003249208934517204,0.0001059536224376174
3.23943,0.00404655403718091,0.0001311406730864612
3.24208,0.0008816283296337421,3.09274148558609e-05
3.24472,0.00326490545227525,0.0001103269023756169
3.24736,0.002260825055493897,7.755689141975789e-05
3.25001,0.003007200541065485,0.0001032826415471557
3.25265,0.002230111889567147,7.887568068730328e-05
3.25529,0.002530282325194229,8.990092097434467e-05
3.25794,0.001857142758046613,6.633529451543603e-05
3.26058,0.003975053274139843,0.0001371622457099509
3.26323,0.002278329980577136,8.150758730900237e-05
3.26587,0.003086678898446171,0.0001097760960732321
3.26851,0.001507742438956712,5.602071401667214e-05
3.27116,0.001622834975027749,5.984282655954915e-05
3.2738,0.002246792730299667,8.215398997043616e-05
3.27644,0.003415850235849054,0.0001232807659445628
3.27909,0.003315135682574916,0.0001207574036164968
3.28173,0.002462986681465041,9.054921350379407e-05
3.28438,0.002848433823529414,0.000106156186225462
3.28702,0.003155208379578246,0.0001127885558312488
3.28966,0.003151113138179799,0.0001115230584066785
3.29231,0.003274270255271922,0.0001138198430237943
3.29495,0.00237659517203108,8.33672842870309e-05
3.29759,0.003015123196448391,0.0001039400891753669
3.30024,0.003111621184794674,0.0001063911737556609
3.30288,0.00349652580466149,0.0001185493674489426
3.30553,0.003363665094339623,0.0001137589487796864
3.30817,0.003539423973362928,0.0001189969800463376
3.31081,0.003366018312985569,0.0001138021056138561
3.31346,0.003298532672031078,0.000111740083859697
3.3161,0.002277565413429525,7.80446047442577e-05
3.31874,0.0027560791481687,9.40135754940448e-05
3.32139,0.002273339692008882,7.770611690468308e-05
3.32403,0.003772658157602664,0.0001258244897928014
3.32667,0.002360587333518311,8.000973218669346e-05
3.32932,0.002971339137069921,9.967530731114871e-05
3.33196,0.002995750346836849,0.0001011229666659255
3.33461,0.003554007977247503,0.0001183741059609376
3.33725,0.003194810210876806,0.0001067308299868845
3.33989,0.002793650527192009,9.393246060358267e-05
3.34254,0.001890309864039957,6.392865130289866e-05
3.34518,0.002221765746392895,7.531862185513569e-05
3.34782,0.0003949264012208681,1.384874315000401e-05
3.35047,0.003049359322974473,0.0001007147149519341
3.35311,0.002472239317425085,8.26256304557196e-05
3.35576,0.002536334766925635,8.500486230737488e-05
3.3584,0.001743792244728082,5.908863508200908e-05
3.36104,0.003984383740288568,0.0001289254448799089
3.36369,0.001884007907880133,6.411588538315162e-05
3.36633,0.002327429384017759,7.778981811243532e-05
3.36897,0.004026089275804664,0.0001307474769493372
3.37162,0.002951304730854608,9.642846076774925e-05
3.37426,0.003517114178690344,0.0001152867526567228
3.37691,0.003055244658712542,0.0001010590113702375
3.37955,0.002521764497780246,8.353812023742215e-05
3.38219,0.002046096143174253,6.837427725601252e-05
3.38484,0.001554126942286348,5.250485279435717e-05
3.38748,0.003012408296337404,9.909262092048356e-05
3.39012,0.003113585252497223,0.0001029133234315913
3.39277,0.002791304175915646,9.207471876876174e-05
3.39541,0.003787674805771364,0.0001221012217888639
3.39806,0.003444116329078799,0.0001127558073082162
3.4007,0.002632015538290787,8.738870439664064e-05
3.40334,0.002452005757491677,8.170840471766469e-05
3.40599,0.003102109877913429,0.0001018780215855642
3.40863,0.00294213679245283,9.615312998796176e-05
3.41127,0.002291332200332964,7.629756950476938e-05
3.41392,0.002816386098779136,9.270691380891694e-05
3.41656,0.002184329425638179,7.288649048662898e-05
3.41921,0.003714663221420646,0.0001203044137438066
3.42185,0.003209932158712544,0.0001045184570161973
3.42449,0.002821836501109878,9.329365302756842e-05
3.42714,0.00341952198945616,0.000110363183570602
3.42978,0.001925070199778024,6.451360865827626e-05
3.43242,0.001114558060488346,3.808053029269232e-05
3.43507,0.003772227802441731,0.0001220786527068088
3.43771,0.001013866398446169,3.464200975685344e-05
3.44035,0.003259086501109876,0.0001057807984112878
3.443,0.001750069020532744,5.880692339101557e-05
3.44564,0.003046291897891232,9.977414350116041e-05
3.44829,0.001708896850721422,5.681552838567295e-05
3.45093,0.002924599819644839,9.545255267504116e-05
3.45357,0.001119193534961154,3.784715555849168e-05
3.45622,0.001610533226970032,5.395862325659475e-05
3.45886,0.003649146226415098,0.0001180093823154974
3.4615,0.002494301886792452,8.129993473295199e-05
3.46415,0.004013016093229745,0.0001276652294757522
3.46679,0.003111996600998889,0.0001008294292328066
3.46944,0.00293435148446171,9.561744310607717e-05
3.47208,0.003766637763596002,0.0001205306816681646
3.47472,0.002153506381798001,7.113374610549791e-05
3.47737,0.002146174320199778,7.050043693134235e-05
3.48001,0.003289595935072143,0.0001052001220515999
3.48265,0.003709936182019979,0.0001176040823339395
3.4853,0.002523749167591567,8.206974114081536e-05
3.48794,0.003389051470588236,0.0001091125843589699
3.49059,0.002670697142064374,8.713698919243798e-05
3.49323,0.003218189026082133,0.0001024484935792416
3.49587,0.003457148307436182,0.0001092580914705392
3.49852,0.002663632907880132,8.668854952798324e-05
3.50116,0.001820477871809104,6.029722666576998e-05
3.5038,0.003181709558823532,0.0001022224518325358
3.50645,0.002805084697558266,9.061877483176545e-05
3.50909,0.002548487721975583,8.28089717454494e-05
3.51174,0.003653211709211986,0.0001158874980045308
3.51438,0.002193870491120979,7.224870948243651e-05
3.51702,0.003217694575471699,0.0001027383109370547
3.51967,0.002577566453940069,8.404373663309768e-05
3.52231,0.003357619519977804,0.0001072627485010161
3.52495,0.002251192425083242,7.410622230366689e-05
3.5276,0.002384316384572699,7.732148299379684e-05
3.53024,0.002505811598224195,8.110689172563451e-05
3.53288,0.003172459211986682,0.0001016375504582985
3.53553,0.002779652538845728,9.021689581730897e-05
3.53817,0.00405637895394007,0.0001284191997251112
3.54082,0.003405274486681465,0.0001083270061168545
3.54346,0.003546250138734737,0.0001128719723693861
3.5461,0.003202172031076585,0.0001035810759980422
3.54875,0.001987785307991118,6.531122177583442e-05
3.55139,0.00300807269700333,9.657939784333557e-05
3.55403,0.002302006381798004,7.527999706169216e-05
3.55668,0.003532817563817981,0.0001119022903181808
3.55932,0.001452551678690344,4.832633988602497e-05
3.56197,0.003736055077691454,0.0001182135065371362
3.56461,0.003397953870699222,0.00010806121705778
3.56725,0.002580313401775805,8.391084151218177e-05
3.5699,0.002312600443951164,7.572532196833184e-05
3.57254,0.00243172641509434,7.844886707094353e-05
3.57518,0.002590472530521643,8.366586205148786e-05
3.57783,0.002541537943951165,8.26537584122146e-05
3.58047,0.00314916051609323,0.0001011684558684744
3.58312,0.003012921059933404,9.691025838104916e-05
3.58576,0.002180927788568259,7.103693261457709e-05
3.5884,0.002264240427302995,7.391656981011566e-05
3.59105,0.002206302719200887,7.20271595442623e-05
3.59369,0.00290886667591565,9.368251247266569e-05
3.59633,0.001974757907880133,6.446750540554579e-05
3.59898,0.001262014220310764,4.185098291347084e-05
3.60162,0.002703417869034407,8.784307398870635e-05
3.60427,0.003188691384572698,0.0001025947374090372
3.60691,0.002333518451720311,7.577126956721682e-05
3.60955,0.0006839510960044383,2.304243314439025e-05
3.6122,0.003597196864594891,0.0001145419074641452
3.61484,0.003045788290788015,9.851526944100693e-05
3.61748,0.004182548557158715,0.0001308239186564517
3.62013,0.002747174458934518,8.851358383029263e-05
3.62277,0.003993327344617095,0.0001259728902863619
3.62541,0.002099096212541623,6.845020276070488e-05
3.62806,0.002233440274694782,7.330119519018629e-05
3.6307,0.00362001484461709,0.0001149924039806034
3.63335,0.002753918215871255,8.942043735232075e-05
3.63599,0.003943232172586019,0.0001245845333896862
3.63863,0.001337987930077691,4.44746094678651e-05
3.64128,0.004413555424528303,0.0001381625059470867
3.64392,0.002671486889567152,8.643537212781482e-05
3.64656,0.00145558476692564,4.817953957708658e-05
3.64921,0.00261902018590455,8.532359274760521e-05
3.65185,0.003176137832963374,0.0001018357712676082
3.6545,0.003030034544950054,9.707154014930295e-05
3.65714,0.002826185835183129,9.101641147580129e-05
3.65978,0.004082181950610433,0.0001286512922267919
3.66243,0.00259067855160932,8.393795084622506e-05
3.66507,0.003373320615982244,0.0001075746623153463
3.66771,0.003351589969478359,0.0001069062004417182
3.67036,0.002959154134295231,9.479229093334826e-05
3.673,0.002332534128745838,7.578211612981048e-05
3.67565,0.003053376734184238,9.735093903976251e-05
3.67829,0.002378524902885684,7.691665641519357e-05
3.68093,0.003621493618201997,0.0001152393880528285
3.68358,0.001958095380133184,6.348174606188493e-05
3.68622,0.001760779827968922,5.80265247241616e-05
3.68886,0.00283963672308546,9.042919656607464e-05
3.69151,0.002357130757491678,7.626597774402672e-05
3.69415,0.003002102663706992,9.534847871306152e-05
3.6968,0.002076944367369588,6.685343918950779e-05
3.69944,0.001580225235849056,5.206269260018148e-05
3.70208,0.002210615427302996,7.105196936070926e-05
3.70473,0.001800532741398445,5.865970643349147e-05
3.70737,0.00267172953662597,8.468503570023855e-05
3.71001,0.002928328801331855,9.23802366492518e-05
3.71266,0.002712789539400665,8.629403117521159e-05
3.7153,0.002744812083795785,8.808393851112392e-05
3.71794,0.0032522420227525,0.0001026997231072055
3.72059,0.002796063263041066,8.91715649239759e-05
3.72323,0.003148885821309655,9.929294554864373e-05
3.72588,0.002468482866259714,7.931967796694097e-05
3.72852,0.002696493271365147,8.583172327503727e-05
3.73116,0.003120985987791345,9.81150853678038e-05
3.73381,0.003422985432852388,0.0001079343672898579
3.73645,0.00276743091009989,8.756638251759358e-05
3.73909,0.002678024625416203,8.58908524243937e-05
3.74174,0.002899133324084351,9.13832776887658e-05
3.74438,0.0036811756381798,0.0001150071530300267
3.74703,0.002513541967258598,8.095045817812393e-05
3.74967,0.003150398931742507,0.0001000472716506254
3.75231,0.002418344200887904,7.664759063353904e-05
3.75496,0.002846405660377359,9.038301418282275e-05
3.7576,0.002436565621531631,7.766748537526556e-05
3.76024,0.003101223987236403,9.831091418240008e-05
3.76289,0.00184469908435072,5.962473563547875e-05
3.76553,0.003893022544395113,0.0001212975183210904
3.76818,0.002542078177025529,8.128972806438699e-05
3.77082,0.002494938263041065,7.934934872158194e-05
3.77346,0.001453119381243063,4.754227590479935e-05
3.77611,0.002686743895671474,8.55832009759916e-05
3.77875,0.001777334766925637,5.759612992787072e-05
3.78139,0.002682099264705879,8.561534821919366e-05
3.78404,0.003031758254716981,9.595992243083794e-05
3.78668,0.00257626165371809,8.205447678260172e-05
3.78933,0.002205219963928967,7.077046561650754e-05
3.79197,0.003443903440621532,0.0001117306683224377
3.79461,0.002535476345726971,8.507003028266355e-05
3.79726,0.002524770116537179,8.515398227181104e-05
3.7999,0.002130397683129856,7.390081495033182e-05
3.80254,0.002296036348501666,7.993562235676398e-05
3.80519,0.003183094478357382,0.00011014412951204
3.80783,0.001663215108213098,5.964910286173206e-05
3.81047,0.000194513665371809,7.285707792964432e-06
3.81312,0.003241581576026637,0.0001163595425160496
3.81576,0.001643752982796892,6.05932735568559e-05
3.81841,0.002382592674805772,8.644093914688022e-05
3.82105,0.003250900596559378,0.0001183480227135581
3.82369,0.002586221628745838,9.510472441475425e-05
3.82634,0.0004564946587125413,1.764391079127521e-05
3.82898,0.001943463304661487,7.329455560234719e-05
3.83162,0.001789984461709215,6.816839004523143e-05
3.83427,0.003187629231409542,0.0001189673160555443
3.83691,0.003264811598224197,0.00012313264738606
3.83956,0.002962338304661485,0.0001124955820657149
3.8422,0.003624906700887902,0.0001365116620742668
3.84484,0.001765646503884572,6.936446816690281e-05
3.84749,0.00292677219755827,0.0001095887187225912
3.85013,0.001495806950610434,5.625237660892078e-05
3.85277,0.003849661972807994,0.0001356341249232528
3.85542,0.00271428891509434,9.820295685546763e-05
3.85806,0.002120955049944506,7.6832314513515e-05
3.86071,0.003930818257491673,0.0001364802761685018
3.86335,0.002095978426748058,7.486368045239004e-05
3.86599,0.001776636584350724,6.347328584158172e-05
3.86864,0.001873596975582684,6.653798132288624e-05
3.87128,0.003433751179245284,0.0001189325401926294
3.87392,0.002710239456159822,9.451140433231549e-05
3.87657,0.002976439303551607,0.0001032998172479903
3.87921,0.002199371254162041,7.749675685519656e-05
3.88186,0.003236364664261934,0.0001114193891941153
3.8845,0.003182016301331852,0.000109747761893176
3.88714,0.002841161279134298,9.762129083689594e-05
3.88979,0.003065124514428415,0.00010584230350742
3.89243,0.002990645602108766,0.0001029229992123135
3.89507,0.003349516023862375,0.0001129198481401668
3.89772,0.002560088998335185,8.750347095757137e-05
3.90036,0.001952679314650388,6.730423215345694e-05
3.903,0.003886413845726969,0.0001287259335266725
3.90565,0.001402683129855717,4.878540014159811e-05
3.90829,0.001456791134850169,5.043046057051402e-05
3.91094,0.00119724119034406,4.187070327690757e-05
3.91358,0.0019004003190899,6.504469365094446e-05
3.91622,0.002092727871809101,7.091533204127887e-05
3.91887,0.002027751109877917,6.953708686970098e-05
3.92151,0.003508829841842396,0.0001155067651093987
3.92415,0.002808774764150943,9.369446759270558e-05
3.9268,0.002968251109877912,9.90929390998383e-05
3.92944,0.002412282602663711,8.063750575302531e-05
3.93209,0.003017286417869034,9.99272985371586e-05
3.93473,0.002824402608213099,9.305852885275276e-05
3.93737,0.001763561112652608,5.952002203003684e-05
3.94002,0.001615193881798001,5.481419295700855e-05
3.94266,0.001911008115982246,6.453158842133483e-05
3.9453,0.003562326650943397,0.000116301752302946
3.94795,0.001643862860710323,5.561476183278096e-05
3.95059,0.002934092813540512,9.716943345910886e-05
3.95324,0.003301014081576026,0.000108775735604056
3.95588,0.001325654134295225,4.531068192083939e-05
3.95852,0.001871891578801332,6.334173400814584e-05
3.96117,0.003894787458379576,0.0001268753695789542
3.96381,0.001460007352941176,4.959971082592758e-05
3.96645,0.002866671268035515,9.451443161377026e-05
3.9691,0.002950370768590455,9.726738735116102e-05
3.97174,0.002689566384572699,8.969680197646762e-05
3.97439,0.002577893798557158,8.624517491755438e-05
3.97703,0.0032564929245283,0.0001057855267143894
3.97967,0.003097391995005546,0.0001016577212054723
3.98232,0.002208415579911206,7.360021420279797e-05
3.98496,0.001957301054384018,6.577940471154727e-05
3.9876,0.00219831596836848,7.337595561769989e-05
3.99025,0.002411767549944505,8.02160838310722e-05
3.99289,0.003823559100998888,0.0001247144753422978
