0.0431807,60.87183548140955,0.4322995954702019
0.0458244,52.6581581437292,0.3867972621161353
0.0484682,45.86648894284129,0.3554238681907732
0.0511119,40.45008924805771,0.3468052177349512
0.0537556,35.55538828385128,0.3048917919282806
0.0563993,31.42102622780244,0.2952325607716837
0.059043,27.83883213928968,0.2589056912195136
0.0616867,24.87376993826305,0.2528164314360906
0.0643304,22.49621447905106,0.2353412263034503
0.0669742,20.30851187014429,0.2134604485537075
0.0696179,18.45679545574362,0.2077850210421867
0.0722616,16.57441969270255,0.184108139266233
0.07490529999999999,15.13060024070477,0.1754779008152252
0.07754900000000001,13.80057969547725,0.1655903977125271
0.08019270000000001,12.58552516648169,0.1517051826938339
0.08283649999999999,11.59902633462819,0.1476398061738898
0.08548020000000001,10.69503633879023,0.1355490307248487
0.08812390000000001,9.80652818673696,0.1350689536178692
0.0907676,9.034433669533852,0.1279209425874803
0.0934113,8.451513735432853,0.1223680469526786
0.096055,7.716185718645949,0.1176486676110784
0.0986987,7.166080067980023,0.1090270105254696
0.101342,6.627934536625972,0.1045925388036366
0.103986,6.173619214761377,0.09570378260265026
0.10663,5.743880079772475,0.09285421466337017
0.109274,5.381818711847947,0.08947887252320288
0.111917,4.960808324084351,0.08213415977260358
0.114561,4.645178066037736,0.0776090701782526
0.117205,4.380744941037737,0.07429656917804386
0.119848,4.087244232103219,0.07000422520716024
0.122492,3.8661177927303,0.06567109293395389
0.125136,3.653860126248613,0.06370593038491129
0.12778,3.356376182713652,0.05892898335424757
0.130423,3.192000151914539,0.05691065893724211
0.133067,3.036806801470588,0.05488582971936561
0.135711,2.847721929106549,0.05031313652344729
0.138354,2.666841251387348,0.04829448965247162
0.140998,2.498807339067703,0.0453458769289145
0.143642,2.384110157463929,0.0434976580986743
0.146286,2.226024362513873,0.04026214359176802
0.148929,2.129025445338513,0.03856522598586732
0.151573,2.022172127497225,0.03774653440874753
0.154217,1.897953337957825,0.03493394911438193
0.15686,1.811228509295228,0.03376661422561819
0.159504,1.716111114039956,0.03185612622140735
0.162148,1.609083754162042,0.0301210740829238
0.164792,1.56092598154828,0.02978372958477715
0.167435,1.468411365149834,0.027571502827023
0.170079,1.40033403163152,0.02656281975545733
0.172723,1.332429572697003,0.02522910346607038
0.175366,1.256742758740289,0.02414314935814679
0.17801,1.212619199500555,0.02318140559192777
0.180654,1.15007971281909,0.0219855966594586
0.183298,1.086473517619312,0.02109286420910964
0.185941,1.044073462125416,0.02015401566375708
0.188585,1.014103002219756,0.01962677423951617
0.191229,0.9547168514150944,0.01866717866124926
0.193872,0.9213925284406216,0.01794368970850583
0.196516,0.8625666634295227,0.01703886391026393
0.19916,0.8257195172031077,0.01633360363556321
0.201804,0.7881234385405107,0.01597299035918038
0.204447,0.7771680611820201,0.01546637816859083
0.207091,0.7412903357380689,0.01470770704628329
0.209735,0.7006571170921199,0.01402120967739825
0.212378,0.673783360155383,0.01357590266685301
0.215022,0.6517737610987792,0.01312421964882292
0.217666,0.6313941093229745,0.01285801405258347
0.22031,0.5979091356825749,0.01239826549124331
0.222953,0.5844400721420644,0.01193970472083687
0.225597,0.5600959336847947,0.01139839537676458
0.228241,0.5407698966426193,0.01118719446527641
0.230885,0.5114826484461709,0.01064966721654675
0.233528,0.512145853218646,0.01069801770532591
0.236172,0.4966405001387347,0.01036843963959139
0.238816,0.467738900527192,0.009840899747104014
0.241459,0.4472858823529412,0.009423410679640462
0.244103,0.4416751956159823,0.009190705345623797
0.246747,0.4149019311875694,0.008838654730969777
0.249391,0.4023749334073252,0.008643383043566327
0.252034,0.3978606908990011,0.008581286470129144
0.254678,0.367040577136515,0.007941566377261079
0.257322,0.3610009087125416,0.007831701994451663
0.259965,0.3628348626526082,0.007820616090486794
0.262609,0.3376259163429524,0.007393605757562272
0.265253,0.3222945366259712,0.007205482013443097
0.267897,0.3182572329356271,0.007013641374754118
0.27054,0.3165160571587126,0.006962960869473284
0.273184,0.2990456291620422,0.006590851960759908
0.275828,0.3084662638734739,0.006726317968948484
0.278471,0.2863018514150944,0.006439055501941744
0.281115,0.287007862791343,0.006422931092854091
0.283759,0.2756150110987791,0.00623142514256374
0.286403,0.2581238665371809,0.005798683203155631
0.289046,0.2612677712264151,0.005905578422114893
0.29169,0.2579672218368479,0.005805179239629261
0.294334,0.2423958275527192,0.005583714331468829
0.296977,0.2352709087125416,0.005446710351123783
0.299621,0.227545323945616,0.005244781130201901
0.302265,0.2387248064650389,0.005427567790498885
0.304909,0.2219830750554939,0.005119633879494318
0.307552,0.2217267161487236,0.005148520457399928
0.310196,0.215562862791343,0.004997786234638147
0.31284,0.2193905972530522,0.005026065668710411
0.315483,0.2027914782186459,0.0047544516148656
0.318127,0.1986562618618202,0.004648909307365494
0.320771,0.1985533177025527,0.00462664005139646
0.323415,0.1911996330466149,0.004511040313016993
0.326058,0.1859764033018868,0.004385848405850659
0.328702,0.183891904827969,0.0044061387313303
0.331346,0.1759972248196449,0.004208900870477018
0.333989,0.1665921263873474,0.004024940003257925
0.336633,0.1691171025249723,0.004023712461244999
0.339277,0.1638563540510544,0.003927229803887459
0.341921,0.1624826741120977,0.003951373075381718
0.344564,0.1605408177719201,0.003875910447507345
0.347208,0.1544545817147614,0.003776893776197203
0.349852,0.1563853197835738,0.003772731141144176
0.352495,0.1476510580604883,0.003627458652346436
0.355139,0.1486781166759157,0.003630454377210446
0.357783,0.1423984130826859,0.003527482207000011
0.360427,0.1443303460738069,0.003545185446887379
0.36307,0.1405664483906771,0.003442407815053965
0.365714,0.1316032148307436,0.003301695590849998
0.368358,0.133971505063818,0.003294948943455372
0.371001,0.130291609045505,0.003253432592643404
0.373645,0.1291613727802442,0.003235385706438933
0.376289,0.1258619862652608,0.003144598973570542
0.378933,0.1289135225443951,0.003211389307772574
0.381576,0.1243071954772475,0.003071111088571255
0.38422,0.122897580882353,0.003076305209313147
0.386864,0.1167683802719201,0.002945396910590997
0.389507,0.1242034844617092,0.003087642944014002
0.392151,0.121752346281909,0.003061295573980411
0.394795,0.1138509843229745,0.002868071041769926
0.397439,0.1160609336154273,0.002913860424851305
0.400082,0.1100461868756937,0.002785313574929269
0.402726,0.1133579987513874,0.00285445658624369
0.40537,0.1082203318534961,0.002759161275491014
0.408013,0.1022983747225305,0.002616738049888387
0.410657,0.1056498571032186,0.002706877051347372
0.413301,0.107155498127081,0.002702332497852864
0.415945,0.09653736813263041,0.002531179227639929
0.418588,0.09922506888179801,0.002580182025567862
0.421232,0.09531961410932298,0.002496581874922537
0.423876,0.0972867011653718,0.002570503539972345
0.426519,0.09587003149278581,0.002554008733936895
0.429163,0.09375176845172031,0.00258798214764695
0.431807,0.0937361772336293,0.002633918189843169
0.434451,0.09360930029134296,0.00267447123968218
0.437094,0.0938813900527192,0.002743102169689726
0.439738,0.08792654279966704,0.002627428115596115
0.442382,0.0874349879300777,0.00266873772140412
0.445025,0.09090310342674807,0.002736951167146651
0.447669,0.08962744374306328,0.002730787667333272
0.450313,0.08718666384572699,0.00271989051561109
0.452957,0.08085716724472808,0.002547185570057065
0.4556,0.08247995872641509,0.0025692081609756
0.458244,0.08113174528301888,0.002500224145607186
0.460888,0.08234329807158713,0.00254070573945232
0.463531,0.08186018091009989,0.002558385504520441
0.466175,0.07959961223640398,0.00247720468188657
0.468819,0.07448556680077691,0.002419090059424427
0.471463,0.07950443736126525,0.00246053892065103
0.474106,0.07434086674528304,0.002402943242528802
0.47675,0.07926346822974471,0.00250541873104616
0.479394,0.07428984218923419,0.002405782883033318
0.482037,0.07604611931187572,0.002474130701020579
0.484681,0.07409846691176471,0.002309043846659456
0.487325,0.07717356971420644,0.002375622020418481
0.489969,0.0717575271226415,0.002203269410234849
0.492612,0.07269373272752497,0.002223848098033952
0.495256,0.07116358663984461,0.002150353450023741
0.4979,0.06900276193118757,0.002081029797109372
0.500543,0.06670140794950055,0.002018682700805927
0.5031870000000001,0.06744590177580467,0.002017042607299222
0.505831,0.06972903433684795,0.002065880584953302
0.508475,0.06625972391786904,0.001984350171846783
0.511118,0.06611441266648169,0.001952420447565736
0.5137620000000001,0.06773697065760267,0.001987491816592671
0.516406,0.06761006853496115,0.00196439248862819
0.519049,0.06746519450610433,0.001971505230340038
0.521693,0.06454379488068814,0.001884597466435006
0.5243370000000001,0.06386547960599334,0.001870463404157627
0.526981,0.06145555708934517,0.001822918824726841
0.529624,0.06323324667036626,0.001832854960313037
0.532268,0.06275168153440622,0.001829801080349249
0.5349120000000001,0.06305389157880134,0.001816293657723496
0.537555,0.06006071878468369,0.001754829203833361
0.540199,0.05684903315760268,0.001695369708554649
0.542843,0.0615791560072142,0.00178137107458602
0.5454870000000001,0.06083770442563818,0.001760325372613691
0.54813,0.05659342279411764,0.001638660171652633
0.550774,0.05819073633462819,0.00169228233815881
0.553418,0.05628074916759156,0.001636703276488346
0.556061,0.05814664553274141,0.001675186403151312
0.558705,0.05647623571032186,0.001650470670647731
0.561349,0.06031408580743618,0.001685993383031093
0.563993,0.05468713485016649,0.001588789742999774
0.566636,0.05520890843507216,0.001586579586125303
0.56928,0.05822809940344063,0.001657730132790368
0.571924,0.05384823529411766,0.001561076872804657
0.574567,0.05443155653440622,0.001566730158919501
0.577211,0.05308830133185348,0.001534967523329126
0.579855,0.05387485321864594,0.001532928951334498
0.582499,0.0557654240427303,0.00158498470764116
0.5851420000000001,0.05165136376248613,0.001489506846267268
0.587786,0.04931816120976693,0.00145565337852288
0.59043,0.05245454384017758,0.001506768415180294
0.593073,0.04936810987791342,0.001420655072801387
0.5957170000000001,0.04962236050221976,0.001431562583438338
0.598361,0.05354619922308547,0.001513360662711947
0.601005,0.05321633657047725,0.001494869594997342
0.603648,0.04722347384850167,0.00136753702412785
0.6062920000000001,0.0515839673973363,0.001452819636283743
0.608936,0.05060707033851276,0.001431665010693802
0.611579,0.04939332456992231,0.00139410224523889
0.614223,0.04911775076304107,0.001388316828062038
0.6168670000000001,0.05197073307436183,0.001442181653723842
0.619511,0.04877125763041067,0.001369701185522007
0.622154,0.04989785876803553,0.001395777977496458
0.624798,0.0504073031354051,0.001394564916181085
0.6274420000000001,0.04716182547169812,0.001323579445920858
0.630085,0.04736993423973363,0.001336643275889306
0.632729,0.04939174965316316,0.001366248628353973
0.635373,0.04732035640954495,0.00132393554143321
0.6380169999999999,0.04487455417591565,0.001264554690868121
0.64066,0.04577486403995561,0.001291385256966063
0.643304,0.04458586827136515,0.00126741897697476
0.645948,0.04486901220865705,0.001266007447943708
0.6485919999999999,0.04165399132907881,0.001196899413718106
0.651235,0.04508421268035517,0.001276256412037346
0.653879,0.04409491086293008,0.001251876992916369
0.656523,0.04439019630965594,0.001250313377619707
0.659166,0.04866430750554939,0.001336090383391052
0.66181,0.04630650832408435,0.001272015087083907
0.664454,0.04451195019422864,0.001250395807722827
0.667098,0.04390633060488346,0.00124174218327713
0.669741,0.04415583587680355,0.001243883284244113
0.672385,0.04032997620699223,0.001157533021901262
0.675029,0.04321048522475027,0.001208079810613574
0.6776720000000001,0.04586680667314096,0.001256270518699131
0.680316,0.04576387853773586,0.001258160311060184
0.68296,0.03953713380965594,0.001122334886587302
0.685604,0.04126377136514984,0.001167650843356787
0.6882470000000001,0.04423625048557158,0.0012174321004581
0.690891,0.037568181118202,0.00108476487297153
0.693535,0.04391438145116537,0.00120575840787397
0.696178,0.04149192598501666,0.001158139603093223
0.6988220000000001,0.0388451890954495,0.001108228137980796
0.701466,0.04101606992230855,0.001141809237702896
0.70411,0.03934739525527192,0.001115126011787078
0.706753,0.04462659635127637,0.001204206796774733
0.7093970000000001,0.04116327885682575,0.001141768951950809
0.712041,0.04167171372086571,0.001152520272956921
0.714684,0.0390914644145394,0.001093519742608729
0.717328,0.04012739338235295,0.001113452672239309
0.7199719999999999,0.03954341974195339,0.001101499923666103
0.722616,0.04154721517758048,0.001134541382388629
0.725259,0.03790870650665927,0.001064599285192902
0.727903,0.04052901089067703,0.001101563820305249
0.7305469999999999,0.03848348702830189,0.001076593124430495
0.73319,0.03817557706714761,0.001065592036530878
0.735834,0.04038722259988901,0.001100491501467311
0.738478,0.0368479817563818,0.00102574303256909
0.7411219999999999,0.03629496392896781,0.001017343049639066
0.743765,0.03758954550499446,0.001048982457709517
0.746409,0.04067410925360711,0.001090745598763964
0.749053,0.03670113221420644,0.00102402714392289
0.751696,0.03908758435072143,0.001059869444259495
0.75434,0.03658550402330744,0.001019602686759479
0.756984,0.03910468181187569,0.00105309945441458
0.759628,0.03746725825471699,0.001028252639624145
0.762271,0.03739564990288568,0.001023750138506417
0.764915,0.03529399445061044,0.0009754366325964135
0.767559,0.03808686438679246,0.001043811746993728
0.7702020000000001,0.03760383650110988,0.001018474193579166
0.772846,0.03676493923418424,0.0009998757714825023
0.77549,0.03757693930355161,0.001023955142709433
0.778134,0.03698240135960045,0.0009990770356055171
0.7807770000000001,0.03676300492508323,0.001002970305586158
0.783421,0.04024373806881244,0.001063163454190979
0.786065,0.03816799549112098,0.001024543694947672
0.788708,0.03617635987791343,0.0009858114766430606
0.7913520000000001,0.03923002504162042,0.001034660355767664
0.793996,0.03511173675083241,0.0009601160798353804
0.79664,0.03684571552441731,0.0009878833391373505
0.799283,0.03523724021920089,0.0009557593575913953
0.8019269999999999,0.03671676921476139,0.0009842281894149041
0.804571,0.03546123092397337,0.0009540125078798308
0.807214,0.03724133324084351,0.0009933813742828662
0.809858,0.03502663172863486,0.0009386828236922408
0.8125019999999999,0.03806744117647058,0.001012499464415368
0.815146,0.03264861730022198,0.0008917691927222685
0.817789,0.03688218125693674,0.0009769978913724468
0.820433,0.03722378024417314,0.0009877804636406876
0.8230769999999999,0.03785063374028858,0.0009896515367401391
0.82572,0.03782138103496115,0.0009958272061262
0.828364,0.03854373217258602,0.001000904683359725
0.831008,0.03425998834628191,0.0009233969956069053
0.8336519999999999,0.03809731423418425,0.0009851641494096515
0.836295,0.03401300339900112,0.0009112065721506972
0.838939,0.03380814060765816,0.0009097278434333737
0.841583,0.03406598515538291,0.0009010213518176051
0.844226,0.03477831680077691,0.0009315560023976726
0.84687,0.03457125187291898,0.0009152008408038018
0.849514,0.03597177178135404,0.0009419862604521566
0.852158,0.03609805126248614,0.0009475483500363722
0.854801,0.03564219755826858,0.0009192567240341406
0.857445,0.0335541669672586,0.0008923172051593085
0.860089,0.03330464567147614,0.0008783009001795326
0.8627320000000001,0.03191107325194228,0.0008525424451422684
0.865376,0.03258203815205327,0.0008959055394174871
0.86802,0.03410074091287459,0.0009201259335081514
0.870664,0.03388022280799113,0.0009297537487539951
0.8733070000000001,0.03641101331853497,0.000965272321019099
0.875951,0.03498888866537181,0.0009554527412069503
0.878595,0.0357303677164262,0.0009693875138321037
0.881238,0.03180488311598224,0.0008860771691197438
0.8838819999999999,0.03237862208657048,0.0009126178279308688
0.886526,0.03159638748612653,0.0008752636385104631
0.88917,0.03111715954495006,0.000875701809314804
0.891813,0.03369966821587125,0.0009295540708008836
0.8944569999999999,0.03398313263041065,0.0009147994746045937
0.897101,0.03446032325194229,0.0009157599298759739
0.899744,0.03360169832130966,0.0008949910180593489
0.902388,0.03379893833240844,0.0008953718084792424
0.9050319999999999,0.03480488894284129,0.0009026921955335576
0.907676,0.03306736202830188,0.0008709978591534063
0.910319,0.03309903204772475,0.0008741940139873415
0.912963,0.03191756291620422,0.0008488818648568811
0.9156069999999999,0.03206037215593785,0.0008517076419280368
0.91825,0.03182210647891233,0.0008333106548486199
0.920894,0.03370312250277469,0.0008792705777434266
0.923538,0.03354545456437292,0.0008722511743573908
0.9261819999999999,0.03324958539123196,0.0008592547213301544
0.928825,0.03462000561875694,0.0008955928911671937
0.931469,0.03057839150943396,0.0008076089348937533
0.934113,0.03250869693396227,0.0008534928685071153
0.936756,0.03293459288290788,0.0008454645299311921
0.9394,0.02988012194783574,0.0007897711666802673
0.942044,0.03075427171198669,0.0008016020852603448
0.944688,0.03086000173418424,0.0008068946980325717
0.947331,0.03217947065760266,0.0008337395686542559
0.949975,0.03315891093229745,0.000844865049356346
0.952619,0.03160963693118757,0.0008178945489415644
0.9552619999999999,0.03292244450610433,0.0008420204324379749
0.957906,0.03496087437569367,0.0008785245576442792
0.96055,0.03284078461431743,0.000843231230153766
0.963194,0.03099565975305216,0.0007889818990475359
0.9658369999999999,0.03117431437291898,0.0008066783327128282
0.968481,0.03089370907325194,0.0007945082005548586
0.971125,0.03348005431465039,0.0008383421295618016
0.973768,0.03348051671753607,0.000836955817271785
0.9764119999999999,0.03230040961431743,0.0008092277914231137
0.979056,0.03316039199500555,0.0008322892853542286
0.9817,0.03362189296614872,0.0008358019556605892
0.984343,0.03324632567980023,0.0008238790407433593
0.9869869999999999,0.03051505604883463,0.0007703930363806664
0.989631,0.03059804592119867,0.0007827242212946105
0.992274,0.03213061390122087,0.0008328246857807228
0.994918,0.03259189282741398,0.0008393086015342585
0.9975619999999999,0.0319281455327414,0.0008353765557778091
1.00021,0.03086323626526082,0.0008213375799695301
1.00285,0.03208352205882353,0.0008416880629483234
1.00549,0.02951874493618202,0.0008078391410798899
1.00814,0.03054934253607103,0.0008220447445034863
1.01078,0.03278417688679246,0.0008714081660005236
1.01342,0.03088782831576027,0.0008382500939766978
1.01607,0.03033313942841288,0.0008357860460278432
1.01871,0.0286869920227525,0.0007959351780677319
1.02136,0.03032531520532742,0.0008341644862419579
1.024,0.02910617397336293,0.0008163689013294556
1.02664,0.03148276685627081,0.0008664721034979464
1.02929,0.03092968722253052,0.0008585359614008581
1.03193,0.03099174077413985,0.0008572596666535971
1.03457,0.02979310092952275,0.0008309398481736407
1.03722,0.0297698709073252,0.0008401554667438508
1.03986,0.03220081215316316,0.0008820755919298147
1.04251,0.03050505944783574,0.0008545970402529547
1.04515,0.03041511750832409,0.0008377301749784846
1.04779,0.02908456236126526,0.0008030409294187624
1.05044,0.02983288360155384,0.0008103502742548319
1.05308,0.03237431853496115,0.0008461950081589524
1.05572,0.03046223224195338,0.0008144165232198213
1.05837,0.03023812479189789,0.0007956348251546389
1.06101,0.0311092025527192,0.0008210736528871913
1.06365,0.03001596767480577,0.0007874612054580833
1.0663,0.02943153849889012,0.0007764055447728835
1.06894,0.03045024410377359,0.0007950848764496035
1.07159,0.02894045061043286,0.0007543732933108411
1.07423,0.03076686646781355,0.0007975291992196072
1.07687,0.02949373855438401,0.0007630707426011387
1.07952,0.02898513887347392,0.0007578808844036672
1.08216,0.02943216342952275,0.0007615117354048132
1.0848,0.02856492910654828,0.000731132371793904
1.08745,0.02901630299667037,0.0007470840013245442
1.09009,0.02948537867647059,0.0007510589668931463
1.09274,0.02757081097391787,0.0007180921357406835
1.09538,0.03008298633462819,0.0007632060908237854
1.09802,0.03034621032186459,0.000761143229168954
1.10067,0.02876631014150944,0.0007361066910410038
1.10331,0.02825498869311875,0.0007169652282548728
1.10595,0.02739313380965594,0.0007043214849264728
1.1086,0.02830210571587125,0.0007189549711475829
1.11124,0.02996469360432853,0.0007503625664951268
1.11389,0.031271496809101,0.0007767016120236677
1.11653,0.02892994811320754,0.0007187456174750069
1.11917,0.02909909142619312,0.0007329732974524706
1.12182,0.02736865621531632,0.0006935551446158899
1.12446,0.02839745914261931,0.0007177591503295425
1.1271,0.02719533983074362,0.0006892532849321469
1.12975,0.02869776234739178,0.0007137369941775724
1.13239,0.02693819575471698,0.0006840243610748313
1.13504,0.02577231097391787,0.0006586061932931202
1.13768,0.02773087562430633,0.0006961902753887158
1.14032,0.0273190394700333,0.0006897888461622948
1.14297,0.02962976512208658,0.0007318441488076297
1.14561,0.02423275201165372,0.0006336421142011062
1.14825,0.02827388769422863,0.0006981532887175216
1.1509,0.02925731333240843,0.0007203975529275135
1.15354,0.02617234669811321,0.0006619362415404088
1.15618,0.02567809524139845,0.0006489489135809172
1.15883,0.02688935502219756,0.0006809485925474997
1.16147,0.02470816169533851,0.0006263626991513217
1.16412,0.02677887278024417,0.0006749370284881974
1.16676,0.02883982762208658,0.0007007332653923915
1.1694,0.02559359454772476,0.0006465129716385468
1.17205,0.02622898418423973,0.0006546609240912829
1.17469,0.02558008185349612,0.0006413938599249613
1.17733,0.02755098487791343,0.0006802984555591463
1.17998,0.02666205882352941,0.0006561882244904156
1.18262,0.02746843451720311,0.0006757626370516472
1.18527,0.02584320511931187,0.0006421853374678131
1.18791,0.02581333435072142,0.0006436543973775041
1.19055,0.02573609017758046,0.0006425127202233629
1.1932,0.02628319291065483,0.0006448299777031113
1.19584,0.025138006381798,0.0006285300174326168
1.19848,0.02518851359600444,0.0006238692728669573
1.20113,0.0262855346836848,0.000648769382354316
1.20377,0.02514599313263041,0.0006244387513274365
1.20642,0.02413390767203107,0.0006053636672218548
1.20906,0.02365012437569367,0.0005973398055119991
1.2117,0.02355556756381798,0.0005874583179285015
1.21435,0.02240118791620422,0.0005687096009287512
1.21699,0.02440624008046614,0.0006043786317065552
1.21963,0.02438799119034406,0.0006052872743539776
1.22228,0.02256344325749167,0.0005721123198198448
1.22492,0.02207001588512763,0.0005565626162293605
1.22757,0.02422268444783575,0.0006000269573312201
1.23021,0.02447746843784684,0.0006006014738534574
1.23285,0.02538299979189789,0.0006185720318124018
1.2355,0.02354384267480578,0.0005858731259608237
1.23814,0.02334807228079912,0.0005795248933160115
1.24078,0.02429862610987792,0.0006009860191282617
1.24343,0.02502898002219756,0.0006114650413525093
1.24607,0.0236073109045505,0.0005817308907415606
1.24871,0.02380115385682575,0.0005851663457624081
1.25136,0.02126127781631521,0.0005343788160286524
1.254,0.02211314067702553,0.0005528767255996059
1.25665,0.02323471490011099,0.000573129204232607
1.25929,0.02361767834350722,0.0005813531755111093
1.26193,0.02212128537735849,0.0005462731575831615
1.26458,0.02261398938679246,0.0005567781754636542
1.26722,0.02313638332408435,0.0005688369677230501
1.26986,0.02197834107935627,0.0005456274166632067
1.27251,0.02210634198113208,0.0005488952065508112
1.27515,0.02121015024972253,0.0005274325300714022
1.2778,0.02338416717536071,0.0005712017072238057
1.28044,0.02203054911209767,0.0005399074245573192
1.28308,0.02174984995837958,0.000536285982804322
1.28573,0.01958307810765816,0.0004975418405689823
1.28837,0.0209596446309656,0.0005167130923594903
1.29101,0.02269329148168701,0.0005593148494547408
1.29366,0.0221041993618202,0.0005391626547342011
1.2963,0.02111322648446171,0.000522089128752262
1.29895,0.02121951963096559,0.0005246938675938711
1.30159,0.01860375915649279,0.0004682268590396781
1.30423,0.01894550235849057,0.0004812440990551636
1.30688,0.02054763221420643,0.0005042901617725915
1.30952,0.0181494231409545,0.0004617959584572536
1.31216,0.01955779245283019,0.0004858213682565842
1.31481,0.01927673390677026,0.0004821643128865912
1.31745,0.0185335609045505,0.0004665600808817653
1.3201,0.0194529231409545,0.0004808203256495312
1.32274,0.0192643291481687,0.0004791462452165609
1.32538,0.01858987562430633,0.0004624971731643973
1.32803,0.01896742529134295,0.0004697972481347753
1.33067,0.02042777830188679,0.0005034606377824554
1.33331,0.01896895442563818,0.000466953123216665
1.33596,0.0200331311736959,0.0004920199433279198
1.3386,0.01769616301331853,0.0004449844089555982
1.34124,0.01784108053551609,0.0004463542405780807
1.34389,0.01881772350166482,0.0004654189548845352
1.34653,0.02031331985294118,0.0004911068136352055
1.34918,0.01889228024417314,0.0004680775244408387
1.35182,0.01780849486681465,0.0004424556730296203
1.35446,0.01821702323806882,0.0004538401063672616
1.35711,0.01969391058546059,0.000481161243392264
1.35975,0.01822766079356271,0.0004529301321258989
1.36239,0.01817228919256382,0.0004527517366561814
1.36504,0.01840883573806881,0.0004515843757864177
1.36768,0.01854447086570477,0.0004584314416397987
1.37033,0.01786872169811321,0.0004442582609486576
1.37297,0.01734165794950055,0.0004338484258415654
1.37561,0.01808309579633741,0.0004526517371134982
1.37826,0.01615516877081022,0.0004062180016079583
1.3809,0.01752682512486126,0.0004384195782495082
1.38354,0.0164639760682575,0.000415975020609999
1.38619,0.01809707089345173,0.0004492474079904997
1.38883,0.01568448383740288,0.000397556437385309
1.39148,0.0159966240982242,0.0004052272179091933
1.39412,0.0150278923418424,0.0003858084490752207
1.39676,0.01644637042175361,0.0004108476457964062
1.39941,0.01555397863485017,0.0003944150654225185
1.40205,0.01671215364872364,0.000416590303759541
1.40469,0.01749910155382908,0.0004375615027619816
1.40734,0.01651294499167592,0.0004124571329545905
1.40998,0.01609988873473918,0.0004032892932053804
1.41263,0.0159007144145394,0.0003979164327239062
1.41527,0.01451838616814651,0.0003704303970768076
1.41791,0.01610871330466149,0.0004045362219134271
1.42056,0.01512813991398446,0.0003838637510567615
1.4232,0.0152130640954495,0.0003841162249051409
1.42584,0.01487577323806881,0.0003767138545534208
1.42849,0.01402729141231965,0.0003603943233622577
1.43113,0.01502569020532741,0.0003811295368807451
1.43377,0.01501597287735849,0.0003795622252748934
1.43642,0.01582496503884573,0.000393802807661156
1.43906,0.01582087437569368,0.0003963411815916828
1.44171,0.0156219518590455,0.0003909126893395467
1.44435,0.01520748779134296,0.0003816712189405658
1.44699,0.01510614372918979,0.0003790923519939918
1.44964,0.01467067466703662,0.0003718641694294808
1.45228,0.01366584343784684,0.0003487573583584528
1.45492,0.01444737756659268,0.0003643144310794085
1.45757,0.01409888602941176,0.0003563823975518654
1.46021,0.01473492348779134,0.0003703041286141886
1.46286,0.0149778727108768,0.0003747942817037189
1.4655,0.01629463589067703,0.000402091936118586
1.46814,0.01340243632075472,0.0003406628573709597
1.47079,0.01301647183684795,0.0003350736475532717
1.47343,0.01346194207824639,0.0003415472460272628
1.47607,0.01380898002219756,0.000351577488176892
1.47872,0.01425412062985572,0.0003565856187788204
1.48136,0.0145936685627081,0.0003667973249466865
1.48401,0.01234015954495006,0.0003207263693135718
1.48665,0.01427719041342952,0.0003578673997749603
1.48929,0.01223782887069922,0.0003144658445353326
1.49194,0.01329686195893452,0.0003344414962110684
1.49458,0.01461121927025527,0.0003674389763812024
1.49722,0.01227279522752497,0.0003143938403236856
1.49987,0.01296020289955605,0.0003294707670494901
1.50251,0.01314967591564928,0.000336210135744227
1.50516,0.01300446309655938,0.0003290007305869533
1.5078,0.01206920061043285,0.0003097350106690317
1.51044,0.01443308428135405,0.0003595302730962507
1.51309,0.01343968951165372,0.0003378668578805712
1.51573,0.0126870807436182,0.0003239650347092943
1.51837,0.01239416682852386,0.0003140632234871476
1.52102,0.01225545054106549,0.0003124199268251314
1.52366,0.01091196413706992,0.00028169666884125
1.5263,0.01139749861265261,0.0002917074369832114
1.52895,0.01416682033851276,0.0003531195937299765
1.53159,0.01240668604328524,0.0003160208847555152
1.53424,0.01165958490566038,0.0003014696954639587
1.53688,0.01217937382075471,0.0003099688023993868
1.53952,0.01156970477247503,0.0002953740168584237
1.54217,0.01264390788013319,0.0003170352266788082
1.54481,0.01201191988068813,0.0003055402296587452
1.54745,0.01272290552164262,0.0003227993638933787
1.5501,0.01137083719478358,0.0002955483614338817
1.55274,0.01295628620976693,0.000333658631402522
1.55539,0.009631863554384021,0.0002614690744311243
1.55803,0.00995440330188679,0.0002708113299052563
1.56067,0.01188322766370699,0.0003175182182359274
1.56332,0.01270572107380688,0.0003331747444581038
1.56596,0.009910310210876806,0.0002753859206204886
1.5686,0.01154873182574917,0.0003107605034252838
1.57125,0.01189203392064373,0.0003245339870040682
1.57389,0.01005073876248613,0.0002798804666682246
1.57654,0.01147619408990011,0.0003124433651439718
1.57918,0.01100577927302997,0.0003070749491452723
1.58182,0.01138831693951165,0.0003140137396600939
1.58447,0.01047342764983352,0.0002947753772688027
1.58711,0.01154681811875694,0.0003180572591840586
1.58975,0.01133333906770255,0.0003145558169414218
1.5924,0.01046187215593784,0.0002995733868956731
1.59504,0.01124420747780244,0.0003126919979083929
1.59769,0.009641555701997779,0.0002782002571142506
1.60033,0.01070800554938957,0.0003026735666130683
1.60297,0.01220236806326304,0.0003381121149315483
1.60562,0.01064362624861265,0.0003011952925946958
1.60826,0.01108365753329634,0.0003046038439797824
1.6109,0.01154975506381798,0.000315176665839256
1.61355,0.01083689463096559,0.0002943256954571815
1.61619,0.008888028995560489,0.0002482834847399486
1.61883,0.01006940198390677,0.0002763064965225215
1.62148,0.008897876803551608,0.0002456220739002872
1.62412,0.01109897634572697,0.0002993683990219898
1.62677,0.00971956902053274,0.0002632891722940876
1.62941,0.01042251297169811,0.000282502290046752
1.63205,0.009376317286348504,0.0002553598884377527
1.6347,0.009473337194783575,0.0002570967721509084
1.63734,0.008322610987791341,0.0002302858261160344
1.63998,0.008459988138179801,0.0002332278169160848
1.64263,0.01018022301609323,0.0002721920575625169
1.64527,0.0101512381381798,0.0002697875582483959
1.64792,0.009868774070477248,0.0002651069879898939
1.65056,0.009853203454495005,0.000264234002695517
1.6532,0.009591304869589347,0.0002570834134197499
1.65585,0.009907721212541623,0.0002656005424068677
1.65849,0.008686501456714761,0.0002341942400181051
1.66113,0.008902340593784685,0.0002407186589515052
1.66378,0.0090239548418424,0.0002441455341434078
1.66642,0.008702589414539401,0.0002364874619851416
1.66907,0.008856342952275253,0.0002413605382999907
1.67171,0.009479524694783576,0.0002526308442578868
1.67435,0.008559800776914539,0.0002323526146736738
1.677,0.008889228496115426,0.0002392721497571976
1.67964,0.009905143659822422,0.0002620251497074897
1.68228,0.007942147266925636,0.0002162845823445214
1.68493,0.008515252150388458,0.0002297852437628462
1.68757,0.009293874514428412,0.0002477269360676209
1.69022,0.009039658226970032,0.0002406719576094777
1.69286,0.00887932803829079,0.0002375581032465594
1.6955,0.00997663984461709,0.0002641003301505743
1.69815,0.009183962264150945,0.0002448796936631599
1.70079,0.009446673487791343,0.0002524745683013205
1.70343,0.008643211847946725,0.0002297906132022253
1.70608,0.008926934933407328,0.0002375884019656624
1.70872,0.008028806603773584,0.0002155716438684189
1.71137,0.008120936945061046,0.0002189602749168364
1.71401,0.008843894700332961,0.0002359940071263474
1.71665,0.009256138318534963,0.000245140252149748
1.7193,0.008039668493340729,0.000217244596678526
1.72194,0.009550965940621534,0.0002506908865501373
1.72458,0.007966938471143173,0.0002147929488051435
1.72723,0.008556584558823532,0.0002273051581159151
1.72987,0.008530793007769146,0.0002271675020111678
1.73251,0.008651759433962264,0.0002312880998825817
1.73516,0.00895476380410655,0.0002346347560599463
1.7378,0.009277914747502775,0.000244021585105825
1.74045,0.00835632290510544,0.0002218636104048177
1.74309,0.007672964692008882,0.0002065530259029024
1.74573,0.009131731340177579,0.0002402967614336536
1.74838,0.007391553620976692,0.0001978580552406368
1.75102,0.008643349195338516,0.0002306291482505098
1.75366,0.008649946448390679,0.0002266039372592219
1.75631,0.007828329772475027,0.0002086699707064345
1.75895,0.008701110640954494,0.0002301970470358073
1.7616,0.008143345172031075,0.000216150755893354
1.76424,0.007921540579911212,0.0002120117638708342
1.76688,0.007856783573806881,0.0002075834100452632
1.76953,0.007763007352941176,0.0002073622092643185
1.77217,0.008831863068812434,0.0002323354777940805
1.77481,0.008429654966703663,0.0002229056215483659
1.77746,0.008203398029966703,0.0002182586459258519
1.7801,0.008057834975027751,0.0002122074473432339
1.78275,0.008395073182574916,0.0002217729076821014
1.78539,0.006657120491120978,0.0001783390902257051
1.78803,0.008215624236958935,0.0002155864653832214
1.79068,0.008019892758046614,0.0002129267614747416
1.79332,0.007957608004994451,0.0002085130053472691
1.79596,0.007311725027746948,0.000197066408596954
1.79861,0.007218511931187571,0.0001912901267186414
1.80125,0.008207758809655939,0.0002159127798837478
1.8039,0.006066190205327413,0.0001655483313978497
1.80654,0.007533763110432852,0.0001995640536215059
1.80918,0.008466612860710323,0.0002232643245945563
1.81183,0.008829608282463932,0.0002299247244691178
1.81447,0.006632894700332967,0.0001788749869222296
1.81711,0.006330235987791342,0.0001710481006845733
1.81976,0.005610425776914541,0.0001531639199387985
1.8224,0.006778313540510544,0.0001834709332341925
1.82504,0.007137882144839069,0.0001905688450205946
1.82769,0.006084203315760267,0.0001667437910626891
1.83033,0.006352664816870144,0.0001719751325969601
1.83298,0.006595259225860158,0.0001775403757615514
1.83562,0.007216859184239736,0.0001936559504944323
1.83826,0.008130461986681466,0.0002160072856585117
1.84091,0.006086339067702555,0.0001672970538317162
1.84355,0.006468114456159821,0.0001758129254692816
1.84619,0.006315619936182019,0.0001723461661767292
1.84884,0.006758947558268587,0.0001810417300759386
1.85148,0.006015474680910102,0.0001654030447113407
1.85413,0.005593657949500556,0.0001552331345024023
1.85677,0.006940445269145396,0.0001860782795245742
1.85941,0.005517169187014427,0.0001530198311944942
1.86206,0.007075755341287462,0.0001888749524092917
1.8647,0.007848316107103218,0.0002091949048079694
1.86734,0.006997201789678137,0.0001884561737420868
1.86999,0.00586708455882353,0.0001603094283049347
1.87263,0.006997272752497225,0.0001903411811564151
1.87528,0.00788968056326304,0.0002092593355146794
1.87792,0.006671672447280799,0.0001812730734491556
1.88056,0.006752073321309656,0.0001829015279656889
1.88321,0.006774243479467258,0.0001825262289107177
1.88585,0.006275017758046615,0.0001728342630048672
1.88849,0.005463676956159821,0.00014998706740129
1.89114,0.006311579633740288,0.0001727495484177653
1.89378,0.006685123335183127,0.0001798785780543363
1.89643,0.006720341495560486,0.0001822682470334791
1.89907,0.007440227247502776,0.0002000670999120944
1.90171,0.006791581298557159,0.0001821948187418162
1.90436,0.007235792522197562,0.0001945267978557041
1.907,0.006071139289678134,0.0001653552187919794
1.90964,0.007798477316870146,0.0002083090217698971
1.91229,0.007047077205882351,0.0001902580387138122
1.91493,0.005746234877913426,0.0001577254952509022
1.91757,0.006151872086570477,0.0001677018710805657
1.92022,0.006349805701997781,0.0001736570772948997
1.92286,0.006675492993895671,0.0001818308001270803
1.92551,0.005821045713096558,0.0001587161168046856
1.92815,0.003389470380133184,9.688624180278105e-05
1.93079,0.007443642619311878,0.0002005908943251886
1.93344,0.005134457547169811,0.0001421377461780464
1.93608,0.006344991675915652,0.0001725866582632689
1.93872,0.005672737999445063,0.0001560025356575062
1.94137,0.006064184933407323,0.0001675579300349895
1.94401,0.008034183754162042,0.0002133362833875267
1.94666,0.006259666897891236,0.0001702758287289844
1.9493,0.006108699223085464,0.0001674959970060295
1.95194,0.007055201304106549,0.0001891162443468399
1.95459,0.005452801331853494,0.0001507297987661445
1.95723,0.007866732103218645,0.0002097752241243534
1.95987,0.005831765677025528,0.0001597327874231256
1.96252,0.007390232796892342,0.000199052104295274
1.96516,0.007075666065482799,0.0001895854206941824
1.96781,0.005826326720310766,0.0001598632801140941
1.97045,0.006580931603773587,0.0001782316793836505
1.97309,0.007405375346836848,0.0001984498650414093
1.97574,0.005703792244728078,0.0001575291248938426
1.97838,0.006492727108768036,0.0001761456234807991
1.98102,0.006393411209766929,0.0001749350466730209
1.98367,0.005044616329078802,0.0001398976063555193
1.98631,0.006276478218645946,0.0001709187097882837
1.98896,0.004802253121531631,0.00013441989120159
1.9916,0.006782211917314098,0.000183154351937413
1.99424,0.005179356409544949,0.0001426062046843334
1.99689,0.005166715871254162,0.0001425132059444851
1.99953,0.005556988485016648,0.0001523184853512353
2.00217,0.005777170088790233,0.0001578703099727399
2.00482,0.005476351831298556,0.0001505087062899213
2.00746,0.004556941523307434,0.0001270602079930782
2.0101,0.00584173023029967,0.0001582074780472859
2.01275,0.006203045435627084,0.0001683320881740195
2.01539,0.004703733837402889,0.0001296496068400667
2.01804,0.007339418840177581,0.0001964068267531747
2.02068,0.005989335183129853,0.0001629356870330183
2.02332,0.004830782463928968,0.0001334783957014149
2.02597,0.00615615503607103,0.000166872715642481
2.02861,0.006279543354605992,0.0001684188288582572
2.03125,0.004796383809655942,0.0001330713443790252
2.0339,0.00600156596836848,0.0001624944917370295
2.03654,0.005705687638734741,0.0001563519125716853
2.03919,0.006552306118201998,0.0001758582702651562
2.04183,0.005225905729744728,0.0001428379579323016
2.04447,0.00495132998057714,0.00013680797232798
2.04712,0.005773530382907879,0.0001566478149491168
2.04976,0.006179950471698112,0.0001669825379504573
2.0524,0.004269938124306324,0.0001195130723556078
2.05505,0.005937440760266372,0.0001608230841994935
2.05769,0.005022150874028857,0.0001386893522033301
2.06034,0.005237374236958935,0.0001424533428358898
2.06298,0.004445120144284131,0.000123956700187072
2.06562,0.003550036348501664,9.989699318280533e-05
2.06827,0.004427228357380685,0.0001227351713176924
2.07091,0.006182603565482794,0.0001673225866691974
2.07355,0.004145274764150944,0.0001152939405910773
2.0762,0.005590430285793564,0.000152471543932757
2.07884,0.005326899556048832,0.0001451396566631337
2.08149,0.005683911209766929,0.0001542817949449424
2.08413,0.005963369658712542,0.0001623408441260843
2.08677,0.005184278024417312,0.0001410135110515632
2.08942,0.006584287458379578,0.0001779752597360068
2.09206,0.004936727663706991,0.0001361275462793964
2.0947,0.004891682297447278,0.0001351828551158929
2.09735,0.004876420713096559,0.0001346714525671393
2.09999,0.004725366051609319,0.0001308548314043549
2.10263,0.005161189927857935,0.000143310177207023
2.10528,0.004024436528856829,0.0001115677994201623
2.10792,0.00514358657047725,0.0001421890994587065
2.11057,0.005233276706437291,0.0001448580870129277
2.11321,0.00624651130688124,0.0001737002387219043
2.11585,0.005230037597114319,0.0001504415545964263
2.1185,0.004955690760266372,0.0001413863964788473
2.12114,0.00419069554661487,0.0001242867174997112
2.12378,0.002895527955049947,8.641255848770385e-05
2.12643,0.004168571170921198,0.0001232219995971057
2.12907,0.002894683268590456,8.910655008276777e-05
2.13172,0.005965647336293009,0.0001731558177628142
2.13436,0.003445260890677023,0.0001057284352272694
2.137,0.005404210113762486,0.0001592883133784024
2.13965,0.003339972669256382,0.000103251275260778
2.14229,0.004628989386792456,0.0001394338667157517
2.14493,0.004238847253052161,0.0001298094634320174
2.14758,0.003952081922863483,0.0001225430565608928
2.15022,0.003979098154827967,0.0001218556347021626
2.15287,0.004191860710321866,0.0001298154996512109
2.15551,0.004997265815760264,0.000151781040858982
2.15815,0.00554722995283019,0.000167959037755281
2.1608,0.004928827899556049,0.0001509625584900179
2.16344,0.005172901082130965,0.0001567664041038364
2.16608,0.004283601900665926,0.0001320920779461162
2.16873,0.003402994519977805,0.000105185363432192
2.17137,0.00362232228079911,0.0001100950788153743
2.17402,0.005015990843507213,0.0001474737389291714
2.17666,0.006125572350166482,0.0001772148023622138
2.1793,0.004395196656492785,0.0001300919978649672
2.18195,0.00469814379855716,0.0001377152300553683
2.18459,0.004965149417314096,0.0001446001141370176
2.18723,0.004734701096004439,0.0001385372215158265
2.18988,0.005025696725860158,0.0001456454091441602
2.19252,0.00444170477247503,0.0001296261825251156
2.19516,0.004502874722530523,0.0001308692259870908
2.19781,0.005109613693118758,0.0001479035177890169
2.20045,0.004668607241953385,0.0001350509259177029
2.2031,0.005085747294672588,0.000146583930642782
2.20574,0.00415025131798002,0.0001211514972103825
2.20838,0.00348186168146504,0.0001031490303277467
2.21103,0.004418172586015539,0.0001287573249814095
2.21367,0.004867843368479468,0.0001410547792006718
2.21631,0.005596951997780241,0.0001599098209906658
2.21896,0.003487371600998889,0.0001026030761558228
2.2216,0.005037483421198669,0.0001436274033413067
2.22425,0.004142269145394011,0.0001208099992806746
2.22689,0.005571192494450611,0.0001583208214986385
2.22953,0.003908629786348505,0.0001135991187386225
2.23218,0.005428083379578247,0.0001558169770981153
2.23482,0.003757094408990013,0.0001099865691604777
2.23746,0.003929799597669254,0.0001161880785549316
2.24011,0.0047011471281909,0.0001355374641456444
2.24275,0.004516691870144282,0.0001319444091063498
2.2454,0.004357048418423976,0.0001267161783294107
2.24804,0.004813254647613763,0.0001395624266975353
2.25068,0.004893742508324081,0.0001416060544692545
2.25333,0.003409346836847948,0.0001007356320637175
2.25597,0.003533611889567149,0.000104847052980097
2.25861,0.004528629647613764,0.000131696433546009
2.26126,0.004158933962264152,0.0001220794620293228
2.2639,0.003855583934517204,0.0001132691617040738
2.26655,0.003337614872364038,9.940054745281349e-05
2.26919,0.004561634225860156,0.0001343406894352183
2.27183,0.003611817494450609,0.0001064154247783703
2.27448,0.003840787042175362,0.0001129995917855805
2.27712,0.004597369728079909,0.0001330840539044974
2.27976,0.005280494450610433,0.0001537829077029959
2.28241,0.004938110294117647,0.0001435330612231682
2.28505,0.003407543007769145,0.0001010656474661745
2.28769,0.004677576026637075,0.0001356303414727365
2.29034,0.004065324847391788,0.0001180963230790497
2.29298,0.00459323786071032,0.0001339958504934902
2.29563,0.003550235502219754,0.0001046954318499942
2.29827,0.004722072003329634,0.0001367904317914596
2.30091,0.005038959905660379,0.0001475998028647064
2.30356,0.00410232394561598,0.0001191124817156389
2.3062,0.002414370283018868,7.358193913758431e-05
2.30884,0.003028546614872363,9.040389125851632e-05
2.31149,0.004770885266370697,0.000139599896591232
2.31413,0.003563290371809102,0.000105860924508458
2.31678,0.004279726415094341,0.000125774771684879
2.31942,0.005003281631520532,0.0001453242980740587
2.32206,0.003298642549944505,9.739725465785531e-05
2.32471,0.004094016717536072,0.0001209111517208576
2.32735,0.003427121878468368,0.0001025320320548535
2.32999,0.00436336182019978,0.0001276456118482189
2.33264,0.003496672308546059,0.0001057416262972691
2.33528,0.003804921059933406,0.0001110103843062715
2.33793,0.005063945685349612,0.0001472031997297929
2.34057,0.004311082824639292,0.0001259099169136143
2.34321,0.003389882422308546,0.0001010428333883379
2.34586,0.003450715871254159,0.0001040205703918206
2.3485,0.00409045942008879,0.0001202504712499057
2.35114,0.0047866756381798,0.0001390248062536809
2.35379,0.003468603079911208,0.0001026945518616751
2.35643,0.003791978357380689,0.0001116275112758283
2.35908,0.004917050360710321,0.0001436436713159405
2.36172,0.003157094617092121,9.45649774093141e-05
2.36436,0.0026769327136515,8.085495470587963e-05
2.36701,0.00324368756936737,9.631832633787153e-05
2.36965,0.002798475998890122,8.410962449304394e-05
2.37229,0.005155641093229746,0.0001489340598971705
2.37494,0.004585420504994451,0.000133679796621013
2.37758,0.004156255688124303,0.0001237446437369531
2.38022,0.003568459211986682,0.000104949993122556
2.38287,0.004357034683684798,0.0001290609263206738
2.38551,0.002830919741953383,8.43026237711148e-05
2.38816,0.004168552857935631,0.0001229820940399594
2.3908,0.004087160793562706,0.0001208460892461366
2.39344,0.004248271573251944,0.0001249147378492144
2.39609,0.002874465732519423,8.691429432533907e-05
2.39873,0.004577820615982242,0.0001328740166544706
2.40137,0.004212259087125418,0.0001239464327380898
2.40402,0.00338936279134295,9.970684662427187e-05
2.40666,0.003792159198113208,0.0001121816883681541
2.40931,0.003487616537180909,0.0001040703237436367
2.41195,0.004509387278024418,0.0001308922214524995
2.41459,0.003954652608213098,0.000117196849187443
2.41724,0.003446501595449497,0.0001020030485278644
2.41988,0.003227073113207548,9.665933123618736e-05
2.42252,0.002987797932852386,9.014502417671869e-05
2.42517,0.002808262000554943,8.40329733353079e-05
2.42781,0.00478273834628191,0.0001397506396748271
2.43046,0.003303493201997781,9.832350793942082e-05
2.4331,0.003817490635405108,0.0001130499688814086
2.43574,0.004651576165371813,0.0001354552260230897
2.43839,0.005139972044950058,0.0001491703844290289
2.44103,0.003143048557158713,9.423289170383535e-05
2.44367,0.004300838998335185,0.0001258558510751672
2.44632,0.003046733698668145,9.163682980605956e-05
2.44896,0.003911035654827971,0.0001152379144038938
2.45161,0.004329849056603777,0.0001266517301195785
2.45425,0.003001592189234184,9.072285175673151e-05
2.45689,0.003345935835183129,9.91558978224953e-05
2.45954,0.004532674528301889,0.0001331850505497781
2.46218,0.004041458448945615,0.0001194160495545751
2.46482,0.004453548695893452,0.0001293782645690908
2.46747,0.003333009156492787,9.92186147657586e-05
2.47011,0.003253839830743617,9.809270086361867e-05
2.47275,0.003333414331298558,0.0001005677772698611
2.4754,0.001943918840177577,5.930916454103981e-05
2.47804,0.004314637832963376,0.0001267237237116069
2.48069,0.004005812222530519,0.000118485781841646
2.48333,0.00546071940899001,0.0001583712865249235
2.48597,0.002794884364594896,8.496649739510492e-05
2.48862,0.003486025596559378,0.0001036753397700674
2.49126,0.004068541065482796,0.0001211440521455914
2.4939,0.004140792660932297,0.0001215376290443993
2.49655,0.003735583518312986,0.000111516578841939
2.49919,0.003293556118201997,9.851269917964313e-05
2.50184,0.002587734739178691,7.851333006246012e-05
2.50448,0.002594265607658157,7.907896206861271e-05
2.50712,0.004311474264705881,0.0001276313532175024
2.50977,0.003362163429522755,0.0001005095808532954
2.51241,0.002938368895671475,8.84328086355592e-05
2.51505,0.004600210529966707,0.0001352161112525773
2.5177,0.002667036834073253,8.155778559575108e-05
2.52034,0.0023708448945616,7.216084184294891e-05
2.52299,0.003191390260821311,9.642386300266069e-05
2.52563,0.004180149556048836,0.0001236046046890528
2.52827,0.002566271920088791,7.837526066476121e-05
2.53092,0.002579306187569367,7.84863315984536e-05
2.53356,0.003535633185349612,0.0001051107932452321
2.5362,0.003056366329078801,9.270863785358455e-05
2.53885,0.003328220310765816,9.993535083485241e-05
2.54149,0.003093576026637068,9.344498840174853e-05
2.54414,0.003456685904550497,0.0001039515622650856
2.54678,0.00315413020255272,9.532193169082608e-05
2.54942,0.001817767549944506,5.631426888236225e-05
2.55207,0.004129063193673696,0.0001222894131804161
2.55471,0.002835896295782464,8.60028504806297e-05
2.55735,0.005039648931742509,0.0001473213864820294
2.56,0.002725095865704772,8.349189232452889e-05
2.56264,0.003809943396226416,0.0001147960477968555
2.56529,0.003983829772475028,0.0001175639743116561
2.56793,0.004058059170366264,0.0001207937435690404
2.57057,0.003729881312430633,0.0001110604344959183
2.57322,0.003626172586015538,0.0001088990855133226
2.57586,0.002699208171476139,8.200728190955491e-05
2.5785,0.003936309864039956,0.0001169834786617193
2.58115,0.003625685002774695,0.000109669836660923
2.58379,0.00245209274417314,7.527247657737924e-05
2.58643,0.001765236750832408,5.489140267384303e-05
2.58908,0.004282189511653718,0.0001267228316082552
2.59172,0.002778393521087683,8.46471630939644e-05
2.59437,0.003991175568812433,0.0001194526066793046
2.59701,0.00291216530244173,8.819955183224818e-05
2.59965,0.002073826581576027,6.397114020760909e-05
2.6023,0.003785900735294117,0.0001132798343517252
2.60494,0.005483514497780241,0.0001598531500343004
2.60758,0.005004613901220865,0.0001483455210582999
2.61023,0.003047891995005551,9.272727093204092e-05
2.61287,0.004231641093229743,0.0001260736937560989
2.61552,0.002555194852941177,7.877226703241414e-05
2.61816,0.003624755618756939,0.0001088928366492241
2.6208,0.003702649902885682,0.000110823684031102
2.62345,0.003470949431187571,0.0001048985388466639
2.62609,0.003732598501664821,0.0001124519806989004
2.62873,0.002023193465593784,6.294225669549591e-05
2.63138,0.004052567563817981,0.0001210042868584822
2.63402,0.002537824986126527,7.806013060716742e-05
2.63667,0.003526707894006661,0.0001065496029706848
2.63931,0.002033631867369588,6.372371067757435e-05
2.64195,0.003110801678690341,9.470406503711527e-05
2.6446,0.003332315552164263,0.0001002107185459402
2.64724,0.004190697835738071,0.0001244464144479245
2.64988,0.003387948113207548,0.0001031835466378687
2.65253,0.003627115704772475,0.0001099828314700444
2.65517,0.002157977039400663,6.695268223849815e-05
2.65782,0.003357942286348502,0.0001017140260175966
2.66046,0.004725393521087682,0.0001398065953431291
2.6631,0.003182078107658156,9.664624724283053e-05
2.66575,0.003512057505549388,0.0001054249343965713
2.66839,0.003313542452830188,0.0001012810037391046
2.67103,0.003750016440066594,0.0001154210517908995
2.67368,0.004715927996670363,0.0001447602609277886
2.67632,0.003139157047724749,0.0001007899439304198
2.67896,0.003836989386792455,0.0001207963463659876
2.68161,0.003415014705882351,0.000110935916532297
2.68425,0.003028770948945615,0.0001000495984319875
2.6869,0.003202778648723642,0.000105120789046066
2.68954,0.003746257699778026,0.000122250142772999
2.69218,0.003137227316870141,0.000103780810432801
2.69483,0.003422964830743621,0.0001145830333304166
2.69747,0.003400902261376249,0.0001139055561609838
2.70011,0.002962841911764706,9.877759818124081e-05
2.70276,0.003699106340177582,0.0001251754558447761
2.7054,0.002890707061598223,9.840043932983094e-05
2.70805,0.002508176262486125,8.711996632214598e-05
2.71069,0.004222409059378468,0.0001406404047107886
2.71333,0.003775526428967815,0.0001286742977530546
2.71598,0.004231231340177583,0.0001445515704589489
2.71862,0.005290637555493896,0.0001780793266730689
2.72126,0.003793058823529412,0.00013142863048147
2.72391,0.002962113970588233,0.0001038754713237837
2.72655,0.004240623612652605,0.0001429515478033325
2.7292,0.00396978371254162,0.0001326969605352301
2.73184,0.003438970380133184,0.0001145259199747845
2.73448,0.00226086168146504,7.668392085594854e-05
2.73713,0.002817915233074363,9.290190972065028e-05
2.73977,0.003713601068257489,0.0001218582425766631
2.74241,0.003880203454495005,0.0001255686169257912
2.74506,0.003097520185904548,0.0001006232646344908
2.7477,0.002957451026637071,9.695207299678589e-05
2.75035,0.00409639740566038,0.0001297463315193721
2.75299,0.002699324916759157,8.868207126027722e-05
2.75563,0.003426741884017759,0.0001090992842026555
2.75828,0.002118111958934517,6.925857309493427e-05
2.76092,0.003367437569367369,0.0001088577947545809
2.76356,0.00393523168701443,0.0001241465675355238
2.76621,0.002478802233629303,8.039970497177062e-05
2.76885,0.003457677094894562,0.0001105808060782333
2.77149,0.003670020740843508,0.0001163338034203321
2.77414,0.003316300846281908,0.000105959727118812
2.77678,0.001550640607658159,5.08877831273453e-05
2.77943,0.003181569922308549,0.0001010795120496584
2.78207,0.004163905937846836,0.0001306159773654809
2.78471,0.003397864594894563,0.0001086308641390149
2.78736,0.003577123543285239,0.0001133137377305644
2.79,0.003428271018312986,0.0001078911480051152
2.79264,0.003554632907880132,0.0001124492119225636
2.79529,0.004995049944506104,0.0001535591544449201
2.79793,0.00246873009156493,7.93253850473995e-05
2.80058,0.00227665892064373,7.285932619379421e-05
2.80322,0.003747576234739178,0.0001182351826890083
2.80586,0.004495641093229747,0.0001398167835340897
2.80851,0.002171178412874581,6.996107570349868e-05
2.81115,0.002482874583795786,7.920598823591236e-05
2.81379,0.003058449431187569,9.674136654431128e-05
2.81644,0.00309103052164262,9.836808637449929e-05
2.81908,0.004296407255826861,0.0001328252708489191
2.82173,0.003934213027192011,0.0001224007339163063
2.82437,0.001992118618202,6.402969127347326e-05
2.82701,0.002786535932297451,8.819490926272203e-05
2.82966,0.00244259288290788,7.846797274819275e-05
2.8323,0.0032843378190899,0.0001025102933508862
2.83494,0.002727451373473919,8.650047479645695e-05
2.83759,0.001674699639289679,5.378944604789031e-05
2.84023,0.002279350929522752,7.293374689537265e-05
2.84288,0.003882522336293009,0.0001213505586884422
2.84552,0.003458304314650387,0.0001067552028341694
2.84816,0.003845738415649281,0.0001203918294343459
2.85081,0.003956367161487237,0.0001226318523439702
2.85345,0.001249501872918981,4.077802929482132e-05
2.85609,0.002998826928412873,9.437182856987388e-05
2.85874,0.003101796268035519,9.745993691993414e-05
2.86138,0.002750374653163151,8.76875095069044e-05
2.86402,0.004352328246392895,0.0001340948497367601
2.86667,0.005129300152608215,0.000155685966415465
2.86931,0.003045978288013317,9.590642607651566e-05
2.87196,0.003609061390122085,0.0001117582077805879
2.8746,0.002885565690899002,9.20246267068769e-05
2.87724,0.00314054883462819,9.901009827917624e-05
2.87989,0.002876489317425083,9.118336720090098e-05
2.88253,0.002334665302441733,7.470188806601459e-05
2.88517,0.00257279592119867,8.247377521328021e-05
2.88782,0.003643196795227524,0.0001142555446678291
2.89046,0.002146913706992232,6.822508889492528e-05
2.89311,0.003105994519977803,9.841915272762874e-05
2.89575,0.003905065621531633,0.0001215139877352813
2.89839,0.002080506243063263,6.629721872998182e-05
2.90104,0.002281152469478357,7.327078984410472e-05
2.90368,0.00346365399556049,0.0001073489576749681
2.90632,0.003760940135960043,0.0001168983540995058
2.90897,0.003735453038290786,0.0001168638471258107
2.91161,0.001170955188679247,3.833134740277559e-05
2.91426,0.003395449569922306,0.0001056784722401116
2.9169,0.002960278093784682,9.40283094753416e-05
2.91954,0.003003590593784687,9.503259896381935e-05
2.92219,0.001998086362375141,6.339752544714088e-05
2.92483,0.002611649209211988,8.289750139179038e-05
2.92747,0.002903393382352943,9.135633320703955e-05
2.93012,0.003516042869034404,0.0001106672955604127
2.93276,0.002789099750277471,8.817037159547098e-05
2.93541,0.003372338582130964,0.0001045360776336029
2.93805,0.003153489248057713,9.862667561590389e-05
2.94069,0.002310972877358491,7.338349544836994e-05
2.94334,0.003300276983906773,0.0001040870135641828
2.94598,0.002990711986681468,9.30269400037142e-05
2.94862,0.003776343645948947,0.0001176475595675926
2.95127,0.002884498959489456,9.135860038442546e-05
2.95391,0.002981161764705884,9.368969945674075e-05
2.95655,0.003145154550499445,9.839405426400989e-05
2.9592,0.002221591773029967,7.001982415176347e-05
2.96184,0.002441420851831297,7.794899889046998e-05
2.96449,0.003650579217536071,0.0001146562694537505
2.96713,0.003927164816870142,0.000121321711646958
2.96977,0.003169078177025526,9.975710153515961e-05
2.97242,0.004653956853496117,0.000141786146997598
2.97506,0.002756269145394007,8.807080462187046e-05
2.9777,0.003051957477802443,9.590159068263497e-05
2.98035,0.003825337749722528,0.000118192120252451
2.98299,0.004136379231409549,0.0001281557645056976
2.98564,0.003481934933407328,0.0001082017567240189
2.98828,0.001754983768035517,5.67218164490942e-05
2.99092,0.00417922932852386,0.0001279264589766602
2.99357,0.004293193326859047,0.0001319855811107024
2.99621,0.004071212472253054,0.0001262114035114952
2.99885,0.003125825194228637,9.818061879117891e-05
3.0015,0.0030900118618202,9.708745805791336e-05
3.00414,0.001942870421753607,6.258496550054081e-05
3.00679,0.003623931534406217,0.0001124864100081933
3.00943,0.003260878884572698,0.0001024841814738548
3.01207,0.002612020047169813,8.216881002278336e-05
3.01472,0.004207264220310766,0.0001299746003043936
3.01736,0.003665179245283016,0.000114202606149922
3.02,0.001965514428412874,6.307411439349213e-05
3.02265,0.004134019145394004,0.0001270975306876833
3.02529,0.003115528718091008,9.735674597214614e-05
3.02794,0.003894808060488344,0.0001206667263906267
3.03058,0.002352859253607105,7.459179316541788e-05
3.03322,0.00210507082408435,6.75592131930862e-05
3.03587,0.003030835738068812,9.517671246504695e-05
3.03851,0.003012621184794671,9.367074146339103e-05
3.04115,0.003169016370699222,9.909118691024124e-05
3.0438,0.002861651220865705,8.977471073276658e-05
3.04644,0.005170428829078804,0.0001547479582921989
3.04908,0.003084295921198666,9.691067896158295e-05
3.05173,0.001819367647058825,5.824934956383411e-05
3.05437,0.002676989941731411,8.44445043841196e-05
3.05702,0.003969046614872367,0.0001214120430102817
3.05966,0.003255719200887901,9.996294209233793e-05
3.0623,0.002736784128745841,8.60767037976203e-05
3.06495,0.002882134295227527,8.982742543683845e-05
3.06759,0.003023375485571586,9.409489674483697e-05
3.07023,0.00461055049944506,0.000139670284839592
3.07288,0.004389222044950054,0.0001335633283802683
3.07552,0.002922592258601553,9.18251791371503e-05
3.07817,0.004049040024972251,0.0001244988312315579
3.08081,0.002552383809655936,7.999126693533489e-05
3.08345,0.00195708129855716,6.232170491431246e-05
3.0861,0.003068608559933407,9.528846797654333e-05
3.08874,0.002600638526637068,8.155945711377996e-05
3.09138,0.002813549875138737,8.807459208042627e-05
3.09403,0.002684475374583794,8.421780202033039e-05
3.09667,0.003076112305771365,9.650520847670404e-05
3.09932,0.00311707616537181,9.614717298729175e-05
3.10196,0.002582806256936737,8.108666389565579e-05
3.1046,0.003263534267480577,0.0001009104111522264
3.10725,0.001850476831298559,5.894022350523123e-05
3.10989,0.004002975998890126,0.000122840969898676
3.11253,0.002962654203662597,9.216887648189866e-05
3.11518,0.002814550221975581,8.808748691759045e-05
3.11782,0.003073733906770254,9.528372795326498e-05
3.12047,0.003668395463374028,0.0001125117249286807
3.12311,0.001925338027192009,6.145479630496271e-05
3.12575,0.003044394214761377,9.42956603843948e-05
3.1284,0.00301814254994451,9.424772645897221e-05
3.13104,0.00457536667591565,0.0001384917658271058
3.13368,0.00415176213928968,0.0001277210454358588
3.13633,0.003154224056603773,9.766823638216478e-05
3.13897,0.001424885335738071,4.563749310593302e-05
3.14161,0.001898161556603771,6.085456015639381e-05
3.14426,0.002243333865149833,7.16152600901889e-05
3.1469,0.003691417175360711,0.0001136625663289089
3.14955,0.002765489733629302,8.66461005789016e-05
3.15219,0.002788090246947836,8.701481442576041e-05
3.15483,0.002213529481132073,6.987844150026489e-05
3.15748,0.002585422724750278,8.123113570726043e-05
3.16012,0.002600771295782464,8.173943396903474e-05
3.16276,0.003027170851831301,9.468697642267101e-05
3.16541,0.001535429384017758,4.954136324055813e-05
3.16805,0.00190202559655938,6.052461602093737e-05
3.1707,0.005211797863485016,0.0001561143051743436
3.17334,0.002837743618201999,8.825751435787901e-05
3.17598,0.002592690690899004,8.165500454087271e-05
3.17863,0.002125107519422864,6.724455787998427e-05
3.18127,0.00320766592674806,9.937959021367622e-05
3.18391,0.003620035446725859,0.0001112705315004653
3.18656,0.001372448390677025,4.398049642592456e-05
3.1892,0.003694729536625972,0.0001143283189573867
3.19185,0.002241651359600446,7.077659610097449e-05
3.19449,0.002248477524972254,7.102362268226265e-05
3.19713,0.004400230438401777,0.0001336164333003249
3.19978,0.002625228288013321,8.188414789159458e-05
3.20242,0.004928859947280801,0.0001474718832498672
3.20506,0.002945984808546057,9.122163998563167e-05
3.20771,0.002542879370144287,7.932343671106319e-05
3.21035,0.002806824431187568,8.720754416957658e-05
3.213,0.004029023931742509,0.0001222267363903966
3.21564,0.002373150041620423,7.343447854722041e-05
3.21828,0.002519882838512765,7.849061709268758e-05
3.22093,0.003282735432852384,0.0001007983336952087
3.22357,0.003964997155937845,0.0001205255401144275
3.22621,0.002327992508324088,7.258363294991044e-05
3.22886,0.001646282463928967,5.19899939458917e-05
3.2315,0.003515053967813541,0.0001103353486347935
3.23414,0.003742162458379578,0.0001190405271482858
3.23679,0.002794451720310767,9.116768382761483e-05
3.23943,0.002165009225860153,7.215433327547987e-05
3.24208,0.002908683546059935,9.706632270342349e-05
3.24472,0.002936095796337405,9.901424431521008e-05
3.24736,0.002621133046614873,8.8531117495346e-05
3.25001,0.002871157949500556,9.804409936051508e-05
3.25265,0.003063787666481687,0.0001056758247604448
3.25529,0.00288784336847947,0.000101021198464316
3.25794,0.002052336293007768,7.240381495499519e-05
3.26058,0.003391990704772475,0.0001173540629770856
3.26323,0.003280576789678135,0.0001140894537271802
3.26587,0.004856880757491675,0.0001657007991950094
3.26851,0.001746083657047723,6.400973645124168e-05
3.27116,0.002815811528856827,0.0001005252794704179
3.2738,0.002800554522752496,0.0001004397883404491
3.27644,0.001510670227524971,5.614807590597057e-05
3.27909,0.002818487513873471,0.0001027881840796247
3.28173,0.003179367785793563,0.0001143016290010612
3.28438,0.003720956021087682,0.000135198922005329
3.28702,0.003647575887902331,0.0001280978303326539
3.28966,0.00398904668423973,0.0001377813212411962
3.29231,0.002536920782463929,8.871391729617885e-05
3.29495,0.00369169644839068,0.0001251892422379874
3.29759,0.002933744866814652,0.0001004471923488887
3.30024,0.002225455812985571,7.677563689020794e-05
3.30288,0.002850993063263044,9.706005727896808e-05
3.30553,0.003814210321864595,0.0001268258156623022
3.30817,0.003854430216426193,0.000127741840749245
3.31081,0.002070099889012208,7.119683126220694e-05
3.31346,0.002998222599889013,0.0001013086945968174
3.3161,0.001252734114872366,4.347867993856044e-05
3.31874,0.003416994797447283,0.0001140988687888864
3.32139,0.003600161279134297,0.0001189225842499415
3.32403,0.003308515538290788,0.0001103991646253147
3.32667,0.003481364941731409,0.00011448109521654
3.32932,0.002872059864039957,9.572300031541838e-05
3.33196,0.004603241329078801,0.0001494520746599027
3.33461,0.003953643104883463,0.0001295967971973839
3.33725,0.003292235294117649,0.0001088580703627756
3.33989,0.004303258601553832,0.0001393972978571028
3.34254,0.001452766856270808,4.915649830498293e-05
3.34518,0.003492892966148724,0.0001145377536788031
3.34782,0.004199449153718094,0.0001352012429723218
3.35047,0.002424131104328526,8.037790798386952e-05
3.35311,0.003915783296337402,0.0001261914735285604
3.35576,0.002488194506104329,8.277021377896749e-05
3.3584,0.003034491467813544,9.937057856915774e-05
3.36104,0.002651679106548279,8.731612005096068e-05
3.36369,0.002711656423418426,8.997801813701472e-05
3.36633,0.003423324223085461,0.0001110452787393351
3.36897,0.003286153093784687,0.0001073234057938246
3.37162,0.004493052094894564,0.0001414219478136334
3.37426,0.003108528579356271,0.0001018450817627994
3.37691,0.001750957200332964,5.896348627249648e-05
3.37955,0.002294111195893452,7.570046879464938e-05
3.38219,0.003003911071032189,9.764985279899913e-05
3.38484,0.003410372364039953,0.0001101081204521827
3.38748,0.002924872225305218,9.557076194673717e-05
3.39012,0.003786862167036626,0.0001225155515651686
3.39277,0.002013643243618201,6.691097701101508e-05
3.39541,0.002274861958934514,7.49098847355853e-05
3.39806,0.00352233566870144,0.0001141777734226234
3.4007,0.003134180493895668,0.0001021725051258079
3.40334,0.003767999791897892,0.0001213696919860672
3.40599,0.002772865288568258,9.089092150429779e-05
3.40863,0.001714525804661486,5.693756091096109e-05
3.41127,0.00228757803829079,7.553822106330977e-05
3.41392,0.002219199639289677,7.329795045322875e-05
3.41656,0.002589481340177579,8.498255360626834e-05
3.41921,0.003372553759711432,0.0001090216093620601
3.42185,0.001856121809101001,6.155495935964538e-05
3.42449,0.00195890572974473,6.534130273032527e-05
3.42714,0.002698356617647061,8.757551313923412e-05
3.42978,0.003706145394006658,0.0001188961660662128
3.43242,0.00419930264983352,0.0001337883948926931
3.43507,0.00316377885682575,0.0001027229130922021
3.43771,0.003100974472807989,0.0001006782616178401
3.44035,0.002945064581021089,9.536527109406906e-05
3.443,0.00317164886237514,0.0001027113142782265
3.44564,0.002714117230854609,8.872492208566271e-05
3.44829,0.003126939997225305,0.0001002273651620948
3.45093,0.003045648654273032,9.833604821930419e-05
3.45357,0.002692935973917867,8.742621924111167e-05
3.45622,0.002352403718091011,7.697809644174403e-05
3.45886,0.003834496531631523,0.00012253294568142
3.4615,0.002542190344062153,8.208801302135864e-05
3.46415,0.001513018867924526,5.014552154374015e-05
3.46679,0.001478734669811317,4.910057731012869e-05
3.46944,0.002390936528856824,7.809520394391143e-05
3.47208,0.00169779918146504,5.615009456605468e-05
3.47472,0.00362925832408435,0.0001154237545769646
3.47737,0.00292717737236404,9.387542109243815e-05
3.48001,0.002150482450055497,6.97327935446629e-05
3.48265,0.002595247641509437,8.33561493779944e-05
3.4853,0.0009137790649278601,3.046084528221621e-05
3.48794,0.001166200679800221,3.894423285518804e-05
3.49059,0.003379684378468368,0.0001078421664511623
3.49323,0.002625535030521645,8.384649912530617e-05
3.49587,0.001935201859045504,6.24824275004793e-05
3.49852,0.001327929522752496,4.404123796425419e-05
3.50116,0.003397109184239736,0.0001081124389531252
3.5038,0.002515116884017759,8.118069095961516e-05
3.50645,0.002382947488901219,7.698153386895969e-05
3.50909,0.003725234392341841,0.0001173017978341751
3.51174,0.00246094478357381,7.921243295319394e-05
3.51438,0.004203949569922307,0.0001319842007364124
3.51702,0.00400483247780244,0.0001249126063226308
3.51967,0.001713115704772478,5.637027676303074e-05
3.52231,0.002342919880688125,7.571220305596424e-05
3.52495,0.002660647891231967,8.613664488309262e-05
3.5276,0.00217577726137625,7.026299547699937e-05
3.53024,0.002455862930077692,7.890104796853001e-05
3.53288,0.002348718229744728,7.583957973347716e-05
3.53553,0.002824885613207548,9.083445844115912e-05
3.53817,0.003081372710876805,9.856493126381479e-05
3.54082,0.003683746323529411,0.0001155874143270404
3.54346,0.003318367924528302,0.00010519283662171
3.5461,0.002564445199778027,8.330318744753961e-05
3.54875,0.001275291134850163,4.216724169784757e-05
3.55139,0.002076720033296336,6.736121996670083e-05
3.55403,0.001213452760821308,4.024607792237341e-05
3.55668,0.002514157741398447,8.054052999510405e-05
3.55932,0.003775732450055495,0.0001189296604518308
3.56197,0.002778011237513873,8.881187207930645e-05
3.56461,0.001897548071587127,6.164107306034217e-05
3.56725,0.003652126664816873,0.000115338734970805
3.5699,0.002925146920088789,9.382777817242585e-05
3.57254,0.001391416065482796,4.546249744507712e-05
3.57518,0.001639971351276359,5.354496041193035e-05
3.57783,0.002888614802996668,9.25114231977306e-05
3.58047,0.002392651082130967,7.736563687480359e-05
3.58312,0.0027252698390677,8.741667624741922e-05
3.58576,0.002821538915094342,8.996650097684457e-05
3.5884,0.001314702968923416,4.339883963204138e-05
3.59105,0.002950565344062155,9.411309925496775e-05
3.59369,0.002323698113207546,7.508022112551988e-05
3.59633,0.002210033990011096,7.12035763028076e-05
3.59898,0.002321768382352942,7.471053734734969e-05
3.60162,0.002120080604883464,6.911713388540638e-05
3.60427,0.002832366467813542,9.10045010164807e-05
3.60691,0.003599357796892341,0.0001130210480962722
3.60955,0.00196290024972253,6.382538232886442e-05
3.6122,0.002908491259711431,9.307500865519558e-05
3.61484,0.002854760960044395,9.190884134927511e-05
3.61748,0.004077958518312988,0.0001267321219457918
3.62013,0.003897756451165375,0.0001218152522089985
3.62277,0.003781354536625973,0.0001187633363771451
3.62541,0.002376721073806881,7.642177115893343e-05
3.62806,0.002472562083795783,8.007648483839478e-05
3.6307,0.00193519728079911,6.302315655536468e-05
3.63335,0.0045981503190899,0.0001428938838323505
3.63599,0.003222867993895673,0.000102371291502105
3.63863,0.001932278648723639,6.290377387689704e-05
3.64128,0.003408859253607105,0.0001078427037261421
3.64392,0.002436668632075476,7.854491392871501e-05
3.64656,0.003778312291897894,0.0001184151679765567
3.64921,0.002182163915094339,7.112521625898748e-05
3.65185,0.00383785467536071,0.0001204899007584331
3.6545,0.00249160987791343,8.000524988954024e-05
3.65714,0.002656355785238627,8.511462113112445e-05
3.65978,0.002025908365704771,6.592029793047575e-05
3.66243,0.003805195754716981,0.0001193933864593096
3.66507,0.001303767827413986,4.298748051356247e-05
3.66771,0.002232849680910099,7.221040203708543e-05
3.67036,0.003381039539400667,0.0001065221280941426
3.673,0.002673544811320753,8.554198494503146e-05
3.67565,0.003104401290233071,9.805041274433997e-05
3.67829,0.001712238970588234,5.565761896091202e-05
3.68093,0.003004643590455051,9.595715715220515e-05
3.68358,0.002813952760821312,8.892492248270514e-05
3.68622,0.002522709905660376,8.114910760513512e-05
3.68886,0.002687684725305218,8.51305310760846e-05
3.69151,0.000123241814650392,4.146897061881937e-06
3.69415,0.002097807436182018,6.726637833377342e-05
3.6968,0.003935369034406215,0.0001211129126488263
3.69944,0.003580213859600445,0.0001123619860483123
3.70208,0.003033761237513873,9.513069314332894e-05
3.70473,0.002679855923973361,8.503815581842898e-05
3.70737,0.002383826512208656,7.535723577054696e-05
3.71001,0.002548403024417314,8.032346113019342e-05
3.71266,0.003166333518312987,9.899304207750904e-05
3.7153,0.002800712472253055,8.902394457941872e-05
3.71794,0.002269429869589347,7.247393043325375e-05
3.72059,0.003623077691453938,0.0001127266392843113
3.72323,0.002296027192008878,7.301829485615139e-05
3.72588,0.00306612715038846,9.654254719328664e-05
3.72852,0.001608809517203105,5.191965846438722e-05
3.73116,0.00247034850166482,7.80051901381314e-05
3.73381,0.002740597807991122,8.684199222283913e-05
3.73645,0.002610580188679245,8.216485794369416e-05
3.73909,0.002756930701997778,8.754118781175276e-05
3.74174,0.003335531770255275,0.0001033756004878186
3.74438,0.004070326581576027,0.0001251731188728969
3.74703,0.001599843021642618,5.205920126061372e-05
3.74967,0.00268078530799112,8.521032464367519e-05
3.75231,0.001583940482796895,5.063513970352663e-05
3.75496,0.003273281354051054,0.0001022056629263601
3.7576,0.002731885405105439,8.584464448704185e-05
3.76024,0.003260798765260818,0.0001021858536006449
3.76289,0.002195257699778022,6.985626136865541e-05
3.76553,0.002898192494450611,9.129149689253706e-05
3.76818,0.003022565135960045,9.49369576771932e-05
3.77082,0.003257948806881246,0.0001012272830089778
3.77346,0.002615146989456161,8.283036723449491e-05
3.77611,0.002247278024417312,7.161696253840174e-05
3.77875,0.001550826026637071,5.00675060309587e-05
3.78139,0.002123415857380686,6.796765211458414e-05
3.78404,0.001758882144839067,5.664134193086429e-05
3.78668,0.0030044192563818,9.408826000410718e-05
3.78933,0.003470921961709211,0.0001077394585570427
3.79197,0.00213685987791343,7.057011408568435e-05
3.79461,0.004674890885127639,0.0001492545993220395
3.79726,0.002556726276359601,8.54527580769445e-05
3.7999,0.002241465940621533,7.69260125428673e-05
3.80254,0.002488826304106548,8.558759852175034e-05
3.80519,0.003185452275249722,0.0001092961331859081
3.80783,0.004047256798002221,0.00013732635326431
3.81047,0.003235096490011102,0.0001128092026785704
3.81312,0.00217972599889012,7.925496529296813e-05
3.81576,0.004262411487236405,0.0001480013225935549
3.81841,0.002227184100998888,8.037891178092246e-05
3.82105,0.002650944298002223,9.685185322801539e-05
3.82369,0.003534307783018869,0.0001265092857429229
3.82634,0.003283827344617092,0.0001187639079896289
3.82898,0.001562530313540511,5.889071358780593e-05
3.83162,0.002992437985571588,0.0001103053331170382
3.83427,0.001786777400110987,6.801150114481083e-05
3.83691,0.001969030521642623,7.557183679962651e-05
3.83956,0.002794179314650388,0.0001055678529658415
3.8422,0.00319212506936737,0.0001202134764654538
3.84484,0.002552738623751387,9.787516481663013e-05
3.84749,0.003217925776914542,0.0001188092620872777
3.85013,0.002819629786348503,0.0001023669801118965
3.85277,0.002443407810765819,8.774359004743352e-05
3.85542,0.002986351206992232,0.0001065626201141051
3.85806,0.000945039331298557,3.47907432877638e-05
3.86071,0.001950429106548278,6.981064293798043e-05
3.86335,0.003639900457824642,0.0001250662378548801
3.86599,0.002212911417869036,7.769835265226609e-05
3.86864,0.002774344062153165,9.596215472892587e-05
3.87128,0.002594535724195338,9.059354505958851e-05
3.87392,0.00222922599889012,7.78221003622583e-05
3.87657,0.003810801817425085,0.0001290550843130234
3.87921,0.003134821448390679,0.0001075182605551183
3.88186,0.001937078940066595,6.788117226957886e-05
3.8845,0.002190734392341843,7.641593970596386e-05
3.88714,0.001793587541620422,6.242003867034533e-05
3.88979,0.003249421822974471,0.000110860527572568
3.89243,0.002619601623196446,9.005843256449948e-05
3.89507,0.001792408643174252,6.178744029721307e-05
3.89772,0.001933464414539404,6.636304283026547e-05
3.90036,0.002916033920643729,9.775219114341613e-05
3.903,0.003137664539400669,0.0001045395334458958
3.90565,0.001742736958934517,5.968056799620672e-05
3.90829,0.004494910862930076,0.0001454144617406929
3.91094,0.002530531839622639,8.537547979543349e-05
3.91358,0.002928102178135402,9.736021461781762e-05
3.91622,0.00225221108490566,7.543540449774733e-05
3.91887,0.003328659822419536,0.0001102786803441201
3.92151,0.002947880202552719,9.727540597483383e-05
3.92415,0.002357817494450611,7.869065027019486e-05
3.9268,0.002791256104328523,9.272461912241509e-05
3.92944,0.003272603773584909,0.0001066717038200242
3.93209,0.002519516578801334,8.356465546489975e-05
3.93473,0.001932079495005549,6.425310963012606e-05
3.93737,0.003748734531076584,0.000120655593269797
3.94002,0.002861209420088788,9.391064716876603e-05
3.94266,0.003330516301331854,0.0001084110049153099
3.9453,0.003269181534406217,0.0001064286177972829
3.94795,0.002357602316870146,7.794920723430206e-05
3.95059,0.001530372710876802,5.170693901609186e-05
3.95324,0.002773691662042174,9.15765171197365e-05
3.95588,0.003028425291342951,9.915333293468018e-05
3.95852,0.002915571517758048,9.580675589343863e-05
3.96117,0.003501264289678134,0.0001139487978397507
3.96381,0.003072399347946723,0.0001001819425027702
3.96645,0.002563614248057714,8.431850064838252e-05
3.9691,0.002621927372364041,8.627218867186623e-05
3.97174,0.003102936251387349,0.0001017800881260111
3.97439,0.003192042660932295,0.0001046217678963528
3.97703,0.002046943118756936,6.751706623508611e-05
3.97967,0.003760138942841285,0.0001208315046887445
3.98232,0.002301582894006658,7.591836594354471e-05
3.98496,0.002568199361820201,8.453498905300268e-05
3.9876,0.004393768243618202,0.0001393898322311109
3.99025,0.001562205258046615,5.242867681305917e-05
3.99289,0.002658990566037734,8.798854808336801e-05
