0.0431807,69.32694091981134,0.4880803209895618
0.0458244,60.1453536209767,0.4380467402580382
0.0484682,52.43469302164262,0.4025917062424789
0.0511119,45.99363600166481,0.3917128832647417
0.0537556,40.67167019284128,0.3458714480886469
0.0563993,35.80307187153163,0.3343650176460707
0.059043,31.88453691176471,0.2942467684537091
0.0616867,28.60522387832964,0.2887157875483961
0.0643304,25.86620899902886,0.2688494799806954
0.0669742,23.29660052164262,0.2430760960906925
0.0696179,21.21318592466704,0.237350794908996
0.0722616,19.18468856062708,0.2115293791968904
0.07490529999999999,17.46070332061598,0.2010818715828664
0.07754900000000001,15.90416258948391,0.189578929770446
0.08019270000000001,14.57344095449501,0.174346604734309
0.08283649999999999,13.34648575471698,0.1687743531372584
0.08548020000000001,12.27632372780244,0.154397152896066
0.08812390000000001,11.26884297586016,0.1541451475574586
0.0907676,10.35942624722531,0.1456708608941801
0.0934113,9.724611890260821,0.1397136336324193
0.096055,8.945023676470589,0.1353974909275714
0.0986987,8.272939807158714,0.1248529032562238
0.101342,7.543158038290788,0.1182567792325568
0.103986,7.10272167036626,0.1091878217099781
0.10663,6.557574100305216,0.1051886272603515
0.109274,6.129947665788014,0.1011821840259511
0.111917,5.742051734184241,0.0942089880835711
0.114561,5.3315625,0.08831820738880904
0.117205,5.017508051470588,0.0843267815087467
0.119848,4.669343080604884,0.07930572491233145
0.122492,4.440087964761377,0.07468782864512437
0.125136,4.107008086847947,0.0710332206679806
0.12778,3.88572447627636,0.06746723126114117
0.130423,3.612869186320755,0.0638058934531217
0.133067,3.374603555077692,0.06053615413548234
0.135711,3.213468876942287,0.05621298632541238
0.138354,3.03184423418424,0.05432902562595068
0.140998,2.829455160932298,0.05079617484565437
0.143642,2.631388112513873,0.04760429019479078
0.146286,2.494818015399556,0.04467792448738513
0.148929,2.370162827413985,0.04248138724881294
0.151573,2.197241293701443,0.04070951936786514
0.154217,2.125225043007769,0.03867209595366729
0.15686,2.008437159406216,0.03705185341961172
0.159504,1.886880620144284,0.03469018912190559
0.162148,1.761890052719201,0.03264676508589799
0.164792,1.68882639081576,0.03197386873115958
0.167435,1.612551043285239,0.02994884617692452
0.170079,1.524194367369589,0.02864064054167207
0.172723,1.462903414261931,0.02738891039351644
0.175366,1.366455626387347,0.02598402737819685
0.17801,1.303066806326304,0.02469753574147936
0.180654,1.233135740843507,0.0233670174333727
0.183298,1.172291601692564,0.02253631187876191
0.185941,1.111145687430633,0.02127755349871872
0.188585,1.067891216703662,0.02053222307021528
0.191229,1.02546334836293,0.01986234493992154
0.193872,0.9929667723362932,0.0191272332782943
0.196516,0.9587212832963374,0.01864016619406423
0.19916,0.8947651956159823,0.01748118717170072
0.201804,0.8612730570199778,0.0172215509313146
0.204447,0.8162319485294118,0.01613327021341629
0.207091,0.7785389483906771,0.01533679280150737
0.209735,0.7412256451165372,0.01470827906153438
0.212378,0.7045116342952277,0.01410108324112054
0.215022,0.6691012791342952,0.01343270583449001
0.217666,0.654127620699223,0.01325552881988985
0.22031,0.6321667799667038,0.01298855357405728
0.222953,0.5918641564927858,0.01208782382278567
0.225597,0.585051954772475,0.01182148440611168
0.228241,0.5640200631243063,0.01159200069740578
0.230885,0.5475107006104328,0.01125774665063667
0.233528,0.5139219839067704,0.01075381464930521
0.236172,0.4898807193396227,0.01028285323291091
0.238816,0.4588216211154273,0.009723546510981682
0.241459,0.4619951012763596,0.009687054298086381
0.244103,0.4435234336847947,0.009245348397817372
0.246747,0.4226808296337403,0.008988854641013526
0.249391,0.4200753496115427,0.00895410159075234
0.252034,0.3949658657047724,0.008558092839096325
0.254678,0.3852722988346283,0.00826106451766722
0.257322,0.3758238970588235,0.008093050708168738
0.259965,0.3666116870144284,0.007904105434928456
0.262609,0.3458294471420644,0.007548063282468458
0.265253,0.320733583518313,0.007201308865597555
0.267897,0.317853202691454,0.007028382147247811
0.27054,0.3144098349056604,0.006950059213812103
0.273184,0.2983847592952275,0.006600696171026555
0.275828,0.285777390399556,0.006384082134509746
0.278471,0.2833115697835739,0.006410267608490806
0.281115,0.2864847981409545,0.006434577813499404
0.283759,0.2738391093229745,0.006222328995648843
0.286403,0.265408314372919,0.005935888392229736
0.289046,0.2536314851553829,0.005801446079319218
0.29169,0.2569792362652608,0.005807973461923352
0.294334,0.2452483039678136,0.005649423266074861
0.296977,0.233449224472808,0.005435073182189115
0.299621,0.2293143583518313,0.005291658871678368
0.302265,0.2196900603496116,0.00513520361828031
0.304909,0.2201227046337403,0.005106317638312537
0.307552,0.2064088193673696,0.00491328668029316
0.310196,0.193889833518313,0.004654197152280879
0.31284,0.206580663845727,0.004833324041253394
0.315483,0.1925263172863485,0.004601656920146787
0.318127,0.1893482520116537,0.004509629631565177
0.320771,0.1843152461154273,0.004407920648945858
0.323415,0.1753464934794672,0.004262465298633873
0.326058,0.1740589532463929,0.004202874128710628
0.328702,0.1670144055216427,0.00413832113649402
0.331346,0.1689405676331854,0.004104295893567407
0.333989,0.1665367753884573,0.004039007114194935
0.336633,0.1612705147058824,0.00390788056558081
0.339277,0.1598180202552719,0.0038747826846754
0.341921,0.1511485842119867,0.003773915817383392
0.344564,0.1504531096698113,0.00371899763451472
0.347208,0.1514587146226415,0.003740698152462978
0.349852,0.1481252476415094,0.003646944287755039
0.352495,0.1431647428551609,0.003565358649565575
0.355139,0.1394837160099889,0.003487470036796011
0.357783,0.1406380086709212,0.003510974812149991
0.360427,0.136820877427858,0.003430586352371098
0.36307,0.1324301491398446,0.003317012685645252
0.365714,0.1236096653024417,0.003175618335098072
0.368358,0.1242382447974473,0.003140708081278607
0.371001,0.1247665355160932,0.003171327841185353
0.373645,0.1249911397058824,0.00317620001560082
0.376289,0.1202651258324084,0.003059762106088553
0.378933,0.1166659122502775,0.003012331072500883
0.381576,0.1164959288290788,0.002948806554238965
0.38422,0.1164730192841288,0.002977947491603265
0.386864,0.1083153579356271,0.002808924308241547
0.389507,0.1061931667591565,0.002786172655205095
0.392151,0.1057995840732519,0.002792787028762459
0.394795,0.1032987673418424,0.002694013732482795
0.397439,0.1016351539261931,0.002672599983031637
0.400082,0.1041217071309656,0.002692803104183052
0.402726,0.09671898029966705,0.002572298561989499
0.40537,0.0978480399556049,0.002586546491232153
0.408013,0.09533566315205327,0.002503897775331644
0.410657,0.09957862167036625,0.002610969883748718
0.413301,0.0960578975443951,0.002517516105652566
0.415945,0.09761891016925638,0.00256115558615465
0.418588,0.09191736355438403,0.002459326918493157
0.421232,0.0970298638318535,0.002537678434474158
0.423876,0.08411998501664815,0.002338693775420074
0.426519,0.08732395629855717,0.002405953608236385
0.429163,0.08881101650943396,0.002505689716770112
0.431807,0.08294719624028857,0.0024334485259224
0.434451,0.08316503836015539,0.002478073199590006
0.437094,0.08175883455882353,0.002507912394582656
0.439738,0.08351988908157602,0.002547387548711855
0.442382,0.07864809697558268,0.002493889754404488
0.445025,0.08096494374306328,0.002539259051339166
0.447669,0.07585310273307436,0.002447157014803672
0.450313,0.07796742619311875,0.002530974553959673
0.452957,0.07283367598501665,0.002380844278620667
0.4556,0.07488535758879024,0.002415055659030402
0.458244,0.08368606340177581,0.002564896500846747
0.460888,0.07570518417036626,0.00240914467425532
0.463531,0.07060904883462819,0.002322257419851702
0.466175,0.0694035141509434,0.002263985043120489
0.468819,0.07695672107380688,0.002484448550142342
0.471463,0.07049646288845726,0.002274248974730994
0.474106,0.06833200991953386,0.002278373173793286
0.47675,0.07173795283018869,0.002349591173069429
0.479394,0.06836666724472808,0.002282414877859596
0.482037,0.06974068368479468,0.002341802500267227
0.484681,0.06865158983074361,0.002199076474250894
0.487325,0.0650380348917869,0.00212174773786661
0.489969,0.06486090253884573,0.002063195935258589
0.492612,0.06422063478079912,0.002051245064859276
0.495256,0.06581495872641509,0.002046150648868701
0.4979,0.06812591329078801,0.002071820506881334
0.500543,0.06025230695061044,0.001889714112020732
0.5031870000000001,0.0614862839900111,0.001900186137378709
0.505831,0.05958009218923419,0.001861371057434404
0.508475,0.05832601206992231,0.00182445671632075
0.511118,0.05828918236681464,0.001797064454234452
0.5137620000000001,0.05905263242230856,0.001815661708000517
0.516406,0.06165120615982242,0.00185093634697474
0.519049,0.06365105743618203,0.001902393266179516
0.521693,0.05958463838790234,0.001790770607711016
0.5243370000000001,0.05831737749722531,0.00176419890433656
0.526981,0.06099695414816869,0.001821576924836032
0.529624,0.05817776387347393,0.001737476492223452
0.532268,0.05640504168978913,0.001707080892166684
0.5349120000000001,0.05236979821032187,0.001602850143509842
0.537555,0.05733901997780245,0.001706802264306667
0.540199,0.05579370158157602,0.001680966268139828
0.542843,0.05214808289400667,0.001593476259029406
0.5454870000000001,0.05393361730022198,0.001625887553863812
0.54813,0.05258239823806881,0.001563404360947369
0.550774,0.05348148342119867,0.001603022420482066
0.553418,0.05108166967258601,0.001536026852512822
0.556061,0.05108747031076581,0.001537253474887021
0.558705,0.05148031589900111,0.001554059087218049
0.561349,0.05246195831021089,0.001535899047712949
0.563993,0.05394864081576028,0.001580967572871127
0.566636,0.05289604703107659,0.001546665813042138
0.56928,0.05215871816037736,0.001542243999246651
0.571924,0.05018497433407326,0.001492463153979704
0.574567,0.04842446233351831,0.001449710945519203
0.577211,0.04900965607658158,0.001457742801316004
0.579855,0.04907321129300778,0.001442066847546525
0.582499,0.04839856777192009,0.001441876659653777
0.5851420000000001,0.04851066384572696,0.001431631326583236
0.587786,0.04585989123196449,0.001389318381196003
0.59043,0.04919986847946726,0.001446957863749036
0.593073,0.04472464636514983,0.001330570682285275
0.5957170000000001,0.04647550284406216,0.001373171979419202
0.598361,0.04686124986126526,0.001384179683970861
0.601005,0.04511590788013319,0.001336450859806036
0.603648,0.04481749091287458,0.001323748462924466
0.6062920000000001,0.04779233240843508,0.001383048077906192
0.608936,0.04187122683129856,0.001257555161778985
0.611579,0.04676030639567148,0.001347253813869057
0.614223,0.0407334707963374,0.001220985908774158
0.6168670000000001,0.04544906687014429,0.001318203910097517
0.619511,0.04572814303551611,0.001314722427024809
0.622154,0.04439766800776915,0.001291079411902671
0.624798,0.04248773806881243,0.001240930283147788
0.6274420000000001,0.04381512735849057,0.00126198889291798
0.630085,0.04333334017758047,0.001260714432912387
0.632729,0.04198082776082131,0.001222904166235403
0.635373,0.0435892000554939,0.001254739305863737
0.6380169999999999,0.03984388547447282,0.001166610972442913
0.64066,0.04411291481687014,0.001263732957233095
0.643304,0.03931754279966704,0.001163833598729272
0.645948,0.04225510821309657,0.001218605065176457
0.6485919999999999,0.03952705251109878,0.001158076944794564
0.651235,0.04139929661487236,0.001206638365271693
0.653879,0.04039067459766926,0.001181185605481076
0.656523,0.04339966981132076,0.001236058060547086
0.659166,0.04174641696725861,0.001203776039490277
0.66181,0.0381608923418424,0.001112383789926146
0.664454,0.041110519145394,0.001187043414468951
0.667098,0.04084005008324084,0.001184660659320309
0.669741,0.04022037527746947,0.001169017805068364
0.672385,0.04050438450332964,0.001166540886169181
0.675029,0.0403069842536071,0.001154720938352167
0.6776720000000001,0.03962061355438402,0.001136703516825621
0.680316,0.03846061410932299,0.001116189882440698
0.68296,0.03906374313263041,0.001117821627787579
0.685604,0.03831748668146504,0.001112265282938306
0.6882470000000001,0.03929256846559378,0.001123403368299939
0.690891,0.03785743472530522,0.001095923633035364
0.693535,0.03696810578523862,0.001070372175623108
0.696178,0.03982798522475027,0.001129876670995347
0.6988220000000001,0.03609485335738069,0.001055820594280744
0.701466,0.03961324944506105,0.001118811503990141
0.70411,0.03543633670921199,0.001038696094681714
0.706753,0.03795728170088791,0.00107700936984237
0.7093970000000001,0.03739451220865705,0.001070614072663952
0.712041,0.03936697870421754,0.001111606388560534
0.714684,0.03579963658435072,0.001030825553836102
0.717328,0.03851743014705884,0.001086155005937483
0.7199719999999999,0.03839720997502775,0.001083435978400422
0.722616,0.03760507033851277,0.001060927244072965
0.725259,0.03647310578523862,0.001040154484883249
0.727903,0.03734779349334073,0.001043268218526801
0.7305469999999999,0.03534599188401776,0.001017044714454056
0.73319,0.03807941100166482,0.001068629047425736
0.735834,0.03459796136237514,0.0009883921634123254
0.738478,0.03659173730577137,0.001025362094436395
0.7411219999999999,0.03688079633740289,0.001034076899361253
0.743765,0.0357093512763596,0.001015388952329013
0.746409,0.0372735022891232,0.001028855371294335
0.749053,0.03578671906215317,0.001010215381010927
0.751696,0.0355643948390677,0.0009943156812960894
0.75434,0.03446318923418424,0.000980840767954486
0.756984,0.03219100326026637,0.0009177730963398829
0.759628,0.03544639740566038,0.0009923460194382783
0.762271,0.03335763658435072,0.0009463695638417952
0.764915,0.0368797616537181,0.001011856898984431
0.767559,0.03429282581853496,0.0009718463920799319
0.7702020000000001,0.0326913323390677,0.0009237250011195402
0.772846,0.03558022641509435,0.0009809365267077622
0.77549,0.0345175490427303,0.0009671646315428984
0.778134,0.03382451012763596,0.0009404666124033386
0.7807770000000001,0.03166050353773585,0.000903387984272634
0.783421,0.03515320879578247,0.0009685333799425418
0.786065,0.03633134038568258,0.0009932866581239957
0.788708,0.03519139594894562,0.0009707637710342114
0.7913520000000001,0.03157153447558269,0.000887206841650725
0.793996,0.0332458266509434,0.0009269063112680082
0.79664,0.03478790822697004,0.0009518423955314362
0.799283,0.03306584662874584,0.0009165731736982882
0.8019269999999999,0.03178599784961154,0.0008898248286338277
0.804571,0.03422901879855716,0.0009340621371410207
0.807214,0.0348230577136515,0.0009505481485533213
0.809858,0.03240164837680355,0.0008907088001889897
0.8125019999999999,0.03567365926748058,0.0009705910861428789
0.815146,0.03207448231132075,0.0008843441052106914
0.817789,0.03262340489733629,0.000897453796794281
0.820433,0.03112956201442841,0.0008709335401041661
0.8230769999999999,0.03359590912874584,0.000911630807726809
0.82572,0.03454315059655938,0.0009368102350884484
0.828364,0.0313572817008879,0.0008649638365393089
0.831008,0.03475489678135405,0.0009375331005653337
0.8336519999999999,0.03196457006104329,0.0008704779261705958
0.836295,0.03194322398723641,0.0008743110149272088
0.838939,0.03192508497502775,0.0008763887422002834
0.841583,0.03324780674250833,0.0008892749784211048
0.844226,0.03227802198945616,0.0008863482647804071
0.84687,0.03517981527469478,0.0009313111032718675
0.849514,0.03091686126526082,0.0008470595095927178
0.852158,0.03325132054661487,0.0008966762727671592
0.854801,0.03197200055493896,0.0008527074918879328
0.857445,0.03443474687846837,0.0009137069687481353
0.860089,0.03218393673695894,0.0008604818173622047
0.8627320000000001,0.03269773043840178,0.0008720943573555115
0.865376,0.03268546073806881,0.0009022916423591389
0.86802,0.03223931749445062,0.0008871149001296981
0.870664,0.03256180230299667,0.0009074061335212078
0.8733070000000001,0.03220987708102108,0.0008864737749799698
0.875951,0.03209504779411765,0.0009013077899159333
0.878595,0.03397536563540511,0.0009388209588712963
0.881238,0.03241916932574917,0.0009029173450114365
0.8838819999999999,0.03211491509433963,0.0009114768127757392
0.886526,0.03106851567702553,0.0008684982355412667
0.88917,0.02839704023307436,0.0008220467876864901
0.891813,0.03065460786625971,0.0008710726268903997
0.8944569999999999,0.02999449569922309,0.0008381750812791714
0.897101,0.03067106895116537,0.0008445829368110768
0.899744,0.03156815572974474,0.0008588949395716536
0.902388,0.03342613172863485,0.0008923270763201792
0.9050319999999999,0.03178217043562708,0.0008483897387977976
0.907676,0.0310198100027747,0.000834828370606077
0.910319,0.03081913401775805,0.0008333445028979861
0.912963,0.03293700104051055,0.0008728623649216176
0.9156069999999999,0.03073272648446172,0.0008294460568969696
0.91825,0.03243570595172032,0.0008491515415020175
0.920894,0.02981397086570478,0.0008071591524016691
0.923538,0.03214604488068813,0.000849382008653247
0.9261819999999999,0.03035636258324085,0.0008072159881761038
0.928825,0.03163130348224195,0.0008422590463172676
0.931469,0.03130640135960045,0.0008257087692658016
0.934113,0.0326568489872364,0.0008604073300535922
0.936756,0.03166687645671477,0.0008252531742523452
0.9394,0.03302885668701443,0.0008545163917266924
0.942044,0.03154889504716981,0.0008207813158655821
0.944688,0.03045503294950055,0.0008028474668341751
0.947331,0.03465030445338513,0.0008844051641938399
0.949975,0.03132058476692565,0.0008139744058211452
0.952619,0.02993148071587125,0.0007892814562661332
0.9552619999999999,0.03201249514428413,0.0008287535915437246
0.957906,0.03189306014150944,0.0008252807809212699
0.96055,0.03003523522475028,0.0007932030311498028
0.963194,0.02927114879300777,0.0007596540869193437
0.9658369999999999,0.02941672558268591,0.0007764708159879062
0.968481,0.03052376387347392,0.000791188929107263
0.971125,0.0296726701581576,0.0007704311027473621
0.973768,0.03115046399833519,0.0007974431660444421
0.9764119999999999,0.03200630306603773,0.0008076043380235614
0.979056,0.03217117029689234,0.0008178701906691019
0.9817,0.03018708650110988,0.0007756730501107297
0.984343,0.03269226630133186,0.0008176326130176949
0.9869869999999999,0.03050937902330744,0.000773957711163457
0.989631,0.03060571448390677,0.0007866156361403778
0.992274,0.02992236542730299,0.0007940185084584839
0.994918,0.02901520650665926,0.000773742552901604
0.9975619999999999,0.03191200721420644,0.0008390457003919241
1.00021,0.02979822169811321,0.0008040853835842453
1.00285,0.02985892924528302,0.000801864510230722
1.00549,0.02736147523584906,0.0007670112713996319
1.00814,0.03012638124306326,0.0008174496853493754
1.01078,0.02823779508879023,0.0007838018186638122
1.01342,0.03015771247225306,0.0008274339348664866
1.01607,0.02814153288013319,0.0007941364169599091
1.01871,0.03063846954772475,0.0008399208775754997
1.02136,0.02712608240843507,0.0007712285824779488
1.024,0.02994371836847947,0.0008377633346503276
1.02664,0.02842440670088791,0.0008070389002930045
1.02929,0.02790825062430632,0.000799093192238403
1.03193,0.02878525492508325,0.0008153716784415141
1.03457,0.02882558011931188,0.000814620613167884
1.03722,0.03137388242230855,0.0008776699957111874
1.03986,0.0299955166481687,0.0008408976439271633
1.04251,0.02925567889844617,0.0008324323238183183
1.04515,0.02886027635960045,0.0008094643041882849
1.04779,0.02879443888734739,0.000800864013028799
1.05044,0.03049066315205328,0.0008274973894750492
1.05308,0.02982828704217536,0.0008001901424533477
1.05572,0.02884604259156493,0.0007858510021784067
1.05837,0.02837283275527193,0.0007623218026839788
1.06101,0.02700313360155383,0.0007424205020327728
1.06365,0.02936198806881243,0.0007783361924831008
1.0663,0.03014359316037736,0.000794093963687938
1.06894,0.02902936244450611,0.0007709936570808227
1.07159,0.02840381145948946,0.0007474379989986092
1.07423,0.02911796524694784,0.0007692896076004966
1.07687,0.02869423938679245,0.0007511582020355142
1.07952,0.03119233435072142,0.000804098457496301
1.08216,0.02912285710321864,0.0007591451024240753
1.0848,0.02860269963928968,0.0007353501720265197
1.08745,0.03123883559933407,0.0007928994861988345
1.09009,0.03021567764983352,0.0007684836079926141
1.09274,0.02864708802719201,0.0007425054523389142
1.09538,0.02819858011931188,0.0007307900227095002
1.09802,0.02934636709211987,0.0007459595539555363
1.10067,0.02985277379300777,0.0007603426134846654
1.10331,0.02801149465871254,0.0007157289984552536
1.10595,0.02765814560210877,0.0007128410216856908
1.1086,0.03052752261376248,0.0007642662044541128
1.11124,0.03066763755549389,0.000767015130830237
1.11389,0.02881158213096559,0.0007343463901216723
1.11653,0.02810577219755827,0.0007067224901635871
1.11917,0.03002636945061044,0.0007538459685020694
1.12182,0.02761416467813541,0.0007015757704504306
1.12446,0.02818685980854606,0.0007171979219052746
1.1271,0.02914345234461709,0.0007293708538710509
1.12975,0.0296683505826859,0.000735171910528504
1.13239,0.02814895879578246,0.0007103762510871291
1.13504,0.02951317321032187,0.0007326152479850109
1.13768,0.02826527143451721,0.0007096064792372795
1.14032,0.02583708400388458,0.0006645621948472303
1.14297,0.02804699667036626,0.000705847365627686
1.14561,0.02700767293285239,0.0006912194879311612
1.14825,0.02922254612930078,0.0007189980601838333
1.1509,0.0248114240427303,0.0006395761884045467
1.15354,0.02771606270810211,0.000694421294133453
1.15618,0.02682650256659268,0.0006740037702540202
1.15883,0.02712962139289678,0.00068881253555193
1.16147,0.02841791474750278,0.0006994588730605859
1.16412,0.02452752011653718,0.0006347059887635301
1.16676,0.02706685592397336,0.0006713359115604589
1.1694,0.0250885681881243,0.000639897921198393
1.17205,0.02702076900665927,0.0006727431359359702
1.17469,0.02719203662597115,0.0006748797462446089
1.17733,0.02604075874028857,0.000655165000416203
1.17998,0.02753201720310766,0.0006754792129881679
1.18262,0.0271622871809101,0.0006733194553994411
1.18527,0.02691746774417314,0.0006654277977165608
1.18791,0.02568116037735849,0.0006442478192751861
1.19055,0.02519759683684795,0.0006353385576304902
1.1932,0.02412944846004439,0.0006071525127025118
1.19584,0.02351133254716981,0.0006001876247419661
1.19848,0.02633401373473918,0.0006482841180608406
1.20113,0.02493991939511653,0.0006264898525455112
1.20377,0.02578051519145394,0.0006394042031047064
1.20642,0.02494242598501665,0.0006237392017318977
1.20906,0.02339893888734739,0.0005953436528748213
1.2117,0.02407078052164262,0.0006001564982003026
1.21435,0.02405299632352941,0.0006035327051403698
1.21699,0.02349651963096559,0.0005899358651984248
1.21963,0.02416081860432853,0.000603892794821773
1.22228,0.02466389692008879,0.0006154425978244284
1.22492,0.02259646843784683,0.0005695433980011064
1.22757,0.02445967737236404,0.0006074062305214948
1.23021,0.02469743028579357,0.0006076307365950288
1.23285,0.02396065309378468,0.0005948718118566942
1.2355,0.02318412985571587,0.000581800376943235
1.23814,0.02295242022752498,0.0005747417301784333
1.24078,0.02458712430632631,0.0006093328886958105
1.24343,0.02414945310765816,0.0005979333303891426
1.24607,0.02249264525527192,0.0005632487904531497
1.24871,0.02376429897336293,0.0005873013119359891
1.25136,0.02105067848224196,0.0005328354054133546
1.254,0.02240992549944506,0.0005613023955942574
1.25665,0.02324533643174251,0.0005761010920338098
1.25929,0.023180822072697,0.0005758793322247734
1.26193,0.02027201720310766,0.0005129174869345958
1.26458,0.02417029557436182,0.0005887370270596528
1.26722,0.02252965122086571,0.0005600402640798208
1.26986,0.02158706125138735,0.0005407089756160647
1.27251,0.02334169020532741,0.0005751008298238263
1.27515,0.02208683865149834,0.000546886281301835
1.2778,0.0213822602663707,0.0005357805348847996
1.28044,0.02092433032741399,0.0005212330980576158
1.28308,0.02141895720033297,0.0005325255421959426
1.28573,0.02165553579356271,0.0005407569518472837
1.28837,0.02132352365427303,0.0005262051083601239
1.29101,0.02198872225305217,0.0005485706955896293
1.29366,0.02267116939511654,0.0005524585212099946
1.2963,0.02034916294395117,0.0005097949885421301
1.29895,0.01920989837680355,0.0004878373091824145
1.30159,0.02191428912319645,0.0005348085789036541
1.30423,0.02115237735849056,0.0005270979142719149
1.30688,0.02114381145948946,0.0005181571387129157
1.30952,0.02022730604883463,0.0005053556546226899
1.31216,0.01967527025527192,0.000490492237980668
1.31481,0.01988209253607104,0.0004964076135525368
1.31745,0.01882842286348502,0.0004747356269062095
1.3201,0.01950385613207547,0.0004841575626253676
1.32274,0.01993639282741398,0.0004945983608185074
1.32538,0.01923261563540511,0.0004773868065074538
1.32803,0.01841766946448391,0.0004612587709836948
1.33067,0.01804054328523862,0.0004588665520263065
1.33331,0.01861416322142064,0.0004622836177473925
1.33596,0.02117641086293008,0.0005162521230695052
1.3386,0.01830495532741399,0.0004593269516773252
1.34124,0.01876851879855716,0.0004668945338481769
1.34389,0.01879707561043285,0.0004672900810797573
1.34653,0.01762030375971143,0.0004411044310010234
1.34918,0.02014129453385128,0.000494624876452131
1.35182,0.01731415871254162,0.000434764483131705
1.35446,0.01944648841564928,0.0004801457818687678
1.35711,0.0196627785099889,0.0004829080586279785
1.35975,0.01879396698113208,0.000466284461907036
1.36239,0.020252072072697,0.0004954608194575324
1.36504,0.01857527788568258,0.0004570368809310319
1.36768,0.01745507713651498,0.0004390778442421803
1.37033,0.01732484891786903,0.000435587740461467
1.37297,0.01869061535793563,0.0004626725422355486
1.37561,0.01692715725582686,0.0004315925422429553
1.37826,0.01729235939234184,0.0004310846692090822
1.3809,0.01564766100166481,0.0004022748416505061
1.38354,0.01667082124028857,0.0004222147503533871
1.38619,0.01555893687569367,0.0004000293390238479
1.38883,0.01688229044117647,0.0004238404563962027
1.39148,0.0178804580327414,0.000445113244607558
1.39412,0.01655199056603774,0.0004191576281030739
1.39676,0.01854377955049945,0.0004542673176802381
1.39941,0.0163567283573807,0.0004127621413825604
1.40205,0.01550747967536071,0.0003941431978648787
1.40469,0.01602870615982242,0.0004099250709670107
1.40734,0.01628522301609323,0.0004098817302847601
1.40998,0.01510041176470588,0.0003848111859337645
1.41263,0.01597854460321865,0.0004014545386785082
1.41527,0.01599180320477247,0.0004026394092096097
1.41791,0.01660153863762487,0.0004164724008424409
1.42056,0.01660554002497226,0.0004158665069464311
1.4232,0.01426074306326304,0.0003662240069198712
1.42584,0.01726474798834628,0.0004268543907225198
1.42849,0.01427987326581576,0.0003675008984447629
1.43113,0.0148304051054384,0.000378961109151314
1.43377,0.01560292695615982,0.0003934483045358662
1.43642,0.01536308865149834,0.000386366178000731
1.43906,0.0149606676609323,0.0003806766705761706
1.44171,0.0150459397891232,0.0003810532065455732
1.44435,0.01551825915649278,0.000389884344009121
1.44699,0.01489922988346282,0.0003767153484334368
1.44964,0.01534608046614873,0.0003876173113506632
1.45228,0.01479667029689234,0.0003740318899137349
1.45492,0.01443062118479468,0.0003657649600246356
1.45757,0.01363039407602664,0.0003483409488178741
1.46021,0.01271023980299667,0.0003295618283433434
1.46286,0.01237246136237514,0.0003218192866681234
1.4655,0.0145439144700333,0.0003685599972699722
1.46814,0.01480697364039956,0.0003715103781040895
1.47079,0.01413619644839068,0.0003603654747951904
1.47343,0.01304076630133185,0.0003343493505967207
1.47607,0.01508445657602664,0.0003796951438919135
1.47872,0.0135097664400666,0.0003429047221932819
1.48136,0.01417622405660377,0.0003599859293004966
1.48401,0.01658966495560488,0.0004102659839176407
1.48665,0.01277522801054384,0.0003281852354511444
1.48929,0.01184895262208657,0.0003076160941089731
1.49194,0.01303173571032187,0.0003305421366705844
1.49458,0.01440494637902331,0.0003650034357616444
1.49722,0.01432146892341843,0.0003588789823284099
1.49987,0.01387429557436182,0.0003502155846557796
1.50251,0.01224741800776914,0.000318532009032099
1.50516,0.01372180563263041,0.000345565767757594
1.5078,0.01451018423973363,0.0003624202793453466
1.51044,0.01124689948668147,0.0002938221673901215
1.51309,0.0126819897336293,0.000323637998508522
1.51573,0.01263795615982242,0.0003245257631564491
1.51837,0.01196607789955605,0.0003064981298374834
1.52102,0.01465236854883463,0.0003637788733866689
1.52366,0.01268887312708102,0.0003212308432156052
1.5263,0.01044197280799112,0.0002722131476987772
1.52895,0.01231153177025527,0.0003160422535815448
1.53159,0.01272979578246393,0.0003244300684748532
1.53424,0.01381429078801332,0.0003486342263140642
1.53688,0.01225692931465039,0.0003131547620298036
1.53952,0.01046559198113207,0.0002727405047441884
1.54217,0.01071841190344062,0.0002773350360597551
1.54481,0.01217046455327414,0.0003104327445980093
1.54745,0.0124727730299667,0.0003190989435739426
1.5501,0.01199972801054384,0.0003107250104291748
1.55274,0.01039592480577137,0.0002788258574544753
1.55539,0.01375452864872364,0.0003542997002628933
1.55803,0.01234143229744728,0.0003262250725048854
1.56067,0.01240274417314095,0.0003306913927701744
1.56332,0.0122165125554939,0.0003240656876058206
1.56596,0.01174582075471698,0.0003195260448635364
1.5686,0.01152474181465039,0.0003117560179413734
1.57125,0.01183123480854606,0.0003247563818684911
1.57389,0.01218115704772475,0.0003307512987453018
1.57654,0.01079648473917869,0.0002982435305060057
1.57918,0.01147314955604884,0.0003195799364857798
1.58182,0.01099314560210877,0.0003063278484668584
1.58447,0.01031600464761376,0.0002924567241257736
1.58711,0.01260102802441731,0.0003437836553576782
1.58975,0.01135485682574917,0.000316625426989883
1.5924,0.01178775520255272,0.0003328658323053951
1.59504,0.008829136723085459,0.0002555843986932856
1.59769,0.009807677372364043,0.0002837125822047477
1.60033,0.009749664123196449,0.0002808417153945647
1.60297,0.009918052025527195,0.0002852678724596144
1.60562,0.009744573113207547,0.0002808242525193018
1.60826,0.0112494587264151,0.0003099589013644201
1.6109,0.01265045706159823,0.0003417393648289572
1.61355,0.01167153183962264,0.0003148254794440935
1.61619,0.01063552275249723,0.0002909704050338061
1.61883,0.01047489726692564,0.0002871545757511658
1.62148,0.01082607394561598,0.0002919327986373124
1.62412,0.01167022703940067,0.0003137979093133444
1.62677,0.008954933199223082,0.0002465898510203213
1.62941,0.01142288269977802,0.0003067213154796085
1.63205,0.01081498543285239,0.0002898579886577991
1.6347,0.00996172162874584,0.0002697506499801109
1.63734,0.01096567841287458,0.0002932119708619249
1.63998,0.009633049320199781,0.0002621460113516112
1.64263,0.008838728149278578,0.0002423158680803755
1.64527,0.00810901976970033,0.0002233639962636605
1.64792,0.01090947814927858,0.0002900998086363355
1.65056,0.009724234253607104,0.000262575758951647
1.6532,0.009928332477802447,0.0002661170347840884
1.65585,0.008952584558823532,0.0002446818517147447
1.65849,0.009283825263596003,0.0002492821737298742
1.66113,0.008322551470588234,0.0002281869302435037
1.66378,0.009541067771920089,0.0002574042819959287
1.66642,0.01094018444783574,0.0002890234314376038
1.66907,0.0102163339345172,0.0002741428652578207
1.67171,0.008883688817980021,0.0002400870177581671
1.67435,0.009053106825749167,0.0002451157216661663
1.677,0.00909231950610433,0.0002452004562957054
1.67964,0.009455445407880132,0.0002530558377406966
1.68228,0.009397228426748056,0.0002515660143849738
1.68493,0.00873555736681465,0.0002361026609198385
1.68757,0.009108982033851279,0.0002446911148459322
1.69022,0.01132507304384018,0.0002930669312125034
1.69286,0.009167780452275252,0.000245427942734685
1.6955,0.008290631936736959,0.0002263006284737423
1.69815,0.009063302580466151,0.0002433141737586709
1.70079,0.008488629647613761,0.0002313650605744996
1.70343,0.009028402608213098,0.0002398121202548713
1.70608,0.008474787319644839,0.0002282495433472256
1.70872,0.008612441453940068,0.0002303079722949163
1.71137,0.008849976900665928,0.0002371218275784806
1.71401,0.009148302302996668,0.000244192075271015
1.71665,0.008656456714761375,0.0002325327062749638
1.7193,0.00760210259433962,0.0002078870800526092
1.72194,0.009523885613207548,0.0002513271269758257
1.72458,0.008122461501109879,0.0002195427854038662
1.72723,0.008217588304661488,0.0002205434845242601
1.72987,0.008856832824639293,0.0002358495306806784
1.73251,0.008954289955604882,0.0002394498053113861
1.73516,0.008494146434517204,0.0002252589595571061
1.7378,0.0101344817563818,0.0002644971982098173
1.74045,0.007403978981687018,0.0002005543491231956
1.74309,0.008786989386792454,0.0002336142738228798
1.74573,0.009162176678690345,0.0002421902961879329
1.74838,0.008239742438956716,0.0002187285887524163
1.75102,0.008704560349611545,0.0002332034400945352
1.75366,0.007746406631520536,0.0002068431869896537
1.75631,0.006980301193118759,0.0001895722314233964
1.75895,0.007909394492230855,0.0002129162769671882
1.7616,0.008720730715871252,0.0002305617592100033
1.76424,0.00819808955327414,0.0002195502674544859
1.76688,0.006695168007769149,0.0001811299555112914
1.76953,0.007287190205327413,0.0001971281017327957
1.77217,0.008704633601553829,0.0002305844709736806
1.77481,0.008318449361820201,0.000221450032029542
1.77746,0.009231855299667038,0.0002429491717256258
1.7801,0.007216009919533855,0.000193573342768676
1.78275,0.007438631728634851,0.0002005160148649831
1.78539,0.007213354536625972,0.0001924581564489884
1.78803,0.009284644769700333,0.0002408498775767599
1.79068,0.00745411306881243,0.0002007068531979053
1.79332,0.007454023793007771,0.0001978718657806155
1.79596,0.008296505826859044,0.0002212287048599956
1.79861,0.008137846698113212,0.0002135810141874683
1.80125,0.008101543493340736,0.0002145462168160875
1.8039,0.008430968923418426,0.0002224683662829448
1.80654,0.007248194991675915,0.0001938497318241709
1.80918,0.007723563471143175,0.0002070924955108785
1.81183,0.007979885751942287,0.0002116221423687763
1.81447,0.007885365566037738,0.0002094142787128276
1.81711,0.005684794811320755,0.0001560795791695279
1.81976,0.008078421059933408,0.0002128922382653993
1.8224,0.007260128190898999,0.000195947214586354
1.82504,0.007754732172586016,0.0002060173659670718
1.82769,0.00648088547447281,0.0001773224791825743
1.83033,0.007854970588235293,0.0002085517717608912
1.83298,0.00658926172308546,0.0001782877318672487
1.83562,0.006744773307436185,0.000183312724154185
1.83826,0.006917020671476139,0.0001883506718703896
1.84091,0.008639604189789124,0.0002290137582624811
1.84355,0.007160917591564926,0.0001933993257076514
1.84619,0.007065742716426193,0.00019138571672069
1.84884,0.00646616870144284,0.0001749099756517859
1.85148,0.007750858976137627,0.0002081410291581084
1.85413,0.006816690690898999,0.0001862367861925495
1.85677,0.006899057921753608,0.0001860214878055982
1.85941,0.007271988138179799,0.0001968236825569491
1.86206,0.006726389359045506,0.0001814790238640857
1.8647,0.007297690413429524,0.0001972312435039678
1.86734,0.006521178620976693,0.0001779085462537614
1.86999,0.00757655597946726,0.000202254286519637
1.87263,0.007881355022197559,0.0002124030627812169
1.87528,0.007207773654273031,0.0001942313824243782
1.87792,0.008816512208657047,0.0002326190379836905
1.88056,0.00619393930355161,0.0001702085600388186
1.88321,0.006826504162042174,0.0001846984431555601
1.88585,0.006294246392896781,0.0001741793776520068
1.88849,0.006719718854051054,0.0001814997700359784
1.89114,0.004865746531631519,0.0001372325171844014
1.89378,0.006971767341842398,0.0001876508064060794
1.89643,0.005744602733074359,0.0001591857899849071
1.89907,0.006963219755826858,0.0001896516830771546
1.90171,0.006013691453940068,0.0001642498879539751
1.90436,0.007664316384572698,0.0002056574113042571
1.907,0.006349771365149831,0.000173000312232295
1.90964,0.006174298626526083,0.0001702253359951478
1.91229,0.007274707616537181,0.0001966537808693442
1.91493,0.006565740982241951,0.0001786323429698348
1.91757,0.00734251373473918,0.0001972848623254126
1.92022,0.007450439026082131,0.000201081530664354
1.92286,0.007707956229189787,0.00020747748708768
1.92551,0.005865500485571586,0.0001606111280473599
1.92815,0.005824891440066591,0.0001601981651356087
1.93079,0.007397677025527194,0.0002005016650500193
1.93344,0.006658189511653716,0.0001804818618225872
1.93608,0.007137371670366262,0.0001925830203337428
1.93872,0.006023134087125417,0.000165473810768209
1.94137,0.007759395116537182,0.0002094803442940736
1.94401,0.005167560557713654,0.0001446423177271314
1.94666,0.006052798834628193,0.0001660552250460664
1.9493,0.005855224611542733,0.0001620533430589216
1.95194,0.005964914816870143,0.0001636386250652195
1.95459,0.004998547724750278,0.0001399787639380721
1.95723,0.006706947835738069,0.0001831666751299527
1.95987,0.006690186875693674,0.0001815228203281999
1.96252,0.006598425083240845,0.0001809728560411405
1.96516,0.004872110294117647,0.0001362355457845617
1.96781,0.006083761514983349,0.0001670376980643842
1.97045,0.007253315760266371,0.000195256942838515
1.97309,0.007052094963928968,0.0001910308228425732
1.97574,0.00666856610710322,0.0001821098225876733
1.97838,0.006598461709211988,0.0001795923986171675
1.98102,0.005115828662597116,0.0001438273582892386
1.98367,0.006474562916204219,0.0001760804353676405
1.98631,0.006576605160932296,0.0001790916277669103
1.98896,0.006738530868479468,0.0001833303899265809
1.9916,0.005625380618756938,0.0001556974663117006
1.99424,0.005295186043285238,0.0001462360074225767
1.99689,0.006203597114317424,0.0001689256007228634
1.99953,0.004626620144284128,0.0001295545069300704
2.00217,0.006514611126526085,0.0001766958239375934
2.00482,0.004695646365149834,0.0001314884328460985
2.00746,0.005406938748612655,0.0001492819226282506
2.0101,0.006174316939511654,0.0001671073652773078
2.01275,0.005978551123751391,0.0001636791785693229
2.01539,0.005139880480022198,0.0001412933503017124
2.01804,0.005919590177580467,0.0001630398837267566
2.02068,0.007187988762486127,0.0001926346703452711
2.02332,0.005231356132075471,0.000144255213536836
2.02597,0.005415532117092121,0.0001494270238780104
2.02861,0.005859695269145392,0.0001590759112040071
2.03125,0.006469595518867925,0.0001752595707119793
2.0339,0.005401472322419534,0.0001485112275404063
2.03654,0.006848967327968926,0.0001850134524364806
2.03919,0.004801310002774694,0.0001334644849740031
2.04183,0.006310904342397335,0.0001701650792797072
2.04447,0.006163855646503885,0.0001676222152054257
2.04712,0.004942853357380689,0.0001367483468036353
2.04976,0.005386677719200889,0.0001482885314261954
2.0524,0.005051627913429524,0.0001401345027392931
2.05505,0.005984962957824642,0.0001627925182821877
2.05769,0.004517788360155383,0.0001265242555499053
2.06034,0.004885948043840178,0.0001343905202345327
2.06298,0.004167541065482798,0.0001173966581122435
2.06562,0.003939118618201996,0.0001106125384024321
2.06827,0.005280705049944503,0.0001449285441773765
2.07091,0.004873934725305217,0.0001355925980184402
2.07355,0.006080613970588237,0.0001642776541344263
2.0762,0.005729128260266372,0.0001566658007438351
2.07884,0.004193440205327412,0.0001171726328489677
2.08149,0.005864568812430632,0.0001594964566313153
2.08413,0.005738921129300779,0.0001576232124247869
2.08677,0.004759645671476135,0.0001310952897142427
2.08942,0.006321816592674804,0.0001724983198807927
2.09206,0.004765455466148722,0.0001324723381857607
2.0947,0.006534494450610431,0.0001763678336721592
2.09735,0.004663692494450609,0.0001299410417740262
2.09999,0.006527455396781355,0.000176070149330278
2.10263,0.004747820061043285,0.0001334812976032738
2.10528,0.00456366238901221,0.0001259203656359367
2.10792,0.005888879300776916,0.0001614897943853577
2.11057,0.005701814442286349,0.0001573485738111513
2.11321,0.005715045574361817,0.000161188744463669
2.11585,0.004784528440621535,0.0001394268685964842
2.1185,0.004139023168701444,0.0001204439396870815
2.12114,0.004807705812985571,0.0001417017040569762
2.12378,0.004797514636514985,0.0001389643790570732
2.12643,0.005528333240843506,0.0001603403896351695
2.12907,0.005087869311875695,0.0001510701688908418
2.13172,0.004551289678135405,0.0001361087089606739
2.13436,0.006814209281354051,0.0001980387161962277
2.137,0.004167763110432854,0.0001262253000258277
2.13965,0.004503694228634852,0.0001369207112449036
2.14229,0.005363454564372918,0.0001602776335114477
2.14493,0.005379425776914536,0.000162203117802254
2.14758,0.004672056950610433,0.0001437061514491137
2.15022,0.004886781284683684,0.0001479502944522094
2.15287,0.003881913429522755,0.0001215203599201663
2.15551,0.005745786209766927,0.0001731161313175282
2.15815,0.004381677094894564,0.0001361329339355265
2.1608,0.004337181118201999,0.0001349307922665201
2.16344,0.005041345172031077,0.0001539036923000241
2.16608,0.004327598848501663,0.0001340129945267384
2.16873,0.004544992300221976,0.0001382256302090861
2.17137,0.004357748890122086,0.0001313245152938068
2.17402,0.004147611958934514,0.0001244856995249277
2.17666,0.00535727393174251,0.0001578587944156677
2.1793,0.004156006173695894,0.000124173071836987
2.18195,0.004787831645394008,0.0001408256459643197
2.18459,0.004739533435072139,0.0001392858106657915
2.18723,0.004697182366814648,0.0001382259641941763
2.18988,0.004464220588235294,0.0001313374495541987
2.19252,0.004342677302996672,0.0001276042592763027
2.19516,0.004802955882352944,0.0001395385704289784
2.19781,0.005353084836293006,0.0001550657751126414
2.20045,0.004762964900110991,0.0001382401687090582
2.2031,0.005539863554384019,0.0001592064275758136
2.20574,0.005089570130410653,0.0001468147232455782
2.20838,0.004538314927857937,0.0001325013624662455
2.21103,0.002678484739178692,8.105390377685539e-05
2.21367,0.003577853773584909,0.0001066918849697957
2.21631,0.004159542869034407,0.0001225603005364872
2.21896,0.004835802511098782,0.000139521672147658
2.2216,0.004850370491120979,0.0001394480597561829
2.22425,0.004044660932297449,0.0001187722122244626
2.22689,0.00438705195615982,0.0001279512138561749
2.22953,0.004904970657602667,0.000140729062254508
2.23218,0.003995710321864596,0.0001182940149530987
2.23482,0.005373123820754717,0.0001535642488069006
2.23746,0.0041593528718091,0.0001230706183148578
2.24011,0.004796603565482799,0.0001387475340498029
2.24275,0.005506600305216425,0.0001588370794312265
2.2454,0.003277040094339622,9.771981138932167e-05
2.24804,0.004823258115982245,0.0001405323457826341
2.25068,0.004717869173140952,0.0001376402605606443
2.25333,0.003928771781354052,0.000115546691371395
2.25597,0.00382327753884573,0.0001133975622558157
2.25861,0.004182010613207549,0.0001230048994704119
2.26126,0.004287491120976694,0.0001261908628312723
2.2639,0.004503543146503885,0.0001314045009355227
2.26655,0.003943454217536069,0.0001167093378024723
2.26919,0.004435114386792454,0.0001315779726040401
2.27183,0.005364507561043287,0.0001539232769078831
2.27448,0.004175182158712543,0.0001226966792812774
2.27712,0.004856406908990014,0.0001406347340607321
2.27976,0.005138408573806882,0.0001507809450058588
2.28241,0.003996067425083239,0.0001187503822387983
2.28505,0.004133515538290787,0.000121559707909442
2.28769,0.00336675541065483,0.0001005126776869253
2.29034,0.0046524849472808,0.000134403386813197
2.29298,0.004175037943951162,0.00012334341941401
2.29563,0.00512485467536071,0.0001476031618195229
2.29827,0.003095237930077691,9.286935672031204e-05
2.30091,0.004124661209766928,0.0001234747538977674
2.30356,0.005389612375138734,0.0001537202942883482
2.3062,0.003579877358490565,0.000107207115628877
2.30884,0.004948502913429521,0.0001432681800796584
2.31149,0.004796683684794671,0.0001409981636277968
2.31413,0.003115972807991122,9.383097142957354e-05
2.31678,0.00405019603218646,0.0001201371031646358
2.31942,0.004864629439511653,0.0001423615163573028
2.32206,0.004187097044950057,0.0001222227929561886
2.32471,0.002639439164816874,8.056128377587963e-05
2.32735,0.004731738970588236,0.0001388881713385296
2.32999,0.004534542452830187,0.000132904546383324
2.33264,0.004646109739178692,0.0001382143353062919
2.33528,0.00350337486126526,0.0001033055360324316
2.33793,0.005411457477802444,0.0001571289152374888
2.34057,0.003372382075471701,0.0001007272911515736
2.34321,0.004685892411209766,0.0001370535054503085
2.34586,0.002361734184239732,7.30873721751364e-05
2.3485,0.002655476761931186,8.063676335801134e-05
2.35114,0.003408623473917869,0.0001020633401389894
2.35379,0.005029716426193115,0.0001454579418061095
2.35643,0.004441425499445064,0.0001298510442561588
2.35908,0.004289647475027746,0.0001274005153673492
2.36172,0.004663269006659267,0.0001365127495016275
2.36436,0.003025291481687016,9.122844875758323e-05
2.36701,0.004242912735849057,0.0001243018473531707
2.36965,0.004286955466148724,0.0001259445973899771
2.37229,0.004181687846836851,0.0001235615855703043
2.37494,0.004613279134295227,0.0001351031653879455
2.37758,0.003636304245283017,0.0001098765764117695
2.38022,0.003673232380688121,0.0001083632041664009
2.38287,0.003925924112097673,0.0001178189670157129
2.38551,0.004067023376803549,0.000118938041880621
2.38816,0.004444712680355164,0.0001311294840105204
2.3908,0.004952495144284128,0.0001448730378244236
2.39344,0.002990169464483907,9.049260718140066e-05
2.39609,0.003520685210876802,0.0001056815267444126
2.39873,0.003449511792452832,0.0001027579868977511
2.40137,0.004636296268035517,0.0001360584293659548
2.40402,0.004683221004439513,0.0001352091572326217
2.40666,0.003556677094894565,0.0001062144217783648
2.40931,0.003649915371809099,0.0001091292449023863
2.41195,0.002616442633185349,7.911087356111761e-05
2.41459,0.003697927441731412,0.0001106748352001674
2.41724,0.003837117577691453,0.0001133003459266818
2.41988,0.003344024417314097,0.0001004438060612558
2.42252,0.002806087333518315,8.5393518619609e-05
2.42517,0.003404143659822422,0.0001012212752568557
2.42781,0.002810269561598225,8.563467317060803e-05
2.43046,0.004253914261931185,0.0001250046151312627
2.4331,0.004446198321309657,0.0001308060160229112
2.43574,0.004114112930077693,0.0001215960224580392
2.43839,0.003012438054938955,9.140558850199594e-05
2.44103,0.003027012902330743,9.1415425551093e-05
2.44367,0.003913702483351831,0.0001159376256856058
2.44632,0.004710010613207547,0.0001380435730253444
2.44896,0.003575450194228636,0.0001065460554557809
2.45161,0.00350981645394007,0.0001047546259687155
2.45425,0.004261388249167592,0.0001264115750251833
2.45689,0.001737185835183127,5.339529373477904e-05
2.45954,0.003378178135405106,0.0001019189995973751
2.46218,0.003407531562153161,0.0001024027928681068
2.46482,0.003941265815760264,0.0001161555788981764
2.46747,0.003876492785793564,0.0001148103641251969
2.47011,0.003917937361265261,0.0001172176188598426
2.47275,0.003967341218091011,0.0001188771934920591
2.4754,0.004758624722530519,0.0001383403271691945
2.47804,0.003340409891786905,0.0001004086455019835
2.48069,0.003173693049389564,9.58302166884403e-05
2.48333,0.004899586639844614,0.0001442509924783352
2.48597,0.002969384225860156,9.04205682616861e-05
2.48862,0.003606914192563817,0.0001075662515511589
2.49126,0.004853458518312983,0.0001431710044345061
2.4939,0.002554659198113207,7.764344230646941e-05
2.49655,0.002919030382907882,8.895793652793864e-05
2.49919,0.003581710946170919,0.0001070890603073216
2.50184,0.002677788845726971,8.151400267481792e-05
2.50448,0.002746973016093231,8.390804793706912e-05
2.50712,0.004628266023862376,0.0001369032906157761
2.50977,0.004499995005549391,0.0001323903116495042
2.51241,0.00248162014428413,7.573383998461428e-05
2.51505,0.004368047655382911,0.0001295867030197758
2.5177,0.002152144353496116,6.682570177753648e-05
2.52034,0.003382019284128747,0.0001014452746685793
2.52299,0.003757879578246397,0.0001128984778993485
2.52563,0.004285723917869033,0.0001271204050105358
2.52827,0.003510397891231966,0.0001058117217241999
2.53092,0.004050571448390679,0.0001204629020131925
2.53356,0.002832803690344065,8.57817961078365e-05
2.5362,0.002738933615427303,8.401685961545834e-05
2.53885,0.004492376803551608,0.0001326831064310365
2.54149,0.003058827136514981,9.292520325646073e-05
2.54414,0.003274471698113208,9.931444140478561e-05
2.54678,0.00314044124583796,9.541368083786597e-05
2.54942,0.002327417938401779,7.173442375811423e-05
2.55207,0.001353430355160934,4.253137660482572e-05
2.55471,0.002329496462264152,7.171286542575755e-05
2.55735,0.003268851900665928,9.923184220631401e-05
2.56,0.003070135405105437,9.390620640448659e-05
2.56264,0.003863188401775806,0.0001168725600121279
2.56529,0.00379628190899001,0.0001129886837774401
2.56793,0.004138682089345174,0.0001236327998450056
2.57057,0.003788711778579358,0.0001132582702192736
2.57322,0.00296665330188679,9.067274885382535e-05
2.57586,0.003775462333518314,0.0001129586184108067
2.5785,0.00440125367647059,0.0001303433562646332
2.58115,0.00502230195615982,0.0001488072945681406
2.58379,0.003654523376803552,0.000110170763763545
2.58643,0.004529032533296338,0.0001342366981103501
2.58908,0.002479253190898999,7.630612949904762e-05
2.59172,0.003470853288013321,0.000104880243671365
2.59437,0.002629902677580468,8.117732247741912e-05
2.59701,0.004002863831853497,0.0001193560658350009
2.59965,0.003034480022197559,9.231845956725923e-05
2.6023,0.003606319020532743,0.0001088185664337046
2.60494,0.003332860363485017,0.0001015724706251639
2.60758,0.004039015954495006,0.0001224708225475606
2.61023,0.005165903232519425,0.000151856271554302
2.61287,0.004053890677025527,0.0001217886853461072
2.61552,0.002530586778579357,7.844743069257399e-05
2.61816,0.002814795158157605,8.631133006117836e-05
2.6208,0.003435188748612655,0.0001038567537968768
2.62345,0.003866418354605995,0.0001165671571602977
2.62609,0.00295876040510544,9.091948358316441e-05
2.62873,0.003811250485571588,0.0001151001562326443
2.63138,0.002967454495005548,9.090075446927899e-05
2.63402,0.00350839033018868,0.0001064433823575208
2.63667,0.003986684309100997,0.00012001002537493
2.63931,0.00370956763318535,0.0001130616599933877
2.64195,0.004236432228079912,0.0001269045439069878
2.6446,0.001987478565482799,6.166251413807273e-05
2.64724,0.003022306465038848,9.220281125547025e-05
2.64988,0.003195226831298557,9.816924367048059e-05
2.65253,0.00395871809100999,0.0001198913194099258
2.65517,0.002433106756381797,7.545636216266633e-05
2.65782,0.002018713651498334,6.30886582410072e-05
2.66046,0.002127696517758046,6.648282003215926e-05
2.6631,0.003666250554938956,0.0001108973976198373
2.66575,0.002562529203662597,7.873969919812994e-05
2.66839,0.003205953662597114,9.869375431215759e-05
2.67103,0.003930170435627083,0.0001211708489952413
2.67368,0.003109146642619309,9.885087953190804e-05
2.67632,0.003640246115427301,0.0001163450167166006
2.67896,0.004416801401220866,0.0001382637867033827
2.68161,0.003903101553829075,0.0001262575200522889
2.68425,0.004214307852386236,0.0001367789426993986
2.6869,0.003870332755271924,0.0001260687495929933
2.68954,0.004505811667591565,0.0001457330134288727
2.69218,0.005423603565482797,0.0001729203541353003
2.69483,0.003503999791897893,0.0001177083596314396
2.69747,0.003165328593229745,0.0001070344038457422
2.70011,0.002496822211431743,8.441957231375419e-05
2.70276,0.004783670019422866,0.0001594579867839469
2.7054,0.003907215108213099,0.0001311270890348037
2.70805,0.002156063332408434,7.57967432915522e-05
2.71069,0.002587975097114317,8.937400450933597e-05
2.71333,0.002198618132630414,7.764162144657077e-05
2.71598,0.004392843437846836,0.0001503843696087129
2.71862,0.004414658781908991,0.0001517360906038434
2.72126,0.003119324084350723,0.0001100406102449743
2.72391,0.003507955396781354,0.0001223499346755906
2.72655,0.003050256659267481,0.0001056794490837218
2.7292,0.003361060072142063,0.0001142258468433749
2.73184,0.001777845241398445,6.149467575115374e-05
2.73448,0.003888176470588235,0.0001284407819186582
2.73713,0.003992029411764707,0.000129384910253343
2.73977,0.002850418493340731,9.557327609275239e-05
2.74241,0.003050350513318538,0.0001007914503766436
2.74506,0.002894864109322975,9.488877887619754e-05
2.7477,0.004243068396226418,0.0001364468417434358
2.75035,0.002840813332408437,9.260759838061013e-05
2.75299,0.002560810072142064,8.478891638533405e-05
2.75563,0.003861927094894565,0.0001225706812321647
2.75828,0.003311363207547171,0.000106315679464977
2.76092,0.00235436320754717,7.802560281991136e-05
2.76356,0.00370494589345172,0.0001179772389644953
2.76621,0.004949750485571586,0.0001540583492475989
2.76885,0.002527972599889013,8.275221001296567e-05
2.77149,0.004301338027192013,0.0001354426862427198
2.77414,0.002163017688679245,7.104521644400217e-05
2.77678,0.002809527885682574,9.035387507721789e-05
2.77943,0.003732081159822423,0.0001179356197659745
2.78207,0.003509308268590455,0.0001120056945419358
2.78471,0.002874685488346281,9.33160406307141e-05
2.78736,0.003227368410099892,0.0001034403206233297
2.79,0.001820848709766924,5.944043278861803e-05
2.79264,0.003774228496115427,0.000119502304441961
2.79529,0.003745921198668146,0.0001184205881085453
2.79793,0.002821896018312986,9.050666509589193e-05
2.80058,0.003909376040510545,0.0001218803526097029
2.80322,0.003968362167036623,0.0001253117278167785
2.80586,0.00270021309655938,8.734231027650866e-05
2.80851,0.002918600027746946,9.314322427089181e-05
2.81115,0.002392065066592678,7.683382443241952e-05
2.81379,0.003917236889567147,0.000122499076262424
2.81644,0.003351441176470584,0.0001066553781397331
2.81908,0.003922066939511654,0.0001227143627535985
2.82173,0.004579722877358492,0.0001415159668676183
2.82437,0.002730452413984461,8.692335570940415e-05
2.82701,0.004447615288568261,0.000137100648964648
2.82966,0.003139699569922309,9.999103489420811e-05
2.8323,0.002818363901220862,8.921044525075663e-05
2.83494,0.002964810557713653,9.407056039817625e-05
2.83759,0.002843388596004438,8.968978279338536e-05
2.84023,0.002464563887347391,7.896863824190145e-05
2.84288,0.002476153718091009,7.993688204844992e-05
2.84552,0.002138372988346279,6.805896360135799e-05
2.84816,0.003344054175915652,0.0001062279927106143
2.85081,0.00314910786625971,9.962390931543571e-05
2.85345,0.003192985779689236,0.0001007162006820357
2.85609,0.003284807089345172,0.0001033259930859164
2.85874,0.003270825124861269,0.0001029515775380143
2.86138,0.003819143382352943,0.000119875932809665
2.86402,0.003955714761376247,0.0001233893730237074
2.86667,0.003940489802996673,0.000122844030017499
2.86931,0.003124060280244173,9.871421684264885e-05
2.87196,0.002544550430077693,8.082061539604626e-05
2.8746,0.003285338165926748,0.0001044899866299811
2.87724,0.002046439511653719,6.626998372707267e-05
2.87989,0.002279005271920089,7.347372944202685e-05
2.88253,0.004018612999445064,0.0001251001178838147
2.88517,0.002036683268590455,6.633262607248109e-05
2.88782,0.003327160446725861,0.0001055038495314668
2.89046,0.002711754855715872,8.563833104678861e-05
2.89311,0.002762969408990011,8.858982474145608e-05
2.89575,0.003944026498335185,0.0001232566067769669
2.89839,0.002036600860155382,6.528444030587632e-05
2.90104,0.002698299389567151,8.639120605593565e-05
2.90368,0.003754693118756937,0.0001163196662563515
2.90632,0.002966271018312985,9.407932730825135e-05
2.90897,0.002314182228079911,7.481787228084712e-05
2.91161,0.001851996809100998,6.007937611600065e-05
2.91426,0.002977203870699222,9.388126153967829e-05
2.9169,0.002687803759711433,8.627124583600443e-05
2.91954,0.002752840038845729,8.796775962259636e-05
2.92219,0.002524516023862376,7.967299813679703e-05
2.92483,0.004326133809655938,0.000133593487151366
2.92747,0.004398557089345174,0.0001352332893230144
2.93012,0.003431803135405105,0.0001087378750009669
2.93276,0.002212286487236407,7.108691696607079e-05
2.93541,0.005833878537735847,0.0001738435628659267
2.93805,0.001993361612097671,6.410514420268828e-05
2.94069,0.002907403926193118,9.170662130391029e-05
2.94334,0.00286534357658158,9.159766214535804e-05
2.94598,0.00103065253884573,3.3507503910266e-05
2.94862,0.004576895810210877,0.000141195869608675
2.95127,0.001890744797447279,6.138859346287612e-05
2.95391,0.003174363762486128,9.989311006272953e-05
2.95655,0.00260489858490566,8.276641749283674e-05
2.9592,0.002659432366814647,8.352431406177173e-05
2.96184,0.003579572905105438,0.0001123605068985394
2.96449,0.002310366259711433,7.486889116916391e-05
2.96713,0.003743073529411767,0.0001166226588496069
2.96977,0.003777962056048833,0.000118144418664514
2.97242,0.003148904134295226,9.916671678352082e-05
2.97506,0.003590402746947839,0.0001134412459461377
2.9777,0.001728706922863487,5.605197824397418e-05
2.98035,0.002887117716426193,9.127857132830176e-05
2.98299,0.00292426560765816,9.31852570243817e-05
2.98564,0.004227708379578247,0.0001302131402922269
2.98828,0.004153252358490563,0.0001287700655514772
2.99092,0.002306520532741396,7.353903995718624e-05
2.99357,0.003584457894006659,0.0001122373433158209
2.99621,0.002703026428967814,8.646298210300969e-05
2.99885,0.003687713374028856,0.0001151748930828969
3.0015,0.003122929453385131,9.855561198158602e-05
3.00414,0.003385544533851275,0.0001065239789483872
3.00679,0.004052157810765816,0.0001254040616050669
3.00943,0.001881979744728083,6.109280095413139e-05
3.01207,0.002689529758601553,8.49069196216461e-05
3.01472,0.003673257561043284,0.0001151988451763937
3.01736,0.002171343229744725,6.999823971655982e-05
3.02,0.003123833657047724,9.845576262726398e-05
3.02265,0.002121444922308546,6.815407457739288e-05
3.02529,0.002627418978912319,8.330815338765485e-05
3.02794,0.002418483837402883,7.748830888721877e-05
3.03058,0.003919695407880134,0.0001212123242266671
3.03322,0.003641530313540508,0.0001139773591941596
3.03587,0.003109787597114316,9.800073667634981e-05
3.03851,0.002551820685349611,8.045928013862486e-05
3.04115,0.005078831853496116,0.0001540718423983887
3.0438,0.003054006243063265,9.593534065857354e-05
3.04644,0.003768386653718091,0.0001162896624788145
3.04908,0.002020929522752498,6.518915619342338e-05
3.05173,0.003395703662597117,0.0001059023684225565
3.05437,0.002934012694228633,9.255218713931598e-05
3.05702,0.004038544395116537,0.0001240010909767982
3.05966,0.002156688263041063,6.798476258104607e-05
3.0623,0.002677450055493899,8.473631778075335e-05
3.06495,0.0008339573390677028,2.722730242339843e-05
3.06759,0.002791349958379576,8.770937051508824e-05
3.07023,0.00352639886237514,0.0001095769886751712
3.07288,0.003586037389012209,0.0001113397877105364
3.07552,0.002478662597114316,7.896342918980247e-05
3.07817,0.002054160724195338,6.599917491479745e-05
3.08081,0.00298720276082131,9.329278985283427e-05
3.08345,0.001574980854605994,5.080514789065082e-05
3.0861,0.002860618826304109,8.964112396194587e-05
3.08874,0.002045182783018867,6.518016958398932e-05
3.09138,0.001573064858490568,5.075250991525097e-05
3.09403,0.003345230785238625,0.000104128711630069
3.09667,0.002377815274694781,7.601505031262594e-05
3.09932,0.003723510682574919,0.0001141319400657155
3.10196,0.002838501317980024,8.911417854673974e-05
3.1046,0.002024523446170921,6.446963939535269e-05
3.10725,0.002638232796892346,8.313173478961919e-05
3.10989,0.00254180577136515,8.061494001364019e-05
3.11253,0.002415713998335186,7.634700499161252e-05
3.11518,0.003855322974472806,0.0001188637008557296
3.11782,0.003000642203107656,9.362095971192991e-05
3.12047,0.00238129016370699,7.524442235839084e-05
3.12311,0.003436090663152053,0.0001070303350277342
3.12575,0.003261288637624862,0.0001010996938320132
3.1284,0.003211230091564928,0.0001004083661324076
3.13104,0.002912249999999999,9.14056519728109e-05
3.13368,0.003584608976137626,0.0001120273067624013
3.13633,0.004841903024417313,0.000146014887183664
3.13897,0.002007512971698112,6.385932382710342e-05
3.14161,0.005166594547724752,0.0001564029726577417
3.14426,0.002883281145948943,9.134095931552668e-05
3.1469,0.003084639289678137,9.657640661831826e-05
3.14955,0.003361279827968925,0.0001046290215299495
3.15219,0.003047218992785791,9.510211867017457e-05
3.15483,0.003304960529966703,0.0001026576675491544
3.15748,0.003764595865704771,0.0001162063255512688
3.16012,0.002587540163706991,8.175710869358625e-05
3.16276,0.002903031700887905,9.148480623188707e-05
3.16541,0.002027542799667035,6.508695579861425e-05
3.16805,0.004639130202552719,0.0001408097683893892
3.1707,0.003071284544950055,9.621601265484594e-05
3.17334,0.002221053829078804,7.027165746434006e-05
3.17598,0.002600862860710324,8.231451162460092e-05
3.17863,0.003460581992230855,0.0001072320343076307
3.18127,0.002848250693673698,8.931713995874767e-05
3.18391,0.003842469547724749,0.0001182068522358804
3.18656,0.0009895650665926769,3.212869146489194e-05
3.1892,0.003394511029411762,0.0001061750041106517
3.19185,0.003622084211986685,0.0001118639182370284
3.19449,0.004824336293007772,0.0001458096975215884
3.19713,0.002520745837957827,7.97469001653667e-05
3.19978,0.002682982866259713,8.401403171556621e-05
3.20242,0.002953918909544953,9.218838168960649e-05
3.20506,0.002696241467813541,8.432180442463211e-05
3.20771,0.003891127150388458,0.0001188849983897627
3.21035,0.003247984253607104,0.0001005687295957803
3.213,0.002678967744173141,8.381016593273539e-05
3.21564,0.00256335328801332,7.942172438638353e-05
3.21828,0.002798514913984462,8.713186347131787e-05
3.22093,0.00235426706437292,7.398741889083803e-05
3.22357,0.00236357235016648,7.446737734566774e-05
3.22621,0.002363016093229746,7.399681301394767e-05
3.22886,0.002092432574916761,6.581538281272205e-05
3.2315,0.002737095449500555,8.767299683238295e-05
3.23414,0.003601106687014431,0.0001154424000075337
3.23679,0.002808827413984464,9.207489928829472e-05
3.23943,0.002417797100443949,8.057915683007839e-05
3.24208,0.003117497364039955,0.0001041383608856426
3.24472,0.003457741190344062,0.0001160190694114881
3.24736,0.003591858629300777,0.0001196873526229918
3.25001,0.002995823598779138,0.0001025684048641075
3.25265,0.002037413498890121,7.210070409798634e-05
3.25529,0.002977508324084353,0.0001045008782925278
3.25794,0.00222051817425083,7.846809225394107e-05
3.26058,0.002647728079911208,9.341576175388658e-05
3.26323,0.003177863831853494,0.0001112984272780004
3.26587,0.002769314858490567,9.876907945551753e-05
3.26851,0.003071181534406215,0.0001101645852263482
3.27116,0.002546816662042176,9.186750496375934e-05
3.2738,0.001541651220865702,5.698926959877101e-05
3.27644,0.00281596261098779,0.0001024676839109116
3.27909,0.003630622641509432,0.0001310160408864558
3.28173,0.003989282463928971,0.0001419617315389347
3.28438,0.004330091703662599,0.0001563256239951111
3.28702,0.002074742230854606,7.550322289063165e-05
3.28966,0.003376935141509432,0.0001185958218883636
3.29231,0.002598933129855716,9.123058918562571e-05
3.29495,0.004783058823529411,0.0001597802860872422
3.29759,0.003731275388457271,0.0001264450048997521
3.30024,0.002291725929522754,7.935780242854896e-05
3.30288,0.003612881936736962,0.0001218125972821184
3.30553,0.003215329911209765,0.0001086869741888728
3.30817,0.003467957547169811,0.0001163605891186782
3.31081,0.001741015538290787,6.058873187279206e-05
3.31346,0.003308490357935629,0.0001116793095534926
3.3161,0.001415930285793564,4.922251013951838e-05
3.31874,0.001231516231964482,4.319682676629598e-05
3.32139,0.001638382699778025,5.653719321568536e-05
3.32403,0.003209007352941177,0.0001078283826926948
3.32667,0.002064855507769142,7.0166456801597e-05
3.32932,0.002901497988346285,9.713778192994147e-05
3.33196,0.003569519076026637,0.0001187554770366143
3.33461,0.003864848016093232,0.0001275392098418784
3.33725,0.003654283018867925,0.0001205954651860396
3.33989,0.003511405105438405,0.00011603770584588
3.34254,0.002501849125971144,8.330083529608976e-05
3.34518,0.004091201096004437,0.0001333313532598443
3.34782,0.00350119790510544,0.0001147919911851015
3.35047,0.00257919630965594,8.568778057936164e-05
3.35311,0.004234818396226416,0.0001363474214770554
3.35576,0.003095086847946723,0.0001022537587765157
3.3584,0.002525207339067706,8.394509393720038e-05
3.36104,0.002564211709211988,8.501217128666712e-05
3.36369,0.004709099542175362,0.0001511606124689425
3.36633,0.003195190205327415,0.0001046275397992515
3.36897,0.003847102733074364,0.0001249348448399263
3.37162,0.001830687361265261,6.095682859322097e-05
3.37426,0.001838804592119868,6.212143536429245e-05
3.37691,0.003032216079356268,0.000100005116632617
3.37955,0.001687562222530523,5.665987202908544e-05
3.38219,0.0054679461709212,0.0001706461268348934
3.38484,0.002988464067702552,9.776612193411952e-05
3.38748,0.004282207824639293,0.0001370312876359727
3.39012,0.002423597738623749,8.094092796346995e-05
3.39277,0.004144908504439508,0.0001327484287522471
3.39541,0.002453161764705882,8.08987893683131e-05
3.39806,0.002581712056048833,8.567788591921085e-05
3.4007,0.00300251012763596,9.8629034606708e-05
3.40334,0.002382393521087683,7.923144414688877e-05
3.40599,0.003660037874583795,0.0001185105909772857
3.40863,0.001206809725305215,4.070618789791228e-05
3.41127,0.002886550013873475,9.46736384309915e-05
3.41392,0.002153570477247502,7.158536689358221e-05
3.41656,0.003788318049389568,0.0001220698307335157
3.41921,0.001151577760821311,3.913750103051438e-05
3.42185,0.002228401914539401,7.371976337007747e-05
3.42449,0.001567731201442843,5.298478981773357e-05
3.42714,0.002451406007214206,8.035550103629249e-05
3.42978,0.0030737064372919,0.0001003217415096507
3.43242,0.002518765746392896,8.331195069831005e-05
3.43507,0.001572517758046613,5.298782654382119e-05
3.43771,0.002364334628190899,7.828475915405887e-05
3.44035,0.001946571933962264,6.462460987859768e-05
3.443,0.003821530937846838,0.0001228447443390528
3.44564,0.002776312708102112,9.110614660025418e-05
3.44829,0.004948692910654828,0.0001541324396693507
3.45093,0.002706148793007769,8.84068132119343e-05
3.45357,0.003356438332408433,0.0001081078954637447
3.45622,0.003329950887902329,0.0001074382145386588
3.45886,0.003280116675915651,0.0001064723048272781
3.4615,0.00275020296892342,8.888728844584484e-05
3.46415,0.002186868063263041,7.184469936396057e-05
3.46679,0.003106571379023305,0.0001003257409014407
3.46944,0.003290035446725859,0.00010610873197556
3.47208,0.003284868895671476,0.0001057407963376426
3.47472,0.003985468784683686,0.0001265258362875113
3.47737,0.003588573737513875,0.0001142011590886557
3.48001,0.00318498300499445,0.0001017156988368736
3.48265,0.002241646781354052,7.287615061541345e-05
3.4853,0.003251026498335184,0.0001038739293592572
3.48794,0.003976463374028859,0.0001261767918408737
3.49059,0.002644051748057712,8.602266447046502e-05
3.49323,0.004805810418978912,0.0001480298390851702
3.49587,0.003513002913429522,0.000110533102997655
3.49852,0.002091306326304109,6.861764183051602e-05
3.50116,0.003400794672586019,0.0001087692029672502
3.5038,0.003268123959489459,0.0001044715921009764
3.50645,0.001701125277469478,5.6009243237135e-05
3.50909,0.00284774479744728,9.167304002105432e-05
3.51174,0.002339598362930081,7.587113178008198e-05
3.51438,0.002053249653163154,6.758498063549502e-05
3.51702,0.003230490774139846,0.0001027748147885104
3.51967,0.004564182019977802,0.0001427913646918377
3.52231,0.00308908247780244,9.886374172773664e-05
3.52495,0.0030105403718091,9.728235363195012e-05
3.5276,0.001062855923973365,3.530757189140053e-05
3.53024,0.002290313540510545,7.420137198902218e-05
3.53288,0.003256882075471697,0.0001038215494250012
3.53553,0.001257197905105438,4.19488577060365e-05
3.53817,0.003948813054938956,0.0001248477206416606
3.54082,0.001445318049389568,4.766572984764808e-05
3.54346,0.002620711847946725,8.464641926769431e-05
3.5461,0.003196266093229748,0.0001030541753642781
3.54875,0.002175653648723637,7.09716605907861e-05
3.55139,0.0043940910099889,0.0001369464005846977
3.55403,0.001688731964483905,5.573481819498551e-05
3.55668,0.002583998890122088,8.30826415113177e-05
3.55932,0.002985298210321868,9.595691416415696e-05
3.56197,0.003377212125416204,0.0001072407963043819
3.56461,0.002871753121531633,9.195174958378506e-05
3.56725,0.002623577830188683,8.49572021588899e-05
3.5699,0.004763885127635959,0.0001483389522699138
3.57254,0.003051758324084353,9.693526305086641e-05
3.57518,0.002141850166481685,6.956698768867082e-05
3.57783,0.002818384503329635,9.084555862259441e-05
3.58047,0.003682617785793565,0.000116708198471445
3.58312,0.002607517341842398,8.42599771678071e-05
3.58576,0.001508303274139844,4.964954034760511e-05
3.5884,0.00153338519700333,5.064242400537621e-05
3.59105,0.002578285238623751,8.326399970800447e-05
3.59369,0.00241214983351831,7.819359970725956e-05
3.59633,0.002346900665926748,7.578920741896371e-05
3.59898,0.003560184031631522,0.0001124036921831782
3.60162,0.002628609322974473,8.52515816949723e-05
3.60427,0.003484285862930081,0.000111087694220652
3.60691,0.005120091009988901,0.0001570584449406213
3.60955,0.002328312985571585,7.552837057520365e-05
3.6122,0.002582176748057711,8.359189902626826e-05
3.61484,0.001277337610987793,4.269752386945358e-05
3.61748,0.002491092536071036,8.021810008660522e-05
3.62013,0.002295209975027746,7.436670187986972e-05
3.62277,0.00274488533573807,8.840770284403722e-05
3.62541,0.002351266023862377,7.602544165571773e-05
3.62806,0.003588303620976693,0.0001142523138998681
3.6307,0.001342325818534961,4.448282952874723e-05
3.63335,0.003239212333518313,0.0001038213676912375
3.63599,0.002408741329078804,7.814514866244418e-05
3.63863,0.003017368826304106,9.65977819347441e-05
3.64128,0.002435318049389567,7.893164964041113e-05
3.64392,0.004597555147058827,0.0001428927456677326
3.64656,0.002764001803551611,8.878566910108388e-05
3.64921,0.002405971490011099,7.845720545127987e-05
3.65185,0.003026246046059935,9.698539374363028e-05
3.6545,0.003758914261931185,0.0001183381149428991
3.65714,0.002049440552164262,6.681253700770336e-05
3.65978,0.0017146448390677,5.643767763554916e-05
3.66243,0.003026848085460598,9.689758840386703e-05
3.66507,0.00282649486681465,9.079724712949917e-05
3.66771,0.002969764220310765,9.511540878869689e-05
3.67036,0.003274114594894565,0.000103889327407537
3.673,0.002351488068812432,7.611131940156951e-05
3.67565,0.002215191384572696,7.157515622386061e-05
3.67829,0.004010601068257491,0.0001252243913717317
3.68093,0.003122167175360712,9.998338012345003e-05
3.68358,0.002067538360155385,6.665523734437461e-05
3.68622,0.003347709905660376,0.0001064668902775782
3.68886,0.003212122849611546,0.0001012017812053742
3.69151,0.003318013110432855,0.0001049757496094304
3.69415,0.002486202968923417,7.95015765898735e-05
3.6968,0.003282923140954494,0.0001028175432840558
3.69944,0.003244262139289679,0.0001030009936313448
3.70208,0.002749062985571589,8.712255084799367e-05
3.70473,0.003753042660932299,0.0001172181036717179
3.70737,0.002928614941731407,9.204802093109194e-05
3.71001,0.002735309933407324,8.632940458533308e-05
3.71266,0.002202223501664818,7.05336513931651e-05
3.7153,0.00312130417591565,9.9080816282742e-05
3.71794,0.002653201373473919,8.4499305973994e-05
3.72059,0.002023095033296337,6.532645301760676e-05
3.72323,0.001824811182019976,5.889191332527612e-05
3.72588,0.003347620629855717,0.0001053593836170064
3.72852,0.002820701096004438,8.92628820245963e-05
3.73116,0.002679230993340736,8.467636225662667e-05
3.73381,0.001053923765260823,3.475242567958297e-05
3.73645,0.002979495283018867,9.357011077726948e-05
3.73909,0.001962490496670366,6.364935563222873e-05
3.74174,0.003063103218645951,9.591832294341421e-05
3.74438,0.003573472391786905,0.0001114970918993365
3.74703,0.00330791349889012,0.0001045197510774996
3.74967,0.00261650672863485,8.369623995575605e-05
3.75231,0.003338983768035519,0.0001035825895267637
3.75496,0.001841769006659269,5.948462195782715e-05
3.7576,0.002696381104328524,8.52179829362313e-05
3.76024,0.002516490357935625,8.042733881891639e-05
3.76289,0.00136770074916759,4.449939738329894e-05
3.76553,0.003086587333518312,9.7354931619577e-05
3.76818,0.003418400319089901,0.0001070881186423847
3.77082,0.002709520671476141,8.552018167429809e-05
3.77346,0.002732968160377359,8.67953184956313e-05
3.77611,0.00368702205882353,0.000114780597545218
3.77875,0.002385486126526081,7.609593393202852e-05
3.78139,0.001436807089345171,4.688137156443113e-05
3.78404,0.002793162943951166,8.852656585487511e-05
3.78668,0.002903308684794674,9.156377990517972e-05
3.78933,0.001631574847391788,5.280147802097897e-05
3.79197,0.002431790510543842,8.0231609142166e-05
3.79461,0.003212667660932299,0.0001059906736883741
3.79726,0.003165289678135406,0.0001050616450393358
3.7999,0.003953661417869034,0.0001319173656594638
3.80254,0.003489974334073252,0.0001182833879007757
3.80519,0.003499657325194228,0.0001199511033323268
3.80783,0.00128000672863485,4.611973520449132e-05
3.81047,0.003016256312430635,0.0001061619424050156
3.81312,0.004178908851276358,0.0001468358233070535
3.81576,0.002877812430632629,0.0001031198153464779
3.81841,0.003824946309655939,0.0001344326599410634
3.82105,0.003199807366814651,0.0001162129806650789
3.82369,0.003168528787458383,0.0001147989151193307
3.82634,0.001802489941731412,6.747805518183545e-05
3.82898,0.001497395602108769,5.679940337500345e-05
3.83162,0.001720775110987793,6.540522584508485e-05
3.83427,0.001842563332408432,7.040994511939716e-05
3.83691,0.002443519977802443,9.335257618624539e-05
3.83956,0.003475788637624862,0.0001302481462885752
3.8422,0.003158452067147613,0.0001196260841816421
3.84484,0.002574714206437293,9.917572434491839e-05
3.84749,0.003290697003329634,0.0001219371081786926
3.85013,0.002626771157047725,9.621254251503421e-05
3.85277,0.001976426678690347,7.201406852458278e-05
3.85542,0.002982185002774697,0.0001069618407420717
3.85806,0.002986495421753609,0.0001059776052305372
3.86071,0.003385320199778023,0.000118366097336701
3.86335,0.002682085529966706,9.435873098860997e-05
3.86599,0.003422300985016649,0.000117919596244879
3.86864,0.003532387208657049,0.0001210266283088604
3.87128,0.002628872572142064,9.219409382558537e-05
3.87392,0.002566207824639289,8.944017188144686e-05
3.87657,0.003238887278024418,0.0001114573299470504
3.87921,0.003696206021087682,0.0001260492696016261
3.88186,0.002797516856270811,9.682263103575905e-05
3.8845,0.003307185557713651,0.0001134052755804834
3.88714,0.003198859669811324,0.00010877642755798
3.88979,0.002975894492230853,0.0001025976057660424
3.89243,0.001941975374583796,6.80318540403328e-05
3.89507,0.002305012000554937,7.903927182407544e-05
3.89772,0.002547338582130969,8.679662608865999e-05
3.90036,0.00201997953662597,6.929353043124072e-05
3.903,0.003630947697003332,0.0001204406482437663
3.90565,0.002713920366259712,9.160398390795868e-05
3.90829,0.002777976900665927,9.331105305248051e-05
3.91094,0.001834684170366258,6.309861813562343e-05
3.91358,0.003341151567702551,0.0001107679902708686
3.91622,0.003257502427857936,0.0001075081883011056
3.91887,0.004223684100998892,0.0001382562282709354
3.92151,0.002405724264705882,8.064642932411344e-05
3.92415,0.003165717744173138,0.0001045177057157429
3.9268,0.004056568951165371,0.0001321893357999568
3.92944,0.003462532325194231,0.0001130226058660179
3.93209,0.003710204009433964,0.0001208311253287139
3.93473,0.001566300499445063,5.274611546062152e-05
3.93737,0.002068563887347391,6.914668758177131e-05
3.94002,0.001925324292452828,6.470664124382292e-05
3.94266,0.001698435557713653,5.741196761581671e-05
3.9453,0.0021392016509434,7.156445999837134e-05
3.94795,0.003003661556603775,9.854541115193124e-05
3.95059,0.002936267480577136,9.691004130459407e-05
3.95324,0.001769045851831299,5.991384812232563e-05
3.95588,0.002325847599889012,7.761067369408253e-05
3.95852,0.002951487860710324,9.740989516844404e-05
3.96117,0.003468140677025527,0.0001135134470541498
3.96381,0.003234675291342953,0.0001056730716494445
3.96645,0.002451699014983353,8.122782332313895e-05
3.9691,0.002607505896226413,8.625724609937299e-05
3.97174,0.003065463304661487,0.0001011343320926135
3.97439,0.004148598571032185,0.0001341931301477128
3.97703,0.001323463443396227,4.452876954814602e-05
3.97967,0.001281009364594894,4.347113362591745e-05
3.98232,0.003918871323529411,0.0001258986452554788
3.98496,0.002038313124306329,6.815795025917482e-05
3.9876,0.002252087472253052,7.483599355935087e-05
3.99025,0.002976448460044394,9.756305759983206e-05
3.99289,0.002813529273029965,9.32847772816378e-05
