0.0431807,69.18542732380689,0.4869983804801908
0.0458244,59.6458440482797,0.4345171635338942
0.0484682,52.33037767758046,0.401717030791304
0.0511119,45.89428805493895,0.3908161536957752
0.0537556,40.799471940899,0.3467880769165987
0.0563993,35.95882381381798,0.3356760831171999
0.059043,31.74284018590455,0.2929372074709004
0.0616867,28.52430337333519,0.2878735401029831
0.0643304,25.91679862167037,0.2692922657840764
0.0669742,23.37159219755827,0.2437548024883941
0.0696179,21.19989069714207,0.2371598891457612
0.0722616,19.05159893798557,0.2100879254510619
0.07490529999999999,17.40410932783019,0.2004169203760545
0.07754900000000001,15.93544116884018,0.1898932564447454
0.08019270000000001,14.5490801054384,0.1740289004367496
0.08283649999999999,13.37878528301887,0.1691266985305208
0.08548020000000001,12.229172368202,0.1537978408801932
0.08812390000000001,11.31927007075472,0.1547643477889066
0.0907676,10.35145094200888,0.1455301287895417
0.0934113,9.592234184933409,0.1378833086331965
0.096055,8.904286440066594,0.134780863353256
0.0986987,8.224563766648171,0.1241321000653397
0.101342,7.640654084350722,0.1196766330576334
0.103986,7.102108185349612,0.1091484963282964
0.10663,6.541708187430633,0.1049205136518485
0.109274,6.10530983282464,0.1007723671405729
0.111917,5.756793687569369,0.09440835922504463
0.114561,5.323095033296338,0.08816119775412708
0.117205,5.005888462125416,0.08411844484368478
0.119848,4.67770524764151,0.07941492444234347
0.122492,4.345254168978912,0.07318350519610919
0.125136,4.090240259433963,0.07074072106872398
0.12778,3.865019356964484,0.06711171328552391
0.130423,3.582954924389568,0.06329654725502289
0.133067,3.39241293354606,0.06081026358228514
0.135711,3.171248288706992,0.05551606343037273
0.138354,2.983207233629301,0.05351073849695319
0.140998,2.848725,0.0510895829027116
0.143642,2.673372921059933,0.04827266481489756
0.146286,2.471134746809101,0.04427406656359349
0.148929,2.380527977247503,0.04262689805805431
0.151573,2.189176483768036,0.04055633368816878
0.154217,2.06247948945616,0.03763399298309223
0.15686,2.001519429106548,0.03691955896337003
0.159504,1.88593567008879,0.03465699859818337
0.162148,1.76012445199778,0.03259945280385641
0.164792,1.703837087264151,0.03220967199288608
0.167435,1.59084878190899,0.02957977443268404
0.170079,1.511620442563818,0.0284173420098631
0.172723,1.435152144839068,0.02692152539944036
0.175366,1.33796588582131,0.02549995150565552
0.17801,1.293151011376249,0.0245197625946778
0.180654,1.227700217813541,0.0232632662122448
0.183298,1.167130086709212,0.02243632720901349
0.185941,1.118307209350722,0.02137840487965844
0.188585,1.05487961154273,0.02030675562773943
0.191229,1.023537280105439,0.01981664259350965
0.193872,0.9688547509711432,0.0187257681593627
0.196516,0.9114138054938957,0.01785531378610483
0.19916,0.9069204397891233,0.01766257961767986
0.201804,0.8525762201720312,0.01706353268382015
0.204447,0.80989725790788,0.01601692253994098
0.207091,0.7708259766925639,0.01519977685698297
0.209735,0.7492359739178691,0.01482511150748075
0.212378,0.7014462694228635,0.01403879919935869
0.215022,0.6728437666481688,0.01348041391848195
0.217666,0.6370853274139846,0.01296712960141668
0.22031,0.6166501872918979,0.0127221993432598
0.222953,0.6058294103773584,0.01230398505815837
0.225597,0.573117153163152,0.01162078218560564
0.228241,0.5589608719478357,0.01149836375863116
0.230885,0.5383496295782464,0.01109872734444349
0.233528,0.5127016523307436,0.01072255327065089
0.236172,0.4993455570199778,0.01042724691168833
0.238816,0.4721971968645949,0.009927667645170106
0.241459,0.4462685960044396,0.009420785146902002
0.244103,0.4372919825194229,0.009136477195049911
0.246747,0.4146844644839068,0.008848908750337168
0.249391,0.4038809475582686,0.00868169024044846
0.252034,0.3927614400665927,0.008511979623914756
0.254678,0.3851532644284129,0.008249519363402019
0.257322,0.3692000901775805,0.007976862383354377
0.259965,0.3644585377358491,0.00785975590099261
0.262609,0.3457495567425084,0.007537078413802363
0.265253,0.3414799070477248,0.007533998816995365
0.267897,0.319429035099889,0.007044946920231557
0.27054,0.3099627552719201,0.006868881381441344
0.273184,0.3020514768312985,0.006651140118998262
0.275828,0.2903304564372919,0.006448582869788682
0.278471,0.2727623744450611,0.006227883607551311
0.281115,0.2793168666759157,0.006308655275645969
0.283759,0.2719423418423974,0.006182711222507894
0.286403,0.2645306645394007,0.005913605508442483
0.289046,0.2459148508601554,0.005667378247949183
0.29169,0.2506624008046615,0.005696848586521751
0.294334,0.2413032290510544,0.00557643313179471
0.296977,0.2302597891231965,0.005374434575587009
0.299621,0.2317898161764706,0.005324884702893034
0.302265,0.2136703530799112,0.005028274877347535
0.304909,0.2191880556326304,0.005083528855134396
0.307552,0.2085649445061044,0.004941707864387112
0.310196,0.2035125291342952,0.004808247271739795
0.31284,0.2010266100166482,0.004734328560442311
0.315483,0.1949814705882353,0.004635330112213252
0.318127,0.1865676998473918,0.004456163620826818
0.320771,0.1904456782741399,0.004502787117799246
0.323415,0.1833255070754717,0.00438963282549758
0.326058,0.1757666162597114,0.004224976182971189
0.328702,0.1750845491120977,0.004268235530783674
0.331346,0.1680734477663707,0.004083228957333808
0.333989,0.1598320251109878,0.003919500089462844
0.336633,0.1587655729744728,0.003859600642756547
0.339277,0.159446678690344,0.003862335699278555
0.341921,0.152780317008879,0.003795646646692647
0.344564,0.1465370379439511,0.003645821352875906
0.347208,0.1482291738346282,0.003679706008244971
0.349852,0.1438517293285239,0.003568026285478712
0.352495,0.139117733282464,0.003490246456608637
0.355139,0.135159493618202,0.003407097592908837
0.357783,0.1370434214067703,0.00344339489746355
0.360427,0.126981401845172,0.003254023833979067
0.36307,0.1325122370976693,0.003312899197436352
0.365714,0.125314924736404,0.003200094800039263
0.368358,0.1262073256798003,0.003169487317762078
0.371001,0.1214581344339623,0.003108458447825685
0.373645,0.1188958226970033,0.003064290123183757
0.376289,0.1112337336293008,0.002895161164259833
0.378933,0.1225203448251942,0.003109077189610507
0.381576,0.1145949722530522,0.002910713825965666
0.38422,0.1172960964206437,0.002987074691062483
0.386864,0.1096641093229745,0.002827933891345819
0.389507,0.1110655425915649,0.00286758844078425
0.392151,0.1083065860155383,0.002832790310483092
0.394795,0.1019386161209767,0.00266500385649793
0.397439,0.1023338629994451,0.002680386444717484
0.400082,0.1035492889844617,0.002677999213337434
0.402726,0.1012255084628191,0.002648664923236401
0.40537,0.09566577302996672,0.002542534468728562
0.408013,0.09887315968368481,0.002562559393580573
0.410657,0.09548180077691455,0.002532905209355011
0.413301,0.09451761521920089,0.002485404132343296
0.415945,0.0904091106409545,0.002426478340202902
0.418588,0.08772373564095449,0.00237791743119297
0.421232,0.0848477682436182,0.002311089831592201
0.423876,0.08644772572142065,0.002378143485213284
0.426519,0.09249561209766927,0.002498117964801736
0.429163,0.09196281867369591,0.002560815327451378
0.431807,0.08138143597391786,0.002397589458386685
0.434451,0.08268864893174251,0.002463878095382
0.437094,0.07865540156770254,0.002438150315974949
0.439738,0.08437398383740288,0.002560551885726427
0.442382,0.07562750735294119,0.002423627457049159
0.445025,0.07633054515815761,0.002434184936469234
0.447669,0.081739857727525,0.002570742229241781
0.450313,0.08302760169256382,0.002637180183021275
0.452957,0.08075658317147616,0.002551277753684514
0.4556,0.07525907984184241,0.002418868558866254
0.458244,0.07103504092674807,0.002287616121828097
0.460888,0.0720419689927858,0.002324281788100747
0.463531,0.07404797572142063,0.002394753366209504
0.466175,0.0732937645671476,0.002346359031422203
0.468819,0.07214427448668147,0.002372860290720415
0.471463,0.07007482928690345,0.002260646843524143
0.474106,0.06833997606825749,0.002274253866403218
0.47675,0.07319227857935628,0.002377863132398812
0.479394,0.06486561355438403,0.002197093146010959
0.482037,0.06395542841287459,0.002202101786399758
0.484681,0.06516127212819089,0.002116648404514439
0.487325,0.06278654488068813,0.002066858102839241
0.489969,0.06296578322697004,0.002017355761741344
0.492612,0.06023973508601554,0.001958765337803596
0.495256,0.06337470761653718,0.001989464202489437
0.4979,0.06106195380133186,0.00191692193636359
0.500543,0.05973990961431742,0.001874945255501944
0.5031870000000001,0.05686491051609324,0.001796139119190102
0.505831,0.06277119859877914,0.001926252140184402
0.508475,0.06173389844617093,0.001894290289551201
0.511118,0.05741542404273031,0.001774879952556712
0.5137620000000001,0.06229611397058823,0.001880645208460811
0.516406,0.05757331631520533,0.001761504328682992
0.519049,0.0607280531354051,0.001838071535102278
0.521693,0.05542900991953385,0.001699491226602204
0.5243370000000001,0.05950206742508324,0.001785596928617858
0.526981,0.0559021213235294,0.001711163928465564
0.529624,0.05751819880688123,0.001720463817145782
0.532268,0.05707456444228636,0.001717854198204686
0.5349120000000001,0.05540799119034406,0.001664257873214605
0.537555,0.05292183629300777,0.001610820126457483
0.540199,0.05573860238623751,0.001676598454918407
0.542843,0.05186961105715872,0.001584429608169683
0.5454870000000001,0.05457496094617093,0.001636250912110658
0.54813,0.05296697093507214,0.001568419490322545
0.550774,0.04920874341009989,0.001509243264050072
0.553418,0.05299903926193118,0.001573316433042372
0.556061,0.04940398043840177,0.001498537318651467
0.558705,0.05274361431742509,0.00157763031876748
0.561349,0.05282560842119866,0.001540432388304383
0.563993,0.05215273210321865,0.001540962964955826
0.566636,0.05201704661487237,0.001525641165550732
0.56928,0.05082866890954495,0.001511637819556682
0.571924,0.04958520116537182,0.001477007883777319
0.574567,0.04983213575194229,0.001476439720884827
0.577211,0.04756592896781354,0.00142453007139981
0.579855,0.04713022641509434,0.001398737743491506
0.582499,0.04978831735571588,0.001468013905821981
0.5851420000000001,0.04871377774694784,0.00143308283618251
0.587786,0.05092746059933408,0.001492748000007409
0.59043,0.04903463956714762,0.001440735054577681
0.593073,0.04767576109877914,0.001389671451909488
0.5957170000000001,0.04960381860432853,0.001434967001740776
0.598361,0.04675549236958935,0.001379275555655352
0.601005,0.04775160432852387,0.001388666403021562
0.603648,0.04243387271087681,0.001270564426241279
0.6062920000000001,0.0430660942008879,0.001282006890686776
0.608936,0.04572086820199778,0.001336189710839234
0.611579,0.04345050894839068,0.001276157876628425
0.614223,0.04449221108490566,0.001297866803375703
0.6168670000000001,0.04659225499445062,0.00133897349200506
0.619511,0.04249821309655938,0.001245505464514985
0.622154,0.04429069728079912,0.00128634005434203
0.624798,0.04309927733074362,0.001251216430458821
0.6274420000000001,0.04131886140399556,0.00120783310368088
0.630085,0.04089716370699224,0.001207341428175859
0.632729,0.03925848799944506,0.001163133224231995
0.635373,0.03949144062153163,0.001166788706376826
0.6380169999999999,0.04012025131798002,0.00117012229864989
0.64066,0.04208768174250833,0.001219693051190344
0.643304,0.04267021552441732,0.001231674190018057
0.645948,0.04154987513873475,0.001201653912692215
0.6485919999999999,0.04296570470310765,0.001227002728604145
0.651235,0.04078615496670367,0.001191461625072438
0.653879,0.03973802268312986,0.001165127071117357
0.656523,0.03965590038845727,0.001156332468565149
0.659166,0.04269395373196448,0.001220834885505068
0.66181,0.04199645560488346,0.001189508104872122
0.664454,0.04287401387347391,0.001220757630901235
0.667098,0.04183909211986681,0.001202957806271187
0.669741,0.03880668146503885,0.001137069969029484
0.672385,0.04223981458102109,0.001199768390967656
0.675029,0.0388286913845727,0.001121849320142647
0.6776720000000001,0.0371283535654828,0.001082407050965481
0.680316,0.03965283525249723,0.001138757690273007
0.68296,0.04052882776082131,0.00114560852131614
0.685604,0.03991694284128746,0.001143245901863888
0.6882470000000001,0.04211469110710322,0.001178532690052957
0.690891,0.03618740489733629,0.001058562318075348
0.693535,0.03928469846004438,0.001116232160043931
0.696178,0.03993754266093229,0.001129871518296482
0.6988220000000001,0.03600619561598224,0.001051836474288577
0.701466,0.03731162763596004,0.001069418768744574
0.70411,0.03556672516648169,0.001039391237785312
0.706753,0.0348278900527192,0.001009627538459807
0.7093970000000001,0.03590603274139844,0.00103752478932983
0.712041,0.03590193292175361,0.001037907031151033
0.714684,0.03633291072419534,0.001039899316580504
0.717328,0.0335365727663707,0.0009801026730414794
0.7199719999999999,0.03586321927025528,0.001029082450677049
0.722616,0.03667900554938957,0.001039874540723853
0.725259,0.03720230597946726,0.001053068735588512
0.727903,0.03210995914261932,0.0009322199408268943
0.7305469999999999,0.03407987784406215,0.0009883478147383084
0.73319,0.03752017820477248,0.001055156844783138
0.735834,0.0353531888873474,0.001002094320311328
0.738478,0.0366082189927858,0.001023657313420538
0.7411219999999999,0.03520083171476138,0.0009976389415947357
0.743765,0.03507627136514984,0.001000229836245996
0.746409,0.03486223147891233,0.0009780203550513568
0.749053,0.03657820629855717,0.001024321372504865
0.751696,0.03624621018312985,0.001006162248932097
0.75434,0.03448974306326304,0.0009794254489619118
0.756984,0.0310843266509434,0.0008924971966350618
0.759628,0.03657012798279689,0.001013089466722855
0.762271,0.03240330112375139,0.0009245392869992221
0.764915,0.03510733934517203,0.0009743074444380701
0.767559,0.03519309218923419,0.0009883945832889686
0.7702020000000001,0.03259706624583796,0.000919919753351409
0.772846,0.03084888346281909,0.0008814972507751947
0.77549,0.0348098471836848,0.0009711923555431351
0.778134,0.03232637056048835,0.000907835468879305
0.7807770000000001,0.03425282110155383,0.0009552226687044033
0.783421,0.03346292022752497,0.0009323980440121807
0.786065,0.03291381680077692,0.0009223823291685061
0.788708,0.03302359628190898,0.0009247891876849931
0.7913520000000001,0.03170112173973363,0.0008881125165968102
0.793996,0.0348576669672586,0.0009576486101373117
0.79664,0.03174081055771365,0.0008880814154410524
0.799283,0.03442947731687015,0.0009422564829406669
0.8019269999999999,0.03377245317702553,0.0009285272327740592
0.804571,0.03349455362097669,0.0009174866828859374
0.807214,0.03456651567702552,0.0009435456357364253
0.809858,0.03172026796614872,0.0008750867655094651
0.8125019999999999,0.03201705965593785,0.0008950614133336104
0.815146,0.03410758996947835,0.0009233840733616099
0.817789,0.03134975964206437,0.0008697197108537526
0.820433,0.03329308102108768,0.0009132014679633772
0.8230769999999999,0.03212622336293008,0.0008803861358689938
0.82572,0.03534569429800222,0.0009507116964884726
0.828364,0.03371686410932297,0.000910563147154812
0.831008,0.03011422599889012,0.0008420532667028377
0.8336519999999999,0.02940853509988901,0.0008165440415123397
0.836295,0.03442845636792453,0.0009218236037690622
0.838939,0.03168175117924529,0.0008697089364246219
0.841583,0.03386007852386237,0.0008994599830369121
0.844226,0.03440777642896781,0.0009268477359996697
0.84687,0.03208457734461709,0.0008687148545067397
0.849514,0.03336413998335183,0.0008940968248802332
0.852158,0.03095844318812431,0.00084904492518399
0.854801,0.03152321795227525,0.0008421431577150981
0.857445,0.03389831374861265,0.0009014692343235017
0.860089,0.03152771379023307,0.0008457804912894802
0.8627320000000001,0.03334209572697003,0.0008829090816680048
0.865376,0.03351316190344062,0.0009171062477389099
0.86802,0.03138082762208657,0.0008678680272717679
0.870664,0.03126661639844618,0.0008789187974364046
0.8733070000000001,0.03171107713651498,0.0008745569610001126
0.875951,0.03098963020255272,0.0008765848678378092
0.878595,0.03030642764983352,0.0008612740597309335
0.881238,0.03180332651220866,0.0008884655929216698
0.8838819999999999,0.03213952316870144,0.000910155253588992
0.886526,0.02972454855715871,0.0008386927621157029
0.88917,0.03272636736958935,0.0009113493979932051
0.891813,0.03172557415371809,0.0008916567711259648
0.8944569999999999,0.03133038221420644,0.0008639810951869579
0.897101,0.03319807783018868,0.0008935119330143821
0.899744,0.03265303988623752,0.0008787683336432299
0.902388,0.0339008043146504,0.0008997847290689168
0.9050319999999999,0.02863055140122087,0.0007834316092660352
0.907676,0.03118890753329634,0.0008365060017489551
0.910319,0.03095522239178691,0.0008343839485090624
0.912963,0.03045767459766926,0.0008222543508147596
0.9156069999999999,0.03310629543562708,0.0008744335109557739
0.91825,0.03067619429800222,0.0008131832169738095
0.920894,0.03062145907325195,0.0008216378180922936
0.923538,0.03048013547447281,0.0008150146279058383
0.9261819999999999,0.03192090961431743,0.0008361188272001099
0.928825,0.02941701172308546,0.0007966245383233176
0.931469,0.0295339103773585,0.0007891672271333181
0.934113,0.02877369485294117,0.0007820559677656924
0.936756,0.02980117237791343,0.0007873693538281705
0.9394,0.03245302774694785,0.0008418430268229897
0.942044,0.03002346913152054,0.0007895598300825131
0.944688,0.02986228738901221,0.0007896202183623304
0.947331,0.03170450048557159,0.0008269033583973412
0.949975,0.02970135058268591,0.0007810312378565692
0.952619,0.02835010862930077,0.0007564606071567213
0.9552619999999999,0.0324990711709212,0.0008363248319010919
0.957906,0.03108328281076582,0.0008081572687213835
0.96055,0.03012199299389567,0.0007932964435606912
0.963194,0.02949610092952276,0.0007624747925500727
0.9658369999999999,0.03064484017758047,0.0007987343476564946
0.968481,0.03156298002219756,0.0008094151264002022
0.971125,0.02946971649556049,0.0007649573087220058
0.973768,0.03081888450332963,0.0007895660394940288
0.9764119999999999,0.03287353738901221,0.0008219844327537114
0.979056,0.03325349063540511,0.0008362820796874241
0.9817,0.03061634288290789,0.0007822547005803043
0.984343,0.02890037950887903,0.0007448011613708657
0.9869869999999999,0.02788137402885682,0.000722211814107766
0.989631,0.0315409815482797,0.0008026857735778231
0.992274,0.02985067008879023,0.0007910050228862108
0.994918,0.03145117695615982,0.0008197917120994472
0.9975619999999999,0.02837714317425083,0.0007675189848474423
1.00021,0.02870619547724751,0.0007805037429222189
1.00285,0.02939080355160932,0.0007908826630467225
1.00549,0.02841850076304107,0.000787473894129385
1.00814,0.02948364123196448,0.0008028155418869412
1.01078,0.03163782977247503,0.0008511874718991129
1.01342,0.03002576741120977,0.0008230743156161914
1.01607,0.03065702746947836,0.000844710313857074
1.01871,0.03113472856548279,0.0008482754981461464
1.02136,0.02962383629300777,0.000822049638744897
1.024,0.03161738790233074,0.0008703926514766725
1.02664,0.03080937548557159,0.0008550836144418361
1.02929,0.02968857040788013,0.0008351421233959323
1.03193,0.02737423938679246,0.0007836907962689869
1.03457,0.0284145451581576,0.0008042888498656494
1.03722,0.02722967667869034,0.0007880961081288914
1.03986,0.02889568451720311,0.0008161589111994301
1.04251,0.03027662784406215,0.0008521884990619924
1.04515,0.02989502871809101,0.0008293227117537627
1.04779,0.02762666557991121,0.0007748563849357073
1.05044,0.03161356964483907,0.0008482310540926872
1.05308,0.02857840288568258,0.0007734901399478368
1.05572,0.03178495629855716,0.0008426776762174581
1.05837,0.02982022246115428,0.0007895927022470724
1.06101,0.02945606645394007,0.0007906784225649335
1.06365,0.03116117022752497,0.0008118479027736746
1.0663,0.0295887554800222,0.0007816332576294801
1.06894,0.02784373397613762,0.0007458176025810046
1.07159,0.02789954051054384,0.0007359872116419598
1.07423,0.02964359371531632,0.0007780033684306633
1.07687,0.02916882040788013,0.0007588745941236705
1.07952,0.02945525610432852,0.0007691261337291355
1.08216,0.02968710307991122,0.0007685132242605055
1.0848,0.02867027455604884,0.000735164454973399
1.08745,0.02648141953385127,0.0006995321865712379
1.09009,0.02917875062430633,0.0007472771245099481
1.09274,0.02838873758324085,0.0007360068910111136
1.09538,0.02838825686736959,0.0007329773954144977
1.09802,0.02908531548279689,0.0007395132317369391
1.10067,0.02701845012486127,0.0007042571850714189
1.10331,0.02579528003607104,0.0006712550848167298
1.10595,0.0279924491537181,0.0007178290350695152
1.1086,0.02829336126526082,0.0007207663023587495
1.11124,0.02813520345449501,0.0007179102892858809
1.11389,0.02726331076581576,0.0007031593296204698
1.11653,0.02821429952830188,0.0007073399293504842
1.11917,0.0280764256381798,0.000715651628583283
1.12182,0.02835929716981132,0.0007142904352923617
1.12446,0.02724538922031077,0.0006977708974631234
1.1271,0.0281774194644839,0.0007097986464916038
1.12975,0.02802585890677025,0.0007031171298899539
1.13239,0.02681442286348502,0.00068354252132068
1.13504,0.02807912909267481,0.0007044556934514744
1.13768,0.02789727198945616,0.0007012525879758143
1.14032,0.02742573550221976,0.0006937223598966395
1.14297,0.02617275416204217,0.0006687440540122427
1.14561,0.02810629182852386,0.0007107661326109584
1.14825,0.02610572176748058,0.0006592484282590375
1.1509,0.02631354668423973,0.0006672799107180583
1.15354,0.02649655521642619,0.0006699638486854652
1.15618,0.02589061743895672,0.0006548253045364816
1.15883,0.02539151304106548,0.0006539397192767729
1.16147,0.02666034884850167,0.0006653606581455939
1.16412,0.02550529619866814,0.0006524330005865728
1.16676,0.02603915406492786,0.0006506670346000706
1.1694,0.02643145942008878,0.0006642683632026244
1.17205,0.0262835339900111,0.0006575056429124305
1.17469,0.02705125554938956,0.0006708906978275893
1.17733,0.02360243049389567,0.0006067325333713663
1.17998,0.024126099472808,0.0006098757009197058
1.18262,0.02492656922863486,0.0006297256696599448
1.18527,0.02480959732241953,0.0006243131812033332
1.18791,0.02573362708102109,0.0006439304811029805
1.19055,0.02444770296892342,0.0006196323135544403
1.1932,0.02780703933129855,0.0006746568711375701
1.19584,0.02343927094894561,0.0005975535977691583
1.19848,0.02519387014428413,0.0006256933552500561
1.20113,0.02427806520532742,0.0006125484339946975
1.20377,0.02376910842119866,0.0005998717733233792
1.20642,0.02467899368756937,0.000617464234094317
1.20906,0.0231416414400666,0.0005891087226728028
1.2117,0.02498901650943396,0.0006162900968674659
1.21435,0.02335115115149834,0.0005888036018635987
1.21699,0.02319128794395116,0.0005828678401530101
1.21963,0.02536597329356271,0.0006253644770984551
1.22228,0.02536446018312986,0.0006273999754283514
1.22492,0.02326200811598225,0.0005812306511381542
1.22757,0.023084921545505,0.0005799767852712527
1.23021,0.02408138145116537,0.000594815314742449
1.23285,0.02511853738901221,0.0006153783255726461
1.2355,0.02508204189789124,0.0006165859912230863
1.23814,0.02414967744173141,0.000596317408707819
1.24078,0.02311043382352941,0.0005800330038049678
1.24343,0.02317014331298558,0.0005781483171253965
1.24607,0.02291572100443951,0.0005702068255001955
1.24871,0.02263118299112098,0.0005645290030547381
1.25136,0.02377478086847947,0.0005841388229920406
1.254,0.02238472225305216,0.0005596667825431092
1.25665,0.02168456645394007,0.0005449754455631472
1.25929,0.02223310217813541,0.0005565609697533411
1.26193,0.02098185141509434,0.0005257883008500522
1.26458,0.02078795581298557,0.0005231214448511469
1.26722,0.02356204578246393,0.0005784478464436723
1.26986,0.01950363866537181,0.0004985417549557523
1.27251,0.02149340635405106,0.0005385940439643316
1.27515,0.02242116509433962,0.0005521323921266185
1.2778,0.01990360113762486,0.0005057032230507788
1.28044,0.01990452594339623,0.0005002108471728755
1.28308,0.02090928392064373,0.000521579406488032
1.28573,0.02199814886237514,0.0005462382650814056
1.28837,0.0205883946309656,0.0005109926127427751
1.29101,0.02277091564927858,0.0005623513105361325
1.29366,0.02064831700887902,0.0005128128247627091
1.2963,0.02063699729467258,0.0005143457038692759
1.29895,0.02048173522475028,0.0005118815651526994
1.30159,0.01819711931187569,0.0004613976150471634
1.30423,0.01958327497225305,0.0004953208709142006
1.30688,0.01790584669811321,0.0004537375822247358
1.30952,0.01982318423973363,0.00049641770587493
1.31216,0.01993190385682575,0.0004944855546527465
1.31481,0.02168688304661487,0.0005300298931279801
1.31745,0.01760207089345172,0.0004490921619933831
1.3201,0.01991699708657048,0.0004911795771663983
1.32274,0.02055823314372919,0.0005055517105849939
1.32538,0.01877131152885683,0.0004673711650369747
1.32803,0.01960796774417314,0.0004835801073185387
1.33067,0.01825823890122087,0.0004622837695711678
1.33331,0.01910840781076582,0.0004709744471175324
1.33596,0.01826370761653718,0.0004588018954766025
1.3386,0.01743621018312986,0.0004410125982380469
1.34124,0.01813115822697003,0.0004533755492245268
1.34389,0.01699407061598224,0.000430425747825804
1.34653,0.0178245164400666,0.0004442484904452146
1.34918,0.01737209642064372,0.0004391784491524314
1.35182,0.01858833046614872,0.0004590265571310204
1.35446,0.01712115129023307,0.0004332269697645387
1.35711,0.01626345345449501,0.0004144809437033309
1.35975,0.01901804925083241,0.0004696882743824217
1.36239,0.01668662534683685,0.0004241889239773487
1.36504,0.01868117272475028,0.0004581508284233041
1.36768,0.01881662472253053,0.0004650409740064591
1.37033,0.01726043299112098,0.0004333968839574235
1.37297,0.01735850589622642,0.0004354103098839178
1.37561,0.01533708650110988,0.0003978594279130366
1.37826,0.01632351089067702,0.0004107760406209967
1.3809,0.01872355584073252,0.000463286606792143
1.38354,0.01560864518590455,0.0003996266436481127
1.38619,0.01611164567147614,0.0004105935463528007
1.38883,0.01591495276082131,0.0004033983173942484
1.39148,0.01741159981964484,0.0004349093168366918
1.39412,0.01667026956159822,0.0004206827024744665
1.39676,0.01792564761376249,0.0004413237738716523
1.39941,0.01658348890122087,0.000416480488984447
1.40205,0.01544862631798003,0.0003921139786171642
1.40469,0.01641893299112098,0.0004170464891987447
1.40734,0.01736426990843507,0.000430596313363196
1.40998,0.01585261764705883,0.0003994174586980592
1.41263,0.01376784676748058,0.0003548371681648048
1.41527,0.01487569540788014,0.000378921683989103
1.41791,0.01516087895394007,0.0003863012498260198
1.42056,0.01351254543562708,0.0003510035655796144
1.4232,0.01602542813540511,0.0004017360141773625
1.42584,0.01553932137902331,0.0003914032667780345
1.42849,0.01488095123473918,0.0003792684856756314
1.43113,0.0160319429800222,0.0004027527765463899
1.43377,0.01584394873751388,0.0003975137601106457
1.43642,0.01413447044950055,0.0003602268996071392
1.43906,0.01538046996392897,0.0003885026227720279
1.44171,0.01453226054384018,0.0003696514592276455
1.44435,0.01483529925083241,0.0003751270098298758
1.44699,0.01428233407325194,0.0003631872101816846
1.44964,0.01405071143174251,0.0003599937148106156
1.45228,0.01420474882075472,0.000361022324022982
1.45492,0.01543538602941176,0.0003855251791191412
1.45757,0.01438532401498335,0.0003633278093991369
1.46021,0.01574831832685904,0.0003919303170871543
1.46286,0.01345553711154273,0.0003442753349396766
1.4655,0.01320979057991121,0.0003398818526302784
1.46814,0.01517096711986682,0.0003781369856028167
1.47079,0.01240101817425083,0.0003228059676396488
1.47343,0.01403504696170921,0.0003544500516547096
1.47607,0.01343315177580466,0.0003446791695190943
1.47872,0.0133289714900111,0.0003384081954915171
1.48136,0.01390908337957824,0.0003536867944236629
1.48401,0.01339434655937847,0.0003441893651166571
1.48665,0.01318340156770255,0.0003361333467664859
1.48929,0.01486869526914539,0.0003702179389279894
1.49194,0.01326671420643729,0.0003347650756230217
1.49458,0.01367162576304107,0.0003490040061362442
1.49722,0.01455154869589345,0.0003628230624551027
1.49987,0.01236489352108768,0.0003177710476979987
1.50251,0.01166966620421754,0.000305284486707842
1.50516,0.01297298765260822,0.0003292747452193271
1.5078,0.01275941703662597,0.0003253425969318005
1.51044,0.01432519790510544,0.0003583487084493618
1.51309,0.01273214442286348,0.0003240199482663671
1.51573,0.01283761348501665,0.0003280832820608188
1.51837,0.01122559232796892,0.0002898948257253352
1.52102,0.01201262035238624,0.0003081231957429496
1.52366,0.01226952864872364,0.0003117229178719689
1.5263,0.01250552580466148,0.0003161829004429648
1.52895,0.01106251748057714,0.0002883337942229485
1.53159,0.01296227913429523,0.0003286357987500029
1.53424,0.01108190177580466,0.0002897089719997205
1.53688,0.01188128419811321,0.0003044914571048671
1.53952,0.01216009253607103,0.0003088149325138591
1.54217,0.01123847780244173,0.0002880662364574118
1.54481,0.0118961818118757,0.0003039445331469159
1.54745,0.01264752469478357,0.0003221296494957652
1.5501,0.01316164116259711,0.0003348149982406176
1.55274,0.01135905049944506,0.000299858650389977
1.55539,0.01202214310488347,0.0003162837924927557
1.55803,0.01220937278024417,0.0003226379118454613
1.56067,0.01072550360710322,0.0002921110247655577
1.56332,0.01182177615149834,0.0003146350363447173
1.56596,0.01031207422308546,0.0002856901283960021
1.5686,0.01219772114317425,0.0003262192557628903
1.57125,0.009768093854051052,0.000275600748140497
1.57389,0.009652065066592675,0.0002711413265555375
1.57654,0.01078689331298558,0.000297392848160755
1.57918,0.009343830049944504,0.0002679285890986067
1.58182,0.01040248314372919,0.0002917238304087393
1.58447,0.01124815850443951,0.0003140144608875622
1.58711,0.01021839414539401,0.0002876911539671031
1.58975,0.01037630244173141,0.0002927959487729841
1.5924,0.01102602656770255,0.0003140645729027691
1.59504,0.01163896677302997,0.0003228182848258042
1.59769,0.01064835786625971,0.0003036565472765723
1.60033,0.009824312430632628,0.0002820859932434214
1.60297,0.01105723418423974,0.0003121879724082626
1.60562,0.01107862832963374,0.0003124355011821071
1.60826,0.008516772128190901,0.0002438868210864513
1.6109,0.01027695678412875,0.0002863857475007562
1.61355,0.01092578128468369,0.0002972077906470553
1.61619,0.01196790690899001,0.0003206779497124252
1.61883,0.00856061799389567,0.0002410156537975282
1.62148,0.009981158573806879,0.0002718835876859398
1.62412,0.009800539886237516,0.0002701691925678493
1.62677,0.009870948737513874,0.0002675588309013311
1.62941,0.01088136771642619,0.0002938256693080369
1.63205,0.01127134503329634,0.000299516051544071
1.6347,0.009408120074916761,0.0002563088927470455
1.63734,0.008573269977802441,0.0002369851116824431
1.63998,0.009111037666481686,0.0002493794596056998
1.64263,0.009231335668701443,0.0002510425384313598
1.64527,0.008961603704217535,0.0002431142103646789
1.64792,0.00959673466981132,0.0002595871817709799
1.65056,0.009645808892896781,0.0002602120992458429
1.6532,0.009343278371254163,0.0002520841730140481
1.65585,0.009722210668701443,0.0002620957170208563
1.65849,0.009122854120421756,0.0002450362253403258
1.66113,0.01004095047169811,0.0002677133596408931
1.66378,0.009296246046059933,0.0002511945810856547
1.66642,0.009077891162597116,0.0002459782991079767
1.66907,0.01009448390677026,0.0002707891113055356
1.67171,0.009630171892341841,0.0002568027489713541
1.67435,0.00926947475027747,0.0002496263946480593
1.677,0.008004482380688124,0.0002190654853368611
1.67964,0.008403547516648168,0.0002280450407811768
1.68228,0.008962729952830189,0.00024098633141871
1.68493,0.008680549736403998,0.0002343197420800084
1.68757,0.00785287146226415,0.0002146209301204011
1.69022,0.008417611889567146,0.000226911439573832
1.69286,0.008513503260266373,0.0002297093760060814
1.6955,0.009225212264150944,0.0002476815225266692
1.69815,0.008762076859045507,0.0002358172619711591
1.70079,0.01040572454217536,0.0002749811286315644
1.70343,0.008909917591564927,0.0002365929448814895
1.70608,0.007370674528301888,0.0002015429487814465
1.70872,0.00813261834073252,0.0002186327633574075
1.71137,0.008366216495560489,0.0002253597397967101
1.71401,0.009352148723640399,0.0002483366331972303
1.71665,0.008319360432852385,0.0002241815609227347
1.7193,0.0080197073390677,0.0002173983453011087
1.72194,0.009543297377913431,0.0002512365546668969
1.72458,0.008873866190344063,0.0002365672484221953
1.72723,0.008443181395671476,0.0002253309020045367
1.72987,0.007428671753607102,0.000201849723733913
1.73251,0.008194827552719204,0.0002212801503306559
1.73516,0.008259351068257493,0.0002193670640131365
1.7378,0.00726344055216426,0.0001977086743178176
1.74045,0.008046123820754716,0.0002152817816567892
1.74309,0.007555326650943396,0.0002043573709932091
1.74573,0.009859695407880132,0.0002573805458746873
1.74838,0.008162644769700333,0.0002164831973833395
1.75102,0.008789189234184241,0.0002346659109399311
1.75366,0.007361009850166483,0.0001973488437427095
1.75631,0.008678578801331854,0.0002289382626824681
1.75895,0.007736313887347392,0.0002083889153118787
1.7616,0.007658623335183129,0.0002054363523899791
1.76424,0.00792545498057714,0.0002127147602389613
1.76688,0.008408416481687015,0.0002208902581347494
1.76953,0.007944786625971144,0.0002122177873110464
1.77217,0.009332173834628194,0.0002443294466903366
1.77481,0.007303749722530525,0.0001971967582702232
1.77746,0.009054104883462821,0.0002384146404239587
1.7801,0.008048541134850169,0.0002126036323783887
1.78275,0.007268618548834629,0.0001960578853784036
1.78539,0.007542530452275249,0.0001997591564283527
1.78803,0.007116295713096561,0.0001906097040637472
1.79068,0.00798745588235294,0.0002127866708317405
1.79332,0.006599516995005549,0.000177270257191014
1.79596,0.007055801054384015,0.0001915168364741852
1.79861,0.007737936875693675,0.0002039392630009358
1.80125,0.007814853704217535,0.0002074622232262156
1.8039,0.008546500971143173,0.0002246349231116905
1.80654,0.007175057505549391,0.0001917139839801418
1.80918,0.006665851206992233,0.000181439836670474
1.81183,0.007175625208102109,0.0001923634612369445
1.81447,0.008871016231964486,0.0002315060650231105
1.81711,0.008021692008879021,0.0002114908103982272
1.81976,0.008309965871254162,0.0002177461504658947
1.8224,0.00648422988346282,0.0001768803864824683
1.82504,0.006125471628745839,0.0001667909714711568
1.82769,0.0071000932991121,0.0001918816218315131
1.83033,0.00833886834073252,0.0002192615641719899
1.83298,0.007468513942841289,0.0001987913673857718
1.83562,0.007724815621531633,0.0002061878793083436
1.83826,0.006378779134295231,0.0001748922723234654
1.84091,0.006966484045504996,0.0001892455203215641
1.84355,0.006719345726970032,0.0001824061173782855
1.84619,0.00791221469200888,0.0002109614353016156
1.84884,0.007320904411764706,0.0001948770352321733
1.85148,0.006499692910654831,0.0001777742828200872
1.85413,0.005781205812985569,0.0001603835070389934
1.85677,0.005671240912874583,0.0001557668261875928
1.85941,0.007180881034961156,0.0001942331751389971
1.86206,0.006172261306881245,0.0001677083097723921
1.8647,0.006657560002774694,0.0001814475821713512
1.86734,0.005945418354605991,0.0001634329446712571
1.86999,0.006788960252497225,0.0001831772564515618
1.87263,0.006498770394006658,0.0001787672411553814
1.87528,0.006803583171476135,0.0001841589578498768
1.87792,0.006767334905660376,0.0001841104904893184
1.88056,0.007511879092674806,0.0002015541521919565
1.88321,0.007551377913429521,0.0002014950448300171
1.88585,0.006366926054384017,0.0001756002522845926
1.88849,0.006783722738623753,0.0001826480481454469
1.89114,0.005299054661487237,0.0001480007390905595
1.89378,0.005660351553829076,0.0001553895719739247
1.89643,0.00644445636792453,0.0001760976550063837
1.89907,0.006403803829078802,0.0001756756028197782
1.90171,0.006350947974472808,0.0001721159340508614
1.90436,0.005668246739733632,0.0001568824234951693
1.907,0.007558725998890122,0.0002014793485212818
1.90964,0.006797649764150943,0.0001850762336944032
1.91229,0.005392888110432852,0.000150173895057509
1.91493,0.006225279689234183,0.0001699773708549703
1.91757,0.006580991120976694,0.0001786429782345413
1.92022,0.006482071240288571,0.0001773905473289951
1.92286,0.007968893382352939,0.0002131580983120754
1.92551,0.005217701512208656,0.0001441619676153953
1.92815,0.006360866745283016,0.0001729942489600577
1.93079,0.006142367647058822,0.0001696242725042024
1.93344,0.006011214622641509,0.000164377114630262
1.93608,0.006557399417314097,0.0001782484965246385
1.93872,0.006789097599889013,0.0001837433832446377
1.94137,0.006331234045504997,0.0001746440331571853
1.94401,0.006044798349056604,0.0001662978653852561
1.94666,0.006547981964483909,0.0001777733786125933
1.9493,0.006377327830188682,0.0001745734794085339
1.95194,0.005975650804661488,0.0001635553352346354
1.95459,0.006049735987791341,0.0001660064509150459
1.95723,0.006775301054384015,0.0001844317172062976
1.95987,0.006117242230854608,0.0001672222532082191
1.96252,0.007078614456159821,0.0001921887615825716
1.96516,0.005252883046614872,0.0001455852942294685
1.96781,0.006781692286348503,0.0001836599727793085
1.97045,0.005455644422863487,0.0001510462737753038
1.97309,0.006593789608768033,0.0001795994927886196
1.97574,0.005400941245837958,0.0001503833869863389
1.97838,0.006145764705882353,0.0001682001328003037
1.98102,0.005878678967813542,0.0001627382232441813
1.98367,0.005575784475582688,0.0001536440418995698
1.98631,0.004537751803551609,0.0001277316263972284
1.98896,0.00711516030799112,0.0001919687994735485
1.9916,0.007596842189234184,0.0002030303036851324
1.99424,0.005869183684794672,0.0001601628656406438
1.99689,0.005484789539400668,0.0001508831354648223
1.99953,0.004178867647058822,0.0001177141546400342
2.00217,0.005408048973362929,0.0001491609964718695
2.00482,0.005061814511653716,0.0001405283610022542
2.00746,0.004234747433407324,0.000119105294504976
2.0101,0.005557352455604883,0.0001516806385798568
2.01275,0.006239740080466153,0.0001697131971080714
2.01539,0.005700303620976693,0.0001548576663935298
2.01804,0.006472894145394009,0.0001762317173568604
2.02068,0.005776400943396223,0.0001581736895033568
2.02332,0.005396585044395116,0.0001480687416033776
2.02597,0.006193147266925636,0.0001682556648813643
2.02861,0.005264614802996671,0.0001440925874976386
2.03125,0.006054554592119869,0.0001648165062142351
2.0339,0.005564435002774692,0.0001522345962041562
2.03654,0.006586130202552718,0.0001783134988717271
2.03919,0.003974524486681463,0.0001119062800995783
2.04183,0.006789125069367369,0.0001812234599761683
2.04447,0.00630697162874584,0.0001707381228251081
2.04712,0.005714974611542729,0.0001556640068972287
2.04976,0.005836696448390674,0.0001590918022749832
2.0524,0.004930739317425081,0.0001367809838380207
2.05505,0.004971178967813541,0.0001373329112727453
2.05769,0.003343605507769144,9.548879897067215e-05
2.06034,0.005741324708657048,0.0001552555668297905
2.06298,0.003898477524972257,0.000110128459148777
2.06562,0.005274707547169811,0.0001443391304073591
2.06827,0.00515862610987791,0.0001415781527319734
2.07091,0.005313171684239733,0.0001463665162754902
2.07355,0.005655409336847948,0.0001535780390043521
2.0762,0.005567653509988901,0.0001523507391704715
2.07884,0.004378882075471697,0.000121683417271639
2.08149,0.004801156631520534,0.0001327168862582153
2.08413,0.004735277955049945,0.0001320944538541859
2.08677,0.004397895532741398,0.0001216619033029288
2.08942,0.00353778496115427,0.0001012221616969971
2.09206,0.005964315066592672,0.0001619969957974838
2.0947,0.004280967119866815,0.0001199775275826753
2.09735,0.005552124098224196,0.0001519579431114898
2.09999,0.005757600374583794,0.0001570184860954156
2.10263,0.005576093507214205,0.0001541502193977231
2.10528,0.006069562083795785,0.0001628032078214967
2.10792,0.006052551609322976,0.0001651591392299985
2.11057,0.005851889359045503,0.0001607352371052797
2.11321,0.005130472183684794,0.0001458853342498489
2.11585,0.003022956576026639,9.084879947354421e-05
2.1185,0.005098875416204217,0.0001455235492746235
2.12114,0.004412465801886792,0.0001307105531822404
2.12378,0.003633083448945616,0.0001072433873769666
2.12643,0.004479731687014429,0.0001320614682678181
2.12907,0.004190212541620421,0.0001262011685415207
2.13172,0.005349941870144288,0.0001574008795978458
2.13436,0.004047162943951164,0.0001231715868103798
2.137,0.004293893798557161,0.0001294690599940262
2.13965,0.005303742785793564,0.0001586064530978363
2.14229,0.006862349542175363,0.0001995073405534679
2.14493,0.006256640677025527,0.0001854170241954965
2.14758,0.005066037943951166,0.0001544066175561377
2.15022,0.004271670990566038,0.0001304918148086034
2.15287,0.004840437985571589,0.0001485784321104209
2.15551,0.003592224889012209,0.000112263187531923
2.15815,0.005246690968368479,0.0001601597969584779
2.1608,0.005400707755271918,0.0001645320130708235
2.16344,0.005524350166481687,0.0001668791088609883
2.16608,0.004624314997225305,0.0001421221421259924
2.16873,0.00485285647891232,0.0001464587327531825
2.17137,0.004152437430632628,0.0001253387744021281
2.17402,0.002253591426193117,6.997464116310123e-05
2.17666,0.005258429592119869,0.0001548869467735757
2.1793,0.003308778787458383,0.0001002188119256541
2.18195,0.00390166627358491,0.0001163751756658417
2.18459,0.00557208754162042,0.0001610185791848383
2.18723,0.005234279342397336,0.0001522377290225304
2.18988,0.004494139428412875,0.0001318646028014313
2.19252,0.004875127358490568,0.0001415845612627988
2.19516,0.00312981284683685,9.359160026146941e-05
2.19781,0.005337015191453941,0.0001543147091496773
2.20045,0.004706309100998893,0.000136443830664661
2.2031,0.005062260890677028,0.0001463912979900328
2.20574,0.003338253537735849,9.922492651521164e-05
2.20838,0.003552847391786905,0.0001054164459541205
2.21103,0.005836032602663707,0.0001663740577255209
2.21367,0.003652547863485018,0.0001085342168791324
2.21631,0.005307744173140956,0.0001528587319503529
2.21896,0.003477825957269699,0.0001026384393104423
2.2216,0.0041128836709212,0.0001195643868907604
2.22425,0.004466225860155383,0.0001298674624890493
2.22689,0.003855563332408436,0.0001133078976663765
2.22953,0.004210610918423977,0.0001220568518930117
2.23218,0.004298675776914541,0.000126283945410947
2.23482,0.003193924320199779,9.476934258529202e-05
2.23746,0.004274221073806882,0.0001259323129410576
2.24011,0.004351163082685907,0.0001266124598427344
2.24275,0.005885862236403994,0.0001683011323075824
2.2454,0.004455526498335186,0.0001297259560597535
2.24804,0.00530864379855716,0.0001530212455053737
2.25068,0.004020670921198666,0.00011855650621788
2.25333,0.00335688013318535,9.95726908642929e-05
2.25597,0.004876800707547172,0.0001415874728670821
2.25861,0.003962163221420643,0.000116762550029278
2.26126,0.004338218091009989,0.000127293528800507
2.2639,0.005007928551609323,0.0001445009093105556
2.26655,0.003743888457269698,0.0001109759543195213
2.26919,0.003704998543285237,0.0001111836351037933
2.27183,0.002667622849611542,8.025300523286813e-05
2.27448,0.003230323668146505,9.642027193002547e-05
2.27712,0.005396708657047724,0.0001544644539383529
2.27976,0.005167984045504995,0.0001512457536539698
2.28241,0.003628571587125417,0.0001083396937224764
2.28505,0.004079881381798,0.0001198448988724447
2.28769,0.004798144145394007,0.0001392298222024431
2.29034,0.004430394214761376,0.0001282241241365565
2.29298,0.003509338027192007,0.0001047401204765781
2.29563,0.004756923903995561,0.0001376107138879913
2.29827,0.004905728357380687,0.0001420579148283513
2.30091,0.003776302441731411,0.0001135447797136221
2.30356,0.002661046198668147,7.961681547308389e-05
2.3062,0.003887901775804664,0.0001155125938632887
2.30884,0.003695139289678137,0.0001092283509809918
2.31149,0.003766738485016646,0.0001125972879167694
2.31413,0.003424546614872364,0.0001023015885989748
2.31678,0.002781678412874585,8.434460580776698e-05
2.31942,0.004809003745837959,0.0001405741428615895
2.32206,0.003885070130410655,0.0001137931829818232
2.32471,0.004712331784128747,0.0001380032874601191
2.32735,0.003390999514428415,0.00010181665146175
2.32999,0.00493495588235294,0.0001432901834551325
2.33264,0.003027196032186462,9.264793172933199e-05
2.33528,0.003123929800221974,9.258081551575154e-05
2.33793,0.004551845935072144,0.0001339316296348943
2.34057,0.0038862673418424,0.0001147216543360637
2.34321,0.002957993548834628,8.916176126684581e-05
2.34586,0.004740087402885681,0.0001399258512831456
2.3485,0.003148462333518313,9.449151602500174e-05
2.35114,0.003756455743618203,0.000111504422353681
2.35379,0.004702120005549389,0.0001364887304021767
2.35643,0.004177947419533853,0.0001224730230678746
2.35908,0.004006551609322973,0.0001193669021625928
2.36172,0.00437754064927858,0.0001285386900664017
2.36436,0.003697904550499447,0.000109876399673936
2.36701,0.001983136098779134,6.052481999242425e-05
2.36965,0.003559678135405103,0.0001057609021579666
2.37229,0.00490182311320755,0.0001426550594740708
2.37494,0.003800045227524973,0.0001127107296318703
2.37758,0.004228111265260822,0.0001260823696725116
2.38022,0.00325244575471698,9.65087222316747e-05
2.38287,0.003193679384017759,9.698116625355357e-05
2.38551,0.003868167244728079,0.0001132939489940416
2.38816,0.004306152053274141,0.0001270907166788617
2.3908,0.004433802719200887,0.0001306414704869881
2.39344,0.004636346628745836,0.0001357562589724218
2.39609,0.002983061736958936,9.027158024816487e-05
2.39873,0.004655650804661488,0.0001353339578259058
2.40137,0.005128778232519423,0.0001488736211716535
2.40402,0.004687112513873472,0.0001350244328165506
2.40666,0.004202553204772477,0.000123745324614754
2.40931,0.003704625416204219,0.0001104151546102225
2.41195,0.004669351206992228,0.0001355354604036947
2.41459,0.003037378052164261,9.186423924113678e-05
2.41724,0.002366310141509432,7.172805794334811e-05
2.41988,0.004110056603773585,0.0001214233686756878
2.42252,0.002865032255826861,8.690051129385873e-05
2.42517,0.003456930840732521,0.0001024695565441779
2.42781,0.00356867896781354,0.0001069437635664509
2.43046,0.004200142758046613,0.0001232835860959319
2.4331,0.00292603738901221,8.839313308343853e-05
2.43574,0.002892819922308546,8.731444929735636e-05
2.43839,0.003513206645394006,0.0001053547294624732
2.44103,0.003148313540510542,9.46564060848833e-05
2.44367,0.004683992438956714,0.0001365030900995271
2.44632,0.003578428343507214,0.0001068554964755957
2.44896,0.003482717813540511,0.0001037418816767293
2.45161,0.002974917036625975,8.950298860827876e-05
2.45425,0.003596054592119868,0.0001077746954863726
2.45689,0.00304349687846837,9.097697706214518e-05
2.45954,0.003265484600443953,9.851899162217421e-05
2.46218,0.00424084107935627,0.0001252106990061413
2.46482,0.004759696032186459,0.0001379128747377426
2.46747,0.003845040233074364,0.0001137016726138213
2.47011,0.003594140885127635,0.0001079600290712594
2.47275,0.002864441662042178,8.74548575993932e-05
2.4754,0.002856317563817981,8.584147697441661e-05
2.47804,0.00403080944783574,0.0001193510685976871
2.48069,0.004121641856270809,0.00012200654253681
2.48333,0.003875593160377356,0.0001160317341980245
2.48597,0.003389026290233074,0.0001021498626449473
2.48862,0.003577224264705883,0.0001065129731446806
2.49126,0.004246314372918977,0.0001263876691126899
2.4939,0.003478251734184238,0.0001036464497929538
2.49655,0.003339404966703664,0.0001007322982510682
2.49919,0.003531281562153159,0.0001054557703774069
2.50184,0.003117506520532743,9.389591196063779e-05
2.50448,0.002338318743063263,7.184616829450334e-05
2.50712,0.002820980369034407,8.616140794180302e-05
2.50977,0.004044230577136516,0.0001197183127343483
2.51241,0.003575592119866816,0.0001066272335214716
2.51505,0.003869865774139845,0.0001156222960218288
2.5177,0.002430753537735851,7.489743554707625e-05
2.52034,0.003395319089900111,0.000101601233159627
2.52299,0.003194228773584907,9.678585044977786e-05
2.52563,0.003467705743618205,0.00010420707780876
2.52827,0.003781040926748058,0.0001131503199002458
2.53092,0.002770562430632632,8.423664979017216e-05
2.53356,0.001900695615982244,5.849793835858805e-05
2.5362,0.003229446933962266,9.79185430384561e-05
2.53885,0.003843318812430634,0.0001146251864019127
2.54149,0.00396687652608213,0.0001182066482302871
2.54414,0.005165699500554941,0.000150995403501275
2.54678,0.003433700818534961,0.000103519066221612
2.54942,0.002582815413429525,7.903774355948171e-05
2.55207,0.003289138110432851,9.924466678966131e-05
2.55471,0.002625296961709212,8.017684307759179e-05
2.55735,0.003541005757491676,0.0001067090278407769
2.56,0.003217211570477246,9.791629496067859e-05
2.56264,0.003141954356270813,9.615595111138802e-05
2.56529,0.003329369450610434,9.975840111981925e-05
2.56793,0.003744128815205328,0.0001124286182207372
2.57057,0.003418697905105442,0.0001026871304336109
2.57322,0.002791100443951162,8.541408344624803e-05
2.57586,0.001761789331298558,5.468819626815679e-05
2.5785,0.002798569852941179,8.523589237264852e-05
2.58115,0.004449563332408435,0.0001329270977894899
2.58379,0.003583743687569367,0.00010794999548012
2.58643,0.002550612028301886,7.830444812839016e-05
2.58908,0.00360898127081021,0.0001084549644046486
2.59172,0.001599357727524972,5.00307754247895e-05
2.59437,0.003367458171476136,0.0001022618853608106
2.59701,0.004057093160377357,0.0001205945482760829
2.59965,0.002880879855715875,8.771791940131771e-05
2.6023,0.004475247294672585,0.0001325980046109453
2.60494,0.004188237028301887,0.0001253351267313706
2.60758,0.002006938401775807,6.317730739732958e-05
2.61023,0.003962831645394005,0.0001188224406577995
2.61287,0.00323216412319645,9.84138571299614e-05
2.61552,0.004421104952830191,0.0001319118672825165
2.61816,0.003242494936182023,9.840089972385452e-05
2.6208,0.002418909614317425,7.441563680270812e-05
2.62345,0.003109771573251942,9.49121718431752e-05
2.62609,0.003130009711431743,9.565955636723887e-05
2.62873,0.003654216634295228,0.0001104471147392543
2.63138,0.002062861681465038,6.419330660808361e-05
2.63402,0.005116705396781355,0.0001504109896154029
2.63667,0.003123043909544951,9.53648391398171e-05
2.63931,0.004141914331298555,0.0001249555700623255
2.64195,0.003476649347946726,0.0001054092161628532
2.6446,0.003336870907325195,0.0001006312234182646
2.64724,0.003770071448390679,0.0001131564809238071
2.64988,0.003258223501664818,9.97695649745022e-05
2.65253,0.003435058268590456,0.0001048458785071811
2.65517,0.00396441571864595,0.0001191315022211382
2.65782,0.002625537319644838,8.089592912120127e-05
2.66046,0.003830987305771369,0.0001155583952746158
2.6631,0.002554766786903437,7.876859169410876e-05
2.66575,0.002858123682019976,8.712953630467062e-05
2.66839,0.003834615566037733,0.0001163880942749734
2.67103,0.003542896573251944,0.0001097910078807709
2.67368,0.003902991675915649,0.0001219665519402711
2.67632,0.004338108213096558,0.0001365558098653621
2.67896,0.00318896150110988,0.0001019308367937037
2.68161,0.003567287180910099,0.0001158824507626155
2.68425,0.004125009156492784,0.0001338181687297753
2.6869,0.00368093070199778,0.0001200692493870403
2.68954,0.003059818326859045,0.0001014499793664825
2.69218,0.003136151428967812,0.00010404956324491
2.69483,0.003180638249167592,0.0001072790669605781
2.69747,0.003422351345726972,0.0001149105230649562
2.70011,0.002127403509988903,7.229917631540033e-05
2.70276,0.002769401845172034,9.569339289844457e-05
2.7054,0.003121977178135405,0.0001061090715134701
2.70805,0.002159336778579356,7.574397467268621e-05
2.71069,0.001971170851831301,6.877063274823934e-05
2.71333,0.003457819020532745,0.0001188983367877586
2.71598,0.003116542799667037,0.0001090469056373524
2.71862,0.004018068188124307,0.0001388327145947568
2.72126,0.003777012069922309,0.000131293215831976
2.72391,0.004075726623196445,0.0001403462003091242
2.72655,0.001892990427302994,6.695846319839295e-05
2.7292,0.003992583379578247,0.0001337891166110863
2.73184,0.004058155313540509,0.0001339681786083202
2.73448,0.002252002774694783,7.661996851614137e-05
2.73713,0.002717170921198669,9.001652316427808e-05
2.73977,0.003817595935072141,0.0001253908584906218
2.74241,0.003712067355715873,0.0001208570451397154
2.74506,0.003807674875138736,0.0001223835915666267
2.7477,0.004326003329633743,0.0001386056397358886
2.75035,0.003093761445615985,0.0001001469040556706
2.75299,0.003343850443951164,0.0001088134184901071
2.75563,0.002531328454495007,8.223384061930229e-05
2.75828,0.00348707630410655,0.0001113460450460269
2.76092,0.002883677164261931,9.436992649830041e-05
2.76356,0.003019536625971143,9.720618595002963e-05
2.76621,0.001788746046059934,5.899751388911059e-05
2.76885,0.003561809309100998,0.000114014580487921
2.77149,0.0005445686736958939,1.843474118684274e-05
2.77414,0.004523035030521642,0.000141721517200839
2.77678,0.002067302580466149,6.732702783466318e-05
2.77943,0.002766780799112099,8.886623593744055e-05
2.78207,0.003989543423973361,0.0001259173373663751
2.78471,0.00409501706437292,0.0001295747339716936
2.78736,0.003470931118201999,0.0001104925181393779
2.79,0.00267217362652608,8.557814763607826e-05
2.79264,0.002884057158712539,9.269262576991627e-05
2.79529,0.002999232103218644,9.59734681943592e-05
2.79793,0.002970963720865707,9.481043512638064e-05
2.80058,0.002679636168146502,8.532843957584765e-05
2.80322,0.002773165163706991,8.941557712201506e-05
2.80586,0.002896986126526082,9.314439731686702e-05
2.80851,0.003625847530521642,0.000113921804008205
2.81115,0.003714949361820202,0.0001160688380533003
2.81379,0.0037352515954495,0.0001169603360802016
2.81644,0.003240762069922308,0.0001031330857032069
2.81908,0.004177418632075475,0.0001298066875928157
2.82173,0.002999632699778025,9.527096859463646e-05
2.82437,0.00326613013318535,0.0001026875781672208
2.82701,0.003553231964483908,0.0001111329574328944
2.82966,0.003076016162597116,9.787435282127253e-05
2.8323,0.003072868618201995,9.658044339559151e-05
2.83494,0.003062647683129857,9.678412945058725e-05
2.83759,0.002230040926748059,7.103943854330647e-05
2.84023,0.002541066384572696,8.112266082710895e-05
2.84288,0.002647288568257492,8.498822852571131e-05
2.84552,0.004426992577691452,0.0001346314531069776
2.84816,0.00362840905937847,0.0001143894289470447
2.85081,0.001373318257491673,4.493469222947314e-05
2.85345,0.002738983976137626,8.697604956990858e-05
2.85609,0.00292021843784684,9.230620849198832e-05
2.85874,0.002414853288013321,7.713959138187097e-05
2.86138,0.003313727871809101,0.0001047964156780203
2.86402,0.002384506381798001,7.64960601341088e-05
2.86667,0.003712241329078801,0.0001159784708992131
2.86931,0.003587973987236404,0.0001121344307260842
2.87196,0.002572798210321862,8.149793821694575e-05
2.8746,0.001776622849611542,5.810442499652885e-05
2.87724,0.004731306326304105,0.0001451944862526118
2.87989,0.003648953940066595,0.000114298082439506
2.88253,0.001171870837957825,3.851552608284458e-05
2.88517,0.004086409961154273,0.0001275977373985989
2.88782,0.002866405729744727,9.151038064421322e-05
2.89046,0.003407671198668144,0.000105943226823023
2.89311,0.003764002982796891,0.0001181116285854894
2.89575,0.003136744311875696,9.932962055236732e-05
2.89839,0.002593933684794671,8.206520724445481e-05
2.90104,0.003192337957824642,0.0001010146353244845
2.90368,0.002438493063263042,7.73111193033518e-05
2.90632,0.002856003953940066,9.058209501333377e-05
2.90897,0.003129247433407324,9.933406162465696e-05
2.91161,0.001172248543285237,3.848492458034213e-05
2.91426,0.003730188054938957,0.0001156998017894455
2.9169,0.003200201096004441,0.0001014667812705421
2.91954,0.003294309239733633,0.0001039530455327009
2.92219,0.002347498127081021,7.418514393075448e-05
2.92483,0.001954899764150941,6.305449632632667e-05
2.92747,0.00300773161764706,9.472285220192688e-05
2.93012,0.003227475998890121,0.0001024472211075253
2.93276,0.0013142634572697,4.291130122233805e-05
2.93541,0.002556838443396224,8.075148717099754e-05
2.93805,0.00181851838235294,5.856385030277637e-05
2.94069,0.002502778509988903,7.940270621421032e-05
2.94334,0.003266581090455051,0.0001033917036202231
2.94598,0.002713705188679247,8.510850836785905e-05
2.94862,0.002987626248612656,9.47703158807082e-05
2.95127,0.002201813748612654,7.088866474223652e-05
2.95391,0.001603865011098781,5.19617964419043e-05
2.95655,0.001281322974472809,4.172419917025294e-05
2.9592,0.002234067494450607,7.060099422743139e-05
2.96184,0.002865984531076578,9.100787345319246e-05
2.96449,0.003525730438401778,0.0001113219272166529
2.96713,0.002774247918978911,8.78865753374875e-05
2.96977,0.003113315135960045,9.839373681396666e-05
2.97242,0.003926404827968925,0.0001215821704189869
2.97506,0.002672761931187571,8.579435170204661e-05
2.9777,0.00352340240011099,0.0001100420744354416
2.98035,0.002959339553274139,9.323056367685754e-05
2.98299,0.001913800846281912,6.209597266754118e-05
2.98564,0.003340398446170921,0.0001043861806892262
2.98828,0.001230772266925638,4.033140779521926e-05
2.99092,0.002972586709211986,9.334826052614557e-05
2.99357,0.002949523793007771,9.32967795543153e-05
2.99621,0.004066473987236406,0.0001264423680623284
2.99885,0.00206431298557159,6.640538041567554e-05
3.0015,0.002144054592119868,6.88359181658449e-05
3.00414,0.003982685210876804,0.0001236391153880552
3.00679,0.002958849680910099,9.329155205843769e-05
3.00943,0.001039747225305215,3.427548368911341e-05
3.01207,0.002579926539955606,8.144684313260728e-05
3.01472,0.003032646434517201,9.608113723724781e-05
3.01736,0.003566289123196448,0.0001116523862896135
3.02,0.002991316315205328,9.432075589670756e-05
3.02265,0.002812050499445058,8.891681824759635e-05
3.02529,0.003130888734739179,9.809263340031611e-05
3.02794,0.001716409753052164,5.566320137165415e-05
3.03058,0.002135049181465037,6.817822296529096e-05
3.03322,0.00250072287735849,7.985407532748802e-05
3.03587,0.002588371115427304,8.222672737836512e-05
3.03851,0.001246162042175361,4.025172574473564e-05
3.04115,0.001500078454495003,4.863683177245653e-05
3.0438,0.003282872780244174,0.0001024523642096353
3.04644,0.001818786209766929,5.81865998837123e-05
3.04908,0.003643299805771365,0.0001135800654099734
3.05173,0.003284498057713654,0.0001024342319570719
3.05437,0.003750886306881242,0.0001162283493800516
3.05702,0.003409653579356272,0.0001057128798583067
3.05966,0.002986060488346278,9.242298335778861e-05
3.0623,0.002636703662597115,8.333496883315611e-05
3.06495,0.002559734184239735,8.051451470796665e-05
3.06759,0.004870926817425084,0.0001468838829559952
3.07023,0.00479095629855716,0.0001450766434275443
3.07288,0.003340231340177579,0.0001039757936881164
3.07552,0.0024620435627081,7.829204097598301e-05
3.07817,0.003099603288013316,9.732834615955154e-05
3.08081,0.003477212472253051,0.0001073476776132687
3.08345,0.002888594200887904,9.05594869658985e-05
3.0861,0.001570102733074364,5.038626246385985e-05
3.08874,0.002929906007214205,9.15647239507506e-05
3.09138,0.002004550846281912,6.3962851869126e-05
3.09403,0.002988539608768037,9.347037574942514e-05
3.09667,0.003181160169256381,9.98885193645407e-05
3.09932,0.002102811459489457,6.634049766646441e-05
3.10196,0.002929997572142065,9.162557581875188e-05
3.1046,0.002298577275249721,7.263856285926387e-05
3.10725,0.003870765399556049,0.000118859385513889
3.10989,0.002955953940066593,9.279547494003692e-05
3.11253,0.002867312222530522,8.962797648498044e-05
3.11518,0.003074068118756937,9.600070555841561e-05
3.11782,0.003247524139844616,0.0001006280405958618
3.12047,0.002587814858490567,8.126415441346254e-05
3.12311,0.003277523099334075,0.0001021794356707744
3.12575,0.002598793493340734,8.143574010685126e-05
3.1284,0.002427136723085463,7.690569988561795e-05
3.13104,0.002262825749167593,7.178405876194655e-05
3.13368,0.002413836917314095,7.702973576116003e-05
3.13633,0.004613059378468365,0.0001393935472948167
3.13897,0.002147286834073254,6.796761846105377e-05
3.14161,0.003578080396781353,0.0001112934526103464
3.14426,0.003501115496670367,0.0001093608924643698
3.1469,0.002327694922308547,7.381747324509006e-05
3.14955,0.001884039955604885,6.025727103296228e-05
3.15219,0.002268917105993338,7.175277893977885e-05
3.15483,0.003890083310210873,0.0001192564065618629
3.15748,0.002576426470588235,8.119897458953764e-05
3.16012,0.002143175568812427,6.81745007951707e-05
3.16276,0.002048158643174252,6.55113458668115e-05
3.16541,0.004888397405660376,0.0001482239077864106
3.16805,0.002878840246947836,9.011271181886154e-05
3.1707,0.002648735294117646,8.349102860081416e-05
3.17334,0.003909419533851277,0.0001194985775378427
3.17598,0.001970758809655939,6.302545922236576e-05
3.17863,0.002899151637069922,9.061218042144336e-05
3.18127,0.004217649972253053,0.0001285574444772882
3.18391,0.001593845518867925,5.115044572904305e-05
3.18656,0.002809793423973363,8.773344896504978e-05
3.1892,0.002309810002774696,7.364339496720171e-05
3.19185,0.003775043423973366,0.000116001725577835
3.19449,0.003283138318534962,0.0001019075126113829
3.19713,0.002480411487236405,7.836585529397929e-05
3.19978,0.002285957339067703,7.199231465485744e-05
3.20242,0.002008762832963373,6.375268808546138e-05
3.20506,0.00223344943118757,7.034206958374813e-05
3.20771,0.002270153232519422,7.140787278556665e-05
3.21035,0.002466386029411764,7.736707077640943e-05
3.213,0.00226012687291898,7.114323693782253e-05
3.21564,0.00286471635682575,8.804765903656538e-05
3.21828,0.002667371046059931,8.308469896586872e-05
3.22093,0.003060965177580466,9.466612295204246e-05
3.22357,0.003322257144839069,0.0001025147287280086
3.22621,0.002951847253052165,9.117133673085206e-05
3.22886,0.002818565344062153,8.720181952138547e-05
3.2315,0.002467665649278582,7.929880016252548e-05
3.23414,0.001666126872918982,5.53852489623468e-05
3.23679,0.003039044533851278,9.895976778665607e-05
3.23943,0.002708057921753608,8.954318585771665e-05
3.24208,0.003852534822419534,0.0001266292337965577
3.24472,0.003163634642064374,0.0001065255587755409
3.24736,0.001355705743618205,4.710740499094633e-05
3.25001,0.001450310627081023,5.112456496314534e-05
3.25265,0.002858819575471696,9.929393860710876e-05
3.25529,0.002451628052164261,8.676381956644745e-05
3.25794,0.002639862652608212,9.231413565671078e-05
3.26058,0.001954352663706991,6.977300563411989e-05
3.26323,0.002956597183684793,0.0001037760323812443
3.26587,0.001711945962819092,6.22403091508481e-05
3.26851,0.003282238693118758,0.0001169997992912106
3.27116,0.001999899347946726,7.277747123801065e-05
3.2738,0.003395749445061043,0.000120751908707005
3.27644,0.003730787805216424,0.0001331119916836136
3.27909,0.004586446032186457,0.0001622579599729416
3.28173,0.002004887347391788,7.397606740499879e-05
3.28438,0.003750027885682578,0.0001365765832392562
3.28702,0.00252171642619312,9.076153871671465e-05
3.28966,0.002585974403440622,9.203569874492222e-05
3.29231,0.003431807713651499,0.0001182856497592738
3.29495,0.00278302899556049,9.631250313751658e-05
3.29759,0.002975658712541621,0.000102095191422635
3.30024,0.002880396850721422,9.838281143429578e-05
3.30288,0.001917511514983352,6.670853351168252e-05
3.30553,0.003471437014428413,0.0001165188428195824
3.30817,0.002963526359600442,0.0001001910680205605
3.31081,0.002266850027746945,7.788131067618806e-05
3.31346,0.002445193326859046,8.377980772426681e-05
3.3161,0.003313943049389569,0.0001106454198066959
3.31874,0.002505191245837956,8.541103943670397e-05
3.32139,0.00285099993063263,9.581644820186814e-05
3.32403,0.001942893312985572,6.681645136806045e-05
3.32667,0.002999985224750275,9.985751466397767e-05
3.32932,0.001955426262486128,6.657355876389139e-05
3.33196,0.002538017272475026,8.59786715857987e-05
3.33461,0.003089956922863487,0.0001032750953275866
3.33725,0.002386520810210878,8.057329243250096e-05
3.33989,0.002112109877913431,7.159786155160523e-05
3.34254,0.001644389359045506,5.558340390010326e-05
3.34518,0.003900059309100996,0.0001272823340385211
3.34782,0.002498424597669259,8.336014655729968e-05
3.35047,0.001533268451720312,5.192256883962657e-05
3.35311,0.004021472114317423,0.000129716875229868
3.35576,0.002884945338512763,9.549749772987027e-05
3.3584,0.002417366745283021,8.036015473760676e-05
3.36104,0.002894623751387345,9.513269746355616e-05
3.36369,0.00367594956992231,0.0001200463250928675
3.36633,0.002790564789123197,9.190563281212534e-05
3.36897,0.003610384503329636,0.0001175230647152493
3.37162,0.001701603704217538,5.668677506153627e-05
3.37426,0.002545633185349613,8.458600683347986e-05
3.37691,0.002039102871809098,6.845872497195824e-05
3.37955,0.003371212333518315,0.0001092472251878245
3.38219,0.001729654619866814,5.785757098499306e-05
3.38484,0.002658395394006657,8.734460182622648e-05
3.38748,0.003243518174250835,0.000105632165455818
3.39012,0.002563486057158712,8.518917877996348e-05
3.39277,0.00275676130688124,9.049827335054543e-05
3.39541,0.001746500277469479,5.830824074027997e-05
3.39806,0.003380478704217535,0.0001101996707893717
3.4007,0.00350327871809101,0.000113722714147497
3.40334,0.002078901567702555,6.941354796436728e-05
3.40599,0.003016427996670366,9.868630026595397e-05
3.40863,0.001420291065482795,4.759187468235863e-05
3.41127,0.002311201789678136,7.650504264398535e-05
3.41392,0.002047263596004442,6.805167138194116e-05
3.41656,0.003531432644284127,0.0001141078317575936
3.41921,0.002287417799667039,7.576500375720191e-05
3.42185,0.001756567841287461,5.85425049230291e-05
3.42449,0.003254068743063263,0.00010609477616605
3.42714,0.004066061945061044,0.0001289310675963714
3.42978,0.002722509156492787,8.928444920505099e-05
3.43242,0.003359537805216427,0.0001090668067673011
3.43507,0.002416151220865706,7.984842116658079e-05
3.43771,0.003831731270810208,0.0001230290906339499
3.44035,0.003239537389012209,0.0001046083416908885
3.443,0.002475824084350725,8.152223109266937e-05
3.44564,0.003056295366259713,9.953229166011509e-05
3.44829,0.002872824431187568,9.280531392546457e-05
3.45093,0.002693993548834628,8.784266788407602e-05
3.45357,0.002291812916204216,7.522190126833579e-05
3.45622,0.002762500138734739,8.992607961694648e-05
3.45886,0.002881214067702554,9.405505430782833e-05
3.4615,0.002243139289678136,7.307888364522774e-05
3.46415,0.003839454772475028,0.000121870055561815
3.46679,0.003377031284683681,0.0001082593046116064
3.46944,0.00298903863762486,9.676026903106009e-05
3.47208,0.003786003745837957,0.0001204419875784998
3.47472,0.005275275249722529,0.0001631722731665711
3.47737,0.003005648515538289,9.652479899528051e-05
3.48001,0.001989946240288569,6.492519707150577e-05
3.48265,0.002462409822419535,7.952964446766979e-05
3.4853,0.003515878052164264,0.0001115287372425752
3.48794,0.003934023029966704,0.0001246630948440014
3.49059,0.001849222391786903,6.100625563459655e-05
3.49323,0.00448038866537181,0.0001385283199105136
3.49587,0.003933079911209766,0.0001225173737592794
3.49852,0.002387198390677023,7.769185483336907e-05
3.50116,0.002258728218645953,7.373534698925467e-05
3.5038,0.003133500624306326,0.0001002137456663548
3.50645,0.002295548765260819,7.450559537346787e-05
3.50909,0.003181247155937847,0.0001015226357726559
3.51174,0.001925976692563819,6.284377547931018e-05
3.51438,0.003329756312430633,0.0001066075939344356
3.51702,0.002150047516648167,6.973480199389128e-05
3.51967,0.003669867369589348,0.0001164959128100942
3.52231,0.003703414470033297,0.0001168879797166698
3.52495,0.002264240427302999,7.410564802655377e-05
3.5276,0.003584000069367372,0.0001128994869671542
3.53024,0.003323074361820201,0.0001052709714522743
3.53288,0.002121362513873474,6.901466788390861e-05
3.53553,0.003020765885127636,9.704352296841437e-05
3.53817,0.002507306395671476,8.135833584452139e-05
3.54082,0.003028828177025526,9.65255755922483e-05
3.54346,0.002536495005549391,8.188818734886328e-05
3.5461,0.001248078038290791,4.178536778535977e-05
3.54875,0.002842452344617091,9.130393459187659e-05
3.55139,0.004163255826859045,0.0001300316741046756
3.55403,0.002287951165371808,7.442951081302732e-05
3.55668,0.001590954356270809,5.207636653479344e-05
3.55932,0.002665530591009991,8.603612295503489e-05
3.56197,0.002420381520532742,7.816430429308e-05
3.56461,0.004997524486681465,0.0001534470128933023
3.56725,0.002820831576026637,9.079396035235768e-05
3.5699,0.003425984184239731,0.0001091460155050214
3.57254,0.002502414539400665,8.01730917370586e-05
3.57518,0.002731780105438402,8.749925895665923e-05
3.57783,0.0034322586709212,0.0001090791974702296
3.58047,0.004015524972253055,0.0001261937753981341
3.58312,0.001964754439511652,6.41816090383202e-05
3.58576,0.003474373959489456,0.0001096982160427714
3.5884,0.002740675638179801,8.813496463493163e-05
3.59105,0.002074746809101,6.753950427540311e-05
3.59369,0.002305957408435071,7.475120056325526e-05
3.59633,0.002985016648168701,9.499152907238474e-05
3.59898,0.003377489109322973,0.0001067775922213266
3.60162,0.003318505271920087,0.0001059508084018197
3.60427,0.001701294672586017,5.610265146613655e-05
3.60691,0.004069108768035518,0.0001269985441126742
3.60955,0.002920074223085459,9.341489524801107e-05
3.6122,0.001499755688124305,4.953615584229197e-05
3.61484,0.002136159406215316,6.998223014123143e-05
3.61748,0.002221754300776914,7.177779057395365e-05
3.62013,0.003004471906215316,9.578836368140095e-05
3.62277,0.003077563609877914,9.826399859226983e-05
3.62541,0.004598475374583795,0.0001421070625441654
3.62806,0.00368707928690344,0.0001169241330603654
3.6307,0.002612434378468367,8.416653427844853e-05
3.63335,0.002921367577691454,9.402165001560176e-05
3.63599,0.002651594408990014,8.542381047279895e-05
3.63863,0.00362668763873474,0.0001144988171436705
3.64128,0.002421903787458382,7.834995526033811e-05
3.64392,0.001770943534961154,5.803649355139559e-05
3.64656,0.002121742508324087,6.88891199545363e-05
3.64921,0.003020257699778021,9.707221726381483e-05
3.65185,0.003080360918423973,9.8404869643886e-05
3.6545,0.002636740288568257,8.466534454136744e-05
3.65714,0.003291083865149833,0.0001044533671069072
3.65978,0.002608810696448388,8.413486143905166e-05
3.66243,0.002895063263041065,9.272110611104838e-05
3.66507,0.002903890122086569,9.294204354177794e-05
3.66771,0.002076365219200889,6.756120629345606e-05
3.67036,0.003739836709211987,0.0001173618392776636
3.673,0.003025817980022199,9.641859570942352e-05
3.67565,0.003345491745283019,0.0001054781371664744
3.67829,0.002450403371254162,7.869123076249319e-05
3.68093,0.003476019839067704,0.0001103125793325096
3.68358,0.002780531562153164,8.818265603725129e-05
3.68622,0.003284461431742508,0.0001043615474007504
3.68886,0.003619403648723644,0.0001128963308437131
3.69151,0.003322362444506106,0.000104879760371608
3.69415,0.002743775110987791,8.710471959424231e-05
3.6968,0.003463649417314096,0.0001078692034371892
3.69944,0.00191590683962264,6.233639077741704e-05
3.70208,0.001643851415094339,5.315561905781937e-05
3.70473,0.00300733788845727,9.508934086728283e-05
3.70737,0.00255171080743618,8.062846390387133e-05
3.71001,0.002672198806881242,8.426269329443575e-05
3.71266,0.002390229189789123,7.610232969957856e-05
3.7153,0.004185013942841289,0.0001298615887541994
3.71794,0.00250205056881243,7.97576513962339e-05
3.72059,0.002478447419533852,7.911405115066678e-05
3.72323,0.002980177441731407,9.376554174163658e-05
3.72588,0.002015282255826858,6.499766679050886e-05
3.72852,0.002017791134850165,6.475750033144793e-05
3.73116,0.003420746670366264,0.0001063301108562511
3.73381,0.002910839900110991,9.219517961909552e-05
3.73645,0.002130596836847946,6.790269235345117e-05
3.73909,0.002244922516648166,7.223325369007388e-05
3.74174,0.002421599334073255,7.663655402811819e-05
3.74438,0.002856610571587123,9.019244689266386e-05
3.74703,0.003722153232519423,0.0001164245700717641
3.74967,0.002419893937291899,7.754867221897467e-05
3.75231,0.002387944644839068,7.531403283756289e-05
3.75496,0.001176746670366259,3.845928139795564e-05
3.7576,0.00276768729189789,8.716155681168571e-05
3.76024,0.002979007699778024,9.414142479659148e-05
3.76289,0.003098751734184239,9.713032180800897e-05
3.76553,0.002283494242508323,7.30363005333964e-05
3.76818,0.002493709003884576,7.938094931547366e-05
3.77082,0.001702283573806884,5.471185467980954e-05
3.77346,0.002805189997225304,8.87703485032019e-05
3.77611,0.001988034822419532,6.38793447492679e-05
3.77875,0.00223364858490566,7.131728238981716e-05
3.78139,0.002609511168146502,8.295909261010024e-05
3.78404,0.002483444575471701,7.902915792705353e-05
3.78668,0.003623878884572699,0.0001124630997200771
3.78933,0.001933844408990008,6.206142803178577e-05
3.79197,0.002183329078801331,7.224660451214076e-05
3.79461,0.002584578038290791,8.615434428590122e-05
3.79726,0.001847876387347392,6.283873425962589e-05
3.7999,0.001198525388457271,4.215070513806032e-05
3.80254,0.002502171892341842,8.627464940284951e-05
3.80519,0.003523967813540512,0.0001204697066562761
3.80783,0.002608336847946726,9.125834682876478e-05
3.81047,0.002765849125971147,9.76190684804854e-05
3.81312,0.002874406215316316,0.0001033581032404348
3.81576,0.00259554064927858,9.332635983434022e-05
3.81841,0.002655822419533849,9.52969388289238e-05
3.82105,0.002706386861820202,9.905502136994602e-05
3.82369,0.003118671684239735,0.0001128606482133675
3.82634,0.001698151706437294,6.357206761741566e-05
3.82898,0.002014426123751387,7.544323016927358e-05
3.83162,0.003670430493895673,0.0001339286134588417
3.83427,0.002969223987236402,0.0001106786310452067
3.83691,0.002175898584905662,8.340140216389386e-05
3.83956,0.003364354120421753,0.0001260724382261279
3.8422,0.00269405764428413,0.0001027618192287713
3.84484,0.001831825055493895,7.147006952438422e-05
3.84749,0.004025780244173143,0.0001467969744490069
3.85013,0.002579042938401776,9.43520712857432e-05
3.85277,0.002473761584350721,8.903776986015359e-05
3.85542,0.001657989039955607,6.095854616221567e-05
3.85806,0.002107769700332963,7.595496264662509e-05
3.86071,0.003049391370699222,0.0001070868450427113
3.86335,0.002352703593229748,8.313835129676623e-05
3.86599,0.001975140191453943,6.989027988234676e-05
3.86864,0.002070988068812432,7.285127547786145e-05
3.87128,0.002248786556603775,7.930094360956775e-05
3.87392,0.003279887763596005,0.0001125009894770394
3.87657,0.003102203731964483,0.0001068100023500974
3.87921,0.003149471836847948,0.0001083047413202319
3.88186,0.002583941662042178,8.962208465429035e-05
3.8845,0.001849746600998889,6.516394284076918e-05
3.88714,0.002459495768590459,8.468550335200869e-05
3.88979,0.003212452483351831,0.000109998677043042
3.89243,0.001732310002774694,6.082067895865355e-05
3.89507,0.002066805840732518,7.105796691634549e-05
3.89772,0.001791355646503888,6.184472731347164e-05
3.90036,0.005156971073806883,0.0001662338627189574
3.903,0.002801323668146506,9.422279115818235e-05
3.90565,0.001576587819089903,5.433450696716542e-05
3.90829,0.001778820407880135,6.083179552637207e-05
3.91094,0.001858742855160931,6.37573098295385e-05
3.91358,0.001555667522197555,5.332956020503086e-05
3.91622,0.003696602039400665,0.0001207231665854151
3.91887,0.003301877081021088,0.0001097672798791199
3.92151,0.003621248682019978,0.0001183005537545615
3.92415,0.003380620629855715,0.0001109155400435575
3.9268,0.00389239303551609,0.000126959076933935
3.92944,0.0012206131381798,4.157900859360643e-05
3.93209,0.00389321940899001,0.0001260820465952344
3.93473,0.002715142758046614,8.915692644815444e-05
3.93737,0.001938358559933408,6.482671097115575e-05
3.94002,0.001993585946170922,6.676463269426365e-05
3.94266,0.0027466067563818,9.069455981114655e-05
3.9453,0.002131990912874584,7.118063417453977e-05
3.94795,0.002405467882907882,7.968720555282908e-05
3.95059,0.001621152469478358,5.483029254606351e-05
3.95324,0.004224560835183131,0.00013603267739268
3.95588,0.002833895602108769,9.341048055900505e-05
3.95852,0.002990654758601553,9.841619444802454e-05
3.96117,0.003109297724750276,0.0001022568533863299
3.96381,0.002929420713096559,9.606600274126181e-05
3.96645,0.002856072627635961,9.366705820111131e-05
3.9691,0.002866474403440622,9.413715243904635e-05
3.97174,0.002685468854051055,8.907478852580311e-05
3.97439,0.003070101068257491,0.0001011584022049728
3.97703,0.001827851137624863,6.0734685339867e-05
3.97967,0.001594486473362928,5.363965570259515e-05
3.98232,0.002082811390122086,6.920829888851648e-05
3.98496,0.002519532602663708,8.3255859948532e-05
3.9876,0.001222993826304104,4.142543893099538e-05
3.99025,0.002090695130410653,6.960600646018056e-05
3.99289,0.002339955466148724,7.81607275373937e-05
