0.0431807,65.8664733837403,0.4653923925753735
0.0458244,57.04205797724751,0.4169277605024104
0.0484682,49.94089932019978,0.3847939724186173
0.0511119,43.82567609600444,0.3742336782107428
0.0537556,38.34379214067703,0.3273288831224457
0.0563993,34.20249404134295,0.3201304702853548
0.059043,30.43925319922309,0.2816835633032664
0.0616867,27.03934915579912,0.2737139270947664
0.0643304,24.53217667383463,0.2556360199881385
0.0669742,22.28405265815761,0.2330857269034744
0.0696179,20.11721554453385,0.2256381685429798
0.0722616,18.1419540295505,0.2006194905887141
0.07490529999999999,16.60424618965039,0.1917080854080499
0.07754900000000001,15.10889143243618,0.1805440916595897
0.08019270000000001,13.88555943396226,0.1665436783845652
0.08283649999999999,12.73145786903441,0.1613642650925829
0.08548020000000001,11.61604674389567,0.1465645321055659
0.08812390000000001,10.8237000790788,0.1483616976476159
0.0907676,9.93141514844617,0.1399613779661195
0.0934113,9.215378122225307,0.1328075446228364
0.096055,8.464067447280799,0.1284775814888469
0.0986987,7.94216837264151,0.1201448447329951
0.101342,7.305812588790233,0.1147288041721437
0.103986,6.781779730854607,0.1045532871293696
0.10663,6.258051486542731,0.1006719305769003
0.109274,5.918657016509434,0.09789301959547043
0.111917,5.48927301609323,0.0903215330226264
0.114561,5.170245699223085,0.08581412870824146
0.117205,4.792979402746949,0.08081079275079844
0.119848,4.514735699916759,0.07684870197872788
0.122492,4.18252497918979,0.07066673914499666
0.125136,3.95102952136515,0.06852884697547551
0.12778,3.724371049528302,0.06488088855039807
0.130423,3.50392065690899,0.06203396790923563
0.133067,3.273756232658158,0.05886281138654576
0.135711,3.101585691592675,0.0544231210738964
0.138354,2.893835285793563,0.05206536501265138
0.140998,2.769301581576027,0.04981249528470853
0.143642,2.615144494311875,0.0473361929451214
0.146286,2.440483387208657,0.04379323583870635
0.148929,2.262219223085461,0.04074901637963899
0.151573,2.188801754300777,0.04056739942442658
0.154217,2.067347081021088,0.03773062523155941
0.15686,1.932111611403996,0.03579643732735357
0.159504,1.824961440066593,0.03367674207463451
0.162148,1.739818326859046,0.03228706735900205
0.164792,1.648911407463929,0.03130142399850193
0.167435,1.564674031631521,0.02917207142963225
0.170079,1.484246420643729,0.02798199939489182
0.172723,1.436043529411765,0.02695142956860486
0.175366,1.339599633046615,0.02554187610493426
0.17801,1.276454833518313,0.02426132937715255
0.180654,1.237712155937847,0.02343975950238699
0.183298,1.17884238554384,0.02264239012636307
0.185941,1.094558014012209,0.02100747499431686
0.188585,1.039654882075472,0.02007457320675984
0.191229,0.9985965961431743,0.01942018294142719
0.193872,0.9527896843784684,0.01848165700943957
0.196516,0.9169649292452831,0.01795874443347548
0.19916,0.8662260099889011,0.01701998048875042
0.201804,0.8236952684517205,0.01659592559837775
0.204447,0.8056745123473918,0.01596058261732611
0.207091,0.763823091009989,0.01509971906663397
0.209735,0.7411830674250833,0.01470659075695566
0.212378,0.7085343104883463,0.01416474357788619
0.215022,0.6822266537180911,0.01364288811028706
0.217666,0.6421964816870145,0.01306144205562675
0.22031,0.6298137902330745,0.01294909355836406
0.222953,0.6034022530521643,0.01227506645253445
0.225597,0.5727799653163153,0.01162664606706617
0.228241,0.5455610314927858,0.01129113939852412
0.230885,0.5355376706437293,0.01106404989772364
0.233528,0.5155074306326305,0.01077862639026429
0.236172,0.5003955778301887,0.01045432711967929
0.238816,0.4738389560210878,0.009964354111126457
0.241459,0.4447944006659268,0.00940622990056093
0.244103,0.4503411293007769,0.009351570315729288
0.246747,0.4274012305771366,0.009064528284205285
0.249391,0.4100075568812431,0.00879045297248702
0.252034,0.4005973376803552,0.008649051629476587
0.254678,0.3829994284128746,0.008223352237414319
0.257322,0.3673195754716981,0.007955775254769934
0.259965,0.3542907103218646,0.007703660604121723
0.262609,0.3523069790510544,0.007651036852048138
0.265253,0.3332283046614872,0.007406943996152964
0.267897,0.3247642945338513,0.007139925565674426
0.27054,0.3178803745837958,0.007005604558622253
0.273184,0.3100347939789123,0.0067876846051378
0.275828,0.2947315246947836,0.006527329186285861
0.278471,0.2887782248890123,0.00649929181725988
0.281115,0.2821464518590455,0.006362893430768305
0.283759,0.2705910724195338,0.006168300762877336
0.286403,0.2741475,0.006076620590608285
0.289046,0.2508817903718091,0.005756027747786231
0.29169,0.2447354030244173,0.00560693197698904
0.294334,0.2367435245560489,0.005508280443404897
0.296977,0.231764429800222,0.005406558691241211
0.299621,0.2228865004162042,0.005184776947486088
0.302265,0.2333868000832409,0.00535876833543649
0.304909,0.2194533650110988,0.00509468185686864
0.307552,0.209187814927858,0.004958923837859452
0.310196,0.2156187173973363,0.005015453973760142
0.31284,0.2001519818257492,0.004726350016099558
0.315483,0.1964852185072142,0.004666841419834187
0.318127,0.1913396747364041,0.004542493600661602
0.320771,0.1863383045227525,0.004441047346161908
0.323415,0.1914826831298557,0.004531471782927105
0.326058,0.1739887229467259,0.004201177632426723
0.328702,0.1737559420088791,0.004252104110469318
0.331346,0.1740041310349612,0.004189785612208716
0.333989,0.166856039400666,0.004043870689910336
0.336633,0.1637972031076582,0.003949676728856458
0.339277,0.167182381381798,0.003996717635922012
0.341921,0.1553976546892342,0.003845998844820989
0.344564,0.1517393222114317,0.003740530991439335
0.347208,0.1398309531076581,0.003540874810501921
0.349852,0.1476249826581576,0.003637951571312844
0.352495,0.1413003435765816,0.003533044747198021
0.355139,0.1348645629855716,0.003407182148712382
0.357783,0.1357243370560489,0.003425825410267873
0.360427,0.1345665946864595,0.003391259498759883
0.36307,0.1321597579078801,0.003311928675575138
0.365714,0.1269413009850167,0.00323347165152698
0.368358,0.1286404576165372,0.003216300173087411
0.371001,0.1286566485849056,0.003237977584816491
0.373645,0.1293111501109878,0.003250431901745135
0.376289,0.1268555115149834,0.003173681172993153
0.378933,0.121358385890677,0.003093846127733349
0.381576,0.1177881617647059,0.002970833793083848
0.38422,0.1129505851831299,0.002916012029656396
0.386864,0.1137143923418424,0.002903656313985991
0.389507,0.1145001659267481,0.002932389315890846
0.392151,0.1078205593784684,0.002828651647385662
0.394795,0.1041783858213097,0.002709335604402412
0.397439,0.1107768131936737,0.002833778177802833
0.400082,0.1071324077413985,0.002745426087676039
0.402726,0.1018733532186459,0.002664517978166717
0.40537,0.09938392716426193,0.002613800576672047
0.408013,0.09931933268590457,0.0025746461459205
0.410657,0.09709647960599332,0.002566186356836594
0.413301,0.09689857803829079,0.002532239778323652
0.415945,0.09590215933684797,0.002530066078707145
0.418588,0.09109945983629301,0.002444036994593113
0.421232,0.0894263351137625,0.002399682455060791
0.423876,0.08919142300221977,0.002433289753596767
0.426519,0.08826602205882353,0.002423345264989306
0.429163,0.09085907214206437,0.002544273431675442
0.431807,0.08538934732241953,0.002481770637953236
0.434451,0.08900791086293008,0.002594940235278284
0.437094,0.08276254640677026,0.002528452618610496
0.439738,0.08308843514150945,0.002538010230261259
0.442382,0.08168459600443952,0.002558707626272892
0.445025,0.08183032387624861,0.002557452979747184
0.447669,0.08117240697835738,0.002562866768035145
0.450313,0.07742101248612653,0.002518475688049714
0.452957,0.07814457914816871,0.002498516894897096
0.4556,0.07582808719478357,0.002435510287292172
0.458244,0.07182648238068812,0.002309091912235564
0.460888,0.07308347426470588,0.002351310236771193
0.463531,0.07585143854051055,0.002438680722263704
0.466175,0.07241339067702553,0.002330876604400066
0.468819,0.07270691807713651,0.002389609581975282
0.471463,0.07385755958657048,0.002348324554117143
0.474106,0.07299651047447282,0.002383319848607934
0.47675,0.06990001581576026,0.00230764312927536
0.479394,0.06866981582963375,0.002289031438675771
0.482037,0.07159073016093231,0.002383916780244654
0.484681,0.06711135328801332,0.002164288781466871
0.487325,0.07191845248335184,0.00227324471860137
0.489969,0.06648224271642619,0.002098544922421247
0.492612,0.06132061327691454,0.001986512900055408
0.495256,0.06451212715038845,0.002017678989894506
0.4979,0.06754255313540511,0.002059249189272059
0.500543,0.06502512881520534,0.001992002285411015
0.5031870000000001,0.06578310557713651,0.001990976373769535
0.505831,0.06022585384295227,0.001875069031573858
0.508475,0.06312742508324086,0.001927150414837289
0.511118,0.05992517293285238,0.001831716998195048
0.5137620000000001,0.06226189157880135,0.001883219776407275
0.516406,0.06319487638734739,0.001882691198776915
0.519049,0.05916446753607103,0.001808309979807355
0.521693,0.05783833497502775,0.001753799953511237
0.5243370000000001,0.05517658601553829,0.001697230860370236
0.526981,0.06201392001942286,0.001842286201120169
0.529624,0.05940283393451721,0.001762591192686066
0.532268,0.05637718306048835,0.00170623798326225
0.5349120000000001,0.05751817362652609,0.001711273164143745
0.537555,0.05583419617092119,0.001675221777630115
0.540199,0.0570724057991121,0.001707416004873281
0.542843,0.05324967764983352,0.001616766489912583
0.5454870000000001,0.05524388852663708,0.001653145158413377
0.54813,0.05238832637347392,0.001559113116265966
0.550774,0.05722724438124306,0.001680124201379129
0.553418,0.057324612236404,0.001665072943497546
0.556061,0.05456895199778025,0.001609655499283628
0.558705,0.05357234558823529,0.001597768594138163
0.561349,0.0519466995699223,0.001525028582113742
0.563993,0.04983291176470589,0.001495187984426238
0.566636,0.05167699736403995,0.001521314575894524
0.56928,0.0501360260127636,0.001499827425871239
0.571924,0.05065092536071032,0.001501978010901332
0.574567,0.04764055209489457,0.00143286984707787
0.577211,0.04844760765815761,0.001445713091103409
0.579855,0.04694780618756938,0.001397400545655496
0.582499,0.04596193347669256,0.001390042320987929
0.5851420000000001,0.04686057228079912,0.001396811751082298
0.587786,0.04941503690344062,0.00146412982416682
0.59043,0.04712049764150943,0.001403267738706517
0.593073,0.04613051137624861,0.00135999219713832
0.5957170000000001,0.04634804446448391,0.001370295046398677
0.598361,0.04750872835738069,0.00139745689060896
0.601005,0.0476373084073252,0.001388799009754641
0.603648,0.0462698022336293,0.001353905019272414
0.6062920000000001,0.04642364275804663,0.00135470840051978
0.608936,0.04595438165926748,0.001343440410042682
0.611579,0.04471291460876804,0.001304854920772306
0.614223,0.04374320997502775,0.001284597018004121
0.6168670000000001,0.04252061445615982,0.001257074269484337
0.619511,0.04228665233074362,0.001243322826340752
0.622154,0.0478746859045505,0.001361684299200867
0.624798,0.04485418784683684,0.00128966202883852
0.6274420000000001,0.04073763013318535,0.00119779725378919
0.630085,0.04182867660932298,0.001229170122243167
0.632729,0.04426038242230855,0.00126973291554331
0.635373,0.04380140177580466,0.00125889278950755
0.6380169999999999,0.04225467556881244,0.001216765376128031
0.64066,0.04198091703662598,0.001219691715332221
0.643304,0.04303372828801331,0.001241391869485236
0.645948,0.0404738498890122,0.001181400488660239
0.6485919999999999,0.04167102240566039,0.001202638835613008
0.651235,0.03669125693673696,0.001106031466332289
0.653879,0.03911387035238623,0.001154017884658151
0.656523,0.04083823251942287,0.001183189163932038
0.659166,0.04149394956992231,0.001198376820943184
0.66181,0.04096495380133185,0.001170581847923195
0.664454,0.04213934267480578,0.001208000402146545
0.667098,0.03957517216981132,0.001158025375546262
0.669741,0.04028932366814651,0.00117027470929631
0.672385,0.04435482706714762,0.001244552320231016
0.675029,0.04090769596281909,0.001166870162544149
0.6776720000000001,0.03959859218923419,0.001136071642367345
0.680316,0.04098194596281909,0.001168169627097427
0.68296,0.0395668008462819,0.001128012189310263
0.685604,0.03878863401775805,0.001121940280277751
0.6882470000000001,0.03900752684517204,0.00111734008695199
0.690891,0.03845088991398447,0.001108131175603924
0.693535,0.03811440711709212,0.001094127966123463
0.696178,0.03967559829356271,0.001126591131425419
0.6988220000000001,0.03507081409544949,0.001033779359329875
0.701466,0.03891371628745838,0.001104386855528844
0.70411,0.03711289053829078,0.001073945257701599
0.706753,0.03844227823251942,0.001086782686991247
0.7093970000000001,0.03800811168146504,0.001083092934012673
0.712041,0.03780861230577137,0.001079541185744437
0.714684,0.037122681118202,0.001058190258110076
0.717328,0.03642810162319645,0.001043007261841848
0.7199719999999999,0.03963690753329633,0.001108361631249197
0.722616,0.03568577788568258,0.001021209843930603
0.725259,0.03977399854328524,0.001107038897235062
0.727903,0.03602850312153163,0.00101619785495295
0.7305469999999999,0.03654622495837959,0.001041856500085098
0.73319,0.03343640531354052,0.0009719244664687496
0.735834,0.03681165794950055,0.001033890510436977
0.738478,0.03600427961986681,0.001013210851118422
0.7411219999999999,0.03450702136514984,0.0009850685766939844
0.743765,0.03506821365149834,0.001001910318994618
0.746409,0.03858343014705882,0.001054744584476612
0.749053,0.03344828815205327,0.0009614937713191744
0.751696,0.03645060599334073,0.001012134652087879
0.75434,0.03213638706992231,0.0009317005260139171
0.756984,0.03436887506936737,0.0009629488436961094
0.759628,0.03538623924805771,0.0009909636291031861
0.762271,0.03306298064650388,0.0009400781814494181
0.764915,0.03379487056048835,0.0009492889806418739
0.767559,0.03579224729467258,0.001002450619454809
0.7702020000000001,0.03494691988068812,0.0009699307710765842
0.772846,0.03590791440066593,0.0009873534691552377
0.77549,0.03559986938124306,0.0009890404541296454
0.778134,0.03285694353496116,0.0009204826425081818
0.7807770000000001,0.0329286548973363,0.0009297421760509297
0.783421,0.03426205313540511,0.0009503963178313199
0.786065,0.03356269166204218,0.000937404116155277
0.788708,0.03777819672586015,0.001021893288488459
0.7913520000000001,0.0342736612791343,0.0009422580464334451
0.793996,0.03253910564650389,0.0009122475737553164
0.79664,0.03364694055216427,0.0009287435374420803
0.799283,0.03349846802164262,0.000925221828527086
0.8019269999999999,0.03523735467536072,0.0009595622631162193
0.804571,0.03220939407602664,0.0008930987974552758
0.807214,0.03234537943951165,0.0009003894076080713
0.809858,0.03118149993063263,0.00086566504415294
0.8125019999999999,0.03419133754162042,0.000940927701244662
0.815146,0.03499613602941176,0.0009426525367014771
0.817789,0.03116926227802442,0.0008676240070050306
0.820433,0.03513072044950056,0.0009514750637126802
0.8230769999999999,0.03069650568812431,0.0008528427095618665
0.82572,0.03426669318812431,0.0009311864868426949
0.828364,0.03266169277192009,0.0008912002005478529
0.831008,0.03306094561598225,0.0009037557461966053
0.8336519999999999,0.03094591023862376,0.0008497047933704563
0.836295,0.03412981735571587,0.0009176661827129894
0.838939,0.0338835901082131,0.0009153870076095175
0.841583,0.03194856908990012,0.0008634382900772325
0.844226,0.03121158816592675,0.0008645918077389084
0.84687,0.03484294790510544,0.0009246461774029161
0.849514,0.03086311265260821,0.0008458370957311807
0.852158,0.0353904375,0.0009382762824564559
0.854801,0.03225923973362931,0.0008582272856498685
0.857445,0.03328695761653718,0.0008911855876275284
0.860089,0.03412183976137625,0.0008981570699582275
0.8627320000000001,0.03074941190344062,0.000833310049685644
0.865376,0.03233087555493896,0.000894956997086307
0.86802,0.03171281915926748,0.0008762634345047699
0.870664,0.03291851637069922,0.0009145444927296086
0.8733070000000001,0.03110130049944506,0.0008636688107187471
0.875951,0.03154879432574918,0.0008898646483763371
0.878595,0.03225918708379578,0.0009036322933809896
0.881238,0.03117248994173141,0.0008770391159662885
0.8838819999999999,0.03328305466148724,0.0009354876980417711
0.886526,0.0318245672863485,0.0008839720703750574
0.88917,0.03182088179800222,0.0008943853640219977
0.891813,0.03082359094062153,0.0008744847472521402
0.8944569999999999,0.0319115219200888,0.000877414222933363
0.897101,0.03107400041620422,0.0008526394417444855
0.899744,0.03368751754994451,0.0009007680256853699
0.902388,0.03250633913706992,0.000874107357751694
0.9050319999999999,0.02942006999167592,0.0008010038495471544
0.907676,0.03117238006381798,0.0008377336677957764
0.910319,0.03203026331853496,0.0008572629697517336
0.912963,0.03189883788845727,0.0008524094992659713
0.9156069999999999,0.03282564893174251,0.000870593981109124
0.91825,0.03066621372086571,0.0008144936554164184
0.920894,0.03181860183129855,0.0008467945461862093
0.923538,0.03172827989733629,0.0008411048213243888
0.9261819999999999,0.03145598869311876,0.0008286417459636256
0.928825,0.03114218652885683,0.0008325080001462233
0.931469,0.03001100943396226,0.0008001161072336713
0.934113,0.03293653405937846,0.0008656601453326754
0.936756,0.03072041557991121,0.0008068160542563241
0.9394,0.03120730979467259,0.000819406833422124
0.942044,0.0309180355854606,0.000808468166387476
0.944688,0.0309554810627081,0.0008124703729384071
0.947331,0.03140872287735849,0.0008227244760065404
0.949975,0.02878171822974473,0.0007643750126228642
0.952619,0.0307179089900111,0.0008044753142401913
0.9552619999999999,0.02893483768035517,0.0007688299055250847
0.957906,0.031240431118202,0.0008126747854829254
0.96055,0.03114793222807991,0.0008147287429853614
0.963194,0.03304504307713652,0.0008309839793471116
0.9658369999999999,0.02971712721975583,0.0007822225429434279
0.968481,0.03125548210321864,0.0008050666097150406
0.971125,0.03039839088512763,0.0007842684274156629
0.973768,0.03116236743895672,0.0007975424248697097
0.9764119999999999,0.03102353669533851,0.0007891180566225233
0.979056,0.03100580056881243,0.0007958128308338965
0.9817,0.02998699424250833,0.0007717348903668678
0.984343,0.0315264158573807,0.0007959318881717583
0.9869869999999999,0.0318410077691454,0.000798676852519463
0.989631,0.02947076720310766,0.0007647416596233702
0.992274,0.03126408920643729,0.0008200202281868357
0.994918,0.02799709607380688,0.0007532378838334048
0.9975619999999999,0.03179370532741399,0.0008366213668004987
1.00021,0.0325700980854606,0.0008584522159923966
1.00285,0.03004091453940066,0.0008053678080130834
1.00549,0.02835110897613763,0.0007875532934838504
1.00814,0.03232165038845727,0.0008609855928348682
1.01078,0.02960760640954495,0.0008118760162359584
1.01342,0.02711480389844617,0.000764016954288539
1.01607,0.03044844256381798,0.0008420133065768854
1.01871,0.02949557900943396,0.0008163807182228609
1.02136,0.02838532907880133,0.0007977808054912855
1.024,0.03035907977247503,0.0008462300329472829
1.02664,0.02998703086847947,0.0008396844442743234
1.02929,0.03067394637902331,0.0008572157034072313
1.03193,0.0279394010127636,0.0007972741974794012
1.03457,0.02869853378190899,0.000811807705067099
1.03722,0.02986212257214206,0.0008459920886516668
1.03986,0.0278418179800222,0.0007952404716533374
1.04251,0.03056904044117648,0.0008598776395958623
1.04515,0.02873657214206438,0.0008067442771935423
1.04779,0.03069642556881243,0.0008397411978385954
1.05044,0.03071094547724751,0.0008317919460350989
1.05308,0.02941482561043285,0.0007917939258691767
1.05572,0.02912939026082131,0.0007914640254060981
1.05837,0.03110476394284129,0.0008162266028511778
1.06101,0.03040021531631521,0.0008109191097654899
1.06365,0.03090490288568258,0.0008083915027445095
1.0663,0.03189076644006659,0.0008277315239692626
1.06894,0.03118594540788014,0.0008129855764214741
1.07159,0.02823132602663707,0.0007439197417935309
1.07423,0.03017396066870144,0.0007897643384805671
1.07687,0.02996426782741399,0.0007756526906728127
1.07952,0.02966988429522753,0.0007747304057503124
1.08216,0.02910477302996671,0.0007586738172046385
1.0848,0.02846548959489456,0.0007325910827619429
1.08745,0.02784074667036626,0.0007277114862182869
1.09009,0.02778169873751388,0.0007217071650595677
1.09274,0.02805383885960045,0.0007308713221342952
1.09538,0.02850802379300777,0.0007366539500811166
1.09802,0.02935758379578247,0.0007460535908731159
1.10067,0.02860401130688124,0.0007364013641601154
1.10331,0.02744328849889013,0.0007046895504801433
1.10595,0.02861502198945616,0.0007311020288166661
1.1086,0.02992747475027747,0.000752973948598031
1.11124,0.02746916016925638,0.0007064551218286534
1.11389,0.02726324209211986,0.0007044758779445025
1.11653,0.02859044825194228,0.000715708684643227
1.11917,0.02811005285793563,0.0007176369150273533
1.12182,0.0301175955882353,0.0007484874217498337
1.12446,0.02759370220588235,0.0007057659475188604
1.1271,0.02909689157880133,0.0007283865335036036
1.12975,0.02939534975027747,0.000730010679123083
1.13239,0.02778881104328524,0.0007034437771562208
1.13504,0.02811932609600444,0.0007065258003290542
1.13768,0.02762507235016648,0.0006974178598277155
1.14032,0.02746213256104328,0.0006957130235794255
1.14297,0.02859077788568257,0.0007159337556704193
1.14561,0.0265579060072142,0.0006824231133058945
1.14825,0.02390012867647059,0.0006175717202204572
1.1509,0.02651391363762486,0.0006723612099362682
1.15354,0.02439360640954495,0.0006304447899558481
1.15618,0.02393751463651498,0.0006180299317279171
1.15883,0.02468573057713652,0.0006413110450173171
1.16147,0.02564933469755827,0.0006473995558876863
1.16412,0.02700238276914539,0.0006823153319914488
1.16676,0.02508072107380688,0.000633588781240266
1.1694,0.02679726130688125,0.0006724360753776779
1.17205,0.02692160418978912,0.0006707748949324143
1.17469,0.02545282949500555,0.0006419460792694774
1.17733,0.02607811723085461,0.0006557700943467647
1.17998,0.02652922100443951,0.0006567495333860852
1.18262,0.02533799334073253,0.0006387993058898331
1.18527,0.02676663741675916,0.000662510933254227
1.18791,0.02577160363485017,0.0006458606015885568
1.19055,0.02445326553829079,0.0006209077859206222
1.1932,0.02461064504716981,0.0006162756615613078
1.19584,0.0269299320199778,0.0006651609288720797
1.19848,0.02652334711431742,0.0006516871251148606
1.20113,0.02447099250832409,0.0006174162773624032
1.20377,0.0269925830327414,0.0006618462559983068
1.20642,0.02387578614039956,0.0006032202193756168
1.20906,0.02068628211709212,0.0005411949759469909
1.2117,0.02433718867924528,0.0006051293172202577
1.21435,0.02463711188956715,0.0006145763214559609
1.21699,0.02460301311043285,0.0006109125312418805
1.21963,0.0257432894700333,0.0006335784134181513
1.22228,0.02477803260266371,0.0006175099356133919
1.22492,0.0237594803690344,0.000591863227449257
1.22757,0.02429048827691454,0.0006041096418693697
1.23021,0.02193596940899001,0.0005546752230745199
1.23285,0.02201574535238623,0.0005573385048721023
1.2355,0.02316803731964484,0.0005813965491878677
1.23814,0.02481711709211987,0.0006099605598837648
1.24078,0.02367916648168702,0.0005920302209827333
1.24343,0.02360709114872365,0.0005875713408310102
1.24607,0.0235276494173141,0.000582940594249735
1.24871,0.02125835002774694,0.0005388830151821742
1.25136,0.0229144368063263,0.0005689088728554688
1.254,0.02284549986126526,0.000569588977686605
1.25665,0.02221275874028857,0.0005562444788289457
1.25929,0.02249142973085461,0.0005625950414368726
1.26193,0.02230949708657047,0.0005524330358569559
1.26458,0.0214563797863485,0.000537150583424923
1.26722,0.02271195699223085,0.000563432729179631
1.26986,0.02053786452552719,0.0005200924401590912
1.27251,0.02120577802441731,0.0005340096843699462
1.27515,0.02207120394006659,0.000546499161058029
1.2778,0.0205149114872364,0.0005187557973529486
1.28044,0.02081154522752498,0.000518955714979295
1.28308,0.02164592376526082,0.000536808380988237
1.28573,0.02045770629855716,0.0005172790307510559
1.28837,0.02229978891509434,0.0005446619447070242
1.29101,0.02194866259711432,0.0005477117703983565
1.29366,0.02151488748612653,0.0005304714441868583
1.2963,0.02170299618479467,0.0005358650303716491
1.29895,0.01926728669533852,0.0004889027584606437
1.30159,0.02173379175915649,0.0005313100996180187
1.30423,0.02033774708657048,0.0005111544583961425
1.30688,0.01888884198113208,0.0004742603616719666
1.30952,0.02042723806881243,0.0005091663067606817
1.31216,0.02097789581021088,0.0005156242987224613
1.31481,0.01965542355715871,0.0004918911262983819
1.31745,0.01776842147613762,0.0004533365648217257
1.3201,0.01976749445061044,0.0004892119484141057
1.32274,0.01894582054661487,0.0004751384983168914
1.32538,0.01954057137902331,0.0004833077463683636
1.32803,0.02001073897058824,0.0004922775052031401
1.33067,0.01973902691453941,0.0004924691174417462
1.33331,0.0185544399972253,0.0004610355261429154
1.33596,0.0191713907463929,0.000477599666218943
1.3386,0.01808359711431742,0.0004548465781177545
1.34124,0.01854885453662597,0.0004625003683931011
1.34389,0.02017947710876804,0.0004939923833057435
1.34653,0.01710820400943396,0.0004307718778698043
1.34918,0.0186928289400666,0.0004663703991745302
1.35182,0.01790534766925638,0.0004464640052855052
1.35446,0.01698657373751388,0.0004313314279287049
1.35711,0.0185804810627081,0.0004617861062264603
1.35975,0.01889317758046615,0.0004681477565481472
1.36239,0.01906921344339623,0.0004725417614121337
1.36504,0.01750964525527193,0.0004360036564543612
1.36768,0.01605463734739179,0.0004105678049437847
1.37033,0.01690511528856825,0.0004270706159255906
1.37297,0.01906076657880134,0.0004698053319164453
1.37561,0.01847275034683685,0.0004625263458522439
1.37826,0.0170795625,0.0004267733176341246
1.3809,0.01732084981964484,0.0004363740790097121
1.38354,0.01882381028024417,0.0004648756039512885
1.38619,0.01651906381798002,0.0004197164635752508
1.38883,0.01658092737236404,0.0004177054787068739
1.39148,0.01688098106270811,0.0004251153717832387
1.39412,0.01813908546059934,0.0004508336164224089
1.39676,0.01730238804106549,0.0004298921789881092
1.39941,0.01420460918423974,0.0003681015703754927
1.40205,0.01753545969755827,0.0004349710396172036
1.40469,0.0164875609045505,0.0004192444870350987
1.40734,0.01497119762763596,0.0003828663336519517
1.40998,0.01548274112097669,0.0003926237174048689
1.41263,0.01378567903718091,0.0003559001909900585
1.41527,0.01461079807158713,0.0003741308884595466
1.41791,0.01524866682852386,0.0003888572976718768
1.42056,0.01619512312708102,0.0004075258772260675
1.4232,0.01485676206992231,0.0003785898871770425
1.42584,0.01633108331021087,0.000408194415211989
1.42849,0.01606390142896781,0.0004042503696881206
1.43113,0.01499165094339623,0.0003822399413328379
1.43377,0.01552491363762486,0.0003917955767755052
1.43642,0.01374293881798002,0.0003526905831541413
1.43906,0.01520890018035516,0.0003857291854777912
1.44171,0.01398850221975583,0.0003589839906016726
1.44435,0.01434224500554939,0.0003656335098867716
1.44699,0.01583481742508324,0.000395701961197014
1.44964,0.01531107977247503,0.0003868376023082031
1.45228,0.0158119651082131,0.0003946358825601191
1.45492,0.01510023550221976,0.0003794555653717895
1.45757,0.01515726213928968,0.0003798628697155067
1.46021,0.01389536466426193,0.000354652328600058
1.46286,0.01270323966426193,0.0003289047901997046
1.4655,0.01421050367647059,0.000361588404541205
1.46814,0.0132805634017758,0.0003397193018836585
1.47079,0.01523392258601554,0.0003829146819823577
1.47343,0.01344880251109878,0.0003429020577800016
1.47607,0.01340893285238624,0.0003448322609415463
1.47872,0.01332945220588235,0.0003390704213372563
1.48136,0.01189444894561598,0.0003113478987886392
1.48401,0.01356106340177581,0.0003483756939088572
1.48665,0.01381199479744728,0.0003499474425005542
1.48929,0.01338760966981132,0.0003403903625432719
1.49194,0.01310244672586016,0.0003319720610592802
1.49458,0.01311818444783574,0.0003379895399821993
1.49722,0.01225212444506104,0.0003154548245520586
1.49987,0.01136118167314095,0.0002966276260088025
1.50251,0.01302292716426193,0.0003351283947964354
1.50516,0.01287162527746948,0.0003277758852282046
1.5078,0.0127160839345172,0.0003250533459406502
1.51044,0.01227384593507214,0.0003160687144030499
1.51309,0.0135156884017758,0.0003410606765351404
1.51573,0.01243676512208657,0.0003201740844883544
1.51837,0.01254479113485017,0.0003187507492513885
1.52102,0.01219575020810211,0.0003126440941986479
1.52366,0.01249340489733629,0.0003170621654971662
1.5263,0.01254769145394006,0.0003176840508306703
1.52895,0.01188447294672586,0.0003068170069988226
1.53159,0.01038561917314095,0.0002734902797899396
1.53424,0.01270621781354051,0.0003253830411693178
1.53688,0.01185834718368479,0.0003045877367610428
1.53952,0.01218028260266371,0.0003098405585320889
1.54217,0.01125571490011099,0.0002889980414852647
1.54481,0.01169107637347392,0.0003001337601761187
1.54745,0.01115918257491676,0.0002906859857566526
1.5501,0.01192482789955605,0.0003090525613294219
1.55274,0.01136871059933408,0.0003006551279527864
1.55539,0.01144915267758047,0.0003042049724698255
1.55803,0.01098739303551609,0.0002959039231826684
1.56067,0.01227814719755827,0.0003278695863677944
1.56332,0.01059640850443951,0.0002874791964884858
1.56596,0.01058420518867925,0.0002926456121838308
1.5686,0.01251742008879023,0.0003339579194018487
1.57125,0.01219390059655938,0.0003329856277132658
1.57389,0.01278871323529412,0.0003443425538026404
1.57654,0.01064663873473918,0.0002946860620628723
1.57918,0.01285827511098779,0.0003513261926400675
1.58182,0.01149695872641509,0.0003180459238992513
1.58447,0.01167535467536071,0.000324635245286182
1.58711,0.01126003676470588,0.000312904105649198
1.58975,0.01134311362375139,0.0003162979694653784
1.5924,0.01074441863207547,0.0003078822612421052
1.59504,0.009892732033851277,0.0002818240083217655
1.59769,0.009129387278024415,0.0002667262063311355
1.60033,0.01060922988346282,0.0003017487083429496
1.60297,0.009809616259711433,0.0002825536316556671
1.60562,0.0111423346281909,0.000314553467423844
1.60826,0.01057739504716981,0.0002942183313376903
1.6109,0.01150138589067702,0.0003155784836101544
1.61355,0.01212539629578246,0.0003249646868859164
1.61619,0.01021899389567148,0.0002812163649401145
1.61883,0.009574859808546058,0.0002659478773943858
1.62148,0.009281625416204215,0.0002559623357067195
1.62412,0.01223419832130966,0.0003263437790468173
1.62677,0.01069489574084351,0.0002870073910705836
1.62941,0.01073145303829079,0.0002909682757161209
1.63205,0.01071682783018868,0.0002875824341943025
1.6347,0.008975796268035517,0.0002466022825566053
1.63734,0.01006550360710322,0.0002726080032400222
1.63998,0.01100654612930078,0.0002935113378899961
1.64263,0.01074492681742508,0.0002863230090134458
1.64527,0.008731386584350721,0.0002381637363106192
1.64792,0.01138753863762486,0.0003007158420128899
1.65056,0.01007449299389567,0.0002705885050751443
1.6532,0.008860754092674807,0.0002412818462077163
1.65585,0.01072191655105438,0.0002854013564885879
1.65849,0.00966745942008879,0.0002580616315350128
1.66113,0.01055540801886793,0.0002798854270953939
1.66378,0.008606876595449502,0.0002354892938817918
1.66642,0.01015137548557159,0.0002712181763612834
1.66907,0.00917057089345172,0.0002499242975401888
1.67171,0.01035930341287458,0.0002738275425575541
1.67435,0.008286387902330746,0.0002269799344519303
1.677,0.009495846143174249,0.0002544873069570785
1.67964,0.008883118826304106,0.000239758104424364
1.68228,0.008882816662042176,0.0002395916618289332
1.68493,0.008868669880688127,0.000239171641729276
1.68757,0.007852390746392898,0.0002150287654374245
1.69022,0.009704190690899003,0.0002570315286889659
1.69286,0.009280702899556049,0.00024798832379086
1.6955,0.009064561598224196,0.0002444390734502589
1.69815,0.009236634988901222,0.0002472743343361893
1.70079,0.00931090559100999,0.0002505594765972856
1.70343,0.009097671476137626,0.0002413583939518514
1.70608,0.007431679661487237,0.0002034113463318819
1.70872,0.00959250665926748,0.0002527154708075095
1.71137,0.009308740080466149,0.0002476445363028134
1.71401,0.007219853357380688,0.000198646748452436
1.71665,0.008766929800221975,0.0002350589183403235
1.7193,0.009166809864039956,0.0002446135175130068
1.72194,0.007849483559933406,0.000212528664806393
1.72458,0.007606653371254163,0.0002072595555174939
1.72723,0.007178692633185351,0.0001958254521192897
1.72987,0.007652113068812431,0.0002075865512847516
1.73251,0.008661236403995564,0.000232625443939983
1.73516,0.009214007006104329,0.0002416426950001561
1.7378,0.008532347322419531,0.0002280774367512113
1.74045,0.007712369658712544,0.0002078467122824899
1.74309,0.008296636306881242,0.0002222226328119291
1.74573,0.008631100097114319,0.0002299723862402712
1.74838,0.006589170158157605,0.0001795549879534886
1.75102,0.007886885543840177,0.000213994096904768
1.75366,0.007970008185349617,0.00021202785117459
1.75631,0.008331776637069922,0.0002214050610819788
1.75895,0.008218014081576028,0.0002201138813491151
1.7616,0.009124829633740289,0.0002397253468657108
1.76424,0.007453048626526085,0.000201948900705757
1.76688,0.007931180077691455,0.0002103159966310685
1.76953,0.007059170643729187,0.0001916371615863924
1.77217,0.00818262194783574,0.0002184946440061648
1.77481,0.006775809239733631,0.0001848979973019931
1.77746,0.007130371531631521,0.0001939472252228053
1.7801,0.007650485502219758,0.0002037644769942147
1.78275,0.008371701234739177,0.0002223069779176154
1.78539,0.008108195685349611,0.0002132496805424499
1.78803,0.008370117161487237,0.0002201683194461549
1.79068,0.008385511514983348,0.0002224287557067445
1.79332,0.006660361889567147,0.0001790739777104773
1.79596,0.007928987097669257,0.000212622713399289
1.79861,0.006927747502774696,0.0001853478157136513
1.80125,0.008842578454495006,0.0002314313978551197
1.8039,0.007105497918978912,0.0001914894038246064
1.80654,0.006502696240288567,0.0001760197468984264
1.80918,0.007416729397891234,0.0001998109031946081
1.81183,0.007507227594339624,0.0002005640293354949
1.81447,0.006480278856825753,0.0001760553584521174
1.81711,0.006543696725860155,0.0001770428119772172
1.81976,0.006690937708102107,0.000180257410666859
1.8224,0.00778019408990011,0.0002082003442782287
1.82504,0.00718547301609323,0.0001926191013758488
1.82769,0.007595070407880135,0.0002040217248025533
1.83033,0.007224660516093227,0.0001937296590011876
1.83298,0.005995371600998889,0.0001638072730432046
1.83562,0.00571988706992231,0.0001581491529862219
1.83826,0.006593041065482797,0.00018046958762847
1.84091,0.007145287458379582,0.0001939147631825993
1.84355,0.006915958518312984,0.0001875019905696215
1.84619,0.007604258948390677,0.0002041475478126169
1.84884,0.006069166065482795,0.0001652347312472268
1.85148,0.007503908365704773,0.0002022765348509982
1.85413,0.006271879370144283,0.0001728877990087517
1.85677,0.006850185141509435,0.0001848211037117646
1.85941,0.007419865496670367,0.0002003125088713046
1.86206,0.006192336917314099,0.000168526605248756
1.8647,0.00626367057436182,0.0001721795093348177
1.86734,0.005551528926193119,0.000153941135482945
1.86999,0.008127891301331852,0.0002150462445963574
1.87263,0.007831062985571586,0.0002111819799633886
1.87528,0.006197514913984462,0.0001697803601534931
1.87792,0.00659141578801332,0.0001802028345728441
1.88056,0.006712860640954497,0.0001828404985983687
1.88321,0.006465692563817977,0.000175954914180354
1.88585,0.006105531076581574,0.0001694720150592748
1.88849,0.006786813054938955,0.0001830789163510113
1.89114,0.005987165094339624,0.0001655730488732546
1.89378,0.006708724195338513,0.0001813183934199635
1.89643,0.006463341634295228,0.0001769040409463884
1.89907,0.00630379203662597,0.0001735634699100811
1.90171,0.0063716416481687,0.000172954986629086
1.90436,0.007141709558823533,0.0001932245900610438
1.907,0.007156160793562707,0.0001923648984172328
1.90964,0.008203034059378469,0.0002187749472634481
1.91229,0.006619354536625969,0.0001808535296010556
1.91493,0.006185792314095447,0.0001693430134792434
1.91757,0.007174125832408439,0.0001932501676642491
1.92022,0.007714214692008882,0.0002072814090795375
1.92286,0.006829779897336293,0.0001864580800006284
1.92551,0.006069461362375138,0.0001655974978371953
1.92815,0.005951617300221975,0.0001633034683716357
1.93079,0.006000304661487237,0.0001664288840802863
1.93344,0.005392029689234184,0.0001493184014216109
1.93608,0.006125968368479469,0.0001680569142296069
1.93872,0.006071640607658159,0.000166640982321697
1.94137,0.007374135682574915,0.0002002955878296868
1.94401,0.007850550291342953,0.0002100779489381173
1.94666,0.005751069506104332,0.0001585657681190345
1.9493,0.006572635821309659,0.0001796836915526273
1.95194,0.005178532325194226,0.0001439845134823483
1.95459,0.005773370144284129,0.000159483720517817
1.95723,0.005536679384017755,0.0001542185670155277
1.95987,0.005611094200887903,0.0001550224488912238
1.96252,0.005999247086570479,0.0001661956814841926
1.96516,0.005769973085460598,0.0001587949510431458
1.96781,0.004596380826859043,0.0001294776723330301
1.97045,0.005782783018867926,0.0001595132861739994
1.97309,0.005989941800776916,0.000165153573554307
1.97574,0.005592861334628192,0.0001555146141202195
1.97838,0.006337730577136516,0.0001732270178221083
1.98102,0.005401900388457269,0.0001510800330654034
1.98367,0.005418018104883465,0.0001499992161973224
1.98631,0.005861528856825751,0.0001615266104305089
1.98896,0.00493824993063263,0.0001385622310176416
1.9916,0.005421007699778024,0.0001505499102071143
1.99424,0.005499330049944506,0.0001513151454401175
1.99689,0.005751563956714762,0.0001578024733254159
1.99953,0.005607372086570478,0.0001543139932508034
2.00217,0.005520765399556047,0.000152269850409664
2.00482,0.005857193257491677,0.0001607081523082128
2.00746,0.005241206229189788,0.0001450968653838999
2.0101,0.005386011584350724,0.0001477307480373406
2.01275,0.005387659753052165,0.0001489877683124054
2.01539,0.007811905313540512,0.0002053809624893073
2.01804,0.004609112930077693,0.0001298983546431287
2.02068,0.003507856964483903,0.0001002594873278632
2.02332,0.005606039816870145,0.0001535612238312195
2.02597,0.006309022683129855,0.0001714037304253848
2.02861,0.005206608421198668,0.0001429297818720293
2.03125,0.00649818666759157,0.0001759206477039724
2.0339,0.003772600929522749,0.0001068018473597874
2.03654,0.005156664331298559,0.0001433642162183378
2.03919,0.003793889775249722,0.0001073880338888796
2.04183,0.005561353842952274,0.0001518570670857724
2.04447,0.004649188609877914,0.0001297821857182094
2.04712,0.005238379162042178,0.000144148348979445
2.04976,0.005893810072142063,0.0001608063167977681
2.0524,0.00589239997225305,0.000161069341731761
2.05505,0.005975188401775806,0.0001625266996806511
2.05769,0.005144756312430631,0.0001424598080782113
2.06034,0.005761835252497224,0.0001560607503001402
2.06298,0.005175579356270814,0.0001431485741210576
2.06562,0.005599648584905656,0.0001526775698849186
2.06827,0.005061315482796889,0.0001394176999292728
2.07091,0.004031079564372918,0.0001138376333920307
2.07355,0.005335733282463931,0.0001459878704006406
2.0762,0.004016177372364038,0.000113210057012485
2.07884,0.004715543423973362,0.0001305054255657893
2.08149,0.004162880410654829,0.0001166243098409918
2.08413,0.004998687361265261,0.0001390606034377337
2.08677,0.004000595310765812,0.0001116952987846195
2.08942,0.006019652330743617,0.0001650691098079356
2.09206,0.003906141509433962,0.0001102899801810845
2.0947,0.005560152053274139,0.0001525814776934034
2.09735,0.005360066662042176,0.0001474830290917175
2.09999,0.006555520047169808,0.000176714556911945
2.10263,0.006076587402885684,0.0001668658038253962
2.10528,0.005116897683129859,0.000139786807277047
2.10792,0.004458955604883465,0.0001254032587355486
2.11057,0.005298013110432853,0.0001471998526005134
2.11321,0.006432113415649276,0.000179166215878542
2.11585,0.005192999583795783,0.0001502035098046171
2.1185,0.004924787597114319,0.000141265848683259
2.12114,0.004648634642064373,0.0001373851403439014
2.12378,0.004620313609877915,0.0001342296201714366
2.12643,0.003920063956714757,0.0001169725336417376
2.12907,0.004470149417314096,0.0001342016076989378
2.13172,0.005024108074361823,0.0001489573698993297
2.13436,0.00496276644006659,0.0001488507542005036
2.137,0.006987459281354053,0.0002014808509190976
2.13965,0.004449602247502775,0.0001353871644964203
2.14229,0.004087886445615983,0.000124956050598372
2.14493,0.004231155799112097,0.0001302249668850091
2.14758,0.0032814375,0.0001035376740813735
2.15022,0.005013209558823527,0.0001514122597285344
2.15287,0.002865496947835739,9.143936155798127e-05
2.15551,0.004230111958934517,0.0001309019031665474
2.15815,0.004466374653163154,0.0001385274609563735
2.1608,0.006225959558823529,0.0001873888115006702
2.16344,0.003889504162042175,0.0001212104774080589
2.16608,0.006204016023862376,0.0001857972066992464
2.16873,0.005389083587680354,0.0001614179269351082
2.17137,0.002468764428412872,7.708752338990875e-05
2.17402,0.004290842397336294,0.0001284269140331417
2.17666,0.004914076789678136,0.0001459211666312366
2.1793,0.003067436528856828,9.35216434786123e-05
2.18195,0.004393324153718093,0.0001301206004527063
2.18459,0.004136074778024417,0.0001228724627669015
2.18723,0.003435944159267479,0.0001034825611805707
2.18988,0.004116090732519424,0.0001218451144594555
2.19252,0.003007523307436183,9.058699901190496e-05
2.19516,0.004439809378468367,0.0001298136239665182
2.19781,0.003716842466703663,0.0001108906883411936
2.20045,0.004836514428412876,0.0001401668142645251
2.2031,0.00439727060210877,0.0001289392870778554
2.20574,0.004872767272475028,0.0001410794581049495
2.20838,0.004113888596004437,0.0001210271810844108
2.21103,0.00441558587680355,0.0001293162753138127
2.21367,0.004596353357380688,0.0001344908425201562
2.21631,0.004046483074361818,0.0001194589059949492
2.21896,0.002857839830743617,8.550921360909128e-05
2.2216,0.005295376040510545,0.0001510345061132292
2.22425,0.004097791481687018,0.0001201945592143116
2.22689,0.00375424673973363,0.000110755883719527
2.22953,0.004175129508879026,0.0001213446260468526
2.23218,0.00329432297447281,9.880999652972039e-05
2.23482,0.004826412527746949,0.0001392483138412947
2.23746,0.003204971628745837,9.653925174650706e-05
2.24011,0.005588022128190901,0.0001593687521570644
2.24275,0.00491069575471698,0.0001431301742634717
2.2454,0.004481256243063266,0.0001306712792890138
2.24804,0.003558998265815761,0.0001061195428048028
2.25068,0.004604672031076581,0.0001345911808388943
2.25333,0.00464854078801332,0.0001349171559245454
2.25597,0.004421585668701444,0.0001296837649962383
2.25861,0.003901661695338516,0.0001153354915678148
2.26126,0.005411290371809103,0.0001560715316092112
2.2639,0.006201889428412875,0.0001756384761123528
2.26655,0.002142028718091011,6.561191298841838e-05
2.26919,0.003533062500000001,0.0001065801561340577
2.27183,0.004625120768590457,0.0001344258183837091
2.27448,0.004311751248612654,0.0001263720479701524
2.27712,0.00420588387902331,0.0001232210793013259
2.27976,0.003911804800221976,0.0001173743311309311
2.28241,0.003775739317425082,0.0001126447820850093
2.28505,0.005228105577136514,0.0001507299608593755
2.28769,0.004782807019977805,0.0001390958186502179
2.29034,0.003011137832963374,8.964664493738913e-05
2.29298,0.003741729814095448,0.000111411077123216
2.29563,0.003127319991675914,9.342034146516946e-05
2.29827,0.004722941870144283,0.0001374810349901658
2.30091,0.003838040094339623,0.0001154940744240491
2.30356,0.002907126942286349,8.673832442187369e-05
2.3062,0.005367819922308548,0.0001555725075040123
2.30884,0.003800141370699222,0.000112332276403682
2.31149,0.002403222253052162,7.390240110771148e-05
2.31413,0.00382457089345172,0.0001136232011488705
2.31678,0.005157307574916758,0.0001499160288882013
2.31942,0.00331404605993341,9.979060804316618e-05
2.32206,0.003619806534406213,0.0001067563262781832
2.32471,0.003262721628745839,9.836503330005036e-05
2.32735,0.00442609524139845,0.0001306160874858904
2.32999,0.004629174805771364,0.0001354217820118642
2.33264,0.003882778718091009,0.0001171316128164778
2.33528,0.004130892203107655,0.0001203852995705108
2.33793,0.004702584697558271,0.000138260727579681
2.34057,0.003867038706992234,0.0001144195097419638
2.34321,0.005054487028301888,0.0001468385776954091
2.34586,0.004246964483906768,0.0001267486935206822
2.3485,0.003271662943951164,9.814990201230095e-05
2.35114,0.004408123335183128,0.0001295379467118908
2.35379,0.003811696864594895,0.0001126773307742358
2.35643,0.004013863068812433,0.0001182503298732365
2.35908,0.004744770948945619,0.0001397219214366253
2.36172,0.004359502358490564,0.0001283030409013509
2.36436,0.004166694089900111,0.0001229881031832527
2.36701,0.003147452830188677,9.40890330180068e-05
2.36965,0.003623201304106546,0.0001077328593332149
2.37229,0.003375321309655939,0.0001012362047933707
2.37494,0.004625091009988902,0.0001353976812472663
2.37758,0.003734622086570477,0.0001126189239492612
2.38022,0.004239859045504993,0.0001237548966884227
2.38287,0.003167629162042178,9.642894336966975e-05
2.38551,0.003230531978357378,9.593900161616368e-05
2.38816,0.00432911195893452,0.0001279666232031979
2.3908,0.003316413013318536,9.997493611899158e-05
2.39344,0.004031216911764703,0.0001195897695498996
2.39609,0.004896288013318534,0.0001432949506234513
2.39873,0.002840879716981131,8.561072740356147e-05
2.40137,0.003696862999445059,0.0001103637625026756
2.40402,0.004181719894561594,0.0001218101249166124
2.40666,0.003081455119311878,9.283992335887142e-05
2.40931,0.0034932935627081,0.00010473797428812
2.41195,0.004674959558823529,0.0001359510552148061
2.41459,0.002674323113207546,8.162109123635582e-05
2.41724,0.003910735779689234,0.0001152962667900361
2.41988,0.003712916620421754,0.0001107262385043851
2.42252,0.004548751040510547,0.0001339255903034967
2.42517,0.003145358282463929,9.397047545781466e-05
2.42781,0.00360951692563818,0.0001082975662510458
2.43046,0.003642764150943395,0.0001082514672166864
2.4331,0.004584255341287458,0.0001345068444106599
2.43574,0.003853587819089903,0.0001144290349806022
2.43839,0.002771095796337405,8.446520574538397e-05
2.44103,0.003082066315205325,9.296468799021634e-05
2.44367,0.004957039053829079,0.0001440304489155137
2.44632,0.00381059121809101,0.0001135178800548805
2.44896,0.003335412735849056,9.982732952575833e-05
2.45161,0.002338197419533852,7.136351324817733e-05
2.45425,0.003063970796337403,9.294931350338e-05
2.45689,0.004022417522197558,0.0001182861879452162
2.45954,0.003540591426193122,0.0001064736655156932
2.46218,0.004917872155937847,0.0001437144022240279
2.46482,0.003452950055493894,0.0001026779834406967
2.46747,0.002558392758046618,7.76792254688069e-05
2.47011,0.002852716773029966,8.709944923842164e-05
2.47275,0.002211858421198671,6.853869169501743e-05
2.4754,0.002729294117647056,8.238840608885914e-05
2.47804,0.003034468576581578,9.173164085688795e-05
2.48069,0.003313901845172029,9.978060845970291e-05
2.48333,0.002562071379023305,7.884029279133455e-05
2.48597,0.003832933060488346,0.0001147905758153613
2.48862,0.00435003225582686,0.0001279274701249725
2.49126,0.003263914261931186,9.916156971271645e-05
2.4939,0.002058880896226415,6.317776861217385e-05
2.49655,0.003144692147613765,9.540148101494602e-05
2.49919,0.004164659059378466,0.0001231590251330808
2.50184,0.004048424250832411,0.0001200605784947745
2.50448,0.003209604814095447,9.715377514126087e-05
2.50712,0.003091257144839068,9.410447868387431e-05
2.50977,0.003684884017758049,0.0001100261230678591
2.51241,0.002345875138734738,7.177063989083638e-05
2.51505,0.003890284753052165,0.000116417033090035
2.5177,0.002337174181465039,7.229079903221629e-05
2.52034,0.002345160932297446,7.176511461763975e-05
2.52299,0.003168613485016652,9.62466443507749e-05
2.52563,0.003230827275249721,9.77182410445804e-05
2.52827,0.002580899417314099,7.91854362109102e-05
2.53092,0.003552504023307438,0.0001066170535585559
2.53356,0.003014468507214207,9.094907724889123e-05
2.5362,0.002407514359045503,7.432133858417333e-05
2.53885,0.005443438817980024,0.0001580587701637993
2.54149,0.004009225305216424,0.0001196099927931015
2.54414,0.00397176151498335,0.0001188697548579262
2.54678,0.002426555285793564,7.474662543453688e-05
2.54942,0.002469252011653719,7.588064863016077e-05
2.55207,0.002667618271365149,8.16239685989257e-05
2.55471,0.002960836639844617,9.001341166295071e-05
2.55735,0.004051732033851277,0.0001211751335146344
2.56,0.003126081576026637,9.549807012208979e-05
2.56264,0.00252620310765816,7.840069830594063e-05
2.56529,0.004977286348501664,0.0001449500875305784
2.56793,0.002902189303551612,8.873249079696228e-05
2.57057,0.003822384780799112,0.0001141743912227088
2.57322,0.002828138457269698,8.665631931562688e-05
2.57586,0.001517013387902331,4.741861492089114e-05
2.5785,0.00400839435349612,0.0001195476508991868
2.58115,0.002951446656492784,9.088295693620129e-05
2.58379,0.005041640468923421,0.0001481652052456129
2.58643,0.003123716911764702,9.502446190036587e-05
2.58908,0.002963746115427305,9.034401466783681e-05
2.59172,0.003677263526637073,0.0001106690187383083
2.59437,0.001770565829633738,5.558509524008554e-05
2.59701,0.003356415441176468,0.0001012840372171147
2.59965,0.002725837541620423,8.341232527904358e-05
2.6023,0.003147258254716981,9.57848628312516e-05
2.60494,0.002676866329078798,8.261313970217217e-05
2.60758,0.004927264428412876,0.0001469687426324515
2.61023,0.001891335391231962,5.917233793410322e-05
2.61287,0.004346143035516093,0.0001298430230644798
2.61552,0.005585673487791346,0.0001635393327002176
2.61816,0.002546899070477248,7.849302096280184e-05
2.6208,0.002584344547724752,7.940445582489683e-05
2.62345,0.00265238186736959,8.184033619908671e-05
2.62609,0.002232124028856827,6.956645994748984e-05
2.62873,0.004321404481132073,0.0001292591582542808
2.63138,0.003605616259711432,0.0001090915688768833
2.63402,0.004125972877358493,0.0001237228436784908
2.63667,0.003590597322419535,0.0001088776158003111
2.63931,0.002385905036071033,7.459828247796397e-05
2.64195,0.003429584975027745,0.0001042803746010459
2.6446,0.00443068264428413,0.0001312047777521757
2.64724,0.00348791412319645,0.0001054502623476924
2.64988,0.003819081576026638,0.000115932298739848
2.65253,0.004166501803551612,0.0001256745039187099
2.65517,0.003615805147058822,0.0001095819322144007
2.65782,0.002118839900110986,6.607355725979849e-05
2.66046,0.003135963720865707,9.604095080266502e-05
2.6631,0.002612292452830188,8.061066513370949e-05
2.66575,0.002724828038290787,8.344647725148166e-05
2.66839,0.003939388734739177,0.0001195681661924912
2.67103,0.003169014081576029,9.910207059696149e-05
2.67368,0.003519517758046613,0.000111000974770983
2.67632,0.002099963790233075,6.916884289617549e-05
2.67896,0.004146478842952275,0.0001304251571836368
2.68161,0.00409252649833518,0.0001318938473819641
2.68425,0.004155248473917869,0.000134988284264813
2.6869,0.004390650457824641,0.0001416241713544754
2.68954,0.003188467050499446,0.0001056636076471678
2.69218,0.004620762278024415,0.0001494162649796467
2.69483,0.003601081506659269,0.0001207266090666187
2.69747,0.003789595380133188,0.0001266091307267654
2.70011,0.003506394214761379,0.0001162689299781545
2.70276,0.003713276012763599,0.0001262364335699193
2.7054,0.003251976484461712,0.0001104707390852607
2.70805,0.001647740635405106,5.851441565772309e-05
2.71069,0.002982665718645949,0.0001021952621719818
2.71333,0.004122397266925641,0.0001402785572955049
2.71598,0.002508849264705885,8.900886500113336e-05
2.71862,0.004942599264705881,0.0001682220800571658
2.72126,0.002853694228634854,0.0001011767427234942
2.72391,0.003527573182574915,0.0001229676863685567
2.72655,0.001935247641509434,6.852977475737371e-05
2.7292,0.005162851831298557,0.0001696824015343515
2.73184,0.004554483004994447,0.0001492793824611435
2.73448,0.002454384156492785,8.333340598843437e-05
2.73713,0.003375705882352943,0.0001106523146718641
2.73977,0.003433961778579354,0.000113833469998942
2.74241,0.004266607450055496,0.0001377551922297954
2.74506,0.004010262278024418,0.00012866005791923
2.7477,0.00338526526082131,0.0001106062686045327
2.75035,0.002807918632075472,9.15785065099477e-05
2.75299,0.002403066592674806,7.980138840858073e-05
2.75563,0.002919037250277469,9.430019613132028e-05
2.75828,0.003663773723640402,0.0001168294200435322
2.76092,0.002665455049944505,8.777629304291594e-05
2.76356,0.004389943118756936,0.0001380073277193757
2.76621,0.002872142272475029,9.289627928398033e-05
2.76885,0.003593307644284129,0.0001151801430476082
2.77149,0.001815121323529414,5.99506151284678e-05
2.77414,0.003212763804106549,0.0001033579742501956
2.77678,0.00275385640954495,8.864507935711372e-05
2.77943,0.003746823113207547,0.0001183489977182737
2.78207,0.003405313401775804,0.00010888399831403
2.78471,0.003747734184239736,0.0001195994298006226
2.78736,0.004049049181465039,0.0001277524708836127
2.79,0.003218221073806881,0.0001021834345828192
2.79264,0.002394070338512762,7.784771922649092e-05
2.79529,0.002606166759156493,8.420657189220093e-05
2.79793,0.005109760197003331,0.0001570748445721483
2.80058,0.001918640052719202,6.214500221264223e-05
2.80322,0.003534435973917867,0.0001125109033816969
2.80586,0.003373970726970035,0.0001076908259076669
2.80851,0.002675312014428413,8.576940041807581e-05
2.81115,0.002314097530521642,7.443235582149604e-05
2.81379,0.003240594963928967,0.0001026398620951933
2.81644,0.00257123931742508,8.307505937376587e-05
2.81908,0.003658245491120977,0.000115010424005343
2.82173,0.003148357033851276,9.990475529702696e-05
2.82437,0.002906943812430634,9.220933317883368e-05
2.82701,0.003909946032186459,0.0001217102522934405
2.82966,0.00296796954772475,9.482265025977908e-05
2.8323,0.003768945199778021,0.0001171311283066396
2.83494,0.002537339692008881,8.116751304319494e-05
2.83759,0.001870900388457268,6.014673683167671e-05
2.84023,0.003914677649833516,0.0001219663038838783
2.84288,0.003351812014428414,0.0001063437260670558
2.84552,0.003083254370144282,9.632452938280571e-05
2.84816,0.002588254370144287,8.343212608339737e-05
2.85081,0.003896666828523864,0.0001215065177232908
2.85345,0.003666811390122088,0.0001146018338850524
2.85609,0.00459116391509434,0.0001409330894796733
2.85874,0.004011219131520533,0.0001244648714524911
2.86138,0.002604671961709212,8.369109408075203e-05
2.86402,0.003691298140954492,0.000115692623861083
2.86667,0.004322430008324083,0.0001337760282181193
2.86931,0.004177423210321865,0.0001293836357647516
2.87196,0.002466857588790233,7.845906360920601e-05
2.8746,0.002294033365704773,7.438715524366302e-05
2.87724,0.003530752774694785,0.0001110184925428967
2.87989,0.001760908018867925,5.7361244670655e-05
2.88253,0.004447709142619313,0.0001373426822404151
2.88517,0.001656189789123198,5.435553445764936e-05
2.88782,0.002570284753052162,8.269858433086692e-05
2.89046,0.003084469894561598,9.668437591670741e-05
2.89311,0.002174458726415094,7.05376026209795e-05
2.89575,0.00217178731964484,7.02334360627169e-05
2.89839,0.002304290926748054,7.346163297566974e-05
2.90104,0.00236381270810211,7.617228824939292e-05
2.90368,0.002698033851276359,8.527295246455614e-05
2.90632,0.002100936667591563,6.777204247013434e-05
2.90897,0.004086146711986682,0.0001276140655210491
2.91161,0.002213151775804661,7.12604575096381e-05
2.91426,0.003766768243618201,0.0001169842149853303
2.9169,0.004015769908435072,0.0001255970862275742
2.91954,0.003257820615982244,0.0001030764096726653
2.92219,0.002583964553274143,8.144093410476932e-05
2.92483,0.003415886861820201,0.0001072738526114809
2.92747,0.002995347461154271,9.454165899676516e-05
2.93012,0.004099609045504994,0.0001282465362232903
2.93276,0.002157118618202,6.937831590988642e-05
2.93541,0.003516759364594893,0.0001092455460507177
2.93805,0.003340716634295229,0.0001046191380205393
2.94069,0.003695915302441732,0.0001148144832152546
2.94334,0.002949926678690345,9.412986041041369e-05
2.94598,0.003927970588235298,0.000120638753513086
2.94862,0.002465179661487236,7.916473002876104e-05
2.95127,0.003531977455604884,0.0001110260697430502
2.95391,0.003257230022197561,0.0001023208057218185
2.95655,0.002228154689234184,7.131281376939438e-05
2.9592,0.001678039470033294,5.372929775121646e-05
2.96184,0.002039450818534958,6.596415414295973e-05
2.96449,0.003489356270810211,0.0001104675308908402
2.96713,0.004096422586015537,0.0001267644520064254
2.96977,0.001623267619311874,5.296206085676711e-05
2.97242,0.002659947419533853,8.455619691596409e-05
2.97506,0.003350273723640404,0.0001063277467782269
2.9777,0.002593652122641513,8.26344954312776e-05
2.98035,0.004314340246947835,0.0001327411645850983
2.98299,0.002753245213651499,8.801545432330098e-05
2.98564,0.001734395394006658,5.605929386550931e-05
2.98828,0.003335508879023306,0.0001049993131346335
2.99092,0.003714926470588232,0.0001152547490687869
2.99357,0.002822019630965594,8.96643081135806e-05
2.99621,0.004310746323529412,0.0001336941023246434
2.99885,0.001978425083240845,6.387945272018051e-05
3.0015,0.003779678898446173,0.0001177790655111098
3.00414,0.003262069228634852,0.0001028656352790412
3.00679,0.004523030452275252,0.0001387464547899815
3.00943,0.003724655244173143,0.0001165996315865775
3.01207,0.00208872648446171,6.671566481029763e-05
3.01472,0.002972694298002216,9.447826076470396e-05
3.01736,0.001745337402885683,5.674249432972742e-05
3.02,0.003297005826859049,0.0001035490143328188
3.02265,0.001358972322419532,4.434112963956701e-05
3.02529,0.003278903440621532,0.0001026404681256675
3.02794,0.002524950957269698,8.071449410776843e-05
3.03058,0.002647675430077691,8.386299959826876e-05
3.03322,0.002393546129300774,7.674678018687771e-05
3.03587,0.001772001109877912,5.733681243261302e-05
3.03851,0.00177251158435072,5.675126811671682e-05
3.04115,0.003835357241953384,0.0001189991276448199
3.0438,0.002250340871254164,7.180451011800648e-05
3.04644,0.003039918978912321,9.510598173982057e-05
3.04908,0.001076984392341841,3.542586135675925e-05
3.05173,0.002688959766925641,8.500880441810364e-05
3.05437,0.002993461223640401,9.43020092249922e-05
3.05702,0.003580422169811323,0.0001108654786300491
3.05966,0.002349890260821306,7.378060260337241e-05
3.0623,0.003078023723640402,9.663886406968011e-05
3.06495,0.003204465732519423,9.974423722419069e-05
3.06759,0.00161666349889012,5.200528112666679e-05
3.07023,0.002292469894561597,7.29815880946369e-05
3.07288,0.004183132283573804,0.000128402901718523
3.07552,0.00258359600443951,8.212023444956726e-05
3.07817,0.002816072488901221,8.909310515968618e-05
3.08081,0.003157009919533852,9.825571927378628e-05
3.08345,0.003238578246392897,0.0001010456448408679
3.0861,0.003948661972807992,0.0001211732176720162
3.08874,0.003077417105993341,9.609101270082142e-05
3.09138,0.001542630965593786,4.979383174372887e-05
3.09403,0.002843134503329635,8.935230765436742e-05
3.09667,0.003283529758601551,0.0001031028730471108
3.09932,0.001977230160932297,6.265790215411619e-05
3.10196,0.00157915392619312,5.084666387005652e-05
3.1046,0.002824045504994451,8.849738014918199e-05
3.10725,0.003863943812430634,0.0001188988348249659
3.10989,0.002601735016648169,8.240444613482814e-05
3.11253,0.002789230230299666,8.749213760937892e-05
3.11518,0.002884711847946723,9.060006339119697e-05
3.11782,0.002229505271920089,7.06125845510414e-05
3.12047,0.002124427649833518,6.746042456855017e-05
3.12311,0.001940743826304106,6.223135957551846e-05
3.12575,0.003717900041620421,0.0001142379819346748
3.1284,0.002187969131520536,6.979966304766145e-05
3.13104,0.003039067425083239,9.513568893124064e-05
3.13368,0.002602460668701445,8.289843331710421e-05
3.13633,0.003163014289678135,9.840237215524329e-05
3.13897,0.002919224958379579,9.118506241771847e-05
3.14161,0.003205159336847947,0.0001006081618997095
3.14426,0.003558892966148724,0.0001112621623833663
3.1469,0.003322524972253054,0.0001035295842906936
3.14955,0.003082693534961154,9.645793755059081e-05
3.15219,0.003977907810765817,0.000121951842458367
3.15483,0.002279502011653715,7.221923542472345e-05
3.15748,0.00224915052719201,7.148940459484834e-05
3.16012,0.002646576650943397,8.351090844509661e-05
3.16276,0.002735651012763597,8.647873106435225e-05
3.16541,0.002741268521087681,8.673066424698567e-05
3.16805,0.002890308754162043,9.063021846217269e-05
3.1707,0.003825619311875695,0.0001181094281635836
3.17334,0.001671458240843509,5.346164259468464e-05
3.17598,0.002478486334628191,7.861767888825767e-05
3.17863,0.003339052441731409,0.0001036876630471141
3.18127,0.002374722669256383,7.516255552193607e-05
3.18391,0.002716770324639288,8.539580921106024e-05
3.18656,0.003360235987791345,0.0001040207116351062
3.1892,0.003272088720865703,0.0001025696144985666
3.19185,0.00270538193673696,8.504172838832554e-05
3.19449,0.002134799667036628,6.791965716007741e-05
3.19713,0.003073294395116538,9.615986788387116e-05
3.19978,0.002184663637624862,6.90782052472221e-05
3.20242,0.003321048487791343,0.000102890992263887
3.20506,0.002487725235849057,7.810840068395893e-05
3.20771,0.00221361188956715,6.984596422141593e-05
3.21035,0.003575305979467259,0.0001100017869900019
3.213,0.002959408226970034,9.206321416061581e-05
3.21564,0.003139228010543841,9.616265549776007e-05
3.21828,0.002458419880688126,7.704580547375954e-05
3.22093,0.002655057852386238,8.292980981636028e-05
3.22357,0.002979666967258603,9.273385315899538e-05
3.22621,0.003664222391786905,0.0001118560483751304
3.22886,0.001996083379578248,6.289636046407814e-05
3.2315,0.002960284961154273,9.438887814689368e-05
3.23414,0.003688619866814651,0.0001180314999320525
3.23679,0.004111178274139848,0.0001314162122308844
3.23943,0.002908562222530519,9.598541592704875e-05
3.24208,0.002954443118756938,9.898829896500369e-05
3.24472,0.00397274812708102,0.0001319834875706237
3.24736,0.002293605299667038,7.83519677022906e-05
3.25001,0.001892122849611543,6.62203224439598e-05
3.25265,0.002439314858490564,8.560561731037696e-05
3.25529,0.003834899417314097,0.0001323586579772325
3.25794,0.002934793285238623,0.0001022384245538327
3.26058,0.002807257075471698,9.871560925609496e-05
3.26323,0.003281332200332963,0.0001146721307439398
3.26587,0.002847396850721419,0.0001013809233267813
3.26851,0.003062620213651498,0.0001098574780087177
3.27116,0.001803881728634853,6.603730110709068e-05
3.2738,0.002903977108768036,0.0001044492244931234
3.27644,0.001778806673140953,6.607314725750236e-05
3.27909,0.002732416481687015,0.0001003065685976072
3.28173,0.003768290510543842,0.0001346274343586891
3.28438,0.002389785099889013,8.956597721649165e-05
3.28702,0.003381442425083241,0.0001199312965788403
3.28966,0.002941383670921195,0.0001041583396699512
3.29231,0.002701600305216427,9.462713630626363e-05
3.29495,0.004061710321864597,0.0001374571189254373
3.29759,0.001623979536625973,5.73690976930364e-05
3.30024,0.002310153371254162,7.995308785903337e-05
3.30288,0.004054545366259711,0.0001355481665425975
3.30553,0.002785981964483906,9.494966362827571e-05
3.30817,0.003275259156492785,0.0001102821380505722
3.31081,0.002075433546059933,7.172264718026159e-05
3.31346,0.001499828940066594,5.250265547191527e-05
3.3161,0.002025830535516093,6.952802976588361e-05
3.31874,0.00270823647336293,9.214233697484594e-05
3.32139,0.003107954009433962,0.0001041384567348921
3.32403,0.002968122918978914,0.0001001883851275489
3.32667,0.002387942355715871,8.060682102772582e-05
3.32932,0.003402403926193121,0.0001127873233429659
3.33196,0.002662385335738067,9.01455978285581e-05
3.33461,0.001350088235294117,4.683846132519372e-05
3.33725,0.002812480854605995,9.433369947297991e-05
3.33989,0.002437623196448393,8.225283933324072e-05
3.34254,0.001791259503329634,6.048604825548083e-05
3.34518,0.001714930979467256,5.853031549625569e-05
3.34782,0.00321888034128746,0.0001060937469650599
3.35047,0.003116224611542733,0.0001024267048013607
3.35311,0.002394981409544951,7.988426388902574e-05
3.35576,0.002935855438401774,9.727787705516985e-05
3.3584,0.004580839969478362,0.0001464336794433722
3.36104,0.003238015122086569,0.0001059115051538921
3.36369,0.003132053898446171,0.0001035718506391127
3.36633,0.003137252497225307,0.0001028284324729293
3.36897,0.004086522128190901,0.0001320929742150149
3.37162,0.001700985640954496,5.677897745335182e-05
3.37426,0.003358958657047724,0.000110049938801702
3.37691,0.001888936390122087,6.373949399754154e-05
3.37955,0.001359606409544952,4.595178074665044e-05
3.38219,0.00289089705882353,9.464536373443596e-05
3.38484,0.003446426054384015,0.000111739777572209
3.38748,0.002051274139844616,6.854405353297125e-05
3.39012,0.003600184170366261,0.0001174633970198093
3.39277,0.005053781978357379,0.000159144656967942
3.39541,0.003650693673695892,0.0001175769732730582
3.39806,0.002278380341287456,7.60626662426627e-05
3.4007,0.002479697280799109,8.229085638141917e-05
3.40334,0.001238433962264151,4.215970512618354e-05
3.40599,0.004501519561598224,0.0001434474214956913
3.40863,0.001759919117647057,5.867751081201146e-05
3.41127,0.003493259225860155,0.0001132237319775291
3.41392,0.002586947280799115,8.523697460934343e-05
3.41656,0.003295057783018866,0.000107167573215945
3.41921,0.002604392688679246,8.588599571245718e-05
3.42185,0.002562064511653719,8.418337888871081e-05
3.42449,0.0009689057297447309,3.315731936032504e-05
3.42714,0.004075950957269701,0.0001294750297378629
3.42978,0.002676429106548279,8.802734123439185e-05
3.43242,0.002559145879578248,8.456501361965492e-05
3.43507,0.002173527053274141,7.232599565975112e-05
3.43771,0.001456507283573805,4.912628275745026e-05
3.44035,0.00157522121254162,5.26877000393259e-05
3.443,0.003181492092119867,0.0001035144183954829
3.44564,0.002377684794672586,7.863237282819581e-05
3.44829,0.001943966911764704,6.409432540934578e-05
3.45093,0.00267373480854606,8.738951614020199e-05
3.45357,0.003060363138179798,9.912236989894434e-05
3.45622,0.001898241675915651,6.29979969926679e-05
3.45886,0.002788046753607107,9.136158969059615e-05
3.4615,0.005144717397336292,0.0001589570329675274
3.46415,0.002297844755826858,7.530887608953226e-05
3.46679,0.001904896157047724,6.300261178142714e-05
3.46944,0.002922425152608211,9.491466685303082e-05
3.47208,0.003016949916759154,9.761200816081463e-05
3.47472,0.003835897475027748,0.000122105155666456
3.47737,0.002350364109322972,7.661805707251152e-05
3.48001,0.003223531839622641,0.000102853476126666
3.48265,0.001951752219755829,6.381448777132434e-05
3.4853,0.002110676886792453,6.896404418541841e-05
3.48794,0.002325799528301889,7.61965894099678e-05
3.49059,0.003349353496115427,0.0001074595766121133
3.49323,0.00266502240566038,8.545708408707039e-05
3.49587,0.002759652469478356,8.808177062040669e-05
3.49852,0.002083019700332963,6.834576569052158e-05
3.50116,0.00207372128190899,6.808598119050616e-05
3.5038,0.003070114802996673,9.850122894295051e-05
3.50645,0.002276663498890119,7.406694545836475e-05
3.50909,0.002186027955049944,7.130110182889651e-05
3.51174,0.003205894145394007,0.000102203002051783
3.51438,0.003313709558823529,0.0001063361927761944
3.51702,0.001203362305771365,3.988407112107733e-05
3.51967,0.003963126942286349,0.0001253565605239885
3.52231,0.002869303759711434,9.220898433962577e-05
3.52495,0.004661593368479468,0.0001459686274312984
3.5276,0.003779468299112099,0.0001188483760982515
3.53024,0.002678823529411765,8.610397875141329e-05
3.53288,0.00125963811043285,4.180117402517655e-05
3.53553,0.003525265746392896,0.0001123758051098722
3.53817,0.002394818881798004,7.803872540733849e-05
3.54082,0.002874747294672586,9.207405067876231e-05
3.54346,0.002003129300776915,6.549895137240286e-05
3.5461,0.003258690482796893,0.0001049212432534572
3.54875,0.003460355369034406,0.0001100464849703942
3.55139,0.002224368479467258,7.228630679184621e-05
3.55403,0.002080281908990011,6.809444439496145e-05
3.55668,0.002224789678135407,7.203361330757409e-05
3.55932,0.00304724188401776,9.781293463662453e-05
3.56197,0.003506547586015538,0.0001110502743966986
3.56461,0.002021526983906772,6.582437222020298e-05
3.56725,0.004263093645948948,0.0001337491296453695
3.5699,0.003198674250832407,0.0001025545552723697
3.57254,0.001581431603773584,5.172045108130078e-05
3.57518,0.001621358490566035,5.321773019361309e-05
3.57783,0.002225432921753606,7.257986542522258e-05
3.58047,0.003061647336293009,9.817651967536362e-05
3.58312,0.003721244450610431,0.0001176546923037038
3.58576,0.002838524209211989,9.092025131016597e-05
3.5884,0.003498718784683684,0.0001110864569339617
3.59105,0.001704222461154275,5.601157444267682e-05
3.59369,0.002124223917869034,6.925132829828772e-05
3.59633,0.002455427996670366,7.910973324309049e-05
3.59898,0.003176733004994451,0.0001010164976370596
3.60162,0.002408281215316316,7.843831516557163e-05
3.60427,0.00345228392064373,0.0001101171016173234
3.60691,0.003327112375138738,0.0001055385030824743
3.60955,0.002950725582685902,9.452513381283445e-05
3.6122,0.003203696587125414,0.0001024285701537184
3.61484,0.004018139150943395,0.0001270994429305235
3.61748,0.00257556118201998,8.278520333939242e-05
3.62013,0.002029282533296336,6.609299422202399e-05
3.62277,0.003364596767480576,0.0001070412736984937
3.62541,0.00440490711709212,0.0001368785679431882
3.62806,0.003065628121531632,9.859404977268348e-05
3.6307,0.002665061320754715,8.594164905362998e-05
3.63335,0.001435509156492782,4.772762276951185e-05
3.63599,0.003218610224750278,0.00010274467825582
3.63863,0.003427579703107659,0.0001088407568518479
3.64128,0.002333612305771364,7.577772777120261e-05
3.64392,0.002168864109322975,7.063708905516515e-05
3.64656,0.002056067563817981,6.697825923283636e-05
3.64921,0.003073342466703661,9.886936626597219e-05
3.65185,0.003745900596559377,0.000118382754320527
3.6545,0.001997754439511655,6.511260667652444e-05
3.65714,0.003649812361265263,0.0001152718261662625
3.65978,0.001566870491120974,5.172460782832034e-05
3.66243,0.002716465871254161,8.748233223294181e-05
3.66507,0.002375331576026637,7.698114568568179e-05
3.66771,0.002567084558823529,8.286504123571061e-05
3.67036,0.002178013734739182,7.061579572476811e-05
3.673,0.003586584489456159,0.0001132697673866447
3.67565,0.003355815690898997,0.0001059911855263139
3.67829,0.001949566107103217,6.337211210184005e-05
3.68093,0.001674191453940068,5.520592024439928e-05
3.68358,0.002721105923973366,8.656966242293483e-05
3.68622,0.004074437846836848,0.0001277550091354212
3.68886,0.003564258670921201,0.0001115132631651294
3.69151,0.002136642411209769,6.919692875799838e-05
3.69415,0.00204266245837958,6.589301836978796e-05
3.6968,0.003364095449500556,0.000105176748143748
3.69944,0.002404428620976691,7.760718302262054e-05
3.70208,0.003127157463928971,9.836066618480551e-05
3.70473,0.002403215385682576,7.706001781424807e-05
3.70737,0.003278827899556046,0.0001023387617198181
3.71001,0.001272106964483909,4.136545641068916e-05
3.71266,0.002398172447280801,7.64941160363613e-05
3.7153,0.002185332061598228,7.068435926574107e-05
3.71794,0.003049837749722533,9.635092994431666e-05
3.72059,0.003652035099889009,0.000114118742013815
3.72323,0.002290762208657049,7.321588317205104e-05
3.72588,0.004111752844062153,0.0001275148436144086
3.72852,0.003014841634295224,9.502610715193612e-05
3.73116,0.003029810210876806,9.508151206985743e-05
3.73381,0.002005857935627084,6.482474140431689e-05
3.73645,0.00360090066592675,0.0001117230932381685
3.73909,0.003459554175915648,0.0001088775995575772
3.74174,0.003032222946725863,9.49927818572594e-05
3.74438,0.002460729605993341,7.846555449692219e-05
3.74703,0.002155065274694784,6.966479014020229e-05
3.74967,0.003560838720865706,0.0001117864603078568
3.75231,0.00219792452830189,6.972405291580605e-05
3.75496,0.002239742230854606,7.173688826539072e-05
3.7576,0.003070400943396225,9.631261075032611e-05
3.76024,0.002668236334628191,8.500580836700313e-05
3.76289,0.001584125901775803,5.129842871683071e-05
3.76553,0.002290521850721418,7.33954275454237e-05
3.76818,0.001276028232519424,4.17331738184562e-05
3.77082,0.002339987513873476,7.438770965331901e-05
3.77346,0.003578432921753608,0.0001117564452739225
3.77611,0.001589921961709213,5.161494127479921e-05
3.77875,0.002717340316315207,8.609652650562042e-05
3.78139,0.002366337610987791,7.574325317657822e-05
3.78404,0.00264942889844617,8.419729452636255e-05
3.78668,0.00237724528301887,7.575008844899255e-05
3.78933,0.002912902400110986,9.184745628491778e-05
3.79197,0.001272466356825749,4.300692289998859e-05
3.79461,0.003303316939511656,0.0001087701024241854
3.79726,0.00315663679245283,0.0001047744505116906
3.7999,0.001425244728079911,4.998489115967349e-05
3.80254,0.003214524139844618,0.0001095090485610175
3.80519,0.001999297308546059,7.059456075853966e-05
3.80783,0.002569765122086571,9.015590990027852e-05
3.81047,0.002837773376803555,0.0001002134188484815
3.81312,0.002273786071032185,8.292105992583044e-05
3.81576,0.003159969755826859,0.0001125884462096269
3.81841,0.001405498751387347,5.185379162152298e-05
3.82105,0.002923395740843508,0.0001067420546980702
3.82369,0.001839578315760267,6.843981900171642e-05
3.82634,0.002284029897336292,8.465791272191245e-05
3.82898,0.004230434725305215,0.0001520967199067535
3.83162,0.0009941982519422871,3.836544273494129e-05
3.83427,0.002436316107103217,9.196306125893327e-05
3.83691,0.002921351553829079,0.0001105306647534966
3.83956,0.002488924736403995,9.507018010543024e-05
3.8422,0.002857615496670365,0.0001088594536937967
3.84484,0.002230704772475027,8.650222878846886e-05
3.84749,0.003407785654827968,0.0001259708031885903
3.85013,0.002498168215871254,9.172100046127616e-05
3.85277,0.002054508670921199,7.47266214807599e-05
3.85542,0.003555083865149837,0.0001260731977712866
3.85806,0.002605791342952278,9.314939182731827e-05
3.86071,0.003094189511653717,0.0001087793996804105
3.86335,0.002089431534406218,7.437586017851429e-05
3.86599,0.002646746046059935,9.257559393804966e-05
3.86864,0.00178253565482797,6.319687576949799e-05
3.87128,0.003278800430077691,0.0001135050497810236
3.87392,0.002970489872364037,0.0001026989491049644
3.87657,0.003392579009433962,0.0001163797136588935
3.87921,0.002787996392896783,9.674530420862039e-05
3.88186,0.002495032117092122,8.68646892062405e-05
3.8845,0.002216303898446172,7.764675265373791e-05
3.88714,0.0007393432991120971,2.64424626343817e-05
3.88979,0.003259425291342953,0.0001117237972899715
3.89243,0.003955739941731408,0.0001331538865636946
3.89507,0.002165009225860153,7.443427830705211e-05
3.89772,0.001366764497780247,4.769816865674552e-05
3.90036,0.002396196933962264,8.15592617290119e-05
3.903,0.002953206992230857,9.923132688151398e-05
3.90565,0.005158864178690345,0.0001663224506219371
3.90829,0.002539473154827969,8.568852005488826e-05
3.91094,0.002519566939511654,8.544084565880894e-05
3.91358,0.00144738283851276,4.982787381877193e-05
3.91622,0.0008148546059933384,2.825998294927945e-05
3.91887,0.001957900804661488,6.70006100614501e-05
3.92151,0.002046537943951166,6.909270503324333e-05
3.92415,0.001019374028856826,3.514419917796853e-05
3.9268,0.002334919395116536,7.865737966479876e-05
3.92944,0.002458957824639292,8.183131070220192e-05
3.93209,0.001357976553829078,4.635807301167891e-05
3.93473,0.0008920873335183137,3.046353343061664e-05
3.93737,0.002750951512208657,9.069806461814539e-05
3.94002,0.002191205951720312,7.3235853627609e-05
3.94266,0.002649547932852388,8.78314901782074e-05
3.9453,0.003027427233629301,9.950266293867147e-05
3.94795,0.002504220657602664,8.29586584192411e-05
3.95059,0.003150208934517205,0.0001035196431507465
3.95324,0.002032679592119867,6.845694776048699e-05
3.95588,0.004586929037180909,0.0001465332899878659
3.95852,0.002743910169256384,9.091334429766946e-05
3.96117,0.002216837264150945,7.43551710111814e-05
3.96381,0.003030096351276358,9.936756434476113e-05
3.96645,0.003103046129300777,0.000101475532172446
3.9691,0.003310220935072143,0.0001079863894411336
3.97174,0.003205328731964485,0.0001054422736442461
3.97439,0.003320164886237513,0.000109082027659865
3.97703,0.00173012846836848,5.771604785846029e-05
3.97967,0.00222942515260821,7.417676662989508e-05
3.98232,0.002155788637624859,7.166856649185293e-05
3.98496,0.002471483906770257,8.190826575486633e-05
3.9876,0.001828965940621531,6.129264696391946e-05
3.99025,0.002626555979467257,8.667745165968479e-05
3.99289,0.002093394006659266,7.041866955962671e-05
