0.0431807,211.0598349264706,1.414537716372034
0.0458244,182.2458572280799,1.266730051150164
0.0484682,157.9381149139845,1.15324408889995
0.0511119,138.1487227108768,1.133331998959631
0.0537556,121.561798522475,0.9886429759195885
0.0563993,107.126038713929,0.9676967238661845
0.059043,94.87660614039956,0.8406563414303382
0.0616867,84.48317892827414,0.823197252771971
0.0643304,75.975848288707,0.7644810385315385
0.0669742,68.5938161154273,0.6891690310904839
0.0696179,61.89056633532186,0.6715079515396903
0.0722616,55.68469841079356,0.5928125296081093
0.07490529999999999,50.51883331506659,0.5623395767990359
0.07754900000000001,46.02379778648724,0.5312818638229706
0.08019270000000001,41.9509446309656,0.4843828326770606
0.08283649999999999,38.18953403440621,0.4676655133546767
0.08548020000000001,35.02667847253053,0.4237602148222024
0.08812390000000001,31.98820063401776,0.4228954618265587
0.0907676,29.32900102524972,0.3982900191389982
0.0934113,27.15925173487792,0.3757173714898134
0.096055,25.05531418701443,0.3668408436064926
0.0986987,23.01074530105438,0.3342011019771761
0.101342,21.1964502136515,0.3208226258197703
0.103986,19.69033314372919,0.2905553462612409
0.10663,18.34515075124861,0.2825516471999077
0.109274,16.9455763422586,0.2691908098260851
0.111917,15.74212533296338,0.2476342161348394
0.114561,14.66592931465039,0.2328295624866648
0.117205,13.71135301539956,0.220089750718924
0.119848,12.65988927927303,0.2059491749354963
0.122492,11.85131431048835,0.190052369574734
0.125136,11.00374941592675,0.1814181570948037
0.12778,10.26996545851831,0.1694427848881532
0.130423,9.624276095310766,0.1611848409532008
0.133067,9.001884146087681,0.1535667189361599
0.135711,8.419656099472808,0.1391310517574472
0.138354,7.939463407325195,0.1344871690458173
0.140998,7.350798529411766,0.1243300200271086
0.143642,6.979760754023308,0.1186615887398085
0.146286,6.507715074223086,0.1096454851699376
0.148929,6.160511329078801,0.1029261150658937
0.151573,5.725669005965594,0.09923380365963737
0.154217,5.410564811320755,0.09173371356617527
0.15686,5.10932579009434,0.08769781211074033
0.159504,4.80457301054384,0.08209019532714085
0.162148,4.539446441453941,0.07739185249456654
0.164792,4.318835512624862,0.07592343775917403
0.167435,4.026610921198668,0.06872999726372167
0.170079,3.808483393451721,0.06593974513201722
0.172723,3.632961301331854,0.06232273732079035
0.175366,3.386119950749168,0.05882877780129774
0.17801,3.266566577413984,0.05648024283492704
0.180654,3.034379026082131,0.05218323902027499
0.183298,2.880771603079911,0.05021859135833963
0.185941,2.735355738762486,0.04728474570751084
0.188585,2.56517167591565,0.04441527019801955
0.191229,2.478622560349612,0.04342617742699168
0.193872,2.342938491259712,0.04045471139820075
0.196516,2.244987161487237,0.03929875858384808
0.19916,2.105899532463929,0.03668210817126734
0.201804,2.032060224056604,0.03637403263131975
0.204447,1.913762366120977,0.0336764546545817
0.207091,1.807306623196448,0.03152655199004006
0.209735,1.766128135405106,0.03098602563656443
0.212378,1.662327935627081,0.02918031734301495
0.215022,1.573842198945616,0.0276794388575757
0.217666,1.51455294672586,0.02686079122764283
0.22031,1.443897648446171,0.0259588226834398
0.222953,1.376911860432852,0.02460412271568239
0.225597,1.32880570754717,0.02324442722556293
0.228241,1.266885039539401,0.02271659539362528
0.230885,1.221912719200888,0.02181878832261988
0.233528,1.166274252219756,0.02102389892647516
0.236172,1.092758625832408,0.01989983389584268
0.238816,1.074885563956715,0.01929997574715012
0.241459,1.00947874445061,0.01832250419822748
0.244103,0.9728504384017759,0.01726306544718945
0.246747,0.9477477760821309,0.01720496448307593
0.249391,0.9097883906770257,0.01658877610608081
0.252034,0.8556001748057714,0.01579028574376052
0.254678,0.8480931784128746,0.01551096419201921
0.257322,0.80146827136515,0.01464248460833123
0.259965,0.7745105493895672,0.01425068337843004
0.262609,0.7546595248335184,0.01380312343254163
0.265253,0.7106046850721421,0.01335924334676149
0.267897,0.6978304848779135,0.01291970175819492
0.27054,0.6696238401775804,0.01244693945660678
0.273184,0.6542614657325194,0.01206250949330787
0.275828,0.6348531118201998,0.0116972188969653
0.278471,0.6060664948668146,0.01144513913617129
0.281115,0.5825130653440621,0.01104627560955463
0.283759,0.5663911140399557,0.01077837808750702
0.286403,0.5519845629855715,0.01034535465239351
0.289046,0.5299751241675916,0.0100347369801471
0.29169,0.5135828503052166,0.009776716349756694
0.294334,0.4998102490288569,0.009611840213534287
0.296977,0.4893281021087681,0.009414024814811215
0.299621,0.4579432845449501,0.008852657901139272
0.302265,0.4551630070754717,0.008765314356340179
0.304909,0.4336692848224196,0.008433847725758697
0.307552,0.4294511403995561,0.008376439155901466
0.310196,0.4211018611265261,0.008202432842802216
0.31284,0.4102558580743618,0.007986280074271044
0.315483,0.3968957567980022,0.007760329324873336
0.318127,0.3731931840316315,0.007401678636081786
0.320771,0.3710446793840178,0.007302603353633867
0.323415,0.3616682110155384,0.007171845791153618
0.326058,0.3558318625138734,0.007034607043578024
0.328702,0.3447096767480577,0.006922738646497322
0.331346,0.3329375654134296,0.006709139204130628
0.333989,0.3122985948945616,0.006324177363852456
0.336633,0.3188640337125417,0.00635236736418199
0.339277,0.3081564997225306,0.006170503158072589
0.341921,0.2951656111265261,0.006048351914508436
0.344564,0.2949487006798002,0.006006309520259077
0.347208,0.2845981943673696,0.00583198847846282
0.349852,0.2771427261376249,0.005690592219590528
0.352495,0.2766975397475028,0.005659826363930932
0.355139,0.263456653718091,0.005456930861109064
0.357783,0.2612224488762486,0.005425863876059738
0.360427,0.2509333254023308,0.005247403675122314
0.36307,0.2438164345172031,0.005085222162633123
0.365714,0.2482239924389567,0.005165955999584604
0.368358,0.2403311277053274,0.004984607952919167
0.371001,0.2264515396781354,0.004792449790232132
0.373645,0.236943250554939,0.004956409116557012
0.376289,0.2236951743895672,0.004722484725380639
0.378933,0.2288940455743618,0.004801110002949307
0.381576,0.2158410828246393,0.004532756887275685
0.38422,0.2130479908435073,0.00451624764474221
0.386864,0.2026649125971143,0.004336933080218301
0.389507,0.2096757049112098,0.004454365378926606
0.392151,0.2028119155105438,0.004375932708374278
0.394795,0.1928652906492786,0.00415067394849744
0.397439,0.1913087853079911,0.004130876361053575
0.400082,0.1833816134850166,0.003980538155926109
0.402726,0.1892861778579356,0.004081868846064685
0.40537,0.1840266838235294,0.003993870814599732
0.408013,0.1782216551054385,0.003853158031638865
0.410657,0.177875173418424,0.003884532715613899
0.413301,0.1774130612513874,0.003846563252910596
0.415945,0.1734029889705882,0.003797844157592421
0.418588,0.1652795729051054,0.003676663828327553
0.421232,0.1647473700749167,0.003652403381850177
0.423876,0.1588480226137625,0.003604544759523817
0.426519,0.1621798643174251,0.003683396126196145
0.429163,0.152604736681465,0.003615712612499434
0.431807,0.1507049223779134,0.003659981264351003
0.434451,0.152674126872919,0.003750621275261648
0.437094,0.1543697078940067,0.003864086508163481
0.439738,0.1502090982935627,0.003809700500644463
0.442382,0.1420538794395116,0.003728581943058615
0.445025,0.1428605916342952,0.003746477398561014
0.447669,0.1364615308684795,0.003653776273003548
0.450313,0.1391406039123196,0.003758724296687077
0.452957,0.137588232727525,0.003684822952164704
0.4556,0.1342843961570477,0.003602314416194252
0.458244,0.1293274257769146,0.003455912908556111
0.460888,0.1299814168285238,0.003484948742519592
0.463531,0.1323003009156493,0.003565380087541602
0.466175,0.1218725756104329,0.003331756625508983
0.468819,0.1240082062291898,0.003436822698988472
0.471463,0.1244414594200888,0.003363664105724841
0.474106,0.1154751057852386,0.003256068537305618
0.47675,0.122285776082131,0.00338663774720684
0.479394,0.1233217851692564,0.003414713504840318
0.482037,0.1225595231687015,0.003441495578955672
0.484681,0.1182114504023307,0.003204883676952514
0.487325,0.1125819333379578,0.003086781261185587
0.489969,0.1151797219062153,0.003066228192770346
0.492612,0.1178871594755827,0.003106614428901726
0.495256,0.1195340416897891,0.003084196214010338
0.4979,0.1134890556326304,0.002940760240480894
0.500543,0.1151783987930078,0.002948253417262147
0.5031870000000001,0.1091815392619312,0.002820305783482768
0.505831,0.1092959107241953,0.002821619275395372
0.508475,0.1073787173973363,0.002776769243972841
0.511118,0.111794094963929,0.002811822167121133
0.5137620000000001,0.1065613470449501,0.002721887510856784
0.516406,0.1039832289123196,0.002651935064791602
0.519049,0.1014929650388457,0.002618765198329023
0.521693,0.101447161972808,0.00258356149934738
0.5243370000000001,0.09730799001109877,0.002507581682899544
0.526981,0.09758909205049944,0.002515814224403072
0.529624,0.09886402150388457,0.002503530957887703
0.532268,0.1011728517619312,0.002549324470108721
0.5349120000000001,0.0975525805355161,0.002462778610357002
0.537555,0.09907438276914539,0.002486090655125789
0.540199,0.09269342896781356,0.002383462029020151
0.542843,0.09392073550221976,0.00239179653711585
0.5454870000000001,0.09396720012486126,0.002384792106049587
0.54813,0.09470931555216426,0.002348912999129863
0.550774,0.09181818500277468,0.002324450728491072
0.553418,0.09013901012763596,0.002276327796000513
0.556061,0.09021030258046617,0.002276686803739362
0.558705,0.08740039012208657,0.002239619255534905
0.561349,0.09120360578523863,0.002253876773638953
0.563993,0.08354116648168701,0.002137656844447581
0.566636,0.08413905341287459,0.002133354851320379
0.56928,0.08617669124583796,0.002180591281749229
0.571924,0.08627531354051056,0.002172343917102725
0.574567,0.08682725090177582,0.002172793263656553
0.577211,0.08591611348501665,0.002150532693383726
0.579855,0.08722376137624861,0.002148689856735669
0.582499,0.08562108442008878,0.002138850282468471
0.5851420000000001,0.08738835391231964,0.002152963436893585
0.587786,0.08408442577691455,0.002113991454074995
0.59043,0.07860876068257493,0.002003632937215083
0.593073,0.08387295657602666,0.002062285892666517
0.5957170000000001,0.07845043347669257,0.001975549163675812
0.598361,0.07981498668146504,0.002003533165307452
0.601005,0.08205564913984462,0.002026735547812319
0.603648,0.07925908913706993,0.001969734225865852
0.6062920000000001,0.07877973529411766,0.001957505602994065
0.608936,0.07719880729744728,0.00192731463877189
0.611579,0.07643688866537182,0.001897653441227175
0.614223,0.07567817251664818,0.001883244787365137
0.6168670000000001,0.07621637056048836,0.00188887021797886
0.619511,0.07747702275249722,0.001897527736663765
0.622154,0.07237615579911211,0.001815625409554576
0.624798,0.07774083046614873,0.001892897687926837
0.6274420000000001,0.07532527441731411,0.001842054904035504
0.630085,0.07351359822419534,0.001822295169177238
0.632729,0.07499481430355161,0.001835004408886628
0.635373,0.07452699764150944,0.001824394339557796
0.6380169999999999,0.07276523120144283,0.001781467069078877
0.64066,0.07431562916204218,0.00181812826246186
0.643304,0.06802683317147615,0.001710869995903705
0.645948,0.07120120837957825,0.001755991827346109
0.6485919999999999,0.07158175908712543,0.001756928357767881
0.651235,0.06854870976692565,0.001717810945300162
0.653879,0.07280527712264152,0.001785270477886302
0.656523,0.06889429869589346,0.001708882282937669
0.659166,0.06902131985294117,0.001712415105758735
0.66181,0.07070668451720312,0.00171806237901612
0.664454,0.07070814955604884,0.001734576477948352
0.667098,0.07119311403995561,0.001748355195023832
0.669741,0.07179381659267481,0.001754721105533505
0.672385,0.06867335023584904,0.001690145869994618
0.675029,0.06466467432019977,0.001610877992621155
0.6776720000000001,0.07070985953107659,0.001707491553312812
0.680316,0.06824235869866814,0.001671027669165987
0.68296,0.06874712409822421,0.001664542163866819
0.685604,0.07131348071587126,0.001720453454833052
0.6882470000000001,0.06602323231132075,0.001620173024441225
0.690891,0.06923863547447281,0.0016760518327642
0.693535,0.06197558636237514,0.001543318742814822
0.696178,0.06553387728912319,0.001604004266213714
0.6988220000000001,0.06661500041620422,0.001627336724244497
0.701466,0.06547706811875695,0.001593793478422304
0.70411,0.06574602178135405,0.001607033754357514
0.706753,0.06553977407047726,0.001584541803092969
0.7093970000000001,0.06284191648168702,0.001544203114160663
0.712041,0.06504306638457269,0.001582709720468724
0.714684,0.06504984676748059,0.001573170111174045
0.717328,0.06386063353218648,0.001551760353169604
0.7199719999999999,0.06549770456437293,0.001578787668423372
0.722616,0.06189133976137625,0.00150918092896422
0.725259,0.06323648120144285,0.001534353442622005
0.727903,0.06715579432574917,0.00157905149769975
0.7305469999999999,0.06475348772197559,0.001560199677904628
0.73319,0.0619531804245283,0.001507888002753925
0.735834,0.06297427587402885,0.001512251976266177
0.738478,0.06677295678412876,0.00156817812908483
0.7411219999999999,0.0597407588790233,0.00145543346829937
0.743765,0.06125518784683686,0.001488884975503239
0.746409,0.06106092598501665,0.001460427429267894
0.749053,0.06309914067702553,0.001508236462805189
0.751696,0.06192568576581575,0.001474360750471668
0.75434,0.06427705022197559,0.001524952384889165
0.756984,0.05987987118479467,0.001431468578913488
0.759628,0.05801813644561599,0.001408591176256641
0.762271,0.0593092431326304,0.001426394952760137
0.764915,0.0604086975582686,0.001435691432137052
0.767559,0.0587460638873474,0.001424729201127479
0.7702020000000001,0.06056062895394006,0.001434997701540264
0.772846,0.06033272155937847,0.001427452275567753
0.77549,0.05824431097391788,0.00140372931327675
0.778134,0.05864206215316316,0.001393043098190376
0.7807770000000001,0.05993016779966704,0.001424481389206255
0.783421,0.05888230563263042,0.001397990735250188
0.786065,0.05998272149001112,0.001416830914077277
0.788708,0.06328857477802442,0.001471378740248068
0.7913520000000001,0.06276825478634852,0.00144867570983696
0.793996,0.06052530778301887,0.001419696273430686
0.79664,0.05700336813263043,0.001353781073640739
0.799283,0.06015995456437293,0.00140451865688891
0.8019269999999999,0.05879453836015539,0.001381335755780279
0.804571,0.05788017099056605,0.001358680335659082
0.807214,0.05901563332408435,0.001382921363963083
0.809858,0.05819221510821311,0.001354269753129348
0.8125019999999999,0.05803917119866815,0.001370595487004308
0.815146,0.05962698716703664,0.001377931525743593
0.817789,0.0605384381936737,0.001394509241124455
0.820433,0.05655432685904551,0.001335200499861603
0.8230769999999999,0.055398365427303,0.001303454640354874
0.82572,0.06021097454217537,0.001389751165590217
0.828364,0.06061177254439511,0.001385170438832729
0.831008,0.05872586237513874,0.001360980463083599
0.8336519999999999,0.05654741828523862,0.001310976279186002
0.836295,0.0601527529827969,0.001372933540602394
0.838939,0.05874392584628191,0.001354313560330782
0.841583,0.05783509586570478,0.00132064141712743
0.844226,0.05906751630133185,0.00136211841746487
0.84687,0.05405281194506105,0.001266043875863854
0.849514,0.05882475249722531,0.00134161229385928
0.852158,0.05780525714483908,0.001329688010371954
0.854801,0.05659426748057714,0.00128493947050591
0.857445,0.05624052240566037,0.001295852863058713
0.860089,0.05281188970588236,0.001228870366809519
0.8627320000000001,0.05497623279689235,0.001265018913807133
0.865376,0.05549602400110989,0.00131598985883761
0.86802,0.05559622579078801,0.001311187001452932
0.870664,0.05390659420088791,0.00130130961094287
0.8733070000000001,0.05532642744173142,0.00130722348513167
0.875951,0.05376450603496116,0.001303289841047779
0.878595,0.05944680570199778,0.001398027478107662
0.881238,0.05188878017480578,0.001265843415985887
0.8838819999999999,0.05549661459489456,0.001346544309336716
0.886526,0.05681911431742508,0.001340606135249641
0.88917,0.05766018396226414,0.001367855143664445
0.891813,0.05619618666759158,0.001345191296298843
0.8944569999999999,0.05388955396781354,0.001278959371596798
0.897101,0.05359986542730301,0.001261544287064945
0.899744,0.05817197925915649,0.001329640819938896
0.902388,0.0578654977108768,0.001319579142031059
0.9050319999999999,0.05241863894284128,0.001216145865946242
0.907676,0.05299962756659268,0.001227465440232536
0.910319,0.05455658615427303,0.001255786639844315
0.912963,0.05721322121254162,0.001294646302314018
0.9156069999999999,0.05576245733906771,0.001271709344601345
0.91825,0.05343195595172032,0.001215712185794081
0.920894,0.05398374680910101,0.001236648181541796
0.923538,0.05416399923695894,0.001234494628375195
0.9261819999999999,0.05195968805493895,0.001189408970479179
0.928825,0.05550475242785793,0.001259148237437425
0.931469,0.05296949583795783,0.001205450472445365
0.934113,0.05371032706714762,0.001227609008014916
0.936756,0.05315627226692564,0.001197522097232754
0.9394,0.05563406270810212,0.001240420517333345
0.942044,0.05102221427580466,0.001160891393610784
0.944688,0.05371646191731409,0.001207501971309366
0.947331,0.0526395164400666,0.001192758077309511
0.949975,0.05557913290788014,0.001227878206519512
0.952619,0.05140187680355162,0.001165570031309655
0.9552619999999999,0.05543109531076582,0.001227841405184857
0.957906,0.05286293944228636,0.001185689428387415
0.96055,0.05259166003052165,0.001187182748544154
0.963194,0.05294455126248613,0.001166389691899815
0.9658369999999999,0.05474678940066593,0.001212670584414904
0.968481,0.0538186827136515,0.001190061569388355
0.971125,0.05504025270532741,0.001202059369341868
0.973768,0.05457677850998891,0.001192601524689302
0.9764119999999999,0.05492992612375138,0.001189051909697075
0.979056,0.05385717889844616,0.001182519255669229
0.9817,0.05144328933129855,0.00113901871380509
0.984343,0.05505384094062155,0.001187202047962785
0.9869869999999999,0.05404117633185351,0.001167663729570614
0.989631,0.05457700055493896,0.001191310313478488
0.992274,0.05420808546059934,0.001215654899782157
0.994918,0.05162405223362931,0.001173312570441317
0.9975619999999999,0.05186872058823529,0.001189026463630324
1.00021,0.05404202788568258,0.001233052945944052
1.00285,0.05080120172031077,0.001177268244358975
1.00549,0.05500005112375139,0.001268942136536849
1.00814,0.05171034073251943,0.00120740676741985
1.01078,0.05254828343507215,0.0012279854666831
1.01342,0.04987045109600444,0.001190338764695606
1.01607,0.05080176942286348,0.001218130546112405
1.01871,0.05448245747780243,0.001270951230393162
1.02136,0.05243510918423974,0.001242987409722802
1.024,0.05255972905105438,0.001256011298806238
1.02664,0.05244026200055494,0.001255689462847165
1.02929,0.05107429182852386,0.001237798424949805
1.03193,0.05382640850443952,0.001280413102691543
1.03457,0.0528108985155383,0.001261443605180926
1.03722,0.05397206083518313,0.001295490397116239
1.03986,0.05151242771920089,0.001242874950509172
1.04251,0.04802200242785794,0.001191841772819642
1.04515,0.05132969159267482,0.001228052191321031
1.04779,0.04958567501387347,0.001187359835340967
1.05044,0.05061471143174251,0.001192963241645048
1.05308,0.04980326761931188,0.00115959230741983
1.05572,0.05177314511653718,0.001198264227901674
1.05837,0.05140271691176471,0.001172970994746261
1.06101,0.04854030341287457,0.001137050177009839
1.06365,0.04926772266925638,0.00113260530010933
1.0663,0.05004145317702554,0.001144814109487976
1.06894,0.05259776283296338,0.001184031219692391
1.07159,0.048559243618202,0.001103547298318205
1.07423,0.05331587451442842,0.001188642873035209
1.07687,0.0515407189927858,0.00114733727617352
1.07952,0.04944905327413984,0.001120554471448043
1.08216,0.05052636501109879,0.001130696106074541
1.0848,0.0501454320199778,0.001105215920422271
1.08745,0.0525815672863485,0.001152417443196721
1.09009,0.04876261161209767,0.001086375599248404
1.09274,0.04859787257214207,0.001088902074547584
1.09538,0.05017871816037737,0.001109213359067525
1.09802,0.04922861528856825,0.00108492595310883
1.10067,0.04884588075749168,0.00108558516738861
1.10331,0.04611619291065483,0.001029597055957522
1.10595,0.04889223550221976,0.001078077622286251
1.1086,0.04989130729744728,0.001089565741486027
1.11124,0.04857952296059933,0.001069262941474235
1.11389,0.04858745477247503,0.001072572546795623
1.11653,0.04893196323529412,0.001057417539056561
1.11917,0.04777758129855716,0.001054321061749185
1.12182,0.0472685764428413,0.001038316001973276
1.12446,0.04786775672863484,0.001053075940239706
1.1271,0.04649965309378469,0.001024170454937118
1.12975,0.04712252580466149,0.001028617159007401
1.13239,0.04652054592119868,0.001023910187325217
1.13504,0.04829783261653718,0.001046735100993491
1.13768,0.04787069596281909,0.001040480140183722
1.14032,0.04636339990288569,0.001019158165059468
1.14297,0.04772954175915649,0.00103850652509877
1.14561,0.04804917889844617,0.001051216897568892
1.14825,0.04880553725027748,0.001043269088412387
1.1509,0.04669040572974473,0.001015486936660014
1.15354,0.04384955119311876,0.0009708202615522164
1.15618,0.0457425805355161,0.0009956712246238662
1.15883,0.04360400610432853,0.0009742028645948514
1.16147,0.04357376449778025,0.0009559826250694199
1.16412,0.04545507352941176,0.000996783261660548
1.16676,0.04732614560210878,0.001009489761650297
1.1694,0.04598766779966704,0.000997053274139012
1.17205,0.04469506631520533,0.0009723518621890605
1.17469,0.04446560002774694,0.0009667102771851449
1.17733,0.04710559087125416,0.001009831335009845
1.17998,0.04246879786348502,0.0009283713749251883
1.18262,0.04355918507214206,0.0009510891680494814
1.18527,0.04250367265538291,0.0009304267046997806
1.18791,0.04482019894561598,0.0009688503401152944
1.19055,0.04503358185349612,0.0009729122975090949
1.1932,0.04443115559100998,0.0009523236616011406
1.19584,0.0468428544672586,0.0009955435996921612
1.19848,0.0442344993063263,0.000947448422971535
1.20113,0.04377841897891232,0.0009469458814105903
1.20377,0.04102426727247504,0.0009002692390614323
1.20642,0.04276856083518314,0.0009274720960028782
1.20906,0.04346756749445061,0.0009404233186565723
1.2117,0.04333068479467259,0.0009264660778017204
1.21435,0.04473609427025528,0.000952739829008806
1.21699,0.04094840572974473,0.0008899386056423031
1.21963,0.04260146857658158,0.0009171159402204465
1.22228,0.04176595921198668,0.0009077380884907117
1.22492,0.04038444360432853,0.0008777587629985258
1.22757,0.04275366322142064,0.0009161512336726924
1.23021,0.04124536452552719,0.0008875776677668502
1.23285,0.04154997814927858,0.0008935002514923098
1.2355,0.03979087167036626,0.0008691685204665113
1.23814,0.03897454286903441,0.0008519591397315589
1.24078,0.04096783809655938,0.0008876297436143662
1.24343,0.04314688651498336,0.0009164871593003152
1.24607,0.0420866699500555,0.0008960240589516707
1.24871,0.03794672197558269,0.0008318441114259529
1.25136,0.03944314241120977,0.0008526474257582623
1.254,0.04109358879023307,0.0008805719525734396
1.25665,0.04050630965593785,0.0008693984947802391
1.25929,0.03904529279966704,0.0008480904590007901
1.26193,0.0393102885682575,0.0008429088701391878
1.26458,0.03940177795504995,0.0008455107776978986
1.26722,0.037681746809101,0.0008219635257998144
1.26986,0.03941028891509434,0.0008473445015050608
1.27251,0.03963768354605994,0.0008518342716415481
1.27515,0.03953396337402885,0.0008441318737904914
1.2778,0.04003550110987791,0.0008546479460255697
1.28044,0.03684717369589345,0.0007981483469908992
1.28308,0.03848691155660378,0.0008256004218374078
1.28573,0.03717318146503885,0.0008104462252619607
1.28837,0.03738053253329634,0.0008015952090723722
1.29101,0.03663544811320755,0.0008030372639660536
1.29366,0.03481050416204218,0.000762237435306293
1.2963,0.03670421566315205,0.0007943460308082299
1.29895,0.03919069332685905,0.0008336670423085089
1.30159,0.03598014997225305,0.0007759344505681199
1.30423,0.03704319589345172,0.0008020937596531689
1.30688,0.0344180935072142,0.0007485079651489161
1.30952,0.0329501841009989,0.000731285692545209
1.31216,0.03499135862930079,0.0007586487431365186
1.31481,0.03702428315760267,0.0007925740498098661
1.31745,0.03431887375138735,0.0007494856342786713
1.3201,0.03460854397891232,0.0007480179555252681
1.32274,0.03517835939234185,0.0007591652065661757
1.32538,0.03434886355438402,0.0007413108145618003
1.32803,0.03564297814927859,0.0007610750958777099
1.33067,0.0350973038290788,0.0007604770947587352
1.33331,0.03432523980299668,0.0007364299175101303
1.33596,0.03529114449223086,0.0007577583367185762
1.3386,0.03415981173695893,0.0007384441837510826
1.34124,0.03484958636237513,0.0007466421618496329
1.34389,0.03271933976137625,0.0007128410842057938
1.34653,0.03360396913152053,0.0007226400755072918
1.34918,0.03216143465593784,0.0007057450972946182
1.35182,0.03367612458379578,0.0007230580998730119
1.35446,0.03315787853773586,0.0007197050370465747
1.35711,0.03335949535238623,0.0007211628008762896
1.35975,0.03138348071587126,0.000689735570548546
1.36239,0.03401549396503884,0.0007333735829042782
1.36504,0.0308298013318535,0.0006740564750307182
1.36768,0.032797490427303,0.0007113355691724246
1.37033,0.0322049737791343,0.0007005589514352613
1.37297,0.0337583567563818,0.00072532009566386
1.37561,0.0313712041481687,0.0006931247343861883
1.37826,0.03114887992508324,0.0006777852794295934
1.3809,0.03077853641786904,0.0006788630777051245
1.38354,0.03069577545782464,0.0006754949046200341
1.38619,0.02945421226415095,0.0006563509071622755
1.38883,0.02969254432574917,0.0006552075162517247
1.39148,0.02810899299389568,0.000630910470105451
1.39412,0.02967008573806882,0.0006581124179144146
1.39676,0.02984836265260821,0.0006544157007742609
1.39941,0.02880516342952276,0.0006398791859190233
1.40205,0.02963917570754717,0.0006519972642562898
1.40469,0.02978631367924528,0.0006616128743996245
1.40734,0.02727864560210877,0.0006124117924914674
1.40998,0.02909302067147614,0.0006411366087057393
1.41263,0.02803782873196448,0.0006220393615077007
1.41527,0.03010699465871254,0.0006572978606266378
1.41791,0.03023468652885683,0.0006610954298736586
1.42056,0.02790838339345172,0.0006221291152785967
1.4232,0.02788983920643729,0.00061926146953112
1.42584,0.02711333428135405,0.000605853389548183
1.42849,0.02917867737236404,0.0006420348626936563
1.43113,0.02880470102663707,0.0006354853365389989
1.43377,0.02871319332685905,0.0006316854843105155
1.43642,0.0271060846281909,0.0006024301439628638
1.43906,0.02684215559100999,0.0006014445237465982
1.44171,0.02637538276914539,0.0005918052380519992
1.44435,0.02793979703107658,0.0006164396123337551
1.44699,0.02755201498335183,0.0006092914916729246
1.44964,0.02382686986681465,0.000548270622988002
1.45228,0.0270039920227525,0.0005992594039455716
1.45492,0.02690371011376249,0.0005962556030524928
1.45757,0.02626298910932297,0.0005846386419604162
1.46021,0.02788989643451721,0.0006128034816116104
1.46286,0.02522902420921198,0.0005677187623418606
1.4655,0.02669847190621532,0.000593512380868957
1.46814,0.02524512361265261,0.0005657118537533706
1.47079,0.02594026623196449,0.0005810075988321904
1.47343,0.02457522315482797,0.0005531663442561205
1.47607,0.02507407574916759,0.0005657736677380764
1.47872,0.02331529432574917,0.0005295650957294659
1.48136,0.02483660210876803,0.0005601991781176834
1.48401,0.02637294256381799,0.0005881260450699863
1.48665,0.02439294027469479,0.0005492025316166336
1.48929,0.02506710536903441,0.0005596182512987482
1.49194,0.02292484544950056,0.0005193049184447307
1.49458,0.02397322953662597,0.0005456545890779089
1.49722,0.02624232977247503,0.0005778904314017038
1.49987,0.02460018833240844,0.0005508624225418574
1.50251,0.02311681589900111,0.0005297431230151132
1.50516,0.02325682783018868,0.0005253739844445363
1.5078,0.02393313096559378,0.0005384371357170921
1.51044,0.02330977753884573,0.0005281362920383331
1.51309,0.02218555937846837,0.000506587865341233
1.51573,0.02224439900110988,0.0005105658435131557
1.51837,0.02187857651220866,0.0004983149326236447
1.52102,0.02095803308823529,0.0004839750064919121
1.52366,0.02314677823251942,0.0005194704949286277
1.5263,0.01997047100443951,0.0004628343967744735
1.52895,0.02240768673695894,0.0005109857060823962
1.53159,0.02243918049389567,0.0005104313963508946
1.53424,0.0214318289400666,0.0004948123263683514
1.53688,0.02130185023584906,0.0004885293830209315
1.53952,0.02246176498335184,0.0005065732561421527
1.54217,0.02150787361265261,0.0004885360863363032
1.54481,0.02140799230022198,0.0004890975861074325
1.54745,0.02231877261376248,0.0005086613619284421
1.5501,0.02085293486403996,0.0004854792535925429
1.55274,0.02170396448390677,0.0005068039337595895
1.55539,0.0218322721281909,0.0005121388034026047
1.55803,0.02077497419533851,0.0004963574365618879
1.56067,0.02016637416759157,0.0004896868116012127
1.56332,0.02017561077968923,0.0004862162416322151
1.56596,0.02120324167591565,0.0005146841964368575
1.5686,0.02182364442286349,0.0005217729268696446
1.57125,0.02120164615704772,0.000519767526713599
1.57389,0.02076923765260821,0.0005086203137966366
1.57654,0.01930304966703663,0.0004794743340568925
1.57918,0.01926475263596005,0.0004868638374297897
1.58182,0.01928975215038846,0.0004845937477118783
1.58447,0.02022813700055494,0.0005069874908700351
1.58711,0.01913127844062154,0.0004818971989655554
1.58975,0.02068630729744728,0.0005147159350886326
1.5924,0.01950026907602664,0.0005004837560640359
1.59504,0.01893227351553829,0.0004809721538602083
1.59769,0.01793475145671477,0.0004670888974581969
1.60033,0.02010545144284129,0.0005083834948675033
1.60297,0.01898075943396227,0.0004863278269113281
1.60562,0.02037420824084351,0.0005130942852115771
1.60826,0.01822121233351832,0.0004595614737001145
1.6109,0.01780206014150943,0.0004512131162805305
1.61355,0.01763893264428413,0.0004411838961511704
1.61619,0.01880789858490566,0.0004641144423093595
1.61883,0.02050242432019977,0.0004960682090495881
1.62148,0.01775009933407325,0.0004382042982691679
1.62412,0.01683144443673696,0.0004235574432493513
1.62677,0.01790966266648169,0.0004385136145010716
1.62941,0.01800491308268591,0.0004446763629591698
1.63205,0.01778911972807991,0.0004362470021502893
1.6347,0.01765528156215317,0.0004328403637992559
1.63734,0.01805749653163152,0.0004413576157115689
1.63998,0.01672994929245283,0.0004142223305471841
1.64263,0.01774827032463929,0.0004324226713489077
1.64527,0.015750799736404,0.00039061830002928
1.64792,0.01695898980299667,0.00041701575165227
1.65056,0.01697851144561598,0.000416724972998209
1.6532,0.01811075756104329,0.0004368990157115728
1.65585,0.01743527393174251,0.0004256639318564933
1.65849,0.01666356929800222,0.0004056999388018562
1.66113,0.01800252094894561,0.0004341900896803278
1.66378,0.0175406605854606,0.000425972632664009
1.66642,0.01655300006936736,0.0004065351870481651
1.66907,0.01816094200887903,0.0004397051965252476
1.67171,0.01816111598224195,0.0004344038343107353
1.67435,0.01907578093784684,0.0004536433234232321
1.677,0.01738736945061043,0.0004200857455766767
1.67964,0.01725629654550499,0.0004168361154662528
1.68228,0.01491438158990011,0.0003706435956176772
1.68493,0.01805549354883463,0.0004314404586962139
1.68757,0.01436332096281909,0.0003589334086335956
1.69022,0.0161979067008879,0.0003935542561505255
1.69286,0.01580330764428413,0.0003868839360378213
1.6955,0.01566504231409545,0.000386122069438859
1.69815,0.01483848571032187,0.0003678849794961057
1.70079,0.01571864213374029,0.0003879030273897127
1.70343,0.01460335613207547,0.0003592452687944901
1.70608,0.01589140912874585,0.0003870659175513106
1.70872,0.01527012735849057,0.0003728118748223941
1.71137,0.01506105486958935,0.000370557218876305
1.71401,0.01541003856825749,0.000377518483366368
1.71665,0.01550805424528302,0.0003790240779641954
1.7193,0.01527762423695894,0.0003751999357429603
1.72194,0.01564124687846837,0.0003800495690912561
1.72458,0.01451215975305217,0.0003584949401827012
1.72723,0.01416843874861265,0.0003498531402113996
1.72987,0.01574169131520533,0.0003818519747987538
1.73251,0.01633907006104329,0.0003952658874494686
1.73516,0.01313676297169812,0.0003261984165344723
1.7378,0.01339801602386237,0.0003343615881598272
1.74045,0.01462025672863486,0.000357547455678691
1.74309,0.01340465448113208,0.0003339033145738314
1.74573,0.01482759635127636,0.0003626484842414848
1.74838,0.01365667778856826,0.000335923703837122
1.75102,0.01257810016648169,0.0003187351559631228
1.75366,0.0141094365982242,0.0003442479246020868
1.75631,0.01310068410099889,0.0003252650393716768
1.75895,0.0147151637763596,0.000359925738984535
1.7616,0.01271328204772475,0.0003175730749109609
1.76424,0.01367978419811321,0.0003388255181506694
1.76688,0.01363114261931188,0.0003334509892485332
1.76953,0.01306908046614872,0.0003249633751618535
1.77217,0.01498259975027747,0.0003637829713533107
1.77481,0.01264120671476138,0.000316148684971819
1.77746,0.01353375874028857,0.0003352818248727631
1.7801,0.01350430001387348,0.0003307167461122436
1.78275,0.01406587229467259,0.0003446936220612047
1.78539,0.01210731680077692,0.0003006048719699825
1.78803,0.01282445331576027,0.0003164437480781659
1.79068,0.01298912139289678,0.0003225621539950384
1.79332,0.01127610412042176,0.0002827903986803729
1.79596,0.01230247142064373,0.0003095235898448017
1.79861,0.01236727649833518,0.0003053474126724737
1.80125,0.01351989809933407,0.0003312055520545437
1.8039,0.01214481950610433,0.0003036108025321904
1.80654,0.01255204765538291,0.0003105981786570273
1.80918,0.01092350589622642,0.0002792683220504195
1.81183,0.01283575700610433,0.0003172887737606175
1.81447,0.01193493895671476,0.0002986694158652902
1.81711,0.01145794062153163,0.0002878318880742676
1.81976,0.01106504009433962,0.0002791158146625294
1.8224,0.0110310237236404,0.000281295477011309
1.82504,0.01101144485294118,0.0002786960975613871
1.82769,0.01202429488068813,0.0003026607056073778
1.83033,0.01176882186459489,0.0002950463171189495
1.83298,0.01213743250554939,0.0003023681839093395
1.83562,0.01301246129300777,0.0003223517478189859
1.83826,0.01282460668701443,0.0003199024769995085
1.84091,0.01142819117647059,0.000290900102096036
1.84355,0.01252291398446171,0.0003125191017691963
1.84619,0.01302568097946726,0.0003232460238495686
1.84884,0.01178860904550499,0.0002944336589813559
1.85148,0.01394380708934517,0.0003426681017279798
1.85413,0.01123277559655938,0.0002870268198982874
1.85677,0.0115656644700333,0.000290785317451038
1.85941,0.01110672731687014,0.0002837672194366866
1.86206,0.01082073799944506,0.0002744164803036191
1.8647,0.01237871982519423,0.000310367786126395
1.86734,0.01004498619589345,0.0002595005093363629
1.86999,0.01017086508046615,0.0002610754002920939
1.87263,0.01032943493340733,0.0002683079512383857
1.87528,0.01260209246670366,0.0003138277252375021
1.87792,0.009773846420643731,0.0002543001724831781
1.88056,0.009756455951720313,0.0002535130791512156
1.88321,0.01222505785238624,0.0003052520287137711
1.88585,0.01211846254162042,0.0003069513237803554
1.88849,0.010635927927303,0.0002706207994530538
1.89114,0.01153270338512763,0.0002930195148069883
1.89378,0.01117320116537181,0.000282392347593851
1.89643,0.01255907068534961,0.0003138739776417639
1.89907,0.01050369214761377,0.0002709695527966355
1.90171,0.009399785377358489,0.0002434183303092689
1.90436,0.009947258948390681,0.0002578636099302705
1.907,0.009243658018867925,0.0002406703836868259
1.90964,0.009318478010543843,0.0002444702317540056
1.91229,0.01087133220033296,0.0002782995277092418
1.91493,0.0100497864872364,0.0002590601083429136
1.91757,0.009690055355160935,0.0002512759424608045
1.92022,0.0113258330327414,0.0002883943823752907
1.92286,0.01040820595172031,0.0002689754062509979
1.92551,0.01014114768312985,0.0002598264798641081
1.92815,0.009157946379023308,0.0002388749415715812
1.93079,0.009534665094339622,0.0002500774469722253
1.93344,0.01015512278024417,0.0002608075526383792
1.93608,0.01070947974472808,0.0002737833559607857
1.93872,0.009850845657602665,0.0002548036327868561
1.94137,0.0112713679245283,0.0002886683408525398
1.94401,0.009449983559933406,0.0002468870225674314
1.94666,0.01078153218645949,0.0002749191843467318
1.9493,0.009449445615982243,0.0002469952277529955
1.95194,0.01000217272475028,0.000257571546825542
1.95459,0.009310157047724749,0.0002431499539961159
1.95723,0.009595203246392896,0.000250511577058453
1.95987,0.009428642064372921,0.0002451471754434572
1.96252,0.01056494908435072,0.0002724786207289964
1.96516,0.009310193673695894,0.0002421738747986791
1.96781,0.009864500277469476,0.0002553297056050463
1.97045,0.009451102941176471,0.0002459727746105095
1.97309,0.008918989386792451,0.0002346545422359561
1.97574,0.008697393104883462,0.000230061095116374
1.97838,0.009606072003329632,0.0002493962841644369
1.98102,0.009309342119866816,0.0002444630039079005
1.98367,0.009631973432297446,0.0002493604284511247
1.98631,0.009257076859045506,0.000241742481686252
1.98896,0.008992744936182021,0.0002361362420896151
1.9916,0.009361733282463928,0.0002440627040154088
1.99424,0.009433966564927858,0.000243942617964483
1.99689,0.008700183546059935,0.000227671905527786
1.99953,0.00872078565482797,0.0002283264435816525
2.00217,0.008865494866814653,0.0002317075649793156
2.00482,0.008908983629300779,0.0002329089615459675
2.00746,0.008290455674250834,0.0002184881256610004
2.0101,0.008659228842952277,0.0002252784401679576
2.01275,0.008221846073806884,0.0002171059733021814
2.01539,0.007799383809655941,0.0002052369774410588
2.01804,0.009781547031076582,0.0002533673769525883
2.02068,0.007856115149833516,0.0002083978644401592
2.02332,0.009746148029966704,0.0002500929715270841
2.02597,0.008794964692008878,0.0002297265396246019
2.02861,0.01064792293285239,0.0002683103709631468
2.03125,0.008878462749722534,0.0002315458169658445
2.0339,0.008561561112652608,0.000223595489964351
2.03654,0.009186162111542733,0.0002392469257287448
2.03919,0.008195598987236406,0.0002154078824775587
2.04183,0.007957516440066592,0.0002089973827841501
2.04447,0.008958875069367371,0.0002330831552793301
2.04712,0.009039742924528303,0.0002339765656176184
2.04976,0.008656919117647056,0.0002259791478938404
2.0524,0.007985642896781353,0.0002110818250911615
2.05505,0.008662710599334073,0.0002257238026922831
2.05769,0.006633418909544948,0.0001791965158048183
2.06034,0.007689803482241955,0.0002019086084260774
2.06298,0.008445111126526083,0.0002214189671222049
2.06562,0.007486504162042174,0.0001980171249173279
2.06827,0.007413023307436179,0.0001964350477653739
2.07091,0.009271958448945615,0.0002402493625180062
2.07355,0.007867961362375138,0.000206539397325256
2.0762,0.008731450679800223,0.0002274942265752109
2.07884,0.00823312458379578,0.0002150292714535581
2.08149,0.00859219644839068,0.000223747630209
2.08413,0.00679081902053274,0.0001833239436902867
2.08677,0.007962243479467258,0.0002079501206510798
2.08942,0.007836895671476139,0.0002087097388438979
2.09206,0.006649564095449499,0.0001790004890901611
2.0947,0.008517332963374029,0.0002227075861209203
2.09735,0.008303993548834628,0.000217763347282846
2.09999,0.007092731478912317,0.0001896341049575401
2.10263,0.007011419533851276,0.0001896666700988883
2.10528,0.007561360779689234,0.000198445099477984
2.10792,0.008284515399556052,0.000218493062887062
2.11057,0.007016022960599336,0.0001895270846666226
2.11321,0.007747649625416202,0.0002113265415313692
2.11585,0.008768747364039958,0.0002392015084292202
2.1185,0.007618330188679247,0.0002089649838147899
2.12114,0.007687811945061043,0.0002158428768187175
2.12378,0.007726195962819089,0.0002132392424571797
2.12643,0.006338774417314094,0.0001814359804641844
2.12907,0.009209252497225307,0.0002555420378598278
2.13172,0.007500183962264154,0.0002134050900847265
2.13436,0.007903992161487237,0.0002258147927244751
2.137,0.007406757977247506,0.0002122661582915323
2.13965,0.006400141231964484,0.0001883033034085663
2.14229,0.006843601623196449,0.0001995545247392019
2.14493,0.006687613901220866,0.0001972787469064641
2.14758,0.006929842050499443,0.0002051656983052919
2.15022,0.007796462888457269,0.0002248793198637682
2.15287,0.006140156354051057,0.0001847388758761551
2.15551,0.00881694256381798,0.0002528485636655296
2.15815,0.00704488880410655,0.0002091341614204266
2.1608,0.006648394353496117,0.0001988407009076167
2.16344,0.006940058407325196,0.0002052601436497001
2.16608,0.008202878399001108,0.0002378756355951039
2.16873,0.006711349819644842,0.000196665821657388
2.17137,0.007599193118756937,0.0002168204720014196
2.17402,0.006052391370699222,0.0001757552098085271
2.17666,0.008754447211431744,0.0002440047159020765
2.1793,0.005634299042730303,0.0001640638967141965
2.18195,0.005975360086015541,0.0001722466693972227
2.18459,0.00714995726970033,0.0002017274380493391
2.18723,0.008127570824084352,0.000225838667252208
2.18988,0.008269933684794674,0.0002283523358664313
2.19252,0.005995676054384017,0.0001712271279109135
2.19516,0.006563268729189791,0.0001850658332650131
2.19781,0.007203634919533849,0.0002023476333939658
2.20045,0.007906182852386237,0.0002177382582826821
2.2031,0.006054412666481689,0.000172555220437381
2.20574,0.006760744519977803,0.0001896251222420959
2.20838,0.006522641370699221,0.0001840498551194552
2.21103,0.005676755410654827,0.0001627100050418951
2.21367,0.006252694228634853,0.000177862984810477
2.21631,0.006459447835738067,0.0001828573945850171
2.21896,0.006360633254716981,0.0001788565689832294
2.2216,0.006184517272475028,0.0001738609831970919
2.22425,0.006546832824639291,0.0001840937941010297
2.22689,0.005374671268035515,0.0001541129928902206
2.22953,0.005780857866259713,0.0001634471016289626
2.23218,0.006798718784683686,0.0001917167322585936
2.23482,0.008217977455604885,0.0002242318878670958
2.23746,0.00654512284961154,0.000185783233553255
2.24011,0.005998896850721421,0.0001699984280493975
2.24275,0.007320295504994448,0.0002048770340861992
2.2454,0.00686684309100999,0.0001923320316049842
2.24804,0.006277950124861268,0.000178436030319282
2.25068,0.005705488485016647,0.0001636532681936084
2.25333,0.006043921614872365,0.0001713271237758348
2.25597,0.007292077483351834,0.0002037142376455795
2.25861,0.006572747988346282,0.0001854978770574468
2.26126,0.005977230299667037,0.0001708363596910607
2.2639,0.006327218923418424,0.0001789362957289191
2.26655,0.004289752774694783,0.0001262239611623983
2.26919,0.006977254370144285,0.000198130227976411
2.27183,0.007275078454495006,0.0002022817154155341
2.27448,0.004538259988901223,0.000132557959986993
2.27712,0.006481775943396226,0.0001825883342058609
2.27976,0.006815694922308545,0.0001943927775992937
2.28241,0.004744816731409545,0.0001391648920897852
2.28505,0.005894148862375136,0.0001680994678485882
2.28769,0.004402904134295228,0.0001290173673011214
2.29034,0.005076041412319648,0.0001456239809373873
2.29298,0.005542834836293006,0.0001599009673182599
2.29563,0.006877041134850168,0.0001923491198731737
2.29827,0.006191574639289676,0.0001758153085192543
2.30091,0.006271217813540511,0.000180778232424442
2.30356,0.006163839622641508,0.0001735890790854355
2.3062,0.005048395671476138,0.0001472481523284157
2.30884,0.006327035793562709,0.0001789476871582488
2.31149,0.006724331437291897,0.0001912735253490554
2.31413,0.007011533990011101,0.0001971974317953879
2.31678,0.007222234045504997,0.0002028405814357834
2.31942,0.006501924805771365,0.000185047003342926
2.32206,0.004258334558823528,0.0001242086493190744
2.32471,0.005598817633185352,0.0001618311308269987
2.32735,0.006330599958379581,0.0001808070551829881
2.32999,0.005749403024417315,0.000164992936944721
2.33264,0.005711788152053274,0.000166806072166656
2.33528,0.005999892619311875,0.0001693255698849752
2.33793,0.00484808136792453,0.0001422659007339797
2.34057,0.005691584350721423,0.0001631299536850745
2.34321,0.005409919187014426,0.0001562937994129611
2.34586,0.00493228218645949,0.0001454869993704536
2.3485,0.00624951463651498,0.0001778143131825356
2.35114,0.005057318673695891,0.0001469950990263942
2.35379,0.006333372086570474,0.0001791829640738609
2.35643,0.006042506936736963,0.0001718648419227534
2.35908,0.005629173695893452,0.0001632835323774384
2.36172,0.003640191176470587,0.0001086460612718292
2.36436,0.004227264289678138,0.0001247277020245097
2.36701,0.005193356687014427,0.0001496729316872814
2.36965,0.004803312985571587,0.0001398891143079939
2.37229,0.005976245976692564,0.0001711385596928505
2.37494,0.006379612375138732,0.0001812924828886827
2.37758,0.006735136098779135,0.0001926984593854808
2.38022,0.004505191315205327,0.0001309598662524187
2.38287,0.006077745699223086,0.0001755831714824821
2.38551,0.004863226206992227,0.0001402786549747673
2.38816,0.005667814095449502,0.0001637162323849228
2.3908,0.005659925776914542,0.0001636053731590856
2.39344,0.005373123820754717,0.0001556898150551996
2.39609,0.005469598917869035,0.0001585794725086069
2.39873,0.005280283851276362,0.0001521956946604838
2.40137,0.00691058594617092,0.0001950947493574731
2.40402,0.005350179938956712,0.0001527382642507245
2.40666,0.004774353288013318,0.0001395114083492377
2.40931,0.00587654550499445,0.0001689024360902628
2.41195,0.005149059864039957,0.0001485800644473031
2.41459,0.005865131936736961,0.0001688961166121813
2.41724,0.004962061390122087,0.0001436162794876495
2.41988,0.006419324084350723,0.000182535788129778
2.42252,0.007187057089345174,0.0002023224959041204
2.42517,0.003975302788568261,0.0001170171526295671
2.42781,0.004264824223085462,0.0001264986844172328
2.43046,0.005156721559378469,0.0001491679755815805
2.4331,0.004855218854051056,0.0001418636235738233
2.43574,0.005045969200887904,0.0001467206519295977
2.43839,0.006239460807436184,0.000178644257532472
2.44103,0.005528612513873472,0.0001596411277410992
2.44367,0.005182426123751386,0.0001500787738153905
2.44632,0.005652969131520533,0.0001630359726488995
2.44896,0.00581354883462819,0.0001665164639467447
2.45161,0.004449272613762489,0.0001305911614393272
2.45425,0.005523610779689234,0.0001602789913232963
2.45689,0.004311762694228634,0.0001262167573755209
2.45954,0.005422479605993344,0.0001577108957029061
2.46218,0.004978785724195335,0.0001454397587024379
2.46482,0.004930716426193116,0.0001428153145903348
2.46747,0.005449555355160935,0.0001570070698309584
2.47011,0.005301025596559377,0.0001547253011050441
2.47275,0.004968466356825751,0.0001462754547730795
2.4754,0.004267584905660374,0.0001252368754076982
2.47804,0.006514416551054385,0.000185158856438702
2.48069,0.004822548487791343,0.0001413358614810892
2.48333,0.004802459142619308,0.0001417171052353295
2.48597,0.004147962194783576,0.0001235873408402267
2.48862,0.005581397405660373,0.0001606865926833873
2.49126,0.006337909128745839,0.0001822599848644319
2.4939,0.004025100374583793,0.0001190538675991972
2.49655,0.004483050915649281,0.0001327335803307113
2.49919,0.004267028648723641,0.0001260399593276198
2.50184,0.004023404134295229,0.0001194585399988297
2.50448,0.00410527004716981,0.0001222876606568745
2.50712,0.003786784336847947,0.0001138343525104176
2.50977,0.005103545227524974,0.0001486194619815609
2.51241,0.004016408573806881,0.0001191162882743981
2.51505,0.004397783365704774,0.0001304688332245399
2.5177,0.00461157831576027,0.0001367136894312902
2.52034,0.005427854467258601,0.0001569362752192977
2.52299,0.005487426609322978,0.0001598797937322689
2.52563,0.004721618756936736,0.0001390256783157641
2.52827,0.005640541481687015,0.0001636903584600207
2.53092,0.005016947697003331,0.0001466996173087619
2.53356,0.005127809933407328,0.0001489332569551992
2.5362,0.004146194991675916,0.0001239031754660521
2.53885,0.003411040788013319,0.0001028348219254278
2.54149,0.004645395532741396,0.0001370844990035016
2.54414,0.004481503468368478,0.0001329691954979328
2.54678,0.005244671961709213,0.0001533753243414557
2.54942,0.00476418958102109,0.0001403469683959881
2.55207,0.004562394214761374,0.000134809831819184
2.55471,0.004706590663152055,0.0001386090348329285
2.55735,0.003875858698668148,0.0001163782054475792
2.56,0.005256270948945614,0.0001544896504500888
2.56264,0.004044990566037738,0.0001220257964416135
2.56529,0.004933380965593783,0.0001438860480066962
2.56793,0.003521282672031076,0.0001064671136978767
2.57057,0.004181616884017758,0.000124170280239409
2.57322,0.004836317563817979,0.0001428608457269674
2.57586,0.004276871878468367,0.0001268580270278473
2.5785,0.003854771295782467,0.0001153762731753189
2.58115,0.004335519214761377,0.0001301398006595688
2.58379,0.003597501317980022,0.0001086271116712001
2.58643,0.005527021573251942,0.0001610296450464871
2.58908,0.006457222807991121,0.0001849813309932033
2.59172,0.004125153371254164,0.0001232104328879131
2.59437,0.003356951096004438,0.0001022372824233871
2.59701,0.005691962056048834,0.0001647627129486061
2.59965,0.004457421892341845,0.0001321211571565704
2.6023,0.004107522544395116,0.000122854454376164
2.60494,0.003663821795227525,0.0001110184709478266
2.60758,0.004112038984461708,0.0001245833677698328
2.61023,0.005965791551054382,0.0001730230060243464
2.61287,0.006238309378468368,0.0001803622717756985
2.61552,0.00534536133462819,0.0001572775680935249
2.61816,0.004876608421198668,0.0001439895888970623
2.6208,0.003053362999445061,9.303495045105131e-05
2.62345,0.003938571517758049,0.0001186468790152375
2.62609,0.004751899278579358,0.0001412961530002366
2.62873,0.003797035030521641,0.000114763787228065
2.63138,0.005629979467258603,0.0001643311958159624
2.63402,0.005051602733074361,0.0001490668534336879
2.63667,0.005286540024972253,0.0001555069162521656
2.63931,0.005274664053829078,0.0001563182057405332
2.64195,0.004373939858490565,0.0001307645627564932
2.6446,0.004233177094894561,0.0001258951040404644
2.64724,0.004670177580466148,0.0001382538251758744
2.64988,0.004490595865704775,0.0001347281755465129
2.65253,0.004855917036625973,0.0001447333570982243
2.65517,0.004195914747502773,0.0001258867225722545
2.65782,0.004262603773584904,0.0001276692678801529
2.66046,0.004689316939511656,0.000139605391908665
2.6631,0.004523962125416205,0.0001347776992549467
2.66575,0.003381554592119869,0.0001023285474719027
2.66839,0.004808065205327411,0.0001437181015287037
2.67103,0.004689930424528303,0.0001426758113334952
2.67368,0.004233197697003328,0.0001318284825897783
2.67632,0.005753885127635958,0.0001770524140600472
2.67896,0.004399037805216426,0.0001378272063673574
2.68161,0.004031452691453941,0.0001301667214617677
2.68425,0.005221384711431742,0.0001664653452173253
2.6869,0.003546055563263041,0.0001162763830883808
2.68954,0.004099240496670365,0.0001336423585312792
2.69218,0.003609358976137622,0.000118994674769443
2.69483,0.005389024070477247,0.0001749918892814648
2.69747,0.004170917522197561,0.0001384609965723678
2.70011,0.004381205535516095,0.0001430627131488365
2.70276,0.003532984669811323,0.0001206059757746043
2.7054,0.004341072627635959,0.0001446094821014395
2.70805,0.003657613693118758,0.000124973785121184
2.71069,0.004527068465593784,0.0001507880439899936
2.71333,0.005675636029411765,0.0001879849523295847
2.71598,0.00282944096836848,9.98227348198397e-05
2.71862,0.004359170435627082,0.0001500642729168257
2.72126,0.003805099611542732,0.0001325545354349364
2.72391,0.004391579841842397,0.0001507484575086083
2.72655,0.004047993895671473,0.0001377072841957218
2.7292,0.003762686736958935,0.0001269701256213527
2.73184,0.003915771850721421,0.0001299587000061353
2.73448,0.005058902746947837,0.0001636739804422154
2.73713,0.003160116259711432,0.0001040832137934395
2.73977,0.002981562361265261,9.977032941030989e-05
2.74241,0.003403905591009989,0.0001117722967068432
2.74506,0.004562330119311873,0.0001449940492041415
2.7477,0.004122683407325197,0.000132942555092661
2.75035,0.003184891440066594,0.0001031928537752335
2.75299,0.005153905937846838,0.0001626665415691048
2.75563,0.003771254925083242,0.0001199602611502961
2.75828,0.002544026220865708,8.294769708305891e-05
2.76092,0.003341662042175359,0.0001086845442806712
2.76356,0.004452894006659268,0.0001399252636406363
2.76621,0.004715344270255271,0.0001474590605677436
2.76885,0.004204114386792452,0.0001333097084703891
2.77149,0.004716493410099889,0.0001474823530111753
2.77414,0.003779894076026637,0.0001203904442560366
2.77678,0.00488873848501665,0.000151308073223521
2.77943,0.003737460599334073,0.0001181580670046996
2.78207,0.004014517758046613,0.0001269864865819174
2.78471,0.003331892064372918,0.0001072553159862544
2.78736,0.003730906839622643,0.0001185021860563559
2.79,0.004639812361265258,0.0001435854428103865
2.79264,0.0037084390954495,0.0001176290988273461
2.79529,0.004081575332963375,0.000128294521840058
2.79793,0.003940796545504997,0.000123811995559831
2.80058,0.003565252150388458,0.0001119263208490834
2.80322,0.003382644214761375,0.0001080696776857519
2.80586,0.003458141786903439,0.0001102775540436494
2.80851,0.003252262624861264,0.0001031849762194894
2.81115,0.004206240982241957,0.0001305745964721101
2.81379,0.003900022683129854,0.0001220666650931789
2.81644,0.00316899805771365,0.0001012616073555982
2.81908,0.005807411695338514,0.0001757316849159122
2.82173,0.003232138942841288,0.0001024715076567911
2.82437,0.003337711015538292,0.000105076631556832
2.82701,0.003878997086570481,0.0001209027963810126
2.82966,0.004637793354605995,0.0001436772391651422
2.8323,0.004264380133185348,0.0001314097666036859
2.83494,0.003948401012763599,0.0001230360495602281
2.83759,0.003607040094339622,0.0001122008980892929
2.84023,0.003326876595449502,0.0001048826530651378
2.84288,0.005532499445061042,0.0001687468055900607
2.84552,0.00200665683962264,6.406991787322949e-05
2.84816,0.003606181673140954,0.0001140427046384215
2.85081,0.003888654897336295,0.0001213611723679135
2.85345,0.003589507699778025,0.0001124300368881913
2.85609,0.002250420990566039,7.227199190237718e-05
2.85874,0.004276436945061045,0.0001321329413200532
2.86138,0.005635906007214207,0.00017123807613202
2.86402,0.004845313817980022,0.0001487849771874489
2.86667,0.004245904619866817,0.0001316869034827113
2.86931,0.003268000346836846,0.0001030335771479875
2.87196,0.00381773786071032,0.0001184218615164516
2.8746,0.004110292383462821,0.0001287718109918664
2.87724,0.003292088790233075,0.0001040634290045938
2.87989,0.004023317147613763,0.0001254787615338943
2.88253,0.003424356617647061,0.0001078608112067933
2.88517,0.003694489178690346,0.0001165262285727982
2.88782,0.003285429730854604,0.0001043207097427707
2.89046,0.003031293562708099,9.518353838833808e-05
2.89311,0.003627044741953384,0.0001144181115487113
2.89575,0.002114330327413984,6.850362475703092e-05
2.89839,0.003607969478357378,0.0001122624640770677
2.90104,0.004031805216426195,0.0001259064595989433
2.90368,0.004627810488346282,0.0001411695842821197
2.90632,0.005011762832963373,0.0001531107753226086
2.90897,0.003962144908435073,0.0001241176412677525
2.91161,0.004931142203107659,0.0001509155772354626
2.91426,0.0052437105299667,0.0001586492337898847
2.9169,0.004284329841842396,0.0001334188954137179
2.91954,0.004581162735849059,0.0001415246964716747
2.92219,0.003415671684239736,0.0001060293437384625
2.92483,0.004795518521087678,0.0001469127963164073
2.92747,0.005046241606548279,0.0001534271001015329
2.93012,0.004978998612652607,0.0001533782654866759
2.93276,0.003314705327413983,0.0001043227722884152
2.93541,0.003305221490011097,0.0001031607199441893
2.93805,0.003102098432297449,9.766039699856043e-05
2.94069,0.003049512694228633,9.59767006218734e-05
2.94334,0.003779848293562712,0.0001187919563411682
2.94598,0.004625901359600447,0.0001403877911183418
2.94862,0.002940653440621534,9.361723373095954e-05
2.95127,0.003709292938401775,0.0001162937030609846
2.95391,0.003317388179800226,0.0001041649782603563
2.95655,0.004729845865704774,0.0001444974555482962
2.9592,0.00227971261098779,7.217225617632706e-05
2.96184,0.002841628260266368,9.052057890011527e-05
2.96449,0.005042182991120977,0.0001552097906450178
2.96713,0.003363651359600446,0.0001056217203597466
2.96977,0.003783776428967814,0.0001183777290393692
2.97242,0.002627487652608214,8.363749175885506e-05
2.97506,0.003850515815760268,0.0001211233511062512
2.9777,0.004171773654273032,0.0001290694336372899
2.98035,0.004101978288013317,0.0001267931431331222
2.98299,0.003626064997225308,0.0001140608528540319
2.98564,0.003983344478357382,0.0001233093394999784
2.98828,0.003557988762486126,0.0001116094091816059
2.99092,0.003615738762486124,0.0001124660056104229
2.99357,0.003544398238068812,0.000111128391607491
2.99621,0.004649902816315206,0.0001434203597684113
2.99885,0.005787777885682575,0.000174136219618283
3.0015,0.004782841356825751,0.0001464174508001363
3.00414,0.003689746115427305,0.0001154872416843099
3.00679,0.002639539886237513,8.397125659006906e-05
3.00943,0.004805235849056603,0.000147567591938577
3.01207,0.002831569852941178,8.919333743785081e-05
3.01472,0.004833522544395116,0.0001484457902071136
3.01736,0.002918947974472806,9.277279861903653e-05
3.02,0.003607159128745841,0.0001126998122673432
3.02265,0.003361554522752497,0.0001054498804881977
3.02529,0.00650736834073252,0.0001923818483132742
3.02794,0.003688558060488343,0.0001153639675928418
3.03058,0.003075260751942288,9.667400864357952e-05
3.03322,0.003026786279134294,9.591389339957113e-05
3.03587,0.004538017341842396,0.0001393124768031855
3.03851,0.003419695962819088,0.000106100138472855
3.04115,0.004972044256381795,0.0001512017765406256
3.0438,0.003036723362930077,9.547635969967385e-05
3.04644,0.003887443951165373,0.0001197616420851353
3.04908,0.003739099611542731,0.0001166674784584634
3.05173,0.004303547031076585,0.0001320147377498511
3.05437,0.003984193743063262,0.0001232477942000523
3.05702,0.004562570477247503,0.0001388229574535522
3.05966,0.003822689234184239,0.0001167856052837228
3.0623,0.003023908851276363,9.510725502072758e-05
3.06495,0.003514206992230853,0.00010882408174321
3.06759,0.003245878260266368,0.0001011505638999787
3.07023,0.004469403163152052,0.0001365055654636133
3.07288,0.002917888110432851,9.182540092282572e-05
3.07552,0.003799990288568254,0.0001180513640971525
3.07817,0.004349647683129857,0.0001337417432366386
3.08081,0.002568453454495005,8.092084524168841e-05
3.08345,0.004882168701442841,0.0001478558880251332
3.0861,0.003919590108213096,0.0001204320428785853
3.08874,0.004655172377913429,0.0001412532530537851
3.09138,0.003367655036071034,0.0001048734392575566
3.09403,0.003598201789678137,0.0001115234303859582
3.09667,0.003595308337957824,0.0001123021462313487
3.09932,0.002193918562708102,6.927639368946446e-05
3.10196,0.004096580535516096,0.0001256226113556823
3.1046,0.003489905660377358,0.0001080479069356041
3.10725,0.004328979189789124,0.0001321587974644014
3.10989,0.004603756381798003,0.0001405163237442424
3.11253,0.003185889497780245,9.924191817751164e-05
3.11518,0.002293866259711432,7.294791172233315e-05
3.11782,0.001681306048834625,5.388328267428396e-05
3.12047,0.003494216079356269,0.0001081233209825982
3.12311,0.002480129925083242,7.873349143339362e-05
3.12575,0.003822215385682574,0.0001172963624618107
3.1284,0.005384546545504998,0.0001618247962474555
3.13104,0.00391255105438402,0.0001205510913379302
3.13368,0.005086685835183131,0.0001546808432864632
3.13633,0.004180895810210876,0.0001276808086653924
3.13897,0.004529233976137624,0.0001373660522740963
3.14161,0.003446661834073252,0.0001077639337131191
3.14426,0.003253707061598225,0.0001023912469173696
3.1469,0.003606444922308545,0.0001118477535045477
3.14955,0.003772543701442843,0.0001165801112948447
3.15219,0.002918570269145394,9.136489787816651e-05
3.15483,0.004351799458934516,0.0001326386778788835
3.15748,0.003568372225305216,0.0001106182192866139
3.16012,0.002772982033851276,8.734441136234728e-05
3.16276,0.004225893104883464,0.0001299410740715727
3.16541,0.00374894055216426,0.0001164048051126882
3.16805,0.002587732450055494,8.168178449346533e-05
3.1707,0.003391487097669258,0.0001056493163021068
3.17334,0.002767902469478359,8.668593464618454e-05
3.17598,0.003380858698668149,0.0001054567199608702
3.17863,0.004098629300776914,0.0001255673392774912
3.18127,0.003230671614872365,0.0001006080997480282
3.18391,0.003088478149278579,9.644403891691582e-05
3.18656,0.00290334988901221,9.073357580589827e-05
3.1892,0.004333509364594893,0.000133247587497009
3.19185,0.004493347391786904,0.0001366008869252641
3.19449,0.003668809794672586,0.0001133454952652592
3.19713,0.003671877219755827,0.0001136575163413347
3.19978,0.00264390753329634,8.289922315242377e-05
3.20242,0.004287607866259711,0.0001305232448906048
3.20506,0.003080058754162043,9.565972377010976e-05
3.20771,0.003697581784128749,0.0001134428448421972
3.21035,0.004062156700887903,0.0001239423728583086
3.213,0.00279582748335183,8.731389605081618e-05
3.21564,0.003176243132630411,9.729654846010411e-05
3.21828,0.004884821795227525,0.0001463324268542196
3.22093,0.002647045921198668,8.275171010379358e-05
3.22357,0.003239940274694782,0.0001004014353469506
3.22621,0.004751143867924529,0.0001422511294931616
3.22886,0.003287309100998892,0.0001010592160181887
3.2315,0.003321554384017757,0.0001052393279297147
3.23414,0.002182605715871256,7.198416455119546e-05
3.23679,0.002107119589345173,7.009004881980679e-05
3.23943,0.003795208310210874,0.000123225829246495
3.24208,0.004768939511653718,0.0001545406806510011
3.24472,0.003722295158157602,0.0001243360583431457
3.24736,0.002830358906770256,9.574419325687034e-05
3.25001,0.004602009780799115,0.0001529267717602903
3.25265,0.003542740912874583,0.0001217447381900041
3.25529,0.003117144839067706,0.0001091618272575486
3.25794,0.002331265954495006,8.22440501537653e-05
3.26058,0.004386042452830189,0.000149769525017059
3.26323,0.001970809170366259,7.074954064266971e-05
3.26587,0.003491006728634849,0.0001228443282090285
3.26851,0.002718816800776913,9.826139228875111e-05
3.27116,0.002133126317980025,7.762566466335219e-05
3.2738,0.00177713332408435,6.541378074220681e-05
3.27644,0.00447990337125416,0.000158063049542094
3.27909,0.003690185627081021,0.0001330884241669039
3.28173,0.001046923626526086,3.950634336529184e-05
3.28438,0.00442179397891232,0.0001594518329736587
3.28702,0.003331035932297446,0.0001183408717246685
3.28966,0.003832722461154272,0.0001335131942303321
3.29231,0.002710070061043288,9.497572812050011e-05
3.29495,0.004127568396226418,0.0001396152141464943
3.29759,0.00411033129855716,0.0001383786723578441
3.30024,0.00229220664539401,7.94170702359224e-05
3.30288,0.00321686362375139,0.000109346984719492
3.30553,0.004481123473917869,0.0001479911051549937
3.30817,0.002654632075471695,9.053569923808325e-05
3.31081,0.003298397613762485,0.0001113460406821402
3.31346,0.004094254786348505,0.0001362210547808997
3.3161,0.004278396434517204,0.0001406406505336411
3.31874,0.003265958448945614,0.000109987551589502
3.32139,0.00423550742230855,0.0001390382981179074
3.32403,0.002151524001109877,7.387422618571659e-05
3.32667,0.004696019492230852,0.000151830706069104
3.32932,0.004051851068257492,0.0001327703310876644
3.33196,0.004317741884017759,0.0001417117855466747
3.33461,0.003893690968368483,0.0001284909442189936
3.33725,0.004517030660377359,0.0001467511533420591
3.33989,0.003387494866814651,0.0001122706866304617
3.34254,0.004011090940621531,0.0001298303865224803
3.34518,0.0044265118618202,0.0001434498632347868
3.34782,0.003405077622086572,0.0001119075637965011
3.35047,0.004767163152053275,0.0001520280497703088
3.35311,0.002901335460599333,9.587369666202146e-05
3.35576,0.003072951026637067,0.0001016215400567235
3.3584,0.002054609392341846,6.898549458946525e-05
3.36104,0.00317696420643729,0.000104112648364104
3.36369,0.002221349125971143,7.486063940265037e-05
3.36633,0.003445368479467257,0.0001123390140005382
3.36897,0.003179640191453942,0.0001046428869120263
3.37162,0.003219933337957828,0.000104366908468303
3.37426,0.004037615011098778,0.0001306726645886373
3.37691,0.004023475097114317,0.0001302644526047766
3.37955,0.002921193604328525,9.57440332344696e-05
3.38219,0.003169735155382907,0.000103283092553282
3.38484,0.002647590732519422,8.724250926758899e-05
3.38748,0.003431180493895673,0.000111638578661578
3.39012,0.004082387971698114,0.0001320765917435405
3.39277,0.002649927927302993,8.741129778833205e-05
3.39541,0.003953727802441732,0.0001266967155549443
3.39806,0.003150513387902332,0.0001034407602585112
3.4007,0.001509770602108766,5.114703186073228e-05
3.40334,0.003942522544395116,0.000127284663493507
3.40599,0.004856287874583795,0.0001538593304401423
3.40863,0.00352991495560488,0.0001137500091837692
3.41127,0.002101083171476137,7.003216927996015e-05
3.41392,0.0030901423418424,0.0001008931306555149
3.41656,0.004520494103773583,0.0001437599025723586
3.41921,0.003249788082685907,0.0001058932425177538
3.42185,0.0022801589900111,7.539509571545029e-05
3.42449,0.004133046268035519,0.0001328826461905512
3.42714,0.003945882977247505,0.000125736692446793
3.42978,0.002761035099889014,9.072235739060657e-05
3.43242,0.003792250763041068,0.000122428478593682
3.43507,0.002891922586015539,9.492630895059002e-05
3.43771,0.002269725166481687,7.533691768990307e-05
3.44035,0.002433994936182021,8.006064217686267e-05
3.443,0.002415963512763596,7.986125359886481e-05
3.44564,0.002974939927857936,9.729765198985619e-05
3.44829,0.002531195685349611,8.253981663186851e-05
3.45093,0.002997416828523861,9.741371909139123e-05
3.45357,0.004080213304661486,0.0001296987104444782
3.45622,0.003189261376248613,0.0001032345774019279
3.45886,0.003332423140954498,0.0001081195526392886
3.4615,0.002872236126526082,9.265942506361211e-05
3.46415,0.003289218229744727,0.0001057890872239477
3.46679,0.002035353288013318,6.718584260661026e-05
3.46944,0.002671170990566036,8.724852256545025e-05
3.47208,0.00220305216426193,7.250658571440422e-05
3.47472,0.004648444644839067,0.0001458280061609438
3.47737,0.004232824569922307,0.0001331554782604812
3.48001,0.002384087472253054,7.738053037517377e-05
3.48265,0.002832698390677028,9.106652972746098e-05
3.4853,0.002193199778024416,7.159201579817208e-05
3.48794,0.001860855715871255,6.158919924906977e-05
3.49059,0.003171969339622642,0.0001021905921978058
3.49323,0.003234830951720313,0.0001026555397359327
3.49587,0.002959309794672583,9.4155308500044e-05
3.49852,0.004158796614872362,0.0001311435343383072
3.50116,0.003641221281908991,0.0001159856449964884
3.5038,0.002538259919533854,8.235016260875949e-05
3.50645,0.003270600790788013,0.0001044043365330622
3.50909,0.002501492022752496,8.112898870435831e-05
3.51174,0.003621988068812431,0.0001146405699114087
3.51438,0.003256183892896784,0.0001046821336201991
3.51702,0.00325860120699223,0.000103669140668141
3.51967,0.003835119173140954,0.00012168710825555
3.52231,0.001989364802996669,6.511209680591126e-05
3.52495,0.004225584073251944,0.0001334806814186031
3.5276,0.002637699431187573,8.48653959830041e-05
3.53024,0.002083674389567148,6.78262602171971e-05
3.53288,0.003870870699223082,0.0001220236909053475
3.53553,0.002470391995005549,8.044518940772013e-05
3.53817,0.002617687916204216,8.497998158682121e-05
3.54082,0.003282485918423974,0.0001043739574903884
3.54346,0.003985555771365148,0.0001254495075973822
3.5461,0.00395920796337403,0.0001258615457312395
3.54875,0.002438124514428409,7.915833092016137e-05
3.55139,0.002678393174250832,8.631217045524579e-05
3.55403,0.003904758879023308,0.0001234107301120138
3.55668,0.002939476831298557,9.390820329897837e-05
3.55932,0.002071365774139848,6.78447658769174e-05
3.56197,0.003059779411764706,9.78199029046355e-05
3.56461,0.003555239525527193,0.0001124065466812835
3.56725,0.001283513665371811,4.274410008403138e-05
3.5699,0.003802110016648169,0.0001205862517808566
3.57254,0.003172898723640402,0.0001006027766094105
3.57518,0.004593730022197556,0.0001424127143287278
3.57783,0.002283988693118756,7.445420293565931e-05
3.58047,0.003994304800221978,0.0001259137363402568
3.58312,0.004789005965593784,0.0001485500308099093
3.58576,0.001996470241398448,6.509059024586281e-05
3.5884,0.002406692563817981,7.812062271348893e-05
3.59105,0.002488597391786902,8.055527180307971e-05
3.59369,0.001925962957824638,6.308852794608823e-05
3.59633,0.002350906631520532,7.595399396820087e-05
3.59898,0.002463556673140953,7.949393336255096e-05
3.60162,0.004778027330743617,0.0001488277105651829
3.60427,0.002601210807436184,8.443579741304525e-05
3.60691,0.003065877635960046,9.782171251960187e-05
3.60955,0.004414413845726971,0.0001376299403388867
3.6122,0.003427206576026638,0.0001091782482914847
3.61484,0.002667648029966704,8.669008944274669e-05
3.61748,0.002821000971143175,9.030081839988813e-05
3.62013,0.002275569298002219,7.379970627859663e-05
3.62277,0.004123761584350723,0.0001294044879107582
3.62541,0.002842443188124308,9.106148929468393e-05
3.62806,0.002984822072697001,9.621735763231671e-05
3.6307,0.002537328246392896,8.208975242330784e-05
3.63335,0.003687308199223086,0.000117224070579621
3.63599,0.003606593715316319,0.0001143550125856519
3.63863,0.003185001317980021,0.000101686354526619
3.64128,0.004378394492230854,0.0001367653927977078
3.64392,0.003462150041620425,0.0001099845562160482
3.64656,0.002231277053274143,7.247969387216492e-05
3.64921,0.003786083865149833,0.0001202051470351518
3.65185,0.001336657949500554,4.435185362314523e-05
3.6545,0.004087678135405106,0.0001279606291835514
3.65714,0.003150279897336292,0.0001005273505073125
3.65978,0.00265022093507214,8.562944112795771e-05
3.66243,0.002543064789123195,8.224119533999348e-05
3.66507,0.002434139150943397,7.885005233477787e-05
3.66771,0.003136755757491677,0.0001001897741860573
3.67036,0.003673017203107662,0.0001157211510079527
3.673,0.003715874167591564,0.0001171457125472841
3.67565,0.00346180209489456,0.0001091934973800764
3.67829,0.003762528787458377,0.0001180935963648159
3.68093,0.003731188401775805,0.0001181463882865136
3.68358,0.002094412666481689,6.752160542349608e-05
3.68622,0.0032835,0.0001046134101099355
3.68886,0.004007707616537183,0.0001244201442611623
3.69151,0.002908580535516095,9.281322809617564e-05
3.69415,0.003775002219755826,0.0001178008231328218
3.6968,0.003063625138734739,9.641256117142669e-05
3.69944,0.003804135890677026,0.0001195469652547477
3.70208,0.002230095865704773,7.144774483663479e-05
3.70473,0.003349126872918978,0.0001054749351399784
3.70737,0.002260190968368477,7.20291115570323e-05
3.71001,0.004578374583795784,0.000139583733563705
3.71266,0.002661169811320755,8.44992985783481e-05
3.7153,0.003715217189234187,0.0001166352503542855
3.71794,0.004145091634295228,0.0001283077386511176
3.72059,0.00213922454217536,6.894783356851597e-05
3.72323,0.002552202968923418,8.120190771185263e-05
3.72588,0.002874939581021089,9.137440994715845e-05
3.72852,0.001269769769700333,4.150443408549297e-05
3.73116,0.002392106270810214,7.607818968189238e-05
3.73381,0.002407003884572699,7.721285751291694e-05
3.73645,0.002579310765815761,8.168686403389421e-05
3.73909,0.003313737028301884,0.0001046584607125496
3.74174,0.002912478912319644,9.152127813150672e-05
3.74438,0.003534145255271921,0.0001104136191122778
3.74703,0.003450594547724747,0.0001087863342103302
3.74967,0.003370612583240844,0.0001062807657483316
3.75231,0.002589021226415095,8.154752693025367e-05
3.75496,0.002523433268590456,8.04181163266149e-05
3.7576,0.003738023723640402,0.0001158443156477857
3.76024,0.002612633532186457,8.33858827637384e-05
3.76289,0.003236488276914539,0.0001014476374504834
3.76553,0.002776273793007769,8.815562444495885e-05
3.76818,0.002173712472253053,6.983052946068591e-05
3.77082,0.00235312708102109,7.483918254858098e-05
3.77346,0.003300350235849058,0.0001037028812435312
3.77611,0.002096218784683684,6.73866236188143e-05
3.77875,0.00275350846281909,8.724246370250543e-05
3.78139,0.001966885613207547,6.351325270794005e-05
3.78404,0.002594879092674805,8.261258089726975e-05
3.78668,0.002818336431742507,8.908165791736472e-05
3.78933,0.003175899764150941,9.969926942672847e-05
3.79197,0.002987017341842397,9.750752679733163e-05
3.79461,0.00254470151220866,8.512228031915668e-05
3.79726,0.003572868063263041,0.0001177260044811828
3.7999,0.002575128537735847,8.828380639195715e-05
3.80254,0.003465000000000001,0.0001175572398832529
3.80519,0.004179824500554936,0.000141500988063717
3.80783,0.002135541342952274,7.563383480024418e-05
3.81047,0.002789037943951167,9.86574954038087e-05
3.81312,0.002980804661487237,0.0001072459900628514
3.81576,0.002789086015538289,0.000100170076838256
3.81841,0.001812823043840178,6.635770409028032e-05
3.82105,0.001408838582130967,5.312079746572999e-05
3.82369,0.002535380202552722,9.306645807855919e-05
3.82634,0.002503579703107657,9.245487812471994e-05
3.82898,0.003551595241398447,0.0001294127622357693
3.83162,0.002153863485016649,8.118647686639168e-05
3.83427,0.004597568881797999,0.0001666074271848849
3.83691,0.003834070754716984,0.0001426266870968945
3.83956,0.005332748265815759,0.0001932168800641536
3.8422,0.003251253121531632,0.0001229840682303618
3.84484,0.00213192910654828,8.289601198281925e-05
3.84749,0.003413348224195339,0.0001262525476994015
3.85013,0.002894873265815763,0.0001055311136823371
3.85277,0.003154592605438402,0.0001123230876689974
3.85542,0.003592167660932298,0.0001273882413761799
3.85806,0.0006349295227524982,2.366424484625029e-05
3.86071,0.003470223779134295,0.0001212032345625597
3.86335,0.002765340940621536,9.718067136588986e-05
3.86599,0.002984323043840178,0.0001037633429161716
3.86864,0.00336750166481687,0.0001158017624934326
3.87128,0.003507827205882356,0.000120983375108649
3.87392,0.002208051609322972,7.75491553776908e-05
3.87657,0.004757171129300778,0.0001591809775120973
3.87921,0.003206356548279691,0.0001104355420557038
3.88186,0.00183430417591565,6.477895275827654e-05
3.8845,0.002928930840732519,0.0001012340379045189
3.88714,0.003385171406770257,0.0001147593869312347
3.88979,0.004093078177025528,0.0001381519334678911
3.89243,0.002767799458934518,9.540506363600446e-05
3.89507,0.001172894076026638,4.118395428241291e-05
3.89772,0.003096522128190902,0.0001044345740979787
3.90036,0.003355660030521641,0.0001121541023035896
3.903,0.002448615566037738,8.316126686919787e-05
3.90565,0.0025347506936737,8.59067162489509e-05
3.90829,0.00301043736126526,0.0001007153268088849
3.91094,0.003557844547724749,0.000118308243810465
3.91358,0.002578713304661486,8.681849198623438e-05
3.91622,0.001551780591009989,5.302218604573183e-05
3.91887,0.002398840871254163,8.140975819587766e-05
3.92151,0.002307543770810208,7.754990506704378e-05
3.92415,0.003395477039400664,0.0001116706098795219
3.9268,0.002849697419533848,9.508785373063273e-05
3.92944,0.00299305604883463,9.8636830457517e-05
3.93209,0.002972900319089901,9.826559299939512e-05
3.93473,0.002284604467258602,7.586417004860395e-05
3.93737,0.00172496649556049,5.80989195772849e-05
3.94002,0.002676179592119865,8.865123530292659e-05
3.94266,0.003202691662042176,0.0001050942090154828
3.9453,0.002789976484461711,9.218866529145087e-05
3.94795,0.002564630618756936,8.491831885981437e-05
3.95059,0.002840261653718089,9.397000921628087e-05
3.95324,0.003057176678690342,0.0001009360709971942
3.95588,0.003711728565482797,0.0001206093755914923
3.95852,0.002929626734184239,9.678250247350339e-05
3.96117,0.003397017619311876,0.0001113980973951953
3.96381,0.002698745768590454,8.914373921517294e-05
3.96645,0.002723646850721421,8.979895036944006e-05
3.9691,0.002585805008324084,8.562309975454302e-05
3.97174,0.002647286279134299,8.811180271590763e-05
3.97439,0.003108352316870142,0.0001026174596015666
3.97703,0.002718182713651497,8.896971349960283e-05
3.97967,0.004598095380133182,0.0001462936942423069
3.98232,0.00250824493618202,8.285593129125088e-05
3.98496,0.002310718784683688,7.68829378199895e-05
3.9876,0.003280956784128744,0.0001068891378362034
3.99025,0.002418222877358493,8.019324414617002e-05
3.99289,0.002472175221975583,8.257720489026904e-05
