0.0431807,68.97814721836848,0.485681329018127
0.0458244,60.05706213928968,0.437348888109255
0.0484682,52.1936483490566,0.4007765511754549
0.0511119,46.06626988068813,0.3922274802554425
0.0537556,40.52775301748058,0.3446517012833817
0.0563993,35.76795672169811,0.3339989009976819
0.059043,31.85010849889012,0.2938898880426561
0.0616867,28.60856599819645,0.2886982766005838
0.0643304,25.69745483698669,0.2671359877696514
0.0669742,23.35099008879024,0.2435677395063681
0.0696179,21.06437460391232,0.2357251431856489
0.0722616,19.20045833032741,0.2116578203865791
0.07490529999999999,17.3419092723363,0.1997485998772158
0.07754900000000001,15.87963234531077,0.1892703265077053
0.08019270000000001,14.49935348224195,0.1734761085447363
0.08283649999999999,13.34511456992231,0.1687309138267667
0.08548020000000001,12.31379438540511,0.1548118024727153
0.08812390000000001,11.19831737930078,0.1532031921384709
0.0907676,10.437098486404,0.1466810812296324
0.0934113,9.556427719894563,0.1374074538413982
0.096055,8.765998218645949,0.1328001594098891
0.0986987,8.231028250554941,0.1242326986933887
0.101342,7.619216445615982,0.1193657129009108
0.103986,7.018676512208657,0.1079525228696808
0.10663,6.493270340593785,0.1041982124574263
0.109274,6.13876765746393,0.1012998593160006
0.111917,5.71251288845727,0.09373503086799057
0.114561,5.345615427302997,0.08851725749809343
0.117205,4.982273867230854,0.08375593658036182
0.119848,4.645842941870145,0.07891524296690056
0.122492,4.32465663845727,0.07286864776408961
0.125136,4.046751496947836,0.07004927089426093
0.12778,3.816309104467259,0.06633791417203794
0.130423,3.626823681326304,0.06401536674927523
0.133067,3.398724046198668,0.06092043431432733
0.135711,3.189142364733629,0.05580790493789384
0.138354,2.972745940621532,0.05334491378417254
0.140998,2.77786519145394,0.04993847541289823
0.143642,2.641542663013319,0.04775593206962999
0.146286,2.502905487652608,0.04479543517355745
0.148929,2.313072094894562,0.04155105832528153
0.151573,2.204761063401776,0.04082100103620348
0.154217,2.091290851831299,0.03810700202682758
0.15686,2.032943138873474,0.03744052467718178
0.159504,1.876410857380688,0.03450606475041666
0.162148,1.767852989733629,0.03272980093183294
0.164792,1.677092345310766,0.03176447786466179
0.167435,1.625951341564928,0.03015273892098657
0.170079,1.50153868618202,0.02825581403205589
0.172723,1.429574238346282,0.02683536054085615
0.175366,1.367015088096559,0.02598111958269059
0.17801,1.298636895116537,0.02461357408077041
0.180654,1.227044384017758,0.02325685999113022
0.183298,1.165891671059933,0.02242012589463252
0.185941,1.119030572280799,0.02139414529714538
0.188585,1.063717916204218,0.02045360549354775
0.191229,1.013199141925638,0.01965071814076062
0.193872,0.9667986605160933,0.0186967257160554
0.196516,0.9384064594894562,0.0182990072786939
0.19916,0.8716812194783574,0.01709864312674079
0.201804,0.8440055140122087,0.01692474926476078
0.204447,0.7927350145671476,0.01574131921811281
0.207091,0.7645917785793563,0.01510331128744258
0.209735,0.7618925360710321,0.01503302778786002
0.212378,0.6966274361820201,0.01396471284041042
0.215022,0.6888573279689235,0.01374118827678446
0.217666,0.6558302705327413,0.01327381057165303
0.22031,0.6143709073251943,0.01268814967426241
0.222953,0.6207856256936736,0.01255043985802542
0.225597,0.5764450804661488,0.01167659608703556
0.228241,0.569033471836848,0.01166483742382942
0.230885,0.5266345837957825,0.01091292242957561
0.233528,0.520658186736959,0.01085455555837175
0.236172,0.5012182887069924,0.01046074386093885
0.238816,0.4760630681187569,0.009992720274104746
0.241459,0.4533026137624862,0.009538073597820954
0.244103,0.43299484045505,0.009071667060533809
0.246747,0.4164292341842398,0.008879931548538519
0.249391,0.4106736917314095,0.008794472499671694
0.252034,0.4033490926748058,0.008687113660748542
0.254678,0.3768737347391787,0.008117350459917483
0.257322,0.3701752566592675,0.007995142509399956
0.259965,0.3566363748612653,0.007735542084113106
0.262609,0.351686626664817,0.007634706976360809
0.265253,0.3290469922308546,0.007331925395103309
0.267897,0.3204110689511654,0.007063301885252751
0.27054,0.3203514830743618,0.007039653899979129
0.273184,0.3044598633462819,0.006692256315059528
0.275828,0.2909885793562708,0.006461480438925685
0.278471,0.282013408018868,0.00638261690490101
0.281115,0.2782146538568258,0.006292815882588473
0.283759,0.2681510960044395,0.006122613380226431
0.286403,0.2647048668146504,0.005918561489418949
0.289046,0.2489731194506105,0.005719495599452878
0.29169,0.2385366863207548,0.005499668255939715
0.294334,0.243474233490566,0.005614344509976711
0.296977,0.2315357463928968,0.005397646160811056
0.299621,0.2288952198945616,0.005279214324524531
0.302265,0.2191411286071032,0.005120582292109591
0.304909,0.2125077074084351,0.00497478501015979
0.307552,0.2162765427302997,0.005071279502708669
0.310196,0.2066291016925638,0.004861989091239064
0.31284,0.198173401082131,0.004688821292291735
0.315483,0.1979270227524972,0.004685997513342404
0.318127,0.190069302927303,0.004516761403605188
0.320771,0.1845109661487236,0.004406179381847615
0.323415,0.1830890177580466,0.004387486087156358
0.326058,0.1762426623196448,0.004234694912338122
0.328702,0.1739156770255272,0.004250347113915972
0.331346,0.1701357875277469,0.004120003131111757
0.333989,0.1654460768590455,0.004015993632659434
0.336633,0.1636976720310766,0.003943896529474516
0.339277,0.1624922426470588,0.003914780024295057
0.341921,0.1531481333240844,0.003803569392894919
0.344564,0.1536096961015538,0.003768493754826735
0.347208,0.1486641301331854,0.003688719909809209
0.349852,0.1426643382352941,0.003549149405432022
0.352495,0.1444123607796892,0.003582256223124493
0.355139,0.1377701699500555,0.00345374747611401
0.357783,0.1321005176886793,0.003359150287954567
0.360427,0.1307399590038846,0.003321193234899485
0.36307,0.1360584551886793,0.003375063164993641
0.365714,0.129081539608768,0.003267077276039808
0.368358,0.1256231185488347,0.003160804928612584
0.371001,0.1256339529689234,0.003182351384089751
0.373645,0.1226402101831299,0.003131324133719326
0.376289,0.1223846478912319,0.003092910628064441
0.378933,0.1157793806187569,0.002992930145283308
0.381576,0.1106798848501665,0.002843362696525169
0.38422,0.1105393372641509,0.002870253534326323
0.386864,0.1112980396781354,0.002858030313909142
0.389507,0.1199637307158713,0.003023648367870584
0.392151,0.1101122235016648,0.002866236103356005
0.394795,0.1039982776082131,0.002703032834363796
0.397439,0.1026829085044395,0.002687866674422626
0.400082,0.1020154390954495,0.002652034376718716
0.402726,0.09901277330743619,0.002610297431110865
0.40537,0.09980867397336295,0.002618375058762178
0.408013,0.09736323113207548,0.002536904145630286
0.410657,0.1012094846004439,0.002636518320730763
0.413301,0.0966072413290788,0.002524109763880451
0.415945,0.09067270317702555,0.002432451910822809
0.418588,0.09328035328801332,0.002480869789912373
0.421232,0.08877762049112098,0.002384957023993145
0.423876,0.08818800874028855,0.002411759822458129
0.426519,0.08624346725860156,0.002382396410658641
0.429163,0.08750699458934517,0.002477368853463112
0.431807,0.08521464144006659,0.002475349882120951
0.434451,0.08619718805493896,0.002535859458646157
0.437094,0.07973518097946726,0.002462123580303454
0.439738,0.08866384649001111,0.002650202790170907
0.442382,0.08626016412319644,0.002652157453512747
0.445025,0.0788212256520533,0.002489631535972409
0.447669,0.07952973217258602,0.002524265836603003
0.450313,0.07551318854051055,0.002472877787177692
0.452957,0.07612532068534961,0.002451041492982435
0.4556,0.07399562118479469,0.002392098078363904
0.458244,0.07839484669811321,0.002449292809273897
0.460888,0.07537935037458379,0.002398776230334987
0.463531,0.07654685127635959,0.002450981614617541
0.466175,0.0698165864317425,0.002270172163640704
0.468819,0.06847563408712543,0.002290704025193093
0.471463,0.06585782942563818,0.002166481127134298
0.474106,0.06828167210044395,0.002274061663270714
0.47675,0.06602835307991121,0.00221597263264043
0.479394,0.06764650908712543,0.002262715306161272
0.482037,0.0737864571309656,0.002430834846900334
0.484681,0.0668451740427303,0.002155705669929486
0.487325,0.07171568195061044,0.002266065836772486
0.489969,0.06364093722253052,0.00203337792460048
0.492612,0.06422656360987791,0.002048523501859769
0.495256,0.06199951685627082,0.001960326858295064
0.4979,0.06212396961709211,0.001940993038792688
0.500543,0.06031802767758047,0.001888501200471631
0.5031870000000001,0.05802201650943396,0.001822487307156507
0.505831,0.05843198245005549,0.001833793348046627
0.508475,0.06157393451720312,0.001891827289262509
0.511118,0.06549021455327414,0.001945563961342956
0.5137620000000001,0.06071906832685905,0.001848468918775483
0.516406,0.06281531687014429,0.00187252779492781
0.519049,0.0591138321309656,0.001804978419779063
0.521693,0.0624319413845727,0.001847235860466731
0.5243370000000001,0.06096575568812432,0.001816861512952364
0.526981,0.05980079571309656,0.001794231452673175
0.529624,0.05660197724750277,0.001702161235831457
0.532268,0.0555422253745838,0.001686490424668163
0.5349120000000001,0.05840754377081022,0.001727507961614759
0.537555,0.05483746614872363,0.001652219446303387
0.540199,0.05707503829078801,0.001705332914927568
0.542843,0.05628070567425084,0.001678464795241708
0.5454870000000001,0.0557103889428413,0.001660797069129547
0.54813,0.05183293930355161,0.001545526083048082
0.550774,0.05531305667314095,0.001638771668133877
0.553418,0.05128778232519422,0.001538207256866991
0.556061,0.05090022003329634,0.001531114248299978
0.558705,0.05323325776914541,0.001588677859147733
0.561349,0.04934405806048835,0.00146880572621378
0.563993,0.05157243937291898,0.001529708283724347
0.566636,0.05302483310210877,0.001547126138365548
0.56928,0.05097171621809102,0.001515401513613748
0.571924,0.04874552788568259,0.00146006126526748
0.574567,0.04862189920921199,0.001451807744907109
0.577211,0.04797071462264151,0.001433823967138299
0.579855,0.04716122114317425,0.001400110718359307
0.582499,0.0479509984045505,0.001430420271008444
0.5851420000000001,0.05031444714206437,0.00146686890909306
0.587786,0.05192023043840177,0.001513833114123886
0.59043,0.04775497391786904,0.001414803075804657
0.593073,0.04816723584905661,0.00140052207123017
0.5957170000000001,0.04830274965316315,0.001409074584671236
0.598361,0.04539515801886793,0.001351418324829111
0.601005,0.0468714135682575,0.001371197717946665
0.603648,0.04631885814372919,0.001353185175558781
0.6062920000000001,0.0469157584628191,0.001363120497172719
0.608936,0.04979619422863485,0.001419960408373035
0.611579,0.04411998591842398,0.001290836210357434
0.614223,0.0467662260682575,0.001345273645129687
0.6168670000000001,0.04512968840177582,0.001309755248694587
0.619511,0.04281566870144284,0.001252793171566022
0.622154,0.04223758268590454,0.00124419861013016
0.624798,0.04570315496670366,0.001305296932503879
0.6274420000000001,0.04575158823529411,0.001299514338216724
0.630085,0.04492730244173141,0.00129160907653785
0.632729,0.04293930653440621,0.001241004082389945
0.635373,0.04388749569922309,0.001259031117703182
0.6380169999999999,0.04052233580743618,0.001179179730167682
0.64066,0.04281871323529412,0.001235427576186957
0.643304,0.04284098411487237,0.001235831711870797
0.645948,0.0406574146781354,0.001183711079020428
0.6485919999999999,0.03941417584628192,0.001154016045876826
0.651235,0.03833896781354051,0.001140228611069725
0.653879,0.04203607346004438,0.00121372695110226
0.656523,0.03793610502219757,0.001120469772973226
0.659166,0.03965596677302996,0.001158543389666958
0.66181,0.040598121809101,0.001161532290990476
0.664454,0.0405366359600444,0.001173452306249874
0.667098,0.03943819103773586,0.001153640307339281
0.669741,0.04192032394561599,0.001202461006865343
0.672385,0.04132929293840178,0.001181817675379228
0.675029,0.03743798036903441,0.001093227509610087
0.6776720000000001,0.04309200020810212,0.001205511993493022
0.680316,0.03928229488068813,0.001131681508937186
0.68296,0.0385982728218646,0.001106573679987023
0.685604,0.03811608962264151,0.001106419106451015
0.6882470000000001,0.03816959329911209,0.001098502464314994
0.690891,0.03818374923695893,0.001101132937744882
0.693535,0.03772042612375139,0.001084525616537802
0.696178,0.03775912146226415,0.001085659764970148
0.6988220000000001,0.0396425364872364,0.001128180813466228
0.701466,0.03928297475027747,0.001110485568621208
0.70411,0.03481163498890122,0.001023823758561726
0.706753,0.03704215892064373,0.001056575374332017
0.7093970000000001,0.03791542508324085,0.001079781558975652
0.712041,0.03524804488068813,0.001024661882383051
0.714684,0.03573320622918979,0.001027928459844737
0.717328,0.03873647634572697,0.001089019207329464
0.7199719999999999,0.03589094055216426,0.001030205287207345
0.722616,0.03514476650943397,0.001008594703060253
0.725259,0.03656940919811321,0.001040620027652724
0.727903,0.03747355792175362,0.001044291829995192
0.7305469999999999,0.0366236202136515,0.001042086526189774
0.73319,0.03796200187291898,0.001064694989423148
0.735834,0.03611056818812431,0.001018219216331011
0.738478,0.03567018208934516,0.001005040868269917
0.7411219999999999,0.03692781492785793,0.001033519733034561
0.743765,0.03547521975582686,0.001009049369600616
0.746409,0.03571096968645949,0.0009958655152820476
0.749053,0.03624323890122087,0.00101805266981982
0.751696,0.03584460640954495,0.0009985593797992183
0.75434,0.03758381354051055,0.001043047032655825
0.756984,0.03502166433129856,0.0009750405343566345
0.759628,0.03454269735016648,0.0009724015092817215
0.762271,0.03697287173973363,0.001018628303977241
0.764915,0.03386125513318536,0.000949407854959463
0.767559,0.03402595983629301,0.000964891770423074
0.7702020000000001,0.03604615683962264,0.0009908102041143473
0.772846,0.03372903537735849,0.0009419714046916916
0.77549,0.03456438450332964,0.0009666979826441107
0.778134,0.03443259281354051,0.0009514309520039022
0.7807770000000001,0.03502077615149834,0.0009713293652508469
0.783421,0.03651175763041066,0.0009941726911264698
0.786065,0.03446369055216426,0.000954474255705089
0.788708,0.0338925474472808,0.0009430721738944702
0.7913520000000001,0.03288047801054385,0.0009128207211733543
0.793996,0.03290941710599335,0.0009186524138413566
0.79664,0.03463627670643729,0.0009474194669082172
0.799283,0.03051397787180911,0.0008624843319505559
0.8019269999999999,0.03547661383185349,0.0009630454528479836
0.804571,0.03658885301054384,0.0009791691399696192
0.807214,0.03463443396226415,0.0009453994114708269
0.809858,0.03356264587957825,0.0009127353105777503
0.8125019999999999,0.03294131603773585,0.00091444481492098
0.815146,0.0330891361681465,0.0009035396610935829
0.817789,0.02954368722253052,0.0008326927207748311
0.820433,0.03368699334073252,0.0009215840222168732
0.8230769999999999,0.03280130868479468,0.0008944391683030409
0.82572,0.03154382692841288,0.0008751445385383139
0.828364,0.03317743222807992,0.0009003339756954938
0.831008,0.03101119603218646,0.0008610166935756943
0.8336519999999999,0.03324270199778025,0.0008947034836282842
0.836295,0.03240324618479468,0.0008822538613897967
0.838939,0.03493686147336293,0.0009348447047546985
0.841583,0.03285801484461709,0.0008803129327147588
0.844226,0.03188280486958935,0.0008770671360996221
0.84687,0.03046671663429523,0.0008365197307748144
0.849514,0.03070699445061043,0.0008415585282827055
0.852158,0.03246848619589346,0.0008798400672437297
0.854801,0.03002583379578246,0.0008126690686607893
0.857445,0.03477376602386237,0.0009189050458629183
0.860089,0.0340572864872364,0.0008957363808928199
0.8627320000000001,0.03488535391231965,0.000913109505009557
0.865376,0.03105558213096559,0.0008676785101590616
0.86802,0.03227578322697004,0.0008865486046011763
0.870664,0.03155559531076581,0.0008853774990084672
0.8733070000000001,0.0345631872918979,0.0009322652200791366
0.875951,0.02951376380410655,0.0008459575581145588
0.878595,0.03224842820477248,0.0009022197713347717
0.881238,0.03242411383185349,0.0009016892615271754
0.8838819999999999,0.03292947669256382,0.0009269881074178007
0.886526,0.03214211445615982,0.0008893167096048858
0.88917,0.03309388609877914,0.0009193420910498867
0.891813,0.0326504028163152,0.0009111969603540399
0.8944569999999999,0.0307868756936737,0.0008533058714911982
0.897101,0.03473506381798003,0.0009240676380542858
0.899744,0.03303317168423973,0.0008867418992854813
0.902388,0.02899702171198668,0.0008021818898679809
0.9050319999999999,0.0320092972391787,0.0008516054806612077
0.907676,0.03186875423140955,0.0008504014359055463
0.910319,0.03302834392341843,0.0008756686325443308
0.912963,0.03184085439789123,0.0008501460905759725
0.9156069999999999,0.03232350686736959,0.0008596503035263007
0.91825,0.03090435120699223,0.0008181039202409238
0.920894,0.03320574181465039,0.0008725947936561389
0.923538,0.03173512437569367,0.0008401315871401624
0.9261819999999999,0.0329367767064373,0.0008560889647129575
0.928825,0.02934456097391788,0.0007955928013301992
0.931469,0.0326632333518313,0.0008507033060030839
0.934113,0.03317245109600444,0.0008690472211582983
0.936756,0.03053275326026637,0.0008021037605214232
0.9394,0.03095081354051055,0.0008133398998810098
0.942044,0.03043935703385128,0.0007981042435175454
0.944688,0.03248024313263041,0.00084070082354189
0.947331,0.03254772190621532,0.0008435027916822977
0.949975,0.03249536279134295,0.0008351221063716508
0.952619,0.03149227358490567,0.0008183290380891062
0.9552619999999999,0.02992781354051055,0.0007873335609349207
0.957906,0.03086238242230855,0.0008043395221324838
0.96055,0.03189246954772475,0.0008279550929194819
0.963194,0.02964949507491676,0.0007658385999087276
0.9658369999999999,0.03086665621531632,0.0008034308603273016
0.968481,0.03062981895116537,0.0007920548101812131
0.971125,0.02959346649556049,0.0007677597750398653
0.973768,0.02894894554661488,0.0007540882265789583
0.9764119999999999,0.03110745595172031,0.0007896538152395438
0.979056,0.03186811327691454,0.0008109945456468806
0.9817,0.03119230917036626,0.0007935299062487502
0.984343,0.03061580264983351,0.0007778400501168291
0.9869869999999999,0.02943724528301887,0.000752533907684029
0.989631,0.03092529897336293,0.0007915073915605039
0.992274,0.03181741606548279,0.0008295691536784635
0.994918,0.02997155639567148,0.0007914705008690067
0.9975619999999999,0.03275461057158712,0.0008540116615675985
1.00021,0.02972698418423974,0.0008014701453043008
1.00285,0.02908632727524973,0.0007851838894379697
1.00549,0.03294567681742509,0.0008789268424244528
1.00814,0.03178677386237514,0.0008493343430704663
1.01078,0.03166784017758047,0.0008522387144652805
1.01342,0.03008862673418424,0.0008247975410738117
1.01607,0.03086304855715871,0.0008493648696826482
1.01871,0.03105861521920088,0.0008471905588894142
1.02136,0.03230222488901222,0.0008768530427105339
1.024,0.03031206118201998,0.000844138378684806
1.02664,0.03119470359322974,0.0008634292336428975
1.02929,0.028509168354606,0.0008107220190832503
1.03193,0.03249354293840177,0.000890588219865299
1.03457,0.03017666641231965,0.000841637745312848
1.03722,0.02788441169533852,0.0008027222099385979
1.03986,0.02754961140399556,0.0007879166467650895
1.04251,0.02952808455882353,0.000836945000163474
1.04515,0.03041381270810211,0.0008404347271004791
1.04779,0.02991377434794673,0.0008227165536051169
1.05044,0.02926190760266371,0.0008013941800062477
1.05308,0.02788402025527192,0.0007597774401688933
1.05572,0.02871137347391787,0.0007819506699323078
1.05837,0.03214040905937848,0.0008351339486290728
1.06101,0.03070766745283018,0.0008158982273177471
1.06365,0.02903308684794673,0.0007706842933040659
1.0663,0.02974663630688125,0.0007851516609637132
1.06894,0.02914709205049945,0.0007721755676759288
1.07159,0.03002480826859045,0.0007778714170784847
1.07423,0.03052410495283019,0.0007954779305066932
1.07687,0.02929112826026637,0.0007616502952981261
1.07952,0.02973555923973363,0.0007749734152476161
1.08216,0.02846473418423974,0.0007452035553631992
1.0848,0.02739454619866814,0.0007108544854570101
1.08745,0.0293623955327414,0.0007561946978304413
1.09009,0.02858591349889013,0.0007363112267825698
1.09274,0.02709064449223086,0.0007110259773448974
1.09538,0.02761801269422864,0.000718433573947171
1.09802,0.02761956700887903,0.0007118300717993718
1.10067,0.02758601533018868,0.0007157333099361967
1.10331,0.02969425201165372,0.0007465077939075545
1.10595,0.02805253863762486,0.0007193699121761991
1.1086,0.02757100554938957,0.0007073120402782458
1.11124,0.02627563422586015,0.0006823150724622122
1.11389,0.02826139137069923,0.0007227652332778187
1.11653,0.02966562652608213,0.0007347183638331647
1.11917,0.02970841023862375,0.0007468053270166768
1.12182,0.02856282311320755,0.0007185115913070959
1.12446,0.02690252434794673,0.000691538527611527
1.1271,0.02820923827691454,0.0007107795619426991
1.12975,0.02966546628745838,0.0007340284536217146
1.13239,0.02803921822974473,0.0007072463027052151
1.13504,0.02685151810488346,0.0006815680770380396
1.13768,0.02792902212819091,0.0007022283969386048
1.14032,0.0261583624445061,0.0006697974946536786
1.14297,0.02802165607658158,0.0007043220762891169
1.14561,0.02684471025249723,0.0006870484955452214
1.14825,0.02586346385960045,0.0006549622032441003
1.1509,0.02819557221143174,0.0007031385938157131
1.15354,0.02685919811320755,0.0006772240395386459
1.15618,0.02660896718923418,0.0006688773169665608
1.15883,0.02556067924528302,0.0006575900944974368
1.16147,0.0258850228218646,0.0006510345129375349
1.16412,0.02716232380688124,0.0006844268442984163
1.16676,0.02701113866537181,0.0006692968197009641
1.1694,0.02662587465316315,0.0006683049928003661
1.17205,0.02541861168146504,0.0006413900268604441
1.17469,0.02598333379578247,0.0006511762840133698
1.17733,0.02607143299112098,0.0006547670858366685
1.17998,0.02383652538845727,0.0006045916863416953
1.18262,0.02576253412874584,0.0006460232574096544
1.18527,0.02561085911487236,0.0006399170150972071
1.18791,0.024773980854606,0.0006259681159107894
1.19055,0.02426171170921199,0.0006163666962351877
1.1932,0.02371518583518313,0.0005982620996514379
1.19584,0.02373250763041066,0.0006035908455036632
1.19848,0.0248642135127636,0.000619807968421178
1.20113,0.0247844192563818,0.0006225838807958565
1.20377,0.02455375117924528,0.0006152560380276351
1.20642,0.02635751616259712,0.0006493678994378773
1.20906,0.02540984205049945,0.0006330041968526756
1.2117,0.02460975457824639,0.0006094793294077967
1.21435,0.02400428378190899,0.0006016929516018482
1.21699,0.02329594665649279,0.0005851988078852328
1.21963,0.02480548147891232,0.000615188721507888
1.22228,0.02479565885127637,0.0006170159430224868
1.22492,0.02423648786071032,0.0006001352041872596
1.22757,0.02677038700055494,0.0006493461476785445
1.23021,0.02451686424805771,0.0006033364347366843
1.23285,0.02530141544117647,0.0006191091698168384
1.2355,0.02285406118201998,0.0005745552811321855
1.23814,0.02307962680355161,0.0005763183070026968
1.24078,0.0227322935627081,0.000573055177212969
1.24343,0.02299889400665927,0.0005751835023415783
1.24607,0.02329360946170921,0.0005777190694921694
1.24871,0.02346202025527192,0.0005806985712739491
1.25136,0.02233112243340733,0.0005569587404448573
1.254,0.02481277233629301,0.0006059084876512368
1.25665,0.02116800291342952,0.0005351847540656533
1.25929,0.02375307998057714,0.0005858413956229781
1.26193,0.02234887000554939,0.0005524425079741641
1.26458,0.02069238491953385,0.0005215333526969502
1.26722,0.0218392287735849,0.000545929965636635
1.26986,0.02146740878190899,0.0005375737940479003
1.27251,0.02265126775804661,0.0005611551099194335
1.27515,0.02033989428412875,0.0005122037023639526
1.2778,0.02289038041065483,0.0005638112608314571
1.28044,0.02014946212541621,0.0005053107104512373
1.28308,0.021830793354606,0.0005396269729129421
1.28573,0.021387868618202,0.0005347604835216543
1.28837,0.02238107567980022,0.0005454609146316462
1.29101,0.02118240149833518,0.000532161271223513
1.29366,0.02240492147613762,0.0005466299472085616
1.2963,0.01929927948113208,0.0004883428657104417
1.29895,0.02093887312708103,0.0005210347926012082
1.30159,0.02047678842952276,0.0005065752873617462
1.30423,0.02071980174805772,0.0005179173801520933
1.30688,0.02002383504439512,0.0004958589264339689
1.30952,0.02044461251387347,0.0005088142682917434
1.31216,0.01829350971143175,0.000462400096755613
1.31481,0.01833551512208657,0.0004650649920603617
1.31745,0.01971078829078801,0.0004914285624080078
1.3201,0.018648868618202,0.0004666337714402135
1.32274,0.01975188949778025,0.0004902705337349932
1.32538,0.0206810125554939,0.0005045584169590251
1.32803,0.01846722898168702,0.0004615380571699168
1.33067,0.01863370088790233,0.0004700331293682783
1.33331,0.01838923397613763,0.0004571641876874864
1.33596,0.01976505195615982,0.0004884986246993639
1.3386,0.01844692674805772,0.0004614418470528097
1.34124,0.01708763852663707,0.0004327281525960981
1.34389,0.01847920796337403,0.000460336085611446
1.34653,0.01945226616259711,0.0004762988722570885
1.34918,0.01820318548834628,0.0004560563071182144
1.35182,0.01821225041620422,0.0004519100044795888
1.35446,0.01848938311598224,0.0004607445671424938
1.35711,0.01827943847114317,0.0004552399443033908
1.35975,0.01811528773584906,0.0004522343899788053
1.36239,0.01853667182297447,0.0004614724732700675
1.36504,0.01777126914539401,0.0004405897069842702
1.36768,0.01838958879023307,0.0004569368070573061
1.37033,0.01989239816870144,0.000485100062097235
1.37297,0.01860101907602664,0.0004602201562409223
1.37561,0.0175534842536071,0.0004435925410681272
1.37826,0.01786763894284129,0.000441795492036954
1.3809,0.01581836091842397,0.0004051923542563374
1.38354,0.01926084968091011,0.0004727016542536531
1.38619,0.01861727413984463,0.0004609787434063248
1.38883,0.01615865281631521,0.0004085877383773065
1.39148,0.01511409843229745,0.000388375207717842
1.39412,0.01772811917314096,0.0004421043626832915
1.39676,0.01640022169811321,0.0004113038954970136
1.39941,0.01782900083240844,0.0004414988847242348
1.40205,0.01686515864317425,0.0004210619897087008
1.40469,0.01635238817980022,0.0004159205270746014
1.40734,0.01719157845449501,0.000427410147482091
1.40998,0.01679594242508324,0.0004186384786171706
1.41263,0.0151277919672586,0.0003834646658852509
1.41527,0.01513990600721421,0.0003845986030260113
1.41791,0.01583985578523862,0.00040044226590923
1.42056,0.0171811400527192,0.000426706806958684
1.4232,0.01609240788013319,0.0004033086470463348
1.42584,0.01571535495283019,0.0003952032013866832
1.42849,0.01691305167869035,0.0004207291541237104
1.43113,0.0160336827136515,0.0004030097552736773
1.43377,0.01610422204495006,0.0004029810864144721
1.43642,0.01491403135405106,0.0003765865252828029
1.43906,0.0150777105299667,0.0003825058315933728
1.44171,0.01620293132630411,0.0004039646015928533
1.44435,0.01311880022197558,0.0003393413279721546
1.44699,0.01310043687569367,0.0003384745981305604
1.44964,0.01372483185349612,0.0003533240860197527
1.45228,0.01484604668423973,0.000374473851128535
1.45492,0.01386397162874584,0.0003534279198778082
1.45757,0.01440764296614873,0.000363989920394163
1.46021,0.01319258095172031,0.0003393564859676817
1.46286,0.01439572579078801,0.0003641050751759626
1.4655,0.01410392210044395,0.0003588765280533649
1.46814,0.01370693548834628,0.0003482114113884825
1.47079,0.01335739095449501,0.0003434627820114037
1.47343,0.01332351879855716,0.0003398014186678182
1.47607,0.01288016828523863,0.0003331185638045914
1.47872,0.01383118222807992,0.0003490667880303035
1.48136,0.01204882741398446,0.0003142835124917303
1.48401,0.01438878745837958,0.0003651721353297442
1.48665,0.01487792501387347,0.0003713534391951849
1.48929,0.01411887007491676,0.0003551051612200838
1.49194,0.01270777899556049,0.0003232126698317841
1.49458,0.01409499909822419,0.0003580296793749716
1.49722,0.01318679633740289,0.0003348341547738388
1.49987,0.01394317529134295,0.0003511005711442222
1.50251,0.01245270657602664,0.0003224714564748888
1.50516,0.01482729189789123,0.0003675712933999895
1.5078,0.01275937125416204,0.0003255226627674313
1.51044,0.01248375853218646,0.0003201187646447234
1.51309,0.01291749472807991,0.0003281042959464046
1.51573,0.01197921517758046,0.0003098956440430314
1.51837,0.01177289879300777,0.0003018880739668328
1.52102,0.01176427337680356,0.0003029532754492685
1.52366,0.0120060047863485,0.00030629529366652
1.5263,0.01158387902330744,0.0002967283412085312
1.52895,0.01215692438956715,0.0003122495098023806
1.53159,0.01228982630410655,0.0003146123609034464
1.53424,0.01272849098224195,0.0003254073834024511
1.53688,0.01177948688956715,0.0003024768012942461
1.53952,0.01260585349611543,0.0003183863276007629
1.54217,0.01237317327968924,0.0003124355752431551
1.54481,0.01134898980299667,0.0002923445574806855
1.54745,0.01143241231964484,0.0002962505501122405
1.5501,0.01109353281076582,0.0002904581005722718
1.55274,0.01082275471698113,0.0002880455059004907
1.55539,0.01270956680077692,0.0003314382318194914
1.55803,0.01205275097114317,0.0003193606030478474
1.56067,0.01336516023862375,0.000351261483216368
1.56332,0.01109342293285239,0.0002984302996693887
1.56596,0.01037356007214207,0.0002872978711004564
1.5686,0.0122605346836848,0.0003277993262014805
1.57125,0.01134642140677026,0.0003130821350481215
1.57389,0.009689583795782468,0.0002721954074841857
1.57654,0.0104125301054384,0.0002887789091316036
1.57918,0.01108042758046615,0.0003098863047653908
1.58182,0.01051103336570477,0.0002944694494199018
1.58447,0.009153999930632631,0.0002635911447225362
1.58711,0.01062835321864595,0.0002976197627119533
1.58975,0.01103158684794672,0.000308542644303858
1.5924,0.01003664463096559,0.0002901901750618422
1.59504,0.01213154030244173,0.0003344029370077336
1.59769,0.01159882470865705,0.0003265456238465564
1.60033,0.01169498390677026,0.000327124061928508
1.60297,0.009788716564927861,0.00028164863080976
1.60562,0.01104609988901221,0.0003118367516052107
1.60826,0.01027838977524972,0.0002867563879578141
1.6109,0.009991617577691455,0.0002797528766015855
1.61355,0.01054461938124306,0.0002885771288606455
1.61619,0.01066244284128746,0.0002911432734366046
1.61883,0.01021373120144284,0.0002806306421386588
1.62148,0.01161307450055494,0.0003092291766234004
1.62412,0.009793924320199777,0.0002701645412838687
1.62677,0.0108787810072142,0.0002907770894808399
1.62941,0.009695945269145394,0.0002665569570737499
1.63205,0.01100889705882353,0.0002937897376105981
1.6347,0.007890957894006661,0.0002201475574483161
1.63734,0.009193141648168703,0.0002518751308683465
1.63998,0.01059182567980022,0.0002837529117566197
1.64263,0.008992351206992226,0.0002455684852367592
1.64527,0.01099702337680355,0.0002897264152534797
1.64792,0.008488135197003331,0.0002336404846437054
1.65056,0.01042534690621532,0.0002782007078544206
1.6532,0.01001257221143174,0.000267629266050747
1.65585,0.01140792099056604,0.0003002972525639975
1.65849,0.009905551123751384,0.0002631274519585332
1.66113,0.008201136376248615,0.0002249317341475362
1.66378,0.01017000437014429,0.0002714059414621395
1.66642,0.00938699146781354,0.0002533088933957106
1.66907,0.009648196448390675,0.0002606873186414507
1.67171,0.01014108129855716,0.0002685433329420019
1.67435,0.008113627774694782,0.0002225392365487067
1.677,0.009734143867924528,0.0002595892917829842
1.67964,0.008460546684239732,0.0002295181895555585
1.68228,0.007306686667591563,0.0002016760909471569
1.68493,0.009249763110432853,0.0002476646764804473
1.68757,0.01024811841009989,0.0002702703481399046
1.69022,0.008758302094894562,0.0002349885689766363
1.69286,0.009003055147058823,0.0002412436522828209
1.6955,0.008274081576026639,0.0002255567850401328
1.69815,0.008920896226415096,0.0002396408754707567
1.70079,0.009592902677580468,0.0002567008580879394
1.70343,0.009066470726970033,0.0002403121572901225
1.70608,0.008126428551609324,0.0002197046283251829
1.70872,0.008934749999999998,0.0002373883502013987
1.71137,0.007343733837402886,0.0002011568743155701
1.71401,0.008584033435072139,0.0002307736745789078
1.71665,0.007670439789123196,0.0002089531382320943
1.7193,0.009360721490011095,0.0002487143931596727
1.72194,0.009280895185904555,0.0002454316193372626
1.72458,0.009373879370144285,0.0002481440455326182
1.72723,0.009585133393451722,0.0002515707905184225
1.72987,0.008694396642619312,0.0002317383971721324
1.73251,0.008109763734739182,0.0002194008709485581
1.73516,0.007763801678690348,0.0002079324960225841
1.7378,0.009105177511098777,0.0002409299321522771
1.74045,0.008161335391231964,0.0002180930658439716
1.74309,0.006753652816315206,0.000185178604465931
1.74573,0.008062573460044395,0.000216434278370734
1.74838,0.007765390330188682,0.0002073478636634614
1.75102,0.009107148446170924,0.0002421070145799275
1.75366,0.00829043965038846,0.0002191454845490113
1.75631,0.007967348224195337,0.0002126394168314692
1.75895,0.007274414608768034,0.0001975190628908994
1.7616,0.008009065205327414,0.0002137679963094771
1.76424,0.007169151567702555,0.0001948829584736248
1.76688,0.008832980160932301,0.0002306684013507938
1.76953,0.008079020810210875,0.0002154682759563911
1.77217,0.007663380133185352,0.0002060411791456875
1.77481,0.007729961570477248,0.0002073894416443732
1.77746,0.00828450166481687,0.0002208929892950223
1.7801,0.008334795990566041,0.0002193036762346489
1.78275,0.008185000346836847,0.0002176839854766253
1.78539,0.006406507283573808,0.0001729324304412697
1.78803,0.008914104397891229,0.0002321873166366562
1.79068,0.00798379328523862,0.000212820977921093
1.79332,0.007014443465593784,0.0001872403221574727
1.79596,0.007683272613762485,0.0002065548486473876
1.79861,0.008703397475027748,0.000226079842453272
1.80125,0.007830694436736957,0.0002079468172884593
1.8039,0.008004116120976691,0.0002123014988478065
1.80654,0.0080971163290788,0.0002133161405714287
1.80918,0.007724273099334076,0.0002067866660165471
1.81183,0.008400512139289679,0.0002209650058196607
1.81447,0.006397023446170923,0.0001737935590117509
1.81711,0.007499245421753607,0.0001994765951650631
1.81976,0.007089519839067703,0.000189494738987536
1.8224,0.007320881520532741,0.0001970849243619046
1.82504,0.007080928759711431,0.0001898761583791831
1.82769,0.007803220380133188,0.0002086274268460144
1.83033,0.006289210321864593,0.000171026848327721
1.83298,0.006766462749722531,0.0001822647712606169
1.83562,0.007798868756936739,0.0002080353205639363
1.83826,0.007800965593784685,0.0002090604076277874
1.84091,0.005916096975582687,0.000163653837742448
1.84355,0.006324288845726968,0.0001729132144047055
1.84619,0.006814419880688126,0.0001850542845192386
1.84884,0.007471666065482795,0.0001985225530773368
1.85148,0.00855759177302997,0.000226549402091073
1.85413,0.007433174458934519,0.0002007332950817701
1.85677,0.006263780452275251,0.0001704155461475317
1.85941,0.006545328870699221,0.0001790072085424991
1.86206,0.00761814019145394,0.0002022883026365456
1.8647,0.006377394214761376,0.0001747261380630599
1.86734,0.006212856617647057,0.0001701087947452358
1.86999,0.007441039886237514,0.0001987602215252894
1.87263,0.006115296476137627,0.000169408061408597
1.87528,0.006075481756381796,0.0001665470091122057
1.87792,0.007289689927857935,0.000196736213907035
1.88056,0.007468660446725862,0.0002006468822742845
1.88321,0.005857747225305214,0.0001608283639904421
1.88585,0.00602383226970033,0.0001672042906100144
1.88849,0.006125439581021086,0.0001668370400435988
1.89114,0.006656733629300778,0.0001817776727860006
1.89378,0.006721039678135403,0.000181362058230647
1.89643,0.008362581367924525,0.0002216680123449071
1.89907,0.007045422169811319,0.0001913326036166446
1.90171,0.007812965177580468,0.0002068875142244572
1.90436,0.007174123543285241,0.0001937290883780631
1.907,0.005636549250832406,0.0001551947672696725
1.90964,0.00718700672863485,0.0001945422282667034
1.91229,0.006068316800776914,0.0001671148727389849
1.91493,0.006142230299667037,0.0001680398321848585
1.91757,0.006516826997780245,0.0001771881681074134
1.92022,0.00577397676193119,0.0001600223054499208
1.92286,0.006490142688679244,0.0001779435357344883
1.92551,0.006393578315760266,0.0001732573575109147
1.92815,0.005772310280244173,0.000158646517680965
1.93079,0.005839699778024419,0.000162194297295107
1.93344,0.007470095726970031,0.0001995088653495747
1.93608,0.006023781908990011,0.0001653083688110851
1.93872,0.005989781562153164,0.0001643943327895508
1.94137,0.007662977247502774,0.0002068773065048393
1.94401,0.00719492251664817,0.0001943018592792786
1.94666,0.005340103218645951,0.0001480789585197408
1.9493,0.006763571587125418,0.0001840604392682523
1.95194,0.004905462819089899,0.0001368591410433487
1.95459,0.005281483351831296,0.000146937987091113
1.95723,0.007064165510543839,0.0001914892840466208
1.95987,0.005704810904550502,0.000157137831659395
1.96252,0.007680653856825748,0.0002066129619757287
1.96516,0.006362741537180911,0.0001731084040220611
1.96781,0.005617924944506103,0.0001552313027780326
1.97045,0.006012244728079912,0.0001649634960487202
1.97309,0.006802214275804659,0.0001847371896906886
1.97574,0.005944974264705882,0.0001640800194063798
1.97838,0.006024876109877915,0.0001653258962052995
1.98102,0.006756054106548282,0.0001843732923908877
1.98367,0.006999687777469479,0.0001884222451445105
1.98631,0.005760326720310765,0.0001587909723745075
1.98896,0.007382255202552719,0.0001984200796598436
1.9916,0.006564104259156493,0.0001785229172536249
1.99424,0.005573085599334072,0.000152937052224683
1.99689,0.005823946032186461,0.0001593673480911527
1.99953,0.004558427164261932,0.0001276006476090423
2.00217,0.006459855299667039,0.000175097792962478
2.00482,0.004043337819089898,0.0001143817706560294
2.00746,0.005977434031631521,0.0001631814587323008
2.0101,0.006763583032741399,0.0001809817881331248
2.01275,0.005365523931742509,0.0001482254478674785
2.01539,0.005619497572142067,0.0001529600803330501
2.01804,0.005364317563817981,0.000148947682766035
2.02068,0.005349387902330743,0.0001476537984606875
2.02332,0.005524959073251942,0.0001513401839474623
2.02597,0.005441010058268588,0.0001498286986876667
2.02861,0.006957032255826859,0.000185139517137929
2.03125,0.00624166752219756,0.0001694684291749968
2.0339,0.004856203177025526,0.0001345994817565862
2.03654,0.006966880063817979,0.0001875397248809029
2.03919,0.005249131173695895,0.0001445398724183624
2.04183,0.004932417244728078,0.0001359845419812389
2.04447,0.005667390607658161,0.0001551869593218432
2.04712,0.006222953940066592,0.000168137293792377
2.04976,0.005201785238623751,0.0001434386229464052
2.0524,0.006330721281908988,0.0001715352476878791
2.05505,0.004927182019977804,0.0001363008510557102
2.05769,0.006103326650943396,0.0001659986581949984
2.06034,0.005173301678690346,0.0001413556994917865
2.06298,0.006282690899001111,0.0001702447772233895
2.06562,0.004943860571587123,0.0001361431621426623
2.06827,0.004867678551609323,0.0001343541282887233
2.07091,0.006022044464483906,0.0001639846022106264
2.07355,0.005049203731964486,0.0001386511707758727
2.0762,0.005085083448945617,0.0001404049166894702
2.07884,0.005753431881243061,0.0001561505631052606
2.08149,0.003721445893451722,0.0001049552308931306
2.08413,0.006376899764150943,0.0001729806794944782
2.08677,0.00700783934517203,0.000185462084156169
2.08942,0.004947083657047725,0.0001380204381270483
2.09206,0.004490417314095448,0.000125253813269979
2.0947,0.005612618756936736,0.0001536650054209744
2.09735,0.00493808969200888,0.000136697409779995
2.09999,0.006567240357935625,0.0001767493397824656
2.10263,0.005685788290788012,0.0001569712387764833
2.10528,0.00455114088512764,0.000125406647294973
2.10792,0.004975610710321868,0.0001384373232501376
2.11057,0.005119186806326302,0.0001424749467713187
2.11321,0.004156015330188677,0.0001203530836074102
2.11585,0.005530691037735851,0.0001587995932210032
2.1185,0.00525275027746948,0.0001495942122440185
2.12114,0.00433678738901221,0.0001287202584304643
2.12378,0.005336122433407328,0.0001528800437225913
2.12643,0.004468263179800222,0.0001318251835181923
2.12907,0.005498835599334072,0.0001618318366558876
2.13172,0.005404102524972256,0.0001589335721010134
2.13436,0.004951114802996669,0.0001483240883926477
2.137,0.005514751872918981,0.0001627953501711733
2.13965,0.004395441592674806,0.0001336843752112714
2.14229,0.004394720518867927,0.0001333989646724441
2.14493,0.005267968368479467,0.0001589060780130225
2.14758,0.004117791551054385,0.0001277358500370194
2.15022,0.005679367300221974,0.0001693094625899432
2.15287,0.004825352663706994,0.0001482393565170064
2.15551,0.004477085460599332,0.0001377303705611267
2.15815,0.005910811390122088,0.0001784637829804618
2.1608,0.004439802511098781,0.0001376515801497566
2.16344,0.004046125971143174,0.0001255527783601008
2.16608,0.004151015885127635,0.0001287633879392623
2.16873,0.004794804314650391,0.000144939343338426
2.17137,0.004536140260821309,0.0001360469970542659
2.17402,0.004821804522752497,0.0001427464085896854
2.17666,0.005809261306881247,0.0001695653121353825
2.1793,0.005297362999445062,0.0001548319289443873
2.18195,0.003612298210321865,0.000108387509418627
2.18459,0.004779455743618201,0.0001401388491410831
2.18723,0.004885485640954493,0.0001430573889069317
2.18988,0.003807516925638182,0.0001131956246600331
2.19252,0.004864986542730302,0.0001413953828731323
2.19516,0.006292579911209769,0.0001778673423063408
2.19781,0.005537748404550498,0.0001596482132987398
2.20045,0.004861717674805774,0.0001406371983786859
2.2031,0.003985571795227526,0.0001175872700990843
2.20574,0.00555938977524972,0.000158804469002037
2.20838,0.004038187291897889,0.0001188000717197925
2.21103,0.004023642203107657,0.0001185162421029463
2.21367,0.004393537042175364,0.0001288494276211856
2.21631,0.006418083379578246,0.0001814316912782664
2.21896,0.004293142966148722,0.0001248805006573442
2.2216,0.005874089275804665,0.0001656526768904097
2.22425,0.004042394700332965,0.0001185244434307092
2.22689,0.003409527677580466,0.0001010958606741906
2.22953,0.003462044741953388,0.0001018088883549575
2.23218,0.004538781908990011,0.0001328301766612967
2.23482,0.004274161556603774,0.000124371185563677
2.23746,0.004765787389012207,0.0001392419440164874
2.24011,0.006347255618756938,0.0001784331271436081
2.24275,0.004206469894561598,0.0001240134869475868
2.2454,0.00432012486126526,0.0001261629509895263
2.24804,0.005257344547724752,0.0001517651328170566
2.25068,0.005563974889012208,0.0001596518562355613
2.25333,0.004051354328523865,0.0001186972134451267
2.25597,0.004929336084905664,0.000143059525716287
2.25861,0.004533574153718092,0.0001322859385185417
2.26126,0.004850363623751387,0.0001410902021540653
2.2639,0.006223315621531629,0.0001759360795604595
2.26655,0.004363027608213096,0.0001279386231515127
2.26919,0.004879639220310767,0.0001433764683388258
2.27183,0.003549209975027748,0.0001050568473863159
2.27448,0.004338991814650389,0.0001269293106857996
2.27712,0.004583451859045504,0.0001331750441830131
2.27976,0.003389999167591563,0.0001025855916745975
2.28241,0.003953604189789124,0.0001173967054716282
2.28505,0.004754279966703662,0.0001380333619621806
2.28769,0.003116714483906773,9.334466785473884e-05
2.29034,0.003823364525527192,0.0001119491621896086
2.29298,0.004448702622086569,0.0001305704682454331
2.29563,0.004354930979467258,0.0001269695416670176
2.29827,0.004519232796892341,0.0001318485256674125
2.30091,0.004061801886792452,0.0001215446584428226
2.30356,0.003799770532741397,0.0001113267733099834
2.3062,0.003707541759156493,0.0001105893973601932
2.30884,0.004881546059933406,0.000141277533170711
2.31149,0.005027953801331853,0.0001469548738080594
2.31413,0.003475639844617095,0.0001037868025840762
2.31678,0.004490531770255274,0.0001319195717560607
2.31942,0.004735248196448394,0.00013868026603315
2.32206,0.003482962749722531,0.0001028395869787011
2.32471,0.00482756624583796,0.0001411638652368243
2.32735,0.005003549458934517,0.0001459249195275467
2.32999,0.0040142705327414,0.000118604836266785
2.33264,0.00254075735294118,7.855487678782083e-05
2.33528,0.002150640399556047,6.49897154985853e-05
2.33793,0.005322525041620423,0.0001545465281048249
2.34057,0.004063331021087684,0.0001196257840414519
2.34321,0.003238502705327411,9.714658783461799e-05
2.34586,0.003462779550499443,0.0001047239565670131
2.3485,0.005150323460044396,0.0001490456569655786
2.35114,0.004163782325194227,0.0001227341453214161
2.35379,0.001825104189789123,5.599461117337664e-05
2.35643,0.004042110849056606,0.0001188538844285131
2.35908,0.003973679800221977,0.0001185276822195851
2.36172,0.004115024001109878,0.0001214812749258906
2.36436,0.00347370782463929,0.0001037048939102151
2.36701,0.004115110987791343,0.0001206493832021166
2.36965,0.003421666897891232,0.0001019814817197913
2.37229,0.004243127913429526,0.0001250391936871599
2.37494,0.003598739733629299,0.0001072020164619374
2.37758,0.004216024694783572,0.0001258213248022074
2.38022,0.003036238068812431,9.05178936366812e-05
2.38287,0.00446114400665927,0.0001323514062510304
2.38551,0.00414636438679245,0.0001208936139517014
2.38816,0.004209940205327418,0.000124540692876314
2.3908,0.004464820338512766,0.0001315553845012166
2.39344,0.003453556673140956,0.000103426673004768
2.39609,0.003883305216426191,0.0001155973500833801
2.39873,0.004150738901220867,0.0001218429370067502
2.40137,0.003580003260266371,0.0001069600684923261
2.40402,0.002265220172031075,6.833941520585723e-05
2.40666,0.003536326789678135,0.0001054809191108434
2.40931,0.003251012763596006,9.778683419621973e-05
2.41195,0.003587786279134294,0.0001063008881017369
2.41459,0.002919167730299668,8.854249352020294e-05
2.41724,0.003547520602108767,0.0001051560920093797
2.41988,0.003722256243063263,0.0001108295319401927
2.42252,0.00455603045227525,0.0001339344544737657
2.42517,0.00307183164539401,9.177379827748695e-05
2.42781,0.002030182158712541,6.273039061805214e-05
2.43046,0.003382239039955604,0.000100865477837027
2.4331,0.002682657810765818,8.147349672306601e-05
2.43574,0.003653243756936739,0.0001087355989851823
2.43839,0.004028144908435073,0.0001197018578441263
2.44103,0.003772488762486126,0.0001121666238265241
2.44367,0.00378933442008879,0.0001123405858600528
2.44632,0.003714242022752497,0.0001106914317852615
2.44896,0.003994565760266372,0.000117926000490474
2.45161,0.003278569228634853,9.812545687313965e-05
2.45425,0.002462480785238624,7.548118678191954e-05
2.45689,0.004174918909544948,0.0001222573742763942
2.45954,0.004170489456159826,0.0001237824829052186
2.46218,0.005029009087125414,0.0001464668415959873
2.46482,0.003731811043285236,0.0001102374731376494
2.46747,0.002486422724750279,7.549401790712344e-05
2.47011,0.004150489386792453,0.0001234425633769071
2.47275,0.003108713998335184,9.452026329023255e-05
2.4754,0.003529274001109878,0.0001047735900418135
2.47804,0.002030550707547169,6.251836599088271e-05
2.48069,0.002327312638734737,7.132608360957932e-05
2.48333,0.00318814657325194,9.676834793372908e-05
2.48597,0.003333927094894562,0.0001006519903578066
2.48862,0.004669387832963372,0.000136333769134643
2.49126,0.004170521503884574,0.0001243765840252541
2.4939,0.003571922655382906,0.0001063120574013854
2.49655,0.003708938124306328,0.0001111619149753233
2.49919,0.00337172967536071,0.0001010519269590757
2.50184,0.002829855299667038,8.575384923228737e-05
2.50448,0.002772908781908991,8.452438656392141e-05
2.50712,0.003124907255826861,9.493338439462166e-05
2.50977,0.003927027469478357,0.0001165663071101491
2.51241,0.003394591148723642,0.0001016321254865375
2.51505,0.004197530868479467,0.0001247227077329689
2.5177,0.004987910169256385,0.0001465654542651216
2.52034,0.004073609184239732,0.0001204275388236409
2.52299,0.002645365704772479,8.105795605682771e-05
2.52563,0.003072213928967815,9.30724712547817e-05
2.52827,0.003235130826859047,9.787126161907724e-05
2.53092,0.002460615149833521,7.531124756127063e-05
2.53356,0.003320913429522755,9.947215300229416e-05
2.5362,0.002765693465593785,8.465995948747677e-05
2.53885,0.003044025665926749,9.221851302629509e-05
2.54149,0.004316173834628189,0.0001278629300793267
2.54414,0.002701801748057714,8.272931523239244e-05
2.54678,0.003506197350166481,0.0001056193689935185
2.54942,0.003104415024972257,9.409971914393279e-05
2.55207,0.004637271434517203,0.0001365489335500775
2.55471,0.003164637278024419,9.569842203816757e-05
2.55735,0.004914845935072142,0.0001444928731466605
2.56,0.004900907463928967,0.0001446533963074077
2.56264,0.003497043146503885,0.0001063597749349906
2.56529,0.003816906908990011,0.0001133809518005567
2.56793,0.003065953177025528,9.331151798487421e-05
2.57057,0.003640399486681465,0.0001089543685974959
2.57322,0.00290665538290788,8.880194069128784e-05
2.57586,0.003135560835183129,9.479844299406605e-05
2.5785,0.003592758254716982,0.0001078345186148885
2.58115,0.003009292799667035,9.242971733834647e-05
2.58379,0.004641730646503885,0.0001371990036830211
2.58643,0.002429631867369588,7.481099031305294e-05
2.58908,0.003233084350721422,9.790828055807064e-05
2.59172,0.005083677927302998,0.00014892820046025
2.59437,0.002527555979467258,7.805148716577079e-05
2.59701,0.002583744797447281,7.902987641468547e-05
2.59965,0.003016991120976694,9.167294644391896e-05
2.6023,0.003480463027192008,0.0001051059934500575
2.60494,0.004971758115982239,0.0001467609224940812
2.60758,0.003344015260821309,0.000102578441200814
2.61023,0.003993093854051055,0.0001197298081339323
2.61287,0.004034021087680354,0.0001210464486234398
2.61552,0.003268920574361823,9.972507721099274e-05
2.61816,0.003035375069367369,9.253367595685427e-05
2.6208,0.003050501595449501,9.275620150466775e-05
2.62345,0.001916176956159822,5.991979357798138e-05
2.62609,0.002487155244173141,7.701438475086802e-05
2.62873,0.003037343715316316,9.294136760771544e-05
2.63138,0.003015434517203109,9.213968796886796e-05
2.63402,0.003317866606548281,0.0001008696844115964
2.63667,0.00291649632352941,8.946708215470904e-05
2.63931,0.003670034475582686,0.0001117644292513001
2.64195,0.003592478981687012,0.0001087438832306298
2.6446,0.004524742716426194,0.0001335762056867849
2.64724,0.004187447280799114,0.0001247893493373668
2.64988,0.004940614594894561,0.0001467177713421934
2.65253,0.004717882907880134,0.0001406743257735431
2.65517,0.003627845935072141,0.0001097678003591273
2.65782,0.00308725346836848,9.432681980250128e-05
2.66046,0.003624027677580466,0.0001098042890797032
2.6631,0.003191577968923416,9.72548341710912e-05
2.66575,0.003994467327968925,0.0001192417751673917
2.66839,0.003364200749167589,0.0001030871417746078
2.67103,0.002573178204772475,8.129206157771207e-05
2.67368,0.003910065066592675,0.0001222407163885475
2.67632,0.005466256798002219,0.0001686963544437883
2.67896,0.002910764359045506,9.359332468099918e-05
2.68161,0.004289299528301886,0.0001375376044684309
2.68425,0.00490413512763596,0.0001569155597519173
2.6869,0.003635651845172034,0.000118760870931398
2.68954,0.003575283088235294,0.0001174522436316012
2.69218,0.003395303066037736,0.0001121545052345815
2.69483,0.003368552372364041,0.0001132724033588865
2.69747,0.004372451928412876,0.0001443088869364292
2.70011,0.002208117993895674,7.496492497356787e-05
2.70276,0.003286560557713654,0.0001124868838446692
2.7054,0.002829473016093229,9.676616052706484e-05
2.70805,0.001412601900665924,5.033588679114474e-05
2.71069,0.002883661140399556,9.8854525577874e-05
2.71333,0.003292406978357384,0.0001136314848175688
2.71598,0.003627452205882355,0.0001257631551778767
2.71862,0.002695618826304105,9.560524616045865e-05
2.72126,0.003323124722530524,0.0001165854931014928
2.72391,0.002574267827413981,9.128033151303322e-05
2.72655,0.002693130549389567,9.380814598944276e-05
2.7292,0.002695497502774694,9.265673314667521e-05
2.73184,0.003647463720865703,0.0001214095941317842
2.73448,0.004269201026637071,0.0001398159536942731
2.73713,0.002897805632630411,9.572084700028195e-05
2.73977,0.002846778787458377,9.530779287944416e-05
2.74241,0.003467955258046614,0.0001134965228174257
2.74506,0.003789064303551608,0.0001218970075069221
2.7477,0.003436106687014431,0.0001120012457522615
2.75035,0.003558888387902334,0.0001142519893955182
2.75299,0.0024314288290788,8.058422638615441e-05
2.75563,0.002703401845172033,8.757788867983711e-05
2.75828,0.003276980577136515,0.0001051153642484287
2.76092,0.00325584281354051,0.0001058433951553054
2.76356,0.002929619866814649,9.452929358465025e-05
2.76621,0.004118546961709213,0.0001299265377107859
2.76885,0.003163204286903441,0.0001020949605559985
2.77149,0.002369363831853496,7.728102413103316e-05
2.77414,0.003739010335738068,0.0001189277212653936
2.77678,0.002494498751387349,8.059445697501055e-05
2.77943,0.003056354883462821,9.76739539701916e-05
2.78207,0.003142201581576025,0.000100838784739601
2.78471,0.002913760821309654,9.436315616243962e-05
2.78736,0.004234010335738071,0.0001329450427447937
2.79,0.002631106756381795,8.437867427030533e-05
2.79264,0.003643840038845724,0.0001154767915028457
2.79529,0.004085443951165371,0.0001281359293218074
2.79793,0.001985450402330744,6.463756972099892e-05
2.80058,0.001941783088235293,6.277693350134553e-05
2.80322,0.003366895047169808,0.0001073714976917854
2.80586,0.002433301331853497,7.900433399097056e-05
2.80851,0.003001145810210877,9.547474713598398e-05
2.81115,0.002543948390677029,8.133895106916042e-05
2.81379,0.003007562222530522,9.555797722460455e-05
2.81644,0.003316669395116537,0.0001054536816675907
2.81908,0.003006806811875694,9.558527624776675e-05
2.82173,0.001169435210876804,3.856122027659852e-05
2.82437,0.004403137624861267,0.0001356120698394282
2.82701,0.003376900804661491,0.000106033311680431
2.82966,0.003267798903995563,0.0001036497954809135
2.8323,0.004468432574916756,0.000136896305311625
2.83494,0.002767442355715874,8.800642399129183e-05
2.83759,0.001595221281908988,5.149886482733656e-05
2.84023,0.001900432366814649,6.148927574501311e-05
2.84288,0.003093438679245282,9.850003915939797e-05
2.84552,0.00194626976970033,6.208532738899741e-05
2.84816,0.002843560280244173,9.107106820935453e-05
2.85081,0.003685151845172029,0.0001152089962816664
2.85345,0.001943147405660379,6.273034021214604e-05
2.85609,0.003409610086015539,0.000106829195919696
2.85874,0.003914091634295227,0.0001215029566484511
2.86138,0.002094907117092118,6.791098567031236e-05
2.86402,0.00185755022197558,6.026054800239966e-05
2.86667,0.002206204286903441,7.102427102349406e-05
2.86931,0.003986350097114319,0.0001237292052470524
2.87196,0.003106965108213095,9.746442262672905e-05
2.8746,0.003180473432297448,0.0001012004826883119
2.87724,0.004533480299667035,0.0001397049943887079
2.87989,0.003286265260821311,0.0001037098419196116
2.88253,0.003083941107103219,9.756979663907644e-05
2.88517,0.002493065760266372,8.032449024680859e-05
2.88782,0.00266242196170921,8.538728424734479e-05
2.89046,0.003012431187569364,9.442624461771296e-05
2.89311,0.003099951234739177,9.858204330630426e-05
2.89575,0.003212399833518314,0.0001016346666559976
2.89839,0.002760742092119866,8.710975747569254e-05
2.90104,0.003036151082130969,9.641731692470251e-05
2.90368,0.001831440482796892,5.880794663852342e-05
2.90632,0.001707917105993338,5.545760269716671e-05
2.90897,0.003388902677580466,0.0001070976967879191
2.91161,0.003110007352941179,9.824764865244947e-05
2.91426,0.003555711084905658,0.0001107139302512781
2.9169,0.003780654064927859,0.0001186047932063816
2.91954,0.003836167591564929,0.0001198886395602662
2.92219,0.00298696469200888,9.328146713694091e-05
2.92483,0.003987137555493895,0.0001237027508264073
2.92747,0.003766141023862376,0.0001169704716993633
2.93012,0.002721854467258603,8.730566125405892e-05
2.93276,0.002830601553829079,8.972239827924446e-05
2.93541,0.001615802788568255,5.203577774896851e-05
2.93805,0.002762941939511652,8.737054278575017e-05
2.94069,0.002849374653163154,8.983647127166587e-05
2.94334,0.001019742577691454,3.379776120574345e-05
2.94598,0.002109353773584908,6.698129000453398e-05
2.94862,0.002671223640399556,8.531064396958651e-05
2.95127,0.003620040024972252,0.0001134458752053914
2.95391,0.003686349056603774,0.0001147011520705585
2.95655,0.001996999028856827,6.412071102012894e-05
2.9592,0.002646224125971143,8.300018816101613e-05
2.96184,0.001299056811875694,4.260167051172887e-05
2.96449,0.004298195061043285,0.0001338310340725066
2.96713,0.002058095726970031,6.618229670355173e-05
2.96977,0.001808354675360708,5.86930789641162e-05
2.97242,0.003204346698113208,0.0001006467431080381
2.97506,0.002355214761376252,7.612888487331792e-05
2.9777,0.003072262000554942,9.683778161858113e-05
2.98035,0.004488244936182018,0.0001374602447123556
2.98299,0.003722826234739178,0.0001166431680258462
2.98564,0.001802176331853497,5.808754491867014e-05
2.98828,0.00247887319644839,7.923375404909403e-05
2.99092,0.004460287874583795,0.0001363039428880162
2.99357,0.004162530174805773,0.0001287246002085393
2.99621,0.003037925152608212,9.638657940195694e-05
2.99885,0.003604503745837961,0.0001125760916539423
3.0015,0.003041665579911213,9.59910354317306e-05
3.00414,0.003029219617092119,9.582034692372823e-05
3.00679,0.002258927372364043,7.225570020669757e-05
3.00943,0.003950133879023309,0.0001229639724961473
3.01207,0.004629927927302996,0.0001407339322272768
3.01472,0.002693993548834624,8.597013229220398e-05
3.01736,0.00237040538290788,7.599266070197672e-05
3.02,0.002476492508324086,7.89299502575839e-05
3.02265,0.002271428274139846,7.263777367205539e-05
3.02529,0.001481106201442842,4.798685949720911e-05
3.02794,0.003805944298002218,0.00011852123525301
3.03058,0.002827508948390676,8.912146131921319e-05
3.03322,0.003696080119311873,0.0001153840051693199
3.03587,0.002274463651498334,7.27479793747994e-05
3.03851,0.003239885335738069,0.0001006504961852855
3.04115,0.001778213790233073,5.735799770830234e-05
3.0438,0.001772555077691453,5.702856923154371e-05
3.04644,0.002855438540510544,8.952967871958644e-05
3.04908,0.003695903856825747,0.0001151701604973161
3.05173,0.003628232796892345,0.0001124767430243465
3.05437,0.002152597599889013,6.885840443154326e-05
3.05702,0.002834877635960045,8.892458904723428e-05
3.05966,0.002233740149833515,7.019565539855894e-05
3.0623,0.00237095935072142,7.537478885240533e-05
3.06495,0.001595028995560489,5.117657121580567e-05
3.06759,0.003337282949500552,0.0001035973725972277
3.07023,0.003089542591564929,9.66684384634025e-05
3.07288,0.003056425846281909,9.572134132207571e-05
3.07552,0.00289725166481687,9.139177006619283e-05
3.07817,0.003061031562153164,9.62439775536943e-05
3.08081,0.002973216218091009,9.273538578265411e-05
3.08345,0.003796208657047725,0.000117032781630287
3.0861,0.003449656007214209,0.0001067104920932281
3.08874,0.003748702483351831,0.0001154100386704835
3.09138,0.00296831749445061,9.295990955526692e-05
3.09403,0.003263577760821311,0.0001015870373392599
3.09667,0.002504243548834629,7.972918465998524e-05
3.09932,0.001749164816870146,5.56056860016597e-05
3.10196,0.003359849125971145,0.0001042550925391943
3.1046,0.0007385237930077683,2.411838266960584e-05
3.10725,0.004460374861265264,0.0001355562855330315
3.10989,0.002689522891231966,8.491876582256067e-05
3.11253,0.003479011723085464,0.0001075418601008076
3.11518,0.002991705466148721,9.363199484263827e-05
3.11782,0.001689730022197556,5.402894778985005e-05
3.12047,0.002819405452275251,8.818807658392714e-05
3.12311,0.00164292889844617,5.292643949976891e-05
3.12575,0.001633293978912321,5.221949066677198e-05
3.1284,0.003287297655382911,0.000102474712887586
3.13104,0.002898995976692565,9.087003668132137e-05
3.13368,0.003209375901775805,0.0001008715961561855
3.13633,0.002979518174250833,9.28937886531158e-05
3.13897,0.001951910169256382,6.206246824774034e-05
3.14161,0.003177895879578247,9.966492926407789e-05
3.14426,0.004212987028301887,0.0001299199184535144
3.1469,0.004389233490566039,0.000133864709522878
3.14955,0.002539599056603774,8.020332544205028e-05
3.15219,0.002074272960599334,6.589243776100727e-05
3.15483,0.001690762416759156,5.412961864367702e-05
3.15748,0.004577967119866816,0.0001389872328822127
3.16012,0.003001963027192009,9.393581686738581e-05
3.16276,0.003116561112652609,9.765337906911756e-05
3.16541,0.001073248543285238,3.509064193721187e-05
3.16805,0.002570220657602665,8.098509130411337e-05
3.1707,0.00238653912319645,7.566347672749321e-05
3.17334,0.001557345449500556,4.985754629031392e-05
3.17598,0.003791618965038849,0.0001171092660825535
3.17863,0.0027487333518313,8.621142087568751e-05
3.18127,0.00343113013318535,0.0001062124892547188
3.18391,0.002534327205882354,7.983745347364843e-05
3.18656,0.002123056465038845,6.723434738515231e-05
3.1892,0.002020876872918977,6.484584935875387e-05
3.19185,0.002899705604883463,9.067346721820255e-05
3.19449,0.00427016245837958,0.000130170654537512
3.19713,0.003896073945615984,0.0001198347613124826
3.19978,0.002913703593229748,9.068576416366507e-05
3.20242,0.003997644630965594,0.0001220976333084241
3.20506,0.002173222599889009,6.856703556185562e-05
3.20771,0.003274620491120979,0.0001010601187299631
3.21035,0.002316494242508325,7.292227843879382e-05
3.213,0.001512773931742506,4.837471569767502e-05
3.21564,0.00399439865427303,0.000120228754054178
3.21828,0.002519951512208656,7.87667143373982e-05
3.22093,0.003618778718091011,0.0001107923703888561
3.22357,0.001394920713096557,4.475257046065988e-05
3.22621,0.003329140538290788,0.0001021346740664463
3.22886,0.003067049667036629,9.448710677218572e-05
3.2315,0.003350740704772474,0.0001058791763837965
3.23414,0.003302444783573806,0.0001063079045551041
3.23679,0.003503736542730302,0.0001131343380775525
3.23943,0.002662321240288566,8.816034539631383e-05
3.24208,0.002241152330743618,7.605135673129576e-05
3.24472,0.003741271989456161,0.0001246609422481381
3.24736,0.003508214067702555,0.0001169001947424305
3.25001,0.003022079841842399,0.0001032515279020631
3.25265,0.003923444991675914,0.0001335696214339028
3.25529,0.003259688540510543,0.0001135957163045537
3.25794,0.001948181187569366,6.911499054879277e-05
3.26058,0.003545705327413984,0.0001227375640483067
3.26323,0.003320819575471698,0.0001158006716583548
3.26587,0.002459184447835736,8.811044636821533e-05
3.26851,0.004010088304661486,0.0001410457755847323
3.27116,0.002262301539955608,8.193892891421885e-05
3.2738,0.003158321587125418,0.0001128828817188007
3.27644,0.002283100513318536,8.382566035642242e-05
3.27909,0.002355123196448387,8.698187543939268e-05
3.28173,0.003512297863485018,0.0001259101360946923
3.28438,0.002848136237513877,0.0001056214440493429
3.28702,0.002259062430632632,8.177924837215037e-05
3.28966,0.003550725374583793,0.0001240903426619481
3.29231,0.003655569506104329,0.0001255364631100071
3.29495,0.003631217813540514,0.0001237069304913165
3.29759,0.001717194922308547,6.045987030952498e-05
3.30024,0.004356927094894564,0.0001448186232197428
3.30288,0.002367988068812434,8.167717189872565e-05
3.30553,0.003474916481687012,0.0001166939420203134
3.30817,0.004014233906770253,0.0001331027412930713
3.31081,0.002636703662597115,8.997372039569438e-05
3.31346,0.001589054384017761,5.544373967658369e-05
3.3161,0.00354869263318535,0.0001180170217969517
3.31874,0.002741360086015537,9.307704215856706e-05
3.32139,0.002078810002774695,7.098271299463816e-05
3.32403,0.00266522613762486,9.037804360813627e-05
3.32667,0.002597122433407323,8.718197631369856e-05
3.32932,0.002415036417869037,8.150643093666389e-05
3.33196,0.003590052511098778,0.0001192041524894499
3.33461,0.002481668215871257,8.399618599037839e-05
3.33725,0.004503593507214208,0.000146042556413175
3.33989,0.00277210987791343,9.278786689804274e-05
3.34254,0.003397102316870145,0.0001109932619664932
3.34518,0.002813778787458379,9.380963502777868e-05
3.34782,0.003741761861820201,0.0001219268481367617
3.35047,0.001585355160932301,5.365886058765543e-05
3.35311,0.002941715593784686,9.692553131429302e-05
3.35576,0.001888283990011095,6.380126261171388e-05
3.3584,0.003611258948390678,0.00011736714931198
3.36104,0.001927359322974473,6.463117697669447e-05
3.36369,0.003035636029411763,0.0001004325030733113
3.36633,0.003310584905660378,0.0001079952238680886
3.36897,0.004259122017203108,0.0001370386473218068
3.37162,0.001874661417869037,6.2267002282642e-05
3.37426,0.002770539539400667,9.169805191953374e-05
3.37691,0.002632512278024417,8.737511757082837e-05
3.37955,0.002518170574361823,8.301331566171844e-05
3.38219,0.002916306326304107,9.529565254216749e-05
3.38484,0.001952635821309654,6.510655673223676e-05
3.38748,0.002980658157602663,9.762575340319643e-05
3.39012,0.002468762139289679,8.224451345614111e-05
3.39277,0.003603988693118755,0.0001164328160037397
3.39541,0.002206737652608214,7.302111993027036e-05
3.39806,0.002723729259156493,8.999300850752829e-05
3.4007,0.001555228010543839,5.252510130355137e-05
3.40334,0.003165296545504997,0.0001034954521798816
3.40599,0.00357813304661487,0.0001158585703773346
3.40863,0.002858698251942285,9.311613949920707e-05
3.41127,0.002290576789678136,7.589674755805399e-05
3.41392,0.002858391509433965,9.354886932008856e-05
3.41656,0.003512638942841288,0.0001136058911851602
3.41921,0.004063205119311878,0.0001300864955886651
3.42185,0.002271643451720314,7.496706771172227e-05
3.42449,0.00347979918146504,0.000113027544913001
3.42714,0.003833120768590456,0.0001221435171520274
3.42978,0.00340510280244173,0.0001102520798328778
3.43242,0.002318604814095451,7.687949231785108e-05
3.43507,0.001667140954495007,5.597719322822117e-05
3.43771,0.002358978079911209,7.799286661357037e-05
3.44035,0.001048782394561597,3.541896346438041e-05
3.443,0.002794653163152054,9.149078216578892e-05
3.44564,0.003474403718091011,0.0001123037191088529
3.44829,0.002448054730854606,7.979084827793233e-05
3.45093,0.00203021649556049,6.71297905859133e-05
3.45357,0.002797480230299665,9.094858303109053e-05
3.45622,0.003368476831298556,0.00010843027849211
3.45886,0.003006383324084353,9.795532643923761e-05
3.4615,0.002153863485016649,7.03369658071503e-05
3.46415,0.002394583102108768,7.821669250392439e-05
3.46679,0.003073470657602663,9.916469324265435e-05
3.46944,0.00280329918146504,9.113147426148412e-05
3.47208,0.002217290510543838,7.279942051297471e-05
3.47472,0.002382784961154272,7.795075465746045e-05
3.47737,0.00237474327136515,7.726604580052224e-05
3.48001,0.002419088165926747,7.829577095106454e-05
3.48265,0.002631301331853499,8.474818572284701e-05
3.4853,0.003357630965593785,0.0001068921643360697
3.48794,0.002042657880133186,6.721163760819853e-05
3.49059,0.002327626248612652,7.608844027088962e-05
3.49323,0.002986735779689235,9.503761652232556e-05
3.49587,0.004613063956714759,0.0001420000875534155
3.49852,0.001943085599334075,6.384690588468801e-05
3.50116,0.00285010030521643,9.199711942461993e-05
3.5038,0.002809040302441731,9.04577121377002e-05
3.50645,0.00218399979189789,7.108588887764711e-05
3.50909,0.003908158226970032,0.0001230618253583729
3.51174,0.00157693118756937,5.185235714865483e-05
3.51438,0.002375123265815759,7.754440763675554e-05
3.51702,0.004375533088235294,0.0001360078587134578
3.51967,0.003440062291897892,0.000109743890479182
3.52231,0.002821140607658158,9.061958221978961e-05
3.52495,0.002741408157602663,8.891771916437926e-05
3.5276,0.002899987167036629,9.262471028562868e-05
3.53024,0.002537927996670367,8.168851284450559e-05
3.53288,0.002662511237513873,8.573285403966016e-05
3.53553,0.001867986334628191,6.144446642215462e-05
3.53817,0.005663274764150944,0.0001732688245213923
3.54082,0.003080951512208657,9.814237113724867e-05
3.54346,0.002284714345172028,7.417555865438539e-05
3.5461,0.003021560210876808,9.760232231577322e-05
3.54875,0.003246413915094337,0.000103522263152797
3.55139,0.002085693396226415,6.78758151263167e-05
3.55403,0.003534973917869034,0.0001122733008068035
3.55668,0.002038134572697003,6.614530936362811e-05
3.55932,0.002319117577691456,7.541846795793819e-05
3.56197,0.002585930910099889,8.327892033573974e-05
3.56461,0.00335086660654828,0.0001061340806993957
3.56725,0.002567997918978914,8.311846428368444e-05
3.5699,0.003290971698113205,0.0001051775108303696
3.57254,0.002739293007769148,8.74033722432177e-05
3.57518,0.00211062652608213,6.848822369201169e-05
3.57783,0.003974460391231963,0.0001250826338413702
3.58047,0.002614009295227528,8.444443081648742e-05
3.58312,0.003204589345172031,0.0001021851678586253
3.58576,0.002698681673140957,8.655964123080634e-05
3.5884,0.003003718784683685,9.615092503894717e-05
3.59105,0.002849134295227524,9.137578193246355e-05
3.59369,0.002008874999999997,6.555319155195155e-05
3.59633,0.0008917508324084339,2.962687690115029e-05
3.59898,0.003313897266925639,0.0001049538962081064
3.60162,0.001798653371254161,5.923296149189214e-05
3.60427,0.002891494519977804,9.31183403905326e-05
3.60691,0.003073019700332967,9.782863122096418e-05
3.60955,0.003740976692563818,0.0001178620911252898
3.6122,0.002922432019977802,9.382111446895648e-05
3.61484,0.002538655937846837,8.253720851122687e-05
3.61748,0.002458472530521646,7.909454507039968e-05
3.62013,0.002776933060488347,8.897882822454316e-05
3.62277,0.001923570824084353,6.289383721569561e-05
3.62541,0.003035507838512766,9.66737943103779e-05
3.62806,0.001643546961709211,5.433587581639993e-05
3.6307,0.003921194783573805,0.0001232414323974263
3.63335,0.003879709003884572,0.0001226279413283921
3.63599,0.003216275319089904,0.0001025307182696278
3.63863,0.003099685696448392,9.891767652837914e-05
3.64128,0.002077985918423972,6.773295889851617e-05
3.64392,0.002865375624306327,9.189713352876083e-05
3.64656,0.001661631034961157,5.449299512402159e-05
3.64921,0.002932767411209765,9.447773680548568e-05
3.65185,0.001797879647613762,5.896054105579249e-05
3.6545,0.004458264289678134,0.0001383096075097869
3.65714,0.001716615774139844,5.625794729396733e-05
3.65978,0.002822912389012207,9.070383980948424e-05
3.66243,0.003849696309655935,0.0001211072113018787
3.66507,0.001817815621531633,5.950305735491087e-05
3.66771,0.002612661001664816,8.414094089714037e-05
3.67036,0.003193033851276362,0.0001013165725955797
3.673,0.003697423834628191,0.0001163589776356337
3.67565,0.003214485224750274,0.0001016627910298869
3.67829,0.002754604952830187,8.797568819914444e-05
3.68093,0.002116440899001111,6.905284841594778e-05
3.68358,0.002263258393451722,7.256223297304235e-05
3.68622,0.002717720310765816,8.738173214986506e-05
3.68886,0.004076015052719203,0.0001261114591727227
3.69151,0.003833088720865708,0.000119890692923516
3.69415,0.002110489178690344,6.789174119028739e-05
3.6968,0.001813967605438402,5.841569739008406e-05
3.69944,0.002979410585460598,9.493477066937583e-05
3.70208,0.002578477524972254,8.186306853022763e-05
3.70473,0.002243068326859045,7.205734634190712e-05
3.70737,0.004190036279134296,0.0001283633856842506
3.71001,0.001674315066592676,5.390992647781004e-05
3.71266,0.003233313263041067,0.0001013079433240878
3.7153,0.003515742993895675,0.0001105666074059989
3.71794,0.002911506034961156,9.210361647946587e-05
3.72059,0.002484009988901218,7.932766802082427e-05
3.72323,0.003639376248612652,0.0001131192027724273
3.72588,0.002813453731964484,8.93396827254906e-05
3.72852,0.003572014220310766,0.0001112215583066876
3.73116,0.00208547821864595,6.65977194426001e-05
3.73381,0.003258717952275252,0.0001025729641589814
3.73645,0.00222598460044395,7.084647271200876e-05
3.73909,0.002727607033851275,8.696297629555773e-05
3.74174,0.002894028579356272,9.078226887826487e-05
3.74438,0.003109924944506106,9.775684195199981e-05
3.74703,0.002725148515538288,8.696253936285031e-05
3.74967,0.00418931749445061,0.0001297715602029178
3.75231,0.003058245699223089,9.524040625928032e-05
3.75496,0.002238139844617094,7.158703009776328e-05
3.7576,0.002213192980022198,7.051532933802969e-05
3.76024,0.002323585946170918,7.443236973042021e-05
3.76289,0.003373904342397337,0.0001052513496827485
3.76553,0.002603010058268589,8.276577227096649e-05
3.76818,0.003133129786348505,9.853980686894717e-05
3.77082,0.002247300915649282,7.147345413882932e-05
3.77346,0.002833666689789123,8.967153377412934e-05
3.77611,0.002597697003329632,8.248565241103852e-05
3.77875,0.001492892896781353,4.842418865685725e-05
3.78139,0.002455796545504994,7.835587840736561e-05
3.78404,0.002489213165926747,7.924854970731424e-05
3.78668,0.00356385807436182,0.0001107900563731495
3.78933,0.003427703315760264,0.0001068566446036198
3.79197,0.001900182852386239,6.328395753988381e-05
3.79461,0.002909725097114318,9.641924451630286e-05
3.79726,0.002127378329633737,7.197132635298255e-05
3.7999,0.002785613415649278,9.490148534684337e-05
3.80254,0.002078615427302994,7.232694229176252e-05
3.80519,0.001985104744728081,7.001519228744047e-05
3.80783,0.0005997319644839072,2.189242033787482e-05
3.81047,0.002964018521087683,0.0001042656456002992
3.81312,0.003775565344062154,0.0001334722318242519
3.81576,0.0020443884572697,7.43726540569195e-05
3.81841,0.003828631798002218,0.0001343418812151989
3.82105,0.003743611473362933,0.0001343134947304093
3.82369,0.002040792244728084,7.550556062957722e-05
3.82634,0.004380889636514984,0.0001557473503665569
3.82898,0.002322061390122085,8.647694200600223e-05
3.83162,0.002672533018867925,9.948165942839732e-05
3.83427,0.002619125485571587,9.836355191418142e-05
3.83691,0.003755050221975585,0.0001396011359423335
3.83956,0.003718916412319643,0.0001384971040117922
3.8422,0.002787133393451721,0.0001061745745758445
3.84484,0.001658996254162041,6.499439871755907e-05
3.84749,0.00371118604328524,0.0001362049970479449
3.85013,0.001649343021642621,6.15235091185725e-05
3.85277,0.0007822643590455044,2.918599007152165e-05
3.85542,0.002119963859600446,7.72450216282235e-05
3.85806,0.00153638394839068,5.60522189900647e-05
3.86071,0.002487228496115426,8.836978256045727e-05
3.86335,0.002519626456714765,8.879026539049483e-05
3.86599,0.00186633816592675,6.622584301109649e-05
3.86864,0.003752394839067701,0.00012783267286881
3.87128,0.002249404619866818,7.936684565399849e-05
3.87392,0.003117543146503885,0.0001073266554724643
3.87657,0.00474968569644839,0.0001586176407301108
3.87921,0.002227710599334074,7.806272563728363e-05
3.88186,0.003118566384572698,0.0001070823763366604
3.8845,0.003819491329078803,0.0001294908343076284
3.88714,0.002146137694228636,7.440859952191955e-05
3.88979,0.003479364248057714,0.0001185827820047787
3.89243,0.002714531562153163,9.346995826742495e-05
3.89507,0.003642821379023305,0.0001215264437860957
3.89772,0.002182612583240847,7.479666867758572e-05
3.90036,0.001585554314650386,5.479612659653136e-05
3.903,0.00144505251109878,4.998982252639641e-05
3.90565,0.003303552719200888,0.0001100625888403076
3.90829,0.002341463998335183,7.920861163725735e-05
3.91094,0.002065496462264149,7.058945385127885e-05
3.91358,0.001379926956159822,4.750562698608179e-05
3.91622,0.002000338859600442,6.757681002669239e-05
3.91887,0.002446134156492786,8.275945549692821e-05
3.92151,0.002502027677580465,8.358208233459812e-05
3.92415,0.00107844714206437,3.708184382976676e-05
3.9268,0.003470507630410654,0.0001141732318841813
3.92944,0.001669256104328527,5.636563510301848e-05
3.93209,0.002349114248057714,7.845354253105527e-05
3.93473,0.001834173695893455,6.133205397549287e-05
3.93737,0.00277791738346282,9.141006566240519e-05
3.94002,0.002841774764150942,9.363342295745169e-05
3.94266,0.003192138804106552,0.00010454799780714
3.9453,0.001986448460044395,6.655447545736804e-05
3.94795,0.003388119797447283,0.0001101623303578902
3.95059,0.00236332283573807,7.877028269966017e-05
3.95324,0.004181021711986681,0.0001348164333388002
3.95588,0.002813522405660374,9.282887841798446e-05
3.95852,0.004036394908435072,0.0001302817632160069
3.96117,0.002593398029966705,8.620919818035746e-05
3.96381,0.003275742161487234,0.0001067618980685804
3.96645,0.003104167799667035,0.0001013675405303555
3.9691,0.003286528509988901,0.0001071120826442139
3.97174,0.001850650804661491,6.246985749602236e-05
3.97439,0.003049613415649277,0.0001005807029990255
3.97703,0.002999172586015537,9.742662269054265e-05
3.97967,0.001866415996115424,6.247145072168487e-05
3.98232,0.002377970935072142,7.859080934174475e-05
3.98496,0.002694719200887905,8.878540056355498e-05
3.9876,0.00309867390399556,0.0001010938745371823
3.99025,0.002045645185904552,6.820765113394019e-05
3.99289,0.00283273501664817,9.373789723263373e-05
