0.0431807,68.46073670227526,0.482426434943437
0.0458244,59.289221545505,0.4322423612005656
0.0484682,51.61578208934517,0.3967694263387936
0.0511119,45.52445731132076,0.3879453706421205
0.0537556,40.17227507630411,0.3419097045386106
0.0563993,35.45537694922309,0.3312844316144808
0.059043,31.6088806964484,0.2918628882136232
0.0616867,28.26597582061599,0.2854763527168866
0.0643304,25.42850575263596,0.2645238481157966
0.0669742,23.14224494450611,0.2415624112176083
0.0696179,20.71190228149279,0.2320023223301237
0.0722616,18.92011170158158,0.2087692383359571
0.07490529999999999,17.17911598709767,0.198007651297611
0.07754900000000001,15.63622987583241,0.1865419192612145
0.08019270000000001,14.42599852941176,0.1726806659610725
0.08283649999999999,13.10500385960044,0.1658712190523631
0.08548020000000001,12.14501275388457,0.152845818078421
0.08812390000000001,11.18517552302997,0.1530636323725748
0.0907676,10.30504125832408,0.1449505464245783
0.0934113,9.468310211570479,0.1362443364841152
0.096055,8.780069458934518,0.1330293909723354
0.0986987,8.165126682852387,0.1233237884994443
0.101342,7.496363781908991,0.117565609397522
0.103986,7.039420546614873,0.1082785062764238
0.10663,6.513419202968924,0.1045272076673398
0.109274,5.995395293423974,0.09909266442994449
0.111917,5.657654051054385,0.09291562803011447
0.114561,5.261318465593785,0.0872323197848536
0.117205,4.952922729605994,0.08331979220641587
0.119848,4.599598075055495,0.07820149278712664
0.122492,4.30374778718091,0.07256394146363845
0.125136,4.045893075749168,0.07005602731379552
0.12778,3.766474892480578,0.06556055752235197
0.130423,3.56460302372364,0.0630250053894791
0.133067,3.368134492924528,0.06043184970978468
0.135711,3.118067378607103,0.05469139093578945
0.138354,2.942740113762487,0.05287165715679079
0.140998,2.774772586015538,0.0499063986136673
0.143642,2.617092538152053,0.04737256420064228
0.146286,2.468747191315205,0.04425680001766999
0.148929,2.326509248057714,0.04178445268155556
0.151573,2.222848570338513,0.04113881550829823
0.154217,2.087061009988902,0.03805498530887486
0.15686,1.976908378884573,0.03653655632724152
0.159504,1.850102880133185,0.03409159265235016
0.162148,1.798304737791343,0.03324016353627469
0.164792,1.687796285377359,0.03195883852845333
0.167435,1.597307314095449,0.02970447861368113
0.170079,1.517783448945616,0.02853745356110996
0.172723,1.41948881936737,0.02668613124472447
0.175366,1.344049230715871,0.02561849924815926
0.17801,1.294191646781354,0.02455468179505909
0.180654,1.236509908435072,0.02342377153173084
0.183298,1.163506862513873,0.02239453239687369
0.185941,1.106065665233074,0.0211973222040705
0.188585,1.057959626803552,0.02037383395044731
0.191229,1.012988084766926,0.01965954959083791
0.193872,0.9712622218368481,0.01878132198582416
0.196516,0.912525403718091,0.01788937354919047
0.19916,0.874481961709212,0.01715624443973423
0.201804,0.8468353281076583,0.01698362387453982
0.204447,0.801902495144284,0.01590213044237567
0.207091,0.7548508726415095,0.01495856908014628
0.209735,0.7358212541620422,0.01462257150644154
0.212378,0.7113996059933408,0.0142136291866946
0.215022,0.6746146323529413,0.01352317959402048
0.217666,0.6481182144839067,0.0131600388344342
0.22031,0.6326967119866815,0.01299894837753979
0.222953,0.595382538845727,0.01214681591873931
0.225597,0.57564503190899,0.01167458194144155
0.228241,0.558592094200888,0.01150547040770661
0.230885,0.551613038290788,0.01132532785233223
0.233528,0.500693827691454,0.01054055571449813
0.236172,0.4978967709489456,0.01041573359342312
0.238816,0.4820953655660378,0.01009932942908332
0.241459,0.4509374916759157,0.009508592187693862
0.244103,0.4551524084350722,0.009429404326060318
0.246747,0.426319390954495,0.009049237045698212
0.249391,0.4125008698668147,0.008833062407396701
0.252034,0.3883058906770255,0.00845077111458944
0.254678,0.3862062610987792,0.008277578553398566
0.257322,0.3757719339622642,0.00809359819772399
0.259965,0.3596953301886792,0.007793419603543803
0.262609,0.3473647620699224,0.007574022719543915
0.265253,0.3264323557158713,0.007296847112142854
0.267897,0.3265344735016648,0.007170606385437163
0.27054,0.3118785224750277,0.006910216133055093
0.273184,0.3001510467536071,0.006630429371679094
0.275828,0.2929874417314096,0.006501263480453408
0.278471,0.284806138318535,0.006436013180832696
0.281115,0.2773866779966704,0.006286622802478376
0.283759,0.2749504786348502,0.006241742586810047
0.286403,0.2619453288013319,0.005880763951543961
0.289046,0.2479489657325194,0.005709962481654425
0.29169,0.2391403281076581,0.0055164473580858
0.294334,0.2416948980299667,0.005591918970051441
0.296977,0.2227118632075472,0.005257636120666814
0.299621,0.2327716211154273,0.005349647262733503
0.302265,0.226610766509434,0.00524987710586393
0.304909,0.2151088380965594,0.005024334414072182
0.307552,0.2147091800776915,0.00505201092951079
0.310196,0.2119082776082131,0.004955816273463728
0.31284,0.2031769207824639,0.004778054653579056
0.315483,0.1970383164539401,0.004677558568926395
0.318127,0.1978367786487237,0.004652434968703384
0.320771,0.1823462567980022,0.004376014410635455
0.323415,0.1819599993063263,0.004374542827958081
0.326058,0.1855083920643729,0.004394884332151229
0.328702,0.1787707470865705,0.004337915275947768
0.331346,0.1689074211293008,0.004104601139588038
0.333989,0.167583705882353,0.004057474273792104
0.336633,0.1572648695893452,0.003841348356585388
0.339277,0.1611596066870144,0.003898058828465228
0.341921,0.1529839345172031,0.003806188255595126
0.344564,0.15475940822697,0.003793317484587133
0.347208,0.1494979661487236,0.003708215501895583
0.349852,0.1452994166204218,0.003599442134570157
0.352495,0.1478617718507214,0.003645943105851456
0.355139,0.1390700027746948,0.00348114028676451
0.357783,0.1355852041481687,0.00342464521016896
0.360427,0.1361876601692564,0.00342046604843637
0.36307,0.1431472745560488,0.003500129667670375
0.365714,0.1384740409961154,0.003433209512492048
0.368358,0.1262811727941177,0.003176812379499529
0.371001,0.1248589932019978,0.003173678337726827
0.373645,0.1230031277746948,0.003142330754850827
0.376289,0.1176132223917869,0.003013961874835022
0.378933,0.1198704329217536,0.003069117248000091
0.381576,0.1154416731409545,0.002931150137891303
0.38422,0.109885723917869,0.002863079399798462
0.386864,0.1180209884850166,0.002979661319062444
0.389507,0.1066850306603774,0.002795627640628144
0.392151,0.1033975842119867,0.002750084316496764
0.394795,0.1051627087957825,0.002727871710570256
0.397439,0.1057772536764706,0.002747006039664145
0.400082,0.1070645581298557,0.002745268546185769
0.402726,0.09995403787458382,0.002631230119375389
0.40537,0.09818689886237514,0.002593288166949505
0.408013,0.1030855126248613,0.002642032591334655
0.410657,0.09886349958379577,0.002598848777920205
0.413301,0.09872012493063263,0.002565728544845576
0.415945,0.09408438949778027,0.002498298031265439
0.418588,0.09516567515260821,0.002518873680331915
0.421232,0.09068102642896782,0.002423589612967175
0.423876,0.09111865871254161,0.002469849711056509
0.426519,0.08948715482796893,0.002447179992697848
0.429163,0.08462924625416204,0.002425793260276135
0.431807,0.08746638325471698,0.002523782402358458
0.434451,0.08541950423140955,0.002524267974492672
0.437094,0.08454925284406214,0.002566469473355338
0.439738,0.08358629654550499,0.00254941411164556
0.442382,0.08851980341287459,0.002703476809468533
0.445025,0.07626775450887902,0.002437916756310021
0.447669,0.08202803544672588,0.002582308810645466
0.450313,0.08331431437291899,0.002648867040624605
0.452957,0.08145304890399557,0.002571645791538087
0.4556,0.08032543597391788,0.002534540545703513
0.458244,0.07831578038290787,0.002451515507818723
0.460888,0.07738496566315205,0.002446234278386494
0.463531,0.07371994436736957,0.002392527597126751
0.466175,0.07410953940066592,0.002369267071501552
0.468819,0.06967815628468368,0.002322001812290927
0.471463,0.06826349188401777,0.002224687451066109
0.474106,0.07233456471975583,0.002369496089766032
0.47675,0.06925150721420643,0.00229379425353923
0.479394,0.06380618444783574,0.002176948044228929
0.482037,0.07005534655937848,0.002349660845439595
0.484681,0.07119899479744728,0.002256080012010109
0.487325,0.06571472259988902,0.002137491934600892
0.489969,0.0617513804800222,0.001994425409460203
0.492612,0.06353838450332965,0.002036718895241936
0.495256,0.06247700506381799,0.001974060462932126
0.4979,0.064045390954495,0.001985696972137266
0.500543,0.06257061646781355,0.001940413142970657
0.5031870000000001,0.06420397683129855,0.001958564076919445
0.505831,0.05996942626248613,0.001870299398561269
0.508475,0.06621613901220866,0.001992683281922997
0.511118,0.05737829446448391,0.001777928445041831
0.5137620000000001,0.05968710869866815,0.001829664090485687
0.516406,0.05886866245837959,0.001792909726636727
0.519049,0.05943540815760266,0.00181479718128369
0.521693,0.05840793750000001,0.00176654182851284
0.5243370000000001,0.05899097488901222,0.001778797524777139
0.526981,0.05839937160099889,0.001767850239448224
0.529624,0.05685366634295228,0.001710274085660008
0.532268,0.05790622579078802,0.001738978659498667
0.5349120000000001,0.0551555695754717,0.001662573305148072
0.537555,0.05466914692008879,0.001651437245087235
0.540199,0.0572687896781354,0.001712205167914865
0.542843,0.05082783109045506,0.0015654372036847
0.5454870000000001,0.05386473758324084,0.001624864967471892
0.54813,0.0532438861681465,0.001577605741776715
0.550774,0.05242505306603774,0.001581257951796912
0.553418,0.05745953315760267,0.001668495243299527
0.556061,0.05152979758601554,0.001546999122250457
0.558705,0.05152648751387347,0.001555452489303318
0.561349,0.04984636036348502,0.001481860272308143
0.563993,0.04973585294117647,0.001493770176209266
0.566636,0.0521293052164262,0.001531297705864759
0.56928,0.05020708039678136,0.001501953319416748
0.571924,0.04908184586570478,0.001469652582046977
0.574567,0.05134401005826859,0.001511134253213552
0.577211,0.04830197364039956,0.001443252165335412
0.579855,0.05085211182019978,0.001479104317987551
0.582499,0.05107121066870145,0.001497757737151117
0.5851420000000001,0.05133580812985572,0.001490252276152515
0.587786,0.04681127372364041,0.001409992453082911
0.59043,0.04908641953385127,0.001444991418551192
0.593073,0.04589113776359601,0.001355544987878321
0.5957170000000001,0.04816915642341842,0.001408717772592607
0.598361,0.04809453787458379,0.001410195525627349
0.601005,0.04755313734739178,0.001387647155339463
0.603648,0.04384060758879023,0.001303463737943555
0.6062920000000001,0.04644090274694785,0.001355636020045501
0.608936,0.04426697738623751,0.001308798364233003
0.611579,0.04714934288290788,0.001355556333957008
0.614223,0.04914354918146504,0.001395565024335939
0.6168670000000001,0.04689634211986681,0.001348121342757009
0.619511,0.04403609184239734,0.001280327933391592
0.622154,0.04424466301331853,0.001288264472586063
0.624798,0.04233695352386238,0.001238113671304407
0.6274420000000001,0.04357410557713651,0.001257380354094958
0.630085,0.04370903107658157,0.001268821217053955
0.632729,0.043478921545505,0.001254254807666497
0.635373,0.04080049861265261,0.001197145884696387
0.6380169999999999,0.04236535467536071,0.001219570169001352
0.64066,0.04194999098224195,0.001219569959148333
0.643304,0.04258304571309656,0.00123263174361034
0.645948,0.04382389012208657,0.001251052357588229
0.6485919999999999,0.04104174243895672,0.001190109960450382
0.651235,0.04251773931742508,0.001230166208006634
0.653879,0.04480188367092121,0.001272330283904107
0.656523,0.03983793146503885,0.001162770100709975
0.659166,0.03967027379300777,0.001160846325759891
0.66181,0.03985987957824639,0.001148259441607237
0.664454,0.04270548862375139,0.001220069393346218
0.667098,0.04152433768035516,0.001199166813482673
0.669741,0.03984914816870144,0.001161576176629619
0.672385,0.04171551380410654,0.001191761162584006
0.675029,0.04270653475305216,0.001203887176483561
0.6776720000000001,0.04063789990288567,0.001157934857997068
0.680316,0.03751612187846837,0.001096612123084688
0.68296,0.03905836369311876,0.001118016314753046
0.685604,0.03696557630410655,0.001084034581781913
0.6882470000000001,0.03643398009156493,0.001063856257892546
0.690891,0.0356972349472808,0.001050498825848636
0.693535,0.03769744332685904,0.001085925544300329
0.696178,0.03795282706714761,0.001091576253909679
0.6988220000000001,0.03678626012763597,0.001070751522072479
0.701466,0.04117804827968923,0.001150661064756594
0.70411,0.03534165857380688,0.00103696372333448
0.706753,0.04205002795504995,0.001159761886602529
0.7093970000000001,0.03971822405660378,0.001118405338860444
0.712041,0.03598747745560488,0.001042067603246917
0.714684,0.03692856347114317,0.001054629694943021
0.717328,0.03817529779411766,0.00107947571708792
0.7199719999999999,0.03906629779411765,0.001097320578491653
0.722616,0.03772490593784684,0.001063662133176885
0.725259,0.03825514241120977,0.001076930976188971
0.727903,0.03576083594617092,0.001011128622164259
0.7305469999999999,0.03432868264428413,0.0009958925017232358
0.73319,0.03683657734461709,0.001043538400699094
0.735834,0.03658487451442841,0.001029706870413313
0.738478,0.03440061147336294,0.0009805112276794824
0.7411219999999999,0.0359025166481687,0.001014375102241076
0.743765,0.0368637103218646,0.001039427833556695
0.746409,0.03605662728912321,0.00100461220512216
0.749053,0.03724761459489456,0.00104021833377869
0.751696,0.03591616440066592,0.001001746813236145
0.75434,0.03453909655937847,0.0009826897738761614
0.756984,0.03497457706714761,0.0009757775705523889
0.759628,0.03568114698945617,0.0009974001338739051
0.762271,0.03543707609600445,0.0009894170934572192
0.764915,0.03575197932852386,0.0009895527990609384
0.767559,0.03444816571864595,0.0009753279510990697
0.7702020000000001,0.03508021552441731,0.000973053062435202
0.772846,0.03294393479467259,0.0009274424929962676
0.77549,0.03683915489733629,0.0010143854267247
0.778134,0.03313852857935628,0.0009266793949421689
0.7807770000000001,0.0366533330327414,0.001005807317613958
0.783421,0.03715978551609323,0.001008682749095146
0.786065,0.0336935150527192,0.0009404852421098156
0.788708,0.03476671781354051,0.0009624719556250171
0.7913520000000001,0.03563477393174251,0.0009698417218783788
0.793996,0.03392999979189789,0.0009411059702763995
0.79664,0.03317810523029967,0.0009196256054937701
0.799283,0.03181767931465039,0.0008911957746806913
0.8019269999999999,0.03816988172863486,0.001017319220586149
0.804571,0.03289297204495006,0.0009074157162570924
0.807214,0.03232418215871254,0.0009003474631489494
0.809858,0.03520390142896782,0.0009468501452559297
0.8125019999999999,0.03379609753052164,0.0009333818256063588
0.815146,0.03385285634017758,0.0009204110054733852
0.817789,0.03162676644006659,0.0008774043181791677
0.820433,0.03438169644839068,0.0009370583626934537
0.8230769999999999,0.03604479023307437,0.0009599319830292139
0.82572,0.03498176949223086,0.0009457269287035889
0.828364,0.03364606152885683,0.0009112300917124326
0.831008,0.03315141176470588,0.000905962858594669
0.8336519999999999,0.03399921143174251,0.0009112153009592899
0.836295,0.03222613672308546,0.0008802466237964749
0.838939,0.03167087784406215,0.0008714837557566443
0.841583,0.03494404703107658,0.0009225109317100818
0.844226,0.03516746774417314,0.0009438340770631577
0.84687,0.03085080861542731,0.0008458139789393562
0.849514,0.03315821046059933,0.0008920807801844265
0.852158,0.03176263505826859,0.0008672491340330996
0.854801,0.02996043354605993,0.0008127759947741103
0.857445,0.03104858428135405,0.0008470386840831898
0.860089,0.03311167258601554,0.0008789344757031967
0.8627320000000001,0.03262859891786904,0.0008709799925208673
0.865376,0.03216072502774695,0.000891887385993552
0.86802,0.03851085120699223,0.001010235753341925
0.870664,0.03530657547169812,0.0009629489558818403
0.8733070000000001,0.03358861598224195,0.0009145083049004596
0.875951,0.03359861258324084,0.0009322970568403157
0.878595,0.03476506735571587,0.0009549811468996576
0.881238,0.03245320858768035,0.0009038650848102876
0.8838819999999999,0.03387355688124306,0.0009479851390332644
0.886526,0.03195168229744728,0.0008869679823461082
0.88917,0.0316466795227525,0.0008911625053300513
0.891813,0.03316660009711432,0.0009233604960725758
0.8944569999999999,0.03293308892896781,0.0008984151420090158
0.897101,0.03105550430077692,0.0008526353892822355
0.899744,0.0327245292036626,0.0008821938638870073
0.902388,0.03269825922586016,0.0008782771225918091
0.9050319999999999,0.03310752698390677,0.0008745599658570379
0.907676,0.03311339629578246,0.0008762751785200623
0.910319,0.03345109919533852,0.0008854209989348473
0.912963,0.0308979874445061,0.000832945824276706
0.9156069999999999,0.03124299493618202,0.000839842660636214
0.91825,0.03253603822142064,0.0008513230868380949
0.920894,0.03180379120421754,0.0008468743569535204
0.923538,0.03224630847669257,0.0008515664750956543
0.9261819999999999,0.0310147144145394,0.0008203855799955977
0.928825,0.02937894360432852,0.0007976941473248323
0.931469,0.0337968987236404,0.0008738070258480591
0.934113,0.03328924216148724,0.0008728096623475956
0.936756,0.03192442570754717,0.0008304289798414219
0.9394,0.03076786681465039,0.0008112082100245326
0.942044,0.03006785523029967,0.000792243890221462
0.944688,0.03227415337125417,0.0008382420707524447
0.947331,0.03188467737236404,0.0008322714807849965
0.949975,0.03242577344617092,0.0008352630424564881
0.952619,0.0312853597391787,0.0008157927240444725
0.9552619999999999,0.03217376387347392,0.0008320557169359268
0.957906,0.0311338266509434,0.0008109807868187104
0.96055,0.03094131596836848,0.0008110859317689496
0.963194,0.03239506943673696,0.0008192629583276718
0.9658369999999999,0.03046928731964484,0.0007971846215397716
0.968481,0.03133908088235294,0.0008070098738844418
0.971125,0.03051200006936737,0.0007867858597943802
0.973768,0.03035183469755827,0.0007824759614354582
0.9764119999999999,0.03222074812708102,0.0008118070208315223
0.979056,0.03189491890954495,0.0008129261738899302
0.9817,0.03182584690621532,0.0008067956571098869
0.984343,0.02843822842674806,0.000737584650002091
0.9869869999999999,0.03132323099334073,0.0007894102144898105
0.989631,0.03054557921753608,0.0007856907841618586
0.992274,0.03232088582130966,0.0008406630124776853
0.994918,0.03079076491398446,0.0008088793392204388
0.9975619999999999,0.03144948987236404,0.0008302981986513525
1.00021,0.03199154508879024,0.0008475990524414488
1.00285,0.03069427608213097,0.0008186926221125418
1.00549,0.03260679501942286,0.000873824006247976
1.00814,0.03121591231964484,0.000839504023091465
1.01078,0.02941534295227525,0.0008083033355619577
1.01342,0.02723374673973362,0.0007668776794612125
1.01607,0.02845940052719201,0.0008010631523012201
1.01871,0.03000339809933408,0.0008271844725455351
1.02136,0.03024510432852387,0.0008367363190189854
1.024,0.02852871975582686,0.0008083409088335047
1.02664,0.03118824826581576,0.0008648137580692846
1.02929,0.03409849757214207,0.0009270212561068778
1.03193,0.03069051505271921,0.0008553697682861311
1.03457,0.03100173508601553,0.0008601529052003065
1.03722,0.02995064296614872,0.0008482280510414007
1.03986,0.03401290496670367,0.0009228907250149116
1.04251,0.03013930334350722,0.0008512782515129717
1.04515,0.03065568146503885,0.0008468657266968634
1.04779,0.03267001602386238,0.0008796320760185148
1.05044,0.02884949916759157,0.0007943528597592691
1.05308,0.0290697173973363,0.0007852001452215644
1.05572,0.02984961709211987,0.0008063077937346993
1.05837,0.02921399396503885,0.0007793775607363459
1.06101,0.02832789497780244,0.0007697695184752894
1.06365,0.03038266231964484,0.0007985897025182639
1.0663,0.02856940892064374,0.0007632361044362599
1.06894,0.02909327476415094,0.0007724745595094897
1.07159,0.03044705993340733,0.0007873601208170902
1.07423,0.03202723480854607,0.0008256152119994212
1.07687,0.02860304071864595,0.0007495836489223679
1.07952,0.02915613637624861,0.0007650700664163267
1.08216,0.0292467673418424,0.0007617617081788182
1.0848,0.02929058115982242,0.0007487365073789394
1.08745,0.02874289012208657,0.0007455946186439276
1.09009,0.02968112160099889,0.0007585728265181164
1.09274,0.02943640059655938,0.0007579018922749002
1.09538,0.02939080126248613,0.0007539084180129155
1.09802,0.0296733225582686,0.0007523466180745428
1.10067,0.02883399951442842,0.0007411435635743034
1.10331,0.03108766419256382,0.0007737126785442099
1.10595,0.02718670067980022,0.0007038963076451664
1.1086,0.028727012763596,0.0007306849240815743
1.11124,0.02792643541897891,0.0007155679100629195
1.11389,0.02781237985571587,0.0007154145820261737
1.11653,0.02774583046614873,0.0007001217147609379
1.11917,0.0262009698945616,0.0006810405145163636
1.12182,0.0277887103218646,0.0007051031217218276
1.12446,0.02905329293840177,0.0007337764510960323
1.1271,0.02667316793840177,0.0006827145170840348
1.12975,0.02811518049389567,0.0007064243585651774
1.13239,0.028437365427303,0.0007160147925373191
1.13504,0.02912381624583796,0.0007256087516488337
1.13768,0.02832506333240844,0.0007109284035833331
1.14032,0.02515851921476138,0.0006514753967102341
1.14297,0.0258019390954495,0.000663106494528742
1.14561,0.02741344291065483,0.0006992067949692174
1.14825,0.02610714102386237,0.000660795559182344
1.1509,0.0276157830882353,0.0006935288807438955
1.15354,0.02602355369034406,0.0006624494578794853
1.15618,0.02738227878745838,0.0006846822780831675
1.15883,0.02682132228079911,0.0006831164434801047
1.16147,0.02550695123473918,0.0006449563042562655
1.16412,0.02619100305216426,0.0006671564212265855
1.16676,0.02580190933684795,0.000647665275215456
1.1694,0.02659822204495006,0.0006689699704777901
1.17205,0.02707879827968924,0.0006740202869156333
1.17469,0.02509524556048835,0.0006353750519872857
1.17733,0.02574392813540511,0.0006496942839542259
1.17998,0.02471135960044395,0.000622583409161544
1.18262,0.02578929397891232,0.0006476826345378762
1.18527,0.02638705500832409,0.000655699673559301
1.18791,0.02514676456714762,0.0006342403201520092
1.19055,0.0243910013873474,0.0006199764171232867
1.1932,0.02588847939789123,0.0006407261739405542
1.19584,0.02495224403440622,0.000628198043665297
1.19848,0.02698339220310766,0.0006604572724470657
1.20113,0.02488932977247503,0.0006257018289624716
1.20377,0.02541766627358491,0.0006327557842976721
1.20642,0.02378925728357381,0.0006018159140051518
1.20906,0.02445935231687015,0.0006160240869437196
1.2117,0.02530908171476138,0.0006237261386500522
1.21435,0.02449994762763596,0.0006122404812605006
1.21699,0.02472497759433962,0.0006134840874569719
1.21963,0.02483482803829079,0.0006168399625899018
1.22228,0.02516423057713652,0.000625088608401948
1.22492,0.0231375713790233,0.0005801868718976612
1.22757,0.0258399042036626,0.0006333874537059509
1.23021,0.0234292331437292,0.0005838000837639894
1.23285,0.023506697072697,0.0005864002280602741
1.2355,0.02421760030521643,0.0006017283374774778
1.23814,0.02496302580466149,0.0006129517797382261
1.24078,0.02308612333518313,0.0005809192213234098
1.24343,0.02385193576581576,0.0005924785275182027
1.24607,0.02071731576026637,0.0005286764962970128
1.24871,0.02177905688124306,0.0005493312128713828
1.25136,0.02263264574084351,0.0005637620267558679
1.254,0.021157637763596,0.0005370337730189434
1.25665,0.02233028232519423,0.0005587584936646323
1.25929,0.02358341016925638,0.0005836827432548086
1.26193,0.02181481756381798,0.0005431831207256967
1.26458,0.02184250908712542,0.0005448575128823248
1.26722,0.02052520338512764,0.0005211941371377415
1.26986,0.0224765458518313,0.0005579959557098317
1.27251,0.02462826900665927,0.000599308872249241
1.27515,0.02267445657602664,0.0005582318925960895
1.2778,0.02194524722530522,0.0005468000249732732
1.28044,0.02134133990011099,0.0005294582521383251
1.28308,0.02103360620144284,0.0005252186330312808
1.28573,0.0197843378190899,0.0005041428817411238
1.28837,0.02113778419811321,0.0005227908792464056
1.29101,0.02081053343507214,0.0005258511636633776
1.29366,0.0186559557436182,0.000474665535543789
1.2963,0.02299568694506105,0.0005605439435886439
1.29895,0.02074775423140954,0.0005182635231388955
1.30159,0.01960708185349612,0.0004905329986731315
1.30423,0.02127626470588235,0.0005296417289469065
1.30688,0.02217492411209767,0.0005377938587728556
1.30952,0.0193215,0.0004876843211856477
1.31216,0.02066691842397337,0.0005098839420165013
1.31481,0.01950752330743618,0.0004892058694596871
1.31745,0.01935354772475027,0.0004852863917665344
1.3201,0.0186241231964484,0.0004669847992415342
1.32274,0.02091593153440622,0.0005135812812358923
1.32538,0.02001950173418424,0.0004927916009187504
1.32803,0.01966105251109878,0.0004857453556189927
1.33067,0.01867598099334073,0.0004717261916171555
1.33331,0.0193882760127636,0.0004775140700829489
1.33596,0.01777568944228635,0.0004501203765735259
1.3386,0.01892892452830188,0.000471785750520671
1.34124,0.01945594249445061,0.000480436529790528
1.34389,0.0176535212264151,0.0004447464830671233
1.34653,0.01886872287735849,0.0004658442415488344
1.34918,0.01778393257491676,0.0004485089931992532
1.35182,0.0183704975027747,0.0004558365293233247
1.35446,0.01835137187846837,0.0004588543474265401
1.35711,0.01827911799389567,0.0004560565136575125
1.35975,0.02016171809100999,0.0004928573418124402
1.36239,0.01755072357103219,0.0004426915514402084
1.36504,0.01647393146503885,0.0004154080098007537
1.36768,0.01675165246947836,0.0004250118032081946
1.37033,0.01811663374028857,0.0004514679970970046
1.37297,0.01692712062985572,0.0004277567234074865
1.37561,0.01731857443118757,0.0004396588767960669
1.37826,0.0163213362236404,0.0004117017133117714
1.3809,0.01786124313263041,0.0004473722922418034
1.38354,0.01839391294395117,0.0004566863717026782
1.38619,0.01567295810210877,0.0004025116796054279
1.38883,0.01604252559655938,0.0004069602632007351
1.39148,0.01546177046337403,0.0003963148910790913
1.39412,0.01673402164261932,0.0004229706319773221
1.39676,0.01714324819644839,0.0004269265491833341
1.39941,0.01707187333518314,0.0004272763704469746
1.40205,0.01613062479189789,0.0004070037926092716
1.40469,0.01533196573251942,0.000395614260150395
1.40734,0.01511763283851277,0.0003860800133164998
1.40998,0.01688283754162042,0.0004211332019202967
1.41263,0.01655325187291898,0.0004131599029073314
1.41527,0.01526493791620422,0.0003878804886482207
1.41791,0.01537273730577137,0.0003915924059529795
1.42056,0.01662959870976693,0.0004164690687325036
1.4232,0.01696014581021088,0.0004214170540381639
1.42584,0.01557954127358491,0.0003931540340075492
1.42849,0.01535525756104329,0.0003899695756445556
1.43113,0.01528900804661487,0.000388546319959074
1.43377,0.01590726588512764,0.0003997366455455794
1.43642,0.01399545199778024,0.0003581691059995043
1.43906,0.01456957096281909,0.0003726694250540009
1.44171,0.013805990427303,0.0003552953347390774
1.44435,0.01629598876248612,0.0004056768718849228
1.44699,0.01455533490566038,0.0003697246639484284
1.44964,0.01410544436736959,0.0003620020162710082
1.45228,0.01396180417591565,0.000356802733648705
1.45492,0.01434651879855716,0.0003641286561457006
1.45757,0.01348144082963374,0.0003453028331292916
1.46021,0.01440128378190899,0.000365351054980691
1.46286,0.0137243259572697,0.0003507621616220872
1.4655,0.01341157678967814,0.0003449765549825899
1.46814,0.01271789692008879,0.0003278978873526405
1.47079,0.01507773571032187,0.0003799017008860914
1.47343,0.01396728891509434,0.0003538864702935613
1.47607,0.01421133920643729,0.0003618215538164007
1.47872,0.01397269582408435,0.0003526381614880586
1.48136,0.01326462652608213,0.0003409777896614999
1.48401,0.01344663013318535,0.0003461159484849357
1.48665,0.01374190184517203,0.0003486462585127223
1.48929,0.01356899979189789,0.0003443403624472395
1.49194,0.01303288027192009,0.0003306618192903263
1.49458,0.01351353891509434,0.0003465112945771426
1.49722,0.01342914581021087,0.000340522615949184
1.49987,0.01368798383740288,0.0003464518194935995
1.50251,0.01167211556603774,0.0003060698786043439
1.50516,0.01388698876248613,0.0003490729480881031
1.5078,0.01308575443951165,0.0003330152812929105
1.51044,0.01280622731687014,0.0003275627986203198
1.51309,0.01198067105993341,0.0003087603747581214
1.51573,0.01221824542175361,0.0003156264126190924
1.51837,0.01339403294950056,0.000336660794479928
1.52102,0.01394974507491676,0.000349554522012134
1.52366,0.01240481582963374,0.000315333711157296
1.5263,0.01243774486681465,0.000315507230884703
1.52895,0.01179293091009989,0.0003049773468647696
1.53159,0.01162501914539401,0.000300894361488821
1.53424,0.01311219381243064,0.0003341007862615756
1.53688,0.01248174410377358,0.0003180151970358582
1.53952,0.01113628218645949,0.0002875424318281989
1.54217,0.01187865399556049,0.0003025196639672027
1.54481,0.01261878933129856,0.0003200057501872131
1.54745,0.01228737694228635,0.0003152410713711148
1.5501,0.01061556388734739,0.0002803567316759908
1.55274,0.01337146448390677,0.0003442530873888155
1.55539,0.01037745387069922,0.0002801080020815131
1.55803,0.01062314775249723,0.0002877194570366283
1.56067,0.01053353773584906,0.0002883650044412153
1.56332,0.01382533122918979,0.0003590952499320012
1.56596,0.01310175998890122,0.0003500101295462727
1.5686,0.01132201706437292,0.0003072339279914976
1.57125,0.01187564379855716,0.0003258695916232594
1.57389,0.01256980438401776,0.0003396022366932017
1.57654,0.01000964442286349,0.0002797501704695846
1.57918,0.009005406076581577,0.000260184944748093
1.58182,0.01026316710599334,0.0002890917415115374
1.58447,0.01199718250554939,0.0003322604432536077
1.58711,0.012762365427303,0.0003475272587922807
1.58975,0.01054196628745838,0.0002974706591300733
1.5924,0.01281651005826859,0.0003569415721618356
1.59504,0.01028243236681465,0.0002914040431962664
1.59769,0.01101450312153163,0.0003132178592858609
1.60033,0.01393370061043285,0.0003789352327954783
1.60297,0.01146980285793563,0.0003227329740541794
1.60562,0.01086345074916759,0.0003080509870284227
1.60826,0.01019833913706993,0.0002853799797277928
1.6109,0.01144115905937847,0.0003143336348735979
1.61355,0.01000541641231964,0.0002764934551479156
1.61619,0.01090357907880133,0.0002972500845589834
1.61883,0.01016131028024417,0.0002799189709249715
1.62148,0.009969667175360707,0.0002722679436650319
1.62412,0.009673882699778027,0.0002678249676417837
1.62677,0.00999110481409545,0.000270987235359317
1.62941,0.01045577393174251,0.0002847606635863424
1.63205,0.01022876387347392,0.0002765491249935616
1.6347,0.01050195470310766,0.0002822437570398724
1.63734,0.01050892966148723,0.0002829216085276088
1.63998,0.01044136161209767,0.0002808495810639618
1.64263,0.00994519873751387,0.0002682343706516505
1.64527,0.009711749375693675,0.000261147202305449
1.64792,0.01039714948668146,0.000278607256742566
1.65056,0.008701156423418423,0.0002386742806226963
1.6532,0.009229188471143178,0.0002500322042765894
1.65585,0.009947506173695895,0.000267917042760993
1.65849,0.009906283643174252,0.0002636280589605922
1.66113,0.01039658865149834,0.0002764312882739731
1.66378,0.008804473709766926,0.0002402724178649677
1.66642,0.01056103697280799,0.0002806129642739021
1.66907,0.008756788984461708,0.0002402793535096241
1.67171,0.0101633544672586,0.0002695398474220371
1.67435,0.009177451997780244,0.0002480875104813173
1.677,0.009028567425083242,0.0002437883230480321
1.67964,0.009162918354605993,0.0002463769792972251
1.68228,0.007402074431187568,0.0002043770703075888
1.68493,0.008836828177025531,0.0002385382682411697
1.68757,0.008588046268035514,0.0002326026655317318
1.69022,0.009755352594339625,0.0002583084023943671
1.69286,0.008132593160377358,0.0002212650148103387
1.6955,0.009239198806881243,0.0002486008173898329
1.69815,0.01027079217536071,0.0002708841291537497
1.70079,0.009007757006104327,0.0002436309788146836
1.70343,0.008325412874583795,0.0002236068203568038
1.70608,0.008369899694783575,0.0002258544893771591
1.70872,0.009036341287458382,0.0002401608423887747
1.71137,0.009564023099334075,0.0002535816020236304
1.71401,0.008904739594894559,0.0002386494270972413
1.71665,0.009504210599334073,0.0002520929384835354
1.7193,0.008541879231409545,0.0002302300632484126
1.72194,0.008921457061598227,0.0002376562166077753
1.72458,0.008120813332408437,0.0002195681845399747
1.72723,0.008559308615427301,0.0002285716282478187
1.72987,0.007903825055493894,0.000213661507391951
1.73251,0.00812569603218646,0.0002201826940332902
1.73516,0.006813266162597118,0.0001856358269788776
1.7378,0.007796073737513873,0.0002109113137054917
1.74045,0.007382323876248613,0.0002000959792310833
1.74309,0.007986002289123198,0.0002150477056088087
1.74573,0.007459366606548279,0.0002025464989055492
1.74838,0.006834678620976695,0.0001855828146777798
1.75102,0.007814755271920092,0.0002123789448701971
1.75366,0.008623873335183132,0.0002272048121087326
1.75631,0.007926647613762487,0.0002120811955220663
1.75895,0.008267276012763598,0.0002213640873930448
1.7616,0.007612497502774695,0.0002048422118964151
1.76424,0.008157091356825749,0.0002186572971690865
1.76688,0.008623044672586016,0.0002263254512008719
1.76953,0.008533663568257492,0.0002264030942267129
1.77217,0.007975502081021092,0.0002137612453256688
1.77481,0.008297778579356273,0.0002210359882747763
1.77746,0.008441627081021088,0.0002249434631413774
1.7801,0.00800827545782464,0.0002121839815159714
1.78275,0.008932215940621531,0.0002352496436294366
1.78539,0.007308650735294116,0.0001947589360616793
1.78803,0.007264035724195338,0.0001945668936998333
1.79068,0.007432961570477247,0.0002002646366621917
1.79332,0.007988579841842395,0.0002103295311461724
1.79596,0.006449595449500554,0.0001772599084536686
1.79861,0.008080229467258605,0.0002123224934616436
1.80125,0.007637790024972255,0.0002038308130121834
1.8039,0.007481898446170922,0.0002004906183347728
1.80654,0.007731131312430635,0.0002052324265671271
1.80918,0.00831553072974473,0.0002209611332078579
1.81183,0.006899534059378471,0.0001862500168876575
1.81447,0.007903815899001111,0.0002099042282982641
1.81711,0.008020524556048833,0.0002119738447474449
1.81976,0.007592485987791343,0.0002016821460841274
1.8224,0.007966345588235293,0.0002126505277317581
1.82504,0.007792365357935629,0.0002069537434984633
1.82769,0.008018626872918981,0.0002140525018086494
1.83033,0.004906991953385126,0.0001369085687300313
1.83298,0.005321476623196449,0.0001471480162537766
1.83562,0.006684340455049944,0.0001819059578871823
1.83826,0.007936298557158715,0.0002126207450666933
1.84091,0.008143734322974477,0.0002176073629501301
1.84355,0.007785939789123197,0.000208236337621288
1.84619,0.007632895879578246,0.0002049162126904986
1.84884,0.006193396781354049,0.0001683434595730388
1.85148,0.00802569110710322,0.0002146439122014653
1.85413,0.006933573321309657,0.0001891211714748372
1.85677,0.008098947627635963,0.0002142763209137027
1.85941,0.007705616745283019,0.000207169449240666
1.86206,0.00621987506936737,0.0001692759680065914
1.8647,0.006842795851831298,0.0001863745739320207
1.86734,0.007773855507769145,0.0002078660619366887
1.86999,0.007497878815205327,0.0002004656604405565
1.87263,0.005746083795782464,0.0001604893353860445
1.87528,0.006224938609877912,0.0001705317874449925
1.87792,0.006677807297447282,0.000182385525262579
1.88056,0.00670139213374029,0.0001826468664670918
1.88321,0.007175870144284129,0.0001931026863306183
1.88585,0.007226743618201995,0.0001969605639460041
1.88849,0.006853334975027749,0.0001847561761760894
1.89114,0.006034183684794672,0.0001668170840950866
1.89378,0.005821757630410653,0.0001597676528678824
1.89643,0.006963881312430633,0.0001891175572541015
1.89907,0.007000715593784686,0.0001906110391041954
1.90171,0.006341104744728078,0.0001722931276017795
1.90436,0.005986846906215319,0.0001651991390609428
1.907,0.005861455604883462,0.0001610657437907343
1.90964,0.006587943188124308,0.0001804269348238607
1.91229,0.006001085252497223,0.0001657604301874043
1.91493,0.006485919256381797,0.00017674758777402
1.91757,0.004751844339622645,0.0001333989602838959
1.92022,0.006782770463374029,0.000185134741320621
1.92286,0.005199237444506102,0.0001460221804566763
1.92551,0.005688299458934515,0.0001562746316162265
1.92815,0.005510228565482798,0.0001524100349414859
1.93079,0.005868611403995559,0.0001632193428085212
1.93344,0.006753211015538289,0.0001828230760834525
1.93608,0.005406634295227528,0.0001502298089059552
1.93872,0.005943083448945619,0.0001635458967496284
1.94137,0.00696767896781354,0.0001906152589386
1.94401,0.006620421268035519,0.0001808179430606036
1.94666,0.005505217674805775,0.0001525028252862624
1.9493,0.006344501803551612,0.0001741918441553901
1.95194,0.005282595865704772,0.0001466781509206149
1.95459,0.004622696587125415,0.000130361479503921
1.95723,0.004067245421753604,0.0001163631577549087
1.95987,0.005384883046614874,0.0001494265288183136
1.96252,0.007205752358490566,0.0001957037208024272
1.96516,0.006956036487236405,0.000187737258043225
1.96781,0.005095569922308543,0.0001423433844362393
1.97045,0.008187392480577137,0.0002172034803187
1.97309,0.006855390607658158,0.0001863618959472411
1.97574,0.00587639213374029,0.0001626791597642099
1.97838,0.006210409544950056,0.0001701927200735664
1.98102,0.005783176748057717,0.0001607475374062165
1.98367,0.006201127150388456,0.0001694698009671347
1.98631,0.00579052025527192,0.0001598375125125879
1.98896,0.005879606062708102,0.0001623514639835427
1.9916,0.006090622017203107,0.0001672827795034668
1.99424,0.005000919256381798,0.0001388591886363323
1.99689,0.006740556742508327,0.0001819583547363268
1.99953,0.005731396781354052,0.0001574644165231881
2.00217,0.005103206437291897,0.0001418508860940813
2.00482,0.006568080466148722,0.0001781599132152752
2.00746,0.005072612305771365,0.0001409070654281258
2.0101,0.006020648099334075,0.0001634208765235743
2.01275,0.005588667660932301,0.0001540785897130144
2.01539,0.004604637694228636,0.0001278209562887969
2.01804,0.007083288845726972,0.000191361683125865
2.02068,0.006148131659267479,0.0001676916020846628
2.02332,0.006575300360710322,0.0001772695487846286
2.02597,0.006047856617647058,0.0001651132337217584
2.02861,0.006236759642064374,0.00016828165226146
2.03125,0.00588854737791343,0.0001611416000104628
2.0339,0.00476994901498335,0.0001326592450107386
2.03654,0.004466676817425084,0.0001257842901164602
2.03919,0.004587368548834629,0.0001280430789471499
2.04183,0.004619883254716982,0.0001283186932459818
2.04447,0.006084743548834631,0.0001657408839941931
2.04712,0.004463396503884572,0.0001245834767787084
2.04976,0.004369093784683684,0.0001225125027396866
2.0524,0.005784101553829079,0.0001584745130785038
2.05505,0.004251776220865704,0.0001192806965876074
2.05769,0.004746471767480577,0.0001324233668997378
2.06034,0.005392828593229745,0.0001470646926003217
2.06298,0.005201835599334075,0.0001438746736003349
2.06562,0.005991706714761374,0.0001623608158851545
2.06827,0.004591266925638181,0.0001275865090277347
2.07091,0.004948811945061042,0.0001375344491400737
2.07355,0.004815049320199778,0.0001330182997810908
2.0762,0.004596836362375137,0.0001282728980218406
2.07884,0.005121336293007768,0.0001407872973669394
2.08149,0.004746538152053274,0.0001316532791739191
2.08413,0.005101675013873474,0.0001417320409383123
2.08677,0.005226397891231965,0.000142810870288372
2.08942,0.006066258879023308,0.0001662919774410636
2.09206,0.005027605854605993,0.0001391459130862197
2.0947,0.00420462486126526,0.0001182915138093948
2.09735,0.004584626179245284,0.0001279581526287811
2.09999,0.004851634087125417,0.0001347627332388477
2.10263,0.004531246115427301,0.0001279314876462317
2.10528,0.004223475790788014,0.0001172847368079069
2.10792,0.005886704633740289,0.0001614837921512754
2.11057,0.003628876040510545,0.0001039358615821673
2.11321,0.005105635197003328,0.0001455963592383796
2.11585,0.00549092896781354,0.0001580617348054901
2.1185,0.0043998916481687,0.0001274642740120679
2.12114,0.005873498682019977,0.0001699370864855592
2.12378,0.004520370491120977,0.000131620781376027
2.12643,0.005004879439511653,0.0001465292938974167
2.12907,0.005039065205327412,0.0001497961800044641
2.13172,0.005510798557158713,0.0001620714970762111
2.13436,0.003415433615427304,0.00010543463681312
2.137,0.006506628953940067,0.0001892047970863233
2.13965,0.00521668743063263,0.0001566230216532655
2.14229,0.005584011584350722,0.0001662802265200056
2.14493,0.004621039261931186,0.0001412791113837217
2.14758,0.005461850235849058,0.0001657228683981261
2.15022,0.004200845518867924,0.0001288065002880688
2.15287,0.004484067286348503,0.0001388646359663967
2.15551,0.003745206992230854,0.0001169935185810396
2.15815,0.005361376040510545,0.0001637279987756745
2.1608,0.004709758809655936,0.000145587928478158
2.16344,0.00559480937846837,0.0001692111807916857
2.16608,0.004872959558823527,0.0001494528935464199
2.16873,0.003302479120421756,0.0001028215202344537
2.17137,0.004728174805771364,0.0001415817659047584
2.17402,0.004664930910099886,0.0001387476240834555
2.17666,0.004028117438956719,0.0001216220120940811
2.1793,0.004150512278024419,0.0001240579962050055
2.18195,0.004268933199223087,0.0001267812713650671
2.18459,0.004288644839067701,0.0001271073175132638
2.18723,0.003970111057158712,0.000118430737837392
2.18988,0.003759742924528302,0.0001120835509291408
2.19252,0.005749366398446173,0.0001648443087570814
2.19516,0.004965231825749167,0.0001438785678344304
2.19781,0.004270260890677027,0.000126160304744298
2.20045,0.00546387153163152,0.000156677136586997
2.2031,0.003624691523307438,0.0001078624178283542
2.20574,0.004504332894006658,0.0001313392449193572
2.20838,0.003827244589345171,0.0001132485174250087
2.21103,0.004441201165371808,0.0001300664411090143
2.21367,0.00422320338512764,0.0001244717357668533
2.21631,0.003988133324084349,0.0001179186498195595
2.21896,0.004914639913984461,0.000141640129378868
2.2216,0.003895188054938957,0.000113964153723799
2.22425,0.004891384711431746,0.0001414911296459552
2.22689,0.004881891717536069,0.000141166693573147
2.22953,0.004509616190344063,0.0001303373739233215
2.23218,0.004599695477247505,0.0001347151917799128
2.23482,0.00491442931465039,0.0001416318290654271
2.23746,0.004848218715316315,0.0001417038986071545
2.24011,0.004237576789678136,0.0001238642465708837
2.24275,0.004181838928967813,0.0001235738775433257
2.2454,0.00450696309655938,0.0001314209429321072
2.24804,0.003709141856270811,0.0001103352729985678
2.25068,0.004422068673695893,0.0001297448523784575
2.25333,0.004445083518312989,0.0001295446267609302
2.25597,0.004216434447835741,0.0001241887505553012
2.25861,0.004260733559933408,0.0001251765343677674
2.26126,0.003442575749167591,0.0001029602615185715
2.2639,0.003665220449500553,0.0001086372457201986
2.26655,0.003896160932297446,0.0001154445292710352
2.26919,0.004600183060488348,0.0001361042093767737
2.27183,0.003210877566592674,9.582802196352044e-05
2.27448,0.004774543285238625,0.0001388323978849276
2.27712,0.004707247641509433,0.0001367210120170319
2.27976,0.002461622364039955,7.600068054400642e-05
2.28241,0.004730990427302998,0.0001387593812808371
2.28505,0.004879151637069919,0.0001416062182971289
2.28769,0.004389192286348502,0.0001286155759780555
2.29034,0.00555815364872364,0.0001580860994608676
2.29298,0.003214750763041062,9.671965296450332e-05
2.29563,0.004001444575471697,0.0001176397846349313
2.29827,0.003677751109877911,0.0001091711347834781
2.30091,0.004610779411764709,0.0001368354281932478
2.30356,0.00454023321309656,0.0001314856164647036
2.3062,0.004547741537180912,0.0001338112913610882
2.30884,0.004944290926748056,0.0001431991392977417
2.31149,0.004216459628190899,0.0001252957271544462
2.31413,0.004124102663706993,0.0001219035345546711
2.31678,0.004108316870144283,0.0001217660493919178
2.31942,0.003401719478357381,0.0001023068492442011
2.32206,0.00343772967536071,0.0001017798591822278
2.32471,0.00353981999167592,0.0001062040413468802
2.32735,0.004176077205882353,0.00012386097824075
2.32999,0.004342874167591565,0.0001277725027154316
2.33264,0.004619189650388458,0.0001375216286190682
2.33528,0.004382283712541621,0.0001271890949137001
2.33793,0.003412938471143174,0.0001028263351179598
2.34057,0.003472050499445062,0.0001035401494361508
2.34321,0.003441410585460599,0.0001030272742358399
2.34586,0.003927517341842397,0.0001179649271518502
2.3485,0.004004571517758046,0.0001185424012781265
2.35114,0.003003654689234184,9.066485934055019e-05
2.35379,0.004524896087680354,0.0001320840928226839
2.35643,0.003913416342952279,0.0001155584997843538
2.35908,0.004432305632630413,0.0001313296997516898
2.36172,0.004763853079911212,0.0001392464731300465
2.36436,0.004597301054384019,0.0001347127511527122
2.36701,0.004510076304106547,0.0001315314496770961
2.36965,0.004113050776914541,0.0001212542438454505
2.37229,0.003651664261931188,0.0001090031088920284
2.37494,0.002619498612652605,7.965501232880593e-05
2.37758,0.003973789678135404,0.0001193495833256343
2.38022,0.003750719200887901,0.0001105216595352127
2.38287,0.003363097391786905,0.0001020417618672352
2.38551,0.002447606062708099,7.382483185653856e-05
2.38816,0.003949918701442845,0.0001176296592919053
2.3908,0.003319526220865703,0.0001001092120758928
2.39344,0.00405614546337403,0.0001203292787539933
2.39609,0.003259221559378469,9.834775184885542e-05
2.39873,0.003340824223085463,9.975599480057222e-05
2.40137,0.003806237305771365,0.0001134490252854672
2.40402,0.004781767758046614,0.0001378519800601108
2.40666,0.003848219825194229,0.0001143313924169189
2.40931,0.003200972530521643,9.655414196814138e-05
2.41195,0.004038468854051055,0.0001188710323332363
2.41459,0.003777085321864597,0.0001129090058847611
2.41724,0.003253597183684794,9.716571261607876e-05
2.41988,0.004619569644839067,0.0001355347687667543
2.42252,0.003433719131520536,0.0001032646950326597
2.42517,0.003628271711986684,0.0001074646413859969
2.42781,0.005294036903440624,0.0001541097364796821
2.43046,0.004872572697003328,0.0001416283952025776
2.4331,0.004357128537735851,0.0001284322511198171
2.43574,0.003521825194228637,0.0001052806911213416
2.43839,0.004827438054938958,0.0001416368226514212
2.44103,0.002680279411764706,8.151014507658375e-05
2.44367,0.003888087194783577,0.0001152682664681506
2.44632,0.002774785862930078,8.434873357689817e-05
2.44896,0.002960362791342951,8.928084712253428e-05
2.45161,0.003165875693673699,9.513304387229226e-05
2.45425,0.001983504647613763,6.150123676182668e-05
2.45689,0.003421499791897891,0.0001017926367108604
2.45954,0.004958199639289678,0.0001453550888220656
2.46218,0.003824380896226413,0.0001140648789969632
2.46482,0.002747510960044393,8.284940295945058e-05
2.46747,0.002645631243063263,8.02287805135771e-05
2.47011,0.003341536140399554,0.0001011048873444812
2.47275,0.001522992577691456,4.787881574256015e-05
2.4754,0.004087201997780243,0.0001203098710750327
2.47804,0.003228563332408436,9.72821954562564e-05
2.48069,0.002720446656492783,8.28891058330082e-05
2.48333,0.003835373265815758,0.00011519438122753
2.48597,0.005135352594339621,0.0001502569856170354
2.48862,0.004647137555493895,0.0001359913223484505
2.49126,0.00348039664261931,0.0001053490219092125
2.4939,0.003629906145948943,0.0001081228614101208
2.49655,0.004895825610432853,0.0001438432620137891
2.49919,0.004359211639844615,0.0001285149402019708
2.50184,0.003436404273029967,0.0001031266350352245
2.50448,0.002612097877358491,8.00220594827049e-05
2.50712,0.002711583171476136,8.320123385766345e-05
2.50977,0.002839396365149835,8.619484996125024e-05
2.51241,0.003896824778024418,0.0001157958671492425
2.51505,0.003488680979467258,0.0001052401028299761
2.5177,0.003780374791897893,0.0001137704733091134
2.52034,0.003376571170921197,0.0001013222364913078
2.52299,0.004677237236403997,0.0001382097482324964
2.52563,0.003596949639289678,0.0001080909164970376
2.52827,0.003461776914539403,0.0001044729293054986
2.53092,0.004321947003329634,0.0001279336814159893
2.53356,0.003864465732519426,0.0001147966197213508
2.5362,0.003335685141509435,0.0001011811711179723
2.53885,0.003675571864594894,0.0001102328173034361
2.54149,0.003927572280799109,0.0001174059161281265
2.54414,0.004189434239733628,0.0001249385011691581
2.54678,0.004610310141509433,0.0001363256286933061
2.54942,0.003352853565482798,0.0001013404738336722
2.55207,0.002563257144839066,7.862796352170259e-05
2.55471,0.003134329286903443,9.501429901430787e-05
2.55735,0.003477047655382911,0.0001051645253880706
2.56,0.002567810210876805,7.934072964814401e-05
2.56264,0.003900821587125419,0.0001179630547140317
2.56529,0.004250833102108767,0.0001254915451144586
2.56793,0.003120136723085461,9.503922765709417e-05
2.57057,0.003334366606548283,0.0001005580719310473
2.57322,0.003436701859045504,0.0001041324268582937
2.57586,0.003598421545504995,0.000108048671710099
2.5785,0.003180029342397338,9.637747110803125e-05
2.58115,0.003083872433407324,9.476035906034977e-05
2.58379,0.003412288360155384,0.0001033699701715472
2.58643,0.004265852039400664,0.0001270804987584194
2.58908,0.002494269839067704,7.676833760739043e-05
2.59172,0.004046934031631522,0.0001210179938212836
2.59437,0.00336562687291898,0.0001024591083914764
2.59701,0.004146414747502773,0.0001233458641674028
2.59965,0.003221409822419534,9.768352822689616e-05
2.6023,0.003750739802996669,0.0001129026475828253
2.60494,0.003672245768590451,0.0001112282837476984
2.60758,0.003835787597114317,0.0001167867457931036
2.61023,0.004306589275804661,0.0001286198141238515
2.61287,0.002734279827968924,8.42705303984919e-05
2.61552,0.00375483275527192,0.0001137051740720352
2.61816,0.003370640052719203,0.0001022897725342103
2.6208,0.002910681950610433,8.890850928692295e-05
2.62345,0.002288205258046616,7.114999982667667e-05
2.62609,0.003235400943396229,9.892165635312018e-05
2.62873,0.004065205812985574,0.0001222271722523105
2.63138,0.00248634947280799,7.690716446976023e-05
2.63402,0.002767172239178693,8.51864816158874e-05
2.63667,0.003550446101553828,0.0001077921834678587
2.63931,0.00273820109600444,8.505711499505786e-05
2.64195,0.004381951789678135,0.0001309523408037496
2.6446,0.003057094270255274,9.291120127940863e-05
2.64724,0.002821893729189789,8.644824377181126e-05
2.64988,0.002883081992230853,8.914378005955261e-05
2.65253,0.002846410238623753,8.809196019934683e-05
2.65517,0.002187895879578248,6.82045894384872e-05
2.65782,0.003640832130965594,0.0001102828900017886
2.66046,0.003376504786348503,0.0001029789254890193
2.6631,0.00346416675915649,0.0001052138478190748
2.66575,0.002663067494450611,8.169164625767213e-05
2.66839,0.003833013179800222,0.0001166265575663171
2.67103,0.003672346490011099,0.0001138025387488363
2.67368,0.003870165649278578,0.0001213101306962837
2.67632,0.003152800221975584,0.000101744288006109
2.67896,0.002888193604328523,9.308213364059554e-05
2.68161,0.002404847530521643,8.011333749498699e-05
2.68425,0.004981965316315205,0.0001594780808531688
2.6869,0.003457237583240845,0.0001135269850365856
2.68954,0.002750649347946727,9.197019889545631e-05
2.69218,0.003263151983906768,0.000108263144198425
2.69483,0.003811131451165373,0.0001273227676243414
2.69747,0.003022258393451721,0.0001025101535814824
2.70011,0.004184501179245284,0.0001370932800771845
2.70276,0.003138614525527193,0.000107933258097877
2.7054,0.004489133115982242,0.0001491032643242588
2.70805,0.003366299875138735,0.0001156240442989959
2.71069,0.003194936112652611,0.0001090712326686861
2.71333,0.002802122572142067,9.781122263792832e-05
2.71598,0.005489493687569366,0.0001843303783833139
2.71862,0.004034549875138733,0.0001396980215524331
2.72126,0.004363485432852388,0.0001503948681114161
2.72391,0.003523521434517201,0.0001228928517680982
2.72655,0.005086546198668145,0.0001697765664781777
2.7292,0.003349774694783576,0.0001139006070866291
2.73184,0.002235166273584906,7.662043113320055e-05
2.73448,0.002763026637069921,9.328638892467182e-05
2.73713,0.00238728537735849,7.97928649480586e-05
2.73977,0.003690320685349609,0.0001217963318148205
2.74241,0.003791248127081023,0.0001235509359637429
2.74506,0.003766035724195338,0.0001214346802457322
2.7477,0.003909337125416206,0.0001265317519260584
2.75035,0.003439190135960046,0.0001108658933174561
2.75299,0.00329777039400666,0.0001076705060584964
2.75563,0.003374435418978913,0.0001081151400519234
2.75828,0.003688496254162043,0.0001176176962626724
2.76092,0.002984238346281909,9.770753372474568e-05
2.76356,0.003050027746947835,9.83689691508437e-05
2.76621,0.003377512000554938,0.0001082374831082114
2.76885,0.004214667244728081,0.0001335848569684079
2.77149,0.003137936945061043,0.000101014904596039
2.77414,0.004320264497780243,0.000136199136267646
2.77678,0.004215049528301886,0.000132029465791965
2.77943,0.003082450887902332,9.864277165639146e-05
2.78207,0.00328669103773585,0.0001053790939965603
2.78471,0.004082220865704773,0.0001295150641949287
2.78736,0.00298149368756937,9.604412173359071e-05
2.79,0.002867252705327415,9.170012685654628e-05
2.79264,0.002559322142064369,8.298611998568211e-05
2.79529,0.004115339900110989,0.0001292427249907445
2.79793,0.00155745303829079,5.124234371403749e-05
2.80058,0.00180173453107658,5.852340763277567e-05
2.80322,0.002826135474472806,9.125067679509044e-05
2.80586,0.002832890677025527,9.142100079699752e-05
2.80851,0.002182440899001107,7.068572940251641e-05
2.81115,0.002708467674805772,8.648108000869177e-05
2.81379,0.003633294048279686,0.0001142659233172487
2.81644,0.003132784128745837,0.0001001499878822022
2.81908,0.003775494381243067,0.0001184889192529528
2.82173,0.002915782117092119,9.298493859266026e-05
2.82437,0.004158338790233075,0.0001288866929020332
2.82701,0.002531687846836852,8.096450526894605e-05
2.82966,0.004181067494450612,0.0001305882170433752
2.8323,0.002079160238623748,6.680411320404489e-05
2.83494,0.003655507699778025,0.0001145044677766901
2.83759,0.002858702830188679,9.017289617021516e-05
2.84023,0.00291984759988901,9.275202049257775e-05
2.84288,0.00188549125971143,6.162041940258795e-05
2.84552,0.002948470796337403,9.239470601488688e-05
2.84816,0.003219205396781355,0.0001025395150058511
2.85081,0.003944257699778024,0.0001229375080235007
2.85345,0.001897296268035516,6.14224278000239e-05
2.85609,0.00353127698390677,0.0001105929701509851
2.85874,0.003286070685349614,0.0001034314704358401
2.86138,0.002210278926193116,7.161729171400391e-05
2.86402,0.003065268729189787,9.726923012975929e-05
2.86667,0.003403850652053275,0.0001072299798484288
2.86931,0.002769635335738069,8.814527169167848e-05
2.87196,0.004173078454495003,0.0001285691523106957
2.8746,0.00320702726137625,0.0001021838334980435
2.87724,0.003141281354051057,9.956184727983993e-05
2.87989,0.003175059655937848,0.0001006028463123326
2.88253,0.002741991884017761,8.749565721630867e-05
2.88517,0.002889587680355161,9.254408452407025e-05
2.88782,0.00280439338235294,8.985801126619337e-05
2.89046,0.003198101970033295,0.0001000721225582247
2.89311,0.002731493965038845,8.766129782952713e-05
2.89575,0.002752217397336292,8.802257263205894e-05
2.89839,0.002419983213096558,7.701025472162888e-05
2.90104,0.003505718923418426,0.0001105372563163251
2.90368,0.003519714622641511,0.0001095539635043504
2.90632,0.003236479120421751,0.0001021462313226822
2.90897,0.004087771989456158,0.0001277200243045813
2.91161,0.002282557991120976,7.34271481179544e-05
2.91426,0.003403369936182019,0.0001064758065094484
2.9169,0.003117792660932299,9.92548501028189e-05
2.91954,0.002978318673695894,9.478487605074359e-05
2.92219,0.003606813471143177,0.0001115348468771968
2.92483,0.003301522266925637,0.0001039569290699386
2.92747,0.003133656284683683,9.868855814800815e-05
2.93012,0.005081940482796894,0.0001562217230667886
2.93276,0.002834447280799113,9.000580315999874e-05
2.93541,0.002907234531076579,9.141341997735586e-05
2.93805,0.003204101761931189,0.0001006494622745524
2.94069,0.00328739837680355,0.0001029657564375766
2.94334,0.003626705951720311,0.0001142810046021343
2.94598,0.002612594617092122,8.229846164231554e-05
2.94862,0.00255784336847947,8.202704247697516e-05
2.95127,0.003323941939511652,0.0001049490591674702
2.95391,0.002433305910099891,7.771219716500449e-05
2.95655,0.0007313840177580485,2.41527844647407e-05
2.9592,0.003376637555493895,0.0001046358560443671
2.96184,0.002271499236958934,7.316119137714409e-05
2.96449,0.003257239178690345,0.0001036286609426491
2.96713,0.004778283712541622,0.0001460862542224234
2.96977,0.003401035030521641,0.0001071533728063313
2.97242,0.002958220172031077,9.353391412088497e-05
2.97506,0.004092155660377359,0.0001281066628828425
2.9777,0.002870246878468371,9.099501363489008e-05
2.98035,0.003746385890677024,0.000116544459543931
2.98299,0.003752264359045506,0.000117719873066154
2.98564,0.004403421476137627,0.0001352288259700719
2.98828,0.00278160973917869,8.854718917895453e-05
2.99092,0.003327973085460599,0.0001040531186495887
2.99357,0.002959870629855715,9.38334221525769e-05
2.99621,0.0046593797863485,0.0001436521311016745
2.99885,0.004025404827968924,0.0001249669813247744
3.0015,0.003873258254716981,0.000120539346714483
3.00414,0.003515818534961153,0.0001103802729565658
3.00679,0.003770664331298559,0.0001173423635455483
3.00943,0.002683928274139847,8.5761011619372e-05
3.01207,0.002522332200332965,7.991307943982046e-05
3.01472,0.002188669603218642,7.06864401707523e-05
3.01736,0.004322706992230852,0.0001337716893606244
3.02,0.003366572280799114,0.0001056413971738698
3.02265,0.003691668978912317,0.0001150524033439719
3.02529,0.002642435627081019,8.378437354362581e-05
3.02794,0.002962356617647056,9.392854780457099e-05
3.03058,0.002924338859600445,9.217346536406453e-05
3.03322,0.003703061945061043,0.0001158025095264279
3.03587,0.002391117369589346,7.644421259630905e-05
3.03851,0.003701464137069921,0.0001142094451387445
3.04115,0.004432017203107656,0.0001360663318421913
3.0438,0.003614978773584907,0.000112380002187893
3.04644,0.002906325749167595,9.120500113496916e-05
3.04908,0.002583733351831296,8.242703982608033e-05
3.05173,0.002870212541620422,9.045750631219774e-05
3.05437,0.004447695407880131,0.0001363758587723785
3.05702,0.00315530910099889,9.854537572199132e-05
3.05966,0.001498679800221976,4.788634301377611e-05
3.0623,0.002009964622641512,6.448491129268402e-05
3.06495,0.002707336847946726,8.511966620734116e-05
3.06759,0.003502305840732517,0.0001085806980009925
3.07023,0.002382249306326306,7.573694563203819e-05
3.07288,0.001759623820754718,5.667010411434498e-05
3.07552,0.003582615149833517,0.0001117306572637154
3.07817,0.00256754238346282,8.166910294583974e-05
3.08081,0.004922610640954493,0.0001483263268220264
3.08345,0.002923549112097672,9.18165771495356e-05
3.0861,0.003704664331298558,0.0001142595821420524
3.08874,0.001992006451165372,6.357231939611819e-05
3.09138,0.003869293493340733,0.0001193201224243982
3.09403,0.002866781145948946,9.009545927876072e-05
3.09667,0.003399176262486125,0.0001065469949210925
3.09932,0.003852411209766926,0.0001178377806156748
3.10196,0.003882021018312989,0.0001194919129509707
3.1046,0.003656485155382908,0.0001128211261812016
3.10725,0.003978514428412879,0.000122219224084377
3.10989,0.003516308407325197,0.0001094763556042646
3.11253,0.001733395047169811,5.555671426808777e-05
3.11518,0.004139654966703663,0.0001269895167203649
3.11782,0.003352663568257491,0.0001039303589230334
3.12047,0.002486681395671476,7.843465619680569e-05
3.12311,0.001734928759711431,5.589017736229631e-05
3.12575,0.003454078593229744,0.0001067132179849695
3.1284,0.002978288915094344,9.357496661894416e-05
3.13104,0.002791887902330743,8.785978939062208e-05
3.13368,0.003441424320199781,0.0001078808173045737
3.13633,0.004457170088790233,0.0001353942351117086
3.13897,0.002022209142619311,6.432683184164745e-05
3.14161,0.002638418215871254,8.378188242079037e-05
3.14426,0.001756940968368479,5.695168481756928e-05
3.1469,0.00323443951165372,0.0001010028761100825
3.14955,0.00150858483629301,4.874337205634686e-05
3.15219,0.004159481062708103,0.0001271482519858071
3.15483,0.002280303204772473,7.22770418772861e-05
3.15748,0.004050392896781353,0.0001243991834111265
3.16012,0.00327862645671476,0.0001022370414992465
3.16276,0.003009040996115429,9.465789690367775e-05
3.16541,0.003984216634295227,0.0001231323498705186
3.16805,0.001489594270255274,4.805927986973888e-05
3.1707,0.003356051470588234,0.0001045905900269555
3.17334,0.003635182574916762,0.0001119556538015679
3.17598,0.002342535307991122,7.454049608968498e-05
3.17863,0.001017945615982242,3.31296244253319e-05
3.18127,0.002619384156492789,8.253870583976156e-05
3.18391,0.00401468028579356,0.0001231428489796432
3.18656,0.003564357103218648,0.0001099650791305604
3.1892,0.003159669880688126,9.930699078604452e-05
3.19185,0.001509640122086571,4.86485007515633e-05
3.19449,0.003499185765815759,0.0001084277771917161
3.19713,0.002917473779134296,9.160482686884511e-05
3.19978,0.002608929730854607,8.183842367216775e-05
3.20242,0.002216844131520531,7.023030220798255e-05
3.20506,0.002444460807436179,7.685165857357274e-05
3.20771,0.002415008948390678,7.593070192158063e-05
3.21035,0.003869183615427302,0.0001184469101885644
3.213,0.002070930840732517,6.559569225308226e-05
3.21564,0.001300091495560487,4.134044433685448e-05
3.21828,0.00257031222253052,8.041114720885758e-05
3.22093,0.002435439372918978,7.643725147384221e-05
3.22357,0.002400816384572696,7.560719094294526e-05
3.22621,0.00222484461709212,6.988434040176748e-05
3.22886,0.002107174528301886,6.627906412684394e-05
3.2315,0.002589698806881245,8.322036165658026e-05
3.23414,0.003351500693673696,0.0001079870749231161
3.23679,0.003455619173140956,0.0001118923853822328
3.23943,0.002457673626526081,8.186741436782314e-05
3.24208,0.00359633615427303,0.0001190709638299318
3.24472,0.003945072627635963,0.0001311928246164967
3.24736,0.004108055910099889,0.0001356229717433437
3.25001,0.001781077483351835,6.250596498910953e-05
3.25265,0.00347502864872364,0.0001195437529683576
3.25529,0.001790231687014427,6.4376894697978e-05
3.25794,0.003848977524972254,0.0001318290049914774
3.26058,0.002438410654827966,8.64161370705824e-05
3.26323,0.00179032554106548,6.449416079306724e-05
3.26587,0.003651359808546061,0.0001280633211053273
3.26851,0.00273555029134295,9.880846261386367e-05
3.27116,0.00450257484739179,0.0001565444280269546
3.2738,0.001943781492785791,7.128836842667038e-05
3.27644,0.002921949014983353,0.0001061362914901176
3.27909,0.002019400388457267,7.52287510282482e-05
3.28173,0.002126142203107662,7.845011539130217e-05
3.28438,0.003098795227524976,0.0001145654702357726
3.28702,0.00267446961709212,9.620424264365447e-05
3.28966,0.003107482450055494,0.0001097349383694274
3.29231,0.003420751248612654,0.0001182164083975918
3.29495,0.003511038845726973,0.0001201084258896374
3.29759,0.004312415094339626,0.0001446034878901108
3.30024,0.001849146850721422,6.462446055617761e-05
3.30288,0.002169498196448391,7.527173537545484e-05
3.30553,0.003099065344062154,0.0001050240872788073
3.30817,0.001931978773584906,6.683470109260409e-05
3.31081,0.003338205466148722,0.0001125756351979767
3.31346,0.003167068326859047,0.0001072318435835616
3.3161,0.001713541481687017,5.92169478461097e-05
3.31874,0.002523069298002221,8.619987909498084e-05
3.32139,0.002794664608768038,9.425586854597892e-05
3.32403,0.002785084628190899,9.439404295793143e-05
3.32667,0.002385721906215313,8.057282700402699e-05
3.32932,0.003554058337957827,0.0001175279394015685
3.33196,0.0032252349472808,0.0001080491797769135
3.33461,0.002395963443396228,8.138724948924746e-05
3.33725,0.004326690066592675,0.0001410285052262954
3.33989,0.002460789123196449,8.303454545338433e-05
3.34254,0.003169426123751386,0.0001041990000111723
3.34518,0.00173761619034406,5.930455173297352e-05
3.34782,0.004636809031631522,0.0001488742925753198
3.35047,0.003016052580466151,9.937344896736063e-05
3.35311,0.002640993479467258,8.769885074367891e-05
3.35576,0.001603340801886791,5.45947990404872e-05
3.3584,0.002291213165926749,7.654499220697036e-05
3.36104,0.002383851692563817,7.934411157962636e-05
3.36369,0.0023336535099889,7.844606054101898e-05
3.36633,0.002815974056603775,9.292218774464625e-05
3.36897,0.003489907949500555,0.0001141405746887831
3.37162,0.002793584142619315,9.127524943026631e-05
3.37426,0.002938767203107659,9.712353054544365e-05
3.37691,0.003565810696448389,0.0001164262870524926
3.37955,0.003351525874028858,0.000108914802462653
3.38219,0.003496370144284129,0.0001131816372880984
3.38484,0.002831613346281907,9.294626266338571e-05
3.38748,0.004029259711431745,0.0001295849363588101
3.39012,0.003624357311320755,0.0001182521587615874
3.39277,0.002274855091564927,7.559069216624969e-05
3.39541,0.003288691731409545,0.0001067081086410128
3.39806,0.003728196517758045,0.0001210206178508983
3.4007,0.002502840316315204,8.305889443573986e-05
3.40334,0.003459746462264152,0.0001126947570142525
3.40599,0.003772731409544948,0.0001219332261956517
3.40863,0.002686350166481684,8.796162973533623e-05
3.41127,0.001349564026082132,4.567110228649834e-05
3.41392,0.002217437014428416,7.363556727333621e-05
3.41656,0.003391681673140954,0.0001101550513833434
3.41921,0.002432731340177582,8.053871920695806e-05
3.42185,0.003172619450610436,0.0001030604202672016
3.42449,0.002986355785238626,9.811261021931526e-05
3.42714,0.002586464275804662,8.458044430409266e-05
3.42978,0.003040239456159822,9.932377676950902e-05
3.43242,0.003290658088235295,0.000107233732009427
3.43507,0.001562344894561598,5.267186612928611e-05
3.43771,0.003182078107658156,0.0001037012043438714
3.44035,0.00324526019700333,0.0001050369710039166
3.443,0.002962423002219758,9.684446162713995e-05
3.44564,0.002791352247502777,9.159966386103193e-05
3.44829,0.003526025735294118,0.0001127623653453883
3.45093,0.003583935973917871,0.0001151304962730695
3.45357,0.002844453038290787,9.25629933630956e-05
3.45622,0.003321229328523862,0.0001072064576192175
3.45886,0.002593745976692565,8.536347708570703e-05
3.4615,0.002199233906770255,7.188700979966748e-05
3.46415,0.002750839345172029,8.93857954710221e-05
3.46679,0.002548574708657045,8.323967938471737e-05
3.46944,0.002778370629855714,9.053472606932902e-05
3.47208,0.002450460599334072,8.022387991892082e-05
3.47472,0.003366924805771364,0.0001082037006246441
3.47737,0.002302498543285236,7.516499103108288e-05
3.48001,0.003342497572142067,0.0001064565122187317
3.48265,0.002679075332963375,8.636683064065991e-05
3.4853,0.002015632491675916,6.601655963169824e-05
3.48794,0.002277407463928967,7.471889575940022e-05
3.49059,0.002825693673695893,9.162990235585537e-05
3.49323,0.002642131173695896,8.480069767268743e-05
3.49587,0.002573821448390675,8.248891264154751e-05
3.49852,0.002841062846836847,9.18560083835063e-05
3.50116,0.003204021642619313,0.0001028977274972196
3.5038,0.003709787389012209,0.0001176316637913536
3.50645,0.0033979676054384,0.0001081767269260893
3.50909,0.003446533643174249,0.0001096910318116399
3.51174,0.001999526220865704,6.530601319730546e-05
3.51438,0.001832463720865705,6.061211444325573e-05
3.51702,0.003385075263596004,0.0001074034527054048
3.51967,0.003205770532741398,0.0001029254356249651
3.52231,0.002775564164816871,8.940240258508172e-05
3.52495,0.003879972253052166,0.0001233305297059072
3.5276,0.002417188193673695,7.80952518399876e-05
3.53024,0.002608867924528303,8.40107036739421e-05
3.53288,0.002944348085460596,9.445918710338958e-05
3.53553,0.003478384503329634,0.0001110321708753548
3.53817,0.001925653926193121,6.338475829886936e-05
3.54082,0.001923593715316314,6.282989808902054e-05
3.54346,0.003221881381798003,0.000102873280312576
3.5461,0.002547849056603777,8.323618302721026e-05
3.54875,0.002566819020532741,8.310248649870721e-05
3.55139,0.002433319644839068,7.878015033038731e-05
3.55403,0.002785537874583796,8.9938349253078e-05
3.55668,0.001850174667036624,6.038773297488779e-05
3.55932,0.002482698321309657,8.062394669807692e-05
3.56197,0.003737657463928966,0.0001178988431528746
3.56461,0.003729350235849057,0.0001174939164220022
3.56725,0.004806531492785795,0.0001493734599362251
3.5699,0.00331697613762486,0.0001061534319860569
3.57254,0.001882657325194228,6.122141539936149e-05
3.57518,0.002762385682574914,8.864202831413464e-05
3.57783,0.001125012486126524,3.756106352176307e-05
3.58047,0.002567059378468371,8.316058473568698e-05
3.58312,0.002996828523862375,9.612720806185364e-05
3.58576,0.003185303482241955,0.0001013822362333855
3.5884,0.001994444367369591,6.526515820600675e-05
3.59105,0.001820402330743618,5.971451086397474e-05
3.59369,0.00245017216981132,7.938896642265626e-05
3.59633,0.002432033157602665,7.842880731410463e-05
3.59898,0.001091792730299668,3.622400184380724e-05
3.60162,0.002572754716981133,8.355798532176443e-05
3.60427,0.00263550187291898,8.546866023039541e-05
3.60691,0.003648436598224196,0.0001150656701406531
3.60955,0.002015618756936734,6.582103301750775e-05
3.6122,0.00283047794117647,9.120473887175438e-05
3.61484,0.002467052164261929,8.04757413293495e-05
3.61748,0.002180389844617092,7.067236648552749e-05
3.62013,0.003270788498890122,0.0001039968868468039
3.62277,0.002689923487791343,8.675792656937984e-05
3.62541,0.003154473571032187,0.0001004172486513082
3.62806,0.003837497572142062,0.0001216398381021582
3.6307,0.003085710599334072,9.873158916649543e-05
3.63335,0.003604350374583792,0.0001147413345296295
3.63599,0.00279789227247503,9.009526069389283e-05
3.63863,0.002147524902885683,6.997728940260855e-05
3.64128,0.002169825541065483,7.072647648655361e-05
3.64392,0.004427313054938958,0.0001380743362066953
3.64656,0.001845536903440624,6.040781021711957e-05
3.64921,0.004099579286903438,0.0001293514422600448
3.65185,0.003111996600998889,9.959678610404438e-05
3.6545,0.001720310418978911,5.64192048574678e-05
3.65714,0.004444298349056605,0.0001383567294881771
3.65978,0.002497925568812431,8.093528281908502e-05
3.66243,0.003367263596004436,0.0001071135494014443
3.66507,0.002445035377358492,7.916591495474475e-05
3.66771,0.003100816523307435,9.908680885368972e-05
3.67036,0.001459801331853499,4.805944715083141e-05
3.673,0.002850081992230855,9.13572776654328e-05
3.67565,0.001953796406770253,6.348596644701792e-05
3.67829,0.003426279481132075,0.000108205222550855
3.68093,0.003090737513873473,9.906742925912478e-05
3.68358,0.003087274070477248,9.75622412819933e-05
3.68622,0.002741801886792454,8.827825163221514e-05
3.68886,0.001805458934517206,5.853760796714046e-05
3.69151,0.002872938887347394,9.171757723944524e-05
3.69415,0.002707355160932297,8.622014493190832e-05
3.6968,0.002511465732519425,7.988546703330543e-05
3.69944,0.004137706922863484,0.0001291809645380324
3.70208,0.003128370699223085,9.844212202724332e-05
3.70473,0.004041563748612652,0.0001255790978586055
3.70737,0.003482445407880132,0.0001083197901401417
3.71001,0.001943754023307437,6.235417649466135e-05
3.71266,0.004625283296337405,0.0001414478754345671
3.7153,0.002841870907325195,9.074144354148593e-05
3.71794,0.003771529619866814,0.0001175458320245374
3.72059,0.00282300624306326,8.97060101195019e-05
3.72323,0.003104682852386237,9.768285001880742e-05
3.72588,0.003408373959489459,0.0001071770235541602
3.72852,0.00229472925915649,7.34093069995558e-05
3.73116,0.002671699778024419,8.447595799637236e-05
3.73381,0.004018752635960047,0.0001249089467252366
3.73645,0.001665847599889012,5.372902679303012e-05
3.73909,0.002045333865149834,6.624260284277798e-05
3.74174,0.003925553274139847,0.0001209437381146914
3.74438,0.002416114594894563,7.714823257298584e-05
3.74703,0.004101987444506101,0.0001276961858982233
3.74967,0.002063614802996668,6.677739821933881e-05
3.75231,0.003954391648168704,0.0001212854496532975
3.75496,0.00434024167591565,0.0001335112656008847
3.7576,0.003341982519422865,0.0001043303643171947
3.76024,0.002233577622086568,7.181354070854685e-05
3.76289,0.003403365357935625,0.0001063081647181004
3.76553,0.001389896087680353,4.540109603941382e-05
3.76818,0.002479516440066594,7.914451903638344e-05
3.77082,0.002092235710321864,6.687512059527447e-05
3.77346,0.002320422377913431,7.433181978337827e-05
3.77611,0.002241417869034406,7.182230058900009e-05
3.77875,0.002309464345172032,7.380534525634146e-05
3.78139,0.00252689671198668,8.066115100665024e-05
3.78404,0.003394858976137627,0.0001063687052824281
3.78668,0.002963375277469479,9.337546670509482e-05
3.78933,0.0005816089761376224,1.925324176345745e-05
3.79197,0.001702253815205329,5.703521903683069e-05
3.79461,0.002110065690899002,7.11934398357896e-05
3.79726,0.003458686598224197,0.0001141847612060204
3.7999,0.003571286279134293,0.0001200575255206287
3.80254,0.001503349611542728,5.303465393107474e-05
3.80519,0.003026358213096558,0.0001047205791942
3.80783,0.003864470310765816,0.0001322794472803759
3.81047,0.00317310703385128,0.0001113749496942497
3.81312,0.003055796337402886,0.0001097537817827701
3.81576,0.001496070199778026,5.514928762737373e-05
3.81841,0.002404110432852386,8.691576266664132e-05
3.82105,0.003155192355715872,0.0001147279332222238
3.82369,0.00180203211709212,6.712629165988728e-05
3.82634,0.002828062916204216,0.0001037440204000091
3.82898,0.001698801817425081,6.419066316724271e-05
3.83162,0.003079607796892342,0.0001139328232232409
3.83427,0.001730100998890121,6.628636016842309e-05
3.83691,0.003918287597114318,0.0001454909835774443
3.83956,0.001500501942286345,5.851272455586946e-05
3.8422,0.00346606444228635,0.0001305298749391315
3.84484,0.001750172031076581,6.85663683450762e-05
3.84749,0.001889730715871254,7.202378581354923e-05
3.85013,0.003844218437846838,0.0001375744273806012
3.85277,0.003343285030521643,0.0001185766726456096
3.85542,0.001745907394561599,6.422996896027412e-05
3.85806,0.002772393729189789,9.882410618142828e-05
3.86071,0.002807087680355159,9.928847781628102e-05
3.86335,0.002529973293562708,8.930320491276385e-05
3.86599,0.004150402400110988,0.000141090499094755
3.86864,0.001998995144284128,7.059319003891391e-05
3.87128,0.001462985502219758,5.256470857450615e-05
3.87392,0.002966918840177578,0.00010263022605031
3.87657,0.002874939581021089,9.967040951313803e-05
3.87921,0.002375107241953385,8.313640687513436e-05
3.88186,0.001394188193673698,4.968176232109662e-05
3.8845,0.002537124514428413,8.835435753956467e-05
3.88714,0.002026943049389569,7.057939184912013e-05
3.88979,0.003096989109322977,0.0001065469819263014
3.89243,0.003128084558823529,0.0001070332782707997
3.89507,0.002161827344617091,7.436419036583834e-05
3.89772,0.002718656562153166,9.234772520584485e-05
3.90036,0.0026244682991121,8.896219243823713e-05
3.903,0.00145755570199778,5.050380338672604e-05
3.90565,0.002858249583795785,9.623122000068289e-05
3.90829,0.003330113415649277,0.0001106962926533245
3.91094,0.002311554314650386,7.875208076506379e-05
3.91358,0.003535063193673693,0.0001167981006098127
3.91622,0.001489537042175359,5.094873146959566e-05
3.91887,0.001650425776914541,5.686821262577206e-05
3.92151,0.003599250208102108,0.0001179173527088794
3.92415,0.003206212333518311,0.0001058033592946383
3.9268,0.001551258670921197,5.312897271978495e-05
3.92944,0.002955308407325196,9.744001878384738e-05
3.93209,0.00182441745283019,6.170402264308701e-05
3.93473,0.00202515524417314,6.758298303503241e-05
3.93737,0.002354818743063264,7.828628267051612e-05
3.94002,0.002014806118201996,6.761131184431956e-05
3.94266,0.003066786417869038,0.0001008763141340713
3.9453,0.00148083150665927,5.022504329573697e-05
3.94795,0.002846879508879025,9.371633323269522e-05
3.95059,0.002283180632630412,7.636520798196872e-05
3.95324,0.003415401567702551,0.0001119516376801049
3.95588,0.001698552302996671,5.74275235463225e-05
3.95852,0.002443874791897894,8.149365543732156e-05
3.96117,0.002588064372918976,8.620211634012536e-05
3.96381,0.002784221628745837,9.178889403008675e-05
3.96645,0.002515405313540512,8.325686530189657e-05
3.9691,0.00173866003052164,5.855693738826697e-05
3.97174,0.003031034891786906,0.0001000956850564225
3.97439,0.0042141361681465,0.0001361867269791733
3.97703,0.002265806187569368,7.480879861647087e-05
3.97967,0.002718862583240843,8.962272515883312e-05
3.98232,0.003105431395671474,0.0001013581493695049
3.98496,0.002249232935627082,7.49114117566892e-05
3.9876,0.002462137416759157,8.149496658780536e-05
3.99025,0.003186773099334075,0.0001040595994010442
3.99289,0.004228596559378467,0.0001364518161986069
