0.0431807,68.53595729051055,0.4830359229248297
0.0458244,59.39614649001111,0.4330694195161701
0.0484682,51.68958342119867,0.3973943083250869
0.0511119,45.38028833240844,0.3868560292803241
0.0537556,39.99903423279689,0.3406063404433826
0.0563993,35.49939678829079,0.3317310676081769
0.059043,31.48998363762486,0.2908891666849686
0.0616867,28.19393711362375,0.2848372178772207
0.0643304,25.30796052511099,0.2633740531461942
0.0669742,23.04216447835738,0.2406212927481492
0.0696179,20.84135448737514,0.2334221368163524
0.0722616,18.83854795296893,0.2079535635252842
0.07490529999999999,17.22960031007214,0.198594500357649
0.07754900000000001,15.75272106617647,0.1878956242978492
0.08019270000000001,14.45600206714761,0.1730521425714669
0.08283649999999999,13.1047085627081,0.1658952524517345
0.08548020000000001,11.99696828940067,0.1511207356751752
0.08812390000000001,11.10661281492786,0.1520702625723934
0.0907676,10.26351885266371,0.1444228747359037
0.0934113,9.53059038637625,0.1371157114292468
0.096055,8.776731917314097,0.1330045703070333
0.0986987,8.199770273307436,0.1238412323562487
0.101342,7.536384522752498,0.1181814271019044
0.103986,6.977376151498335,0.10740601306281
0.10663,6.447819799528302,0.1035603894832936
0.109274,6.036569752358491,0.09975323512301712
0.111917,5.636427011653718,0.09260983976239068
0.114561,5.302259433962265,0.08788666697222686
0.117205,4.944633814511654,0.08321005036946223
0.119848,4.644107786487237,0.07892605656822037
0.122492,4.318560703385128,0.07281369791085425
0.125136,4.035782018590456,0.06991151631717524
0.12778,3.774425017341843,0.06570591293448645
0.130423,3.571520754023307,0.06315501384499023
0.133067,3.333010186598224,0.05986551083224129
0.135711,3.133885219894562,0.05496096528741093
0.138354,2.953238032741399,0.05305972932728911
0.140998,2.791160418978913,0.0501898522043461
0.143642,2.603172379994451,0.04715947817174363
0.146286,2.469658262347392,0.04428587415228747
0.148929,2.290066406770255,0.04121556747486638
0.151573,2.21721732727525,0.04105917552909412
0.154217,2.09225022336293,0.03815366207896617
0.15686,1.952545927441731,0.03615032005768142
0.159504,1.872999148168701,0.03447918052325342
0.162148,1.783324944506104,0.03301124810583105
0.164792,1.661931711293008,0.03153637730166831
0.167435,1.586525772752497,0.0295431871721648
0.170079,1.502787402885682,0.02830309328625177
0.172723,1.432389859877913,0.02690833795222846
0.175366,1.36189752427858,0.02592388580569897
0.17801,1.265955083240844,0.02410486410190697
0.180654,1.218041033573807,0.0231370313829595
0.183298,1.169186863901221,0.02249922710759623
0.185941,1.090509012902331,0.0209565041220392
0.188585,1.04714557991121,0.02021043969321334
0.191229,1.006090727663707,0.01955689976495645
0.193872,0.9603746940899001,0.01861782468664713
0.196516,0.9347704162042176,0.01826264957669717
0.19916,0.8914681714761375,0.01744082397639724
0.201804,0.8511784815482798,0.01706602440348848
0.204447,0.823029042036626,0.0162556866796477
0.207091,0.7635543479467258,0.01510833099391808
0.209735,0.7477984045504995,0.0148259726102053
0.212378,0.6988570421753607,0.01402169078070215
0.215022,0.6800155896226415,0.01361953114469178
0.217666,0.6549938249167592,0.01328076296051779
0.22031,0.6270189997225307,0.01291546485332265
0.222953,0.5872069353496115,0.01202202021244343
0.225597,0.5714126720310766,0.01161680854302685
0.228241,0.5550950006936737,0.01145731065485193
0.230885,0.5439673668146504,0.01121105340002973
0.233528,0.5033787402885682,0.01059279951326753
0.236172,0.5036420123473918,0.01051790516294048
0.238816,0.466480798418424,0.009856856108549738
0.241459,0.4547992425083242,0.009579266841567477
0.244103,0.43106762763596,0.009058836345021217
0.246747,0.4308182047724751,0.009129821452531805
0.249391,0.4116049070477248,0.008826329064973363
0.252034,0.3987326179245283,0.008628584392252184
0.254678,0.3952771406770256,0.00843210174995049
0.257322,0.3639804314650389,0.007911644120902808
0.259965,0.3585770935072142,0.007782414146891547
0.262609,0.3493372995283019,0.007612961713815636
0.265253,0.3261530826859046,0.007299193578566566
0.267897,0.3301169513041066,0.007235527284413763
0.27054,0.3265014414539401,0.007153805999888312
0.273184,0.3047652323806881,0.006711441242265819
0.275828,0.2953834669811322,0.006546355529487292
0.278471,0.2859504710044395,0.006461295905984306
0.281115,0.2832129543562708,0.006388650020981617
0.283759,0.2690987930077692,0.006151937392010423
0.286403,0.2495991717536071,0.005685147375927169
0.289046,0.2537406763318535,0.005810615256084575
0.29169,0.2420557554106549,0.005570439520732219
0.294334,0.2386849299389567,0.005548090150873832
0.296977,0.2347535668701443,0.005463643822606921
0.299621,0.223629778718091,0.005204334629413211
0.302265,0.221629176609323,0.00517390625757878
0.304909,0.2064731208379579,0.004885876712872164
0.307552,0.2009794998612653,0.004829138210844966
0.310196,0.2033612867647059,0.004819327801856764
0.31284,0.2012996795227525,0.004752290922688973
0.315483,0.1994798265815761,0.00472336444253686
0.318127,0.1982698807574917,0.004664816954872033
0.320771,0.183531702136515,0.004400914290185877
0.323415,0.1807872586015538,0.004359994122222619
0.326058,0.1803394603218646,0.00431396063269919
0.328702,0.1706188360155383,0.004205579879669953
0.331346,0.1665607264844617,0.004069257891578209
0.333989,0.1641165541065483,0.004003898306985348
0.336633,0.1591056451165372,0.003877037905931578
0.339277,0.1575579689234184,0.003842455596187729
0.341921,0.1577568937291898,0.003892172847690478
0.344564,0.1574711722391787,0.003843913493113256
0.347208,0.1471625339900111,0.003672905873165618
0.349852,0.1417519624028857,0.003542769925320663
0.352495,0.1410400702691454,0.003534276067371217
0.355139,0.1425040538290788,0.003544451075155836
0.357783,0.1439565963512764,0.003572925686466573
0.360427,0.1390836985987791,0.003474542209676905
0.36307,0.1270820935072142,0.003229347330436214
0.365714,0.1334549781492786,0.003351578643149021
0.368358,0.1210568442702553,0.003089944166301822
0.371001,0.1291062323806881,0.003251021063346934
0.373645,0.1203335294117647,0.003099576946315353
0.376289,0.1176092622086571,0.003017722658083011
0.378933,0.1214936272891232,0.003101341172929351
0.381576,0.1182728149278579,0.002984123408210264
0.38422,0.1174536567702553,0.002999589285275718
0.386864,0.1129638575194229,0.002895324608849537
0.389507,0.1073317766370699,0.002810845599338384
0.392151,0.1048645001387347,0.002780271043394197
0.394795,0.1024820081853496,0.002683576802479298
0.397439,0.1080192438263041,0.002790200787566609
0.400082,0.1030003114594895,0.002677100193486517
0.402726,0.1030130618756937,0.002689352049476856
0.40537,0.09760759045504996,0.002586290513086694
0.408013,0.09767480369034408,0.002549773543736697
0.410657,0.1000058178412875,0.002622726565908172
0.413301,0.09444591988068812,0.002492408020891931
0.415945,0.09493289879300779,0.002516979608899095
0.418588,0.09094830903163154,0.002445523646031677
0.421232,0.08653530986403997,0.002350441983601744
0.423876,0.08759102830188679,0.00240780697813883
0.426519,0.09256002802441732,0.002507687804014047
0.429163,0.08600759600443952,0.002455897683607045
0.431807,0.08300632429245283,0.00243858942888915
0.434451,0.08412049549112098,0.002501493537949782
0.437094,0.08394975437014428,0.00255762098796116
0.439738,0.08711161494173141,0.002626049274434487
0.442382,0.07805539719755826,0.002485163777943976
0.445025,0.07948848217258601,0.002511525150473995
0.447669,0.07658656069644838,0.002467390507380812
0.450313,0.08264655424528301,0.00263797657999017
0.452957,0.07726367875971145,0.002483520929883951
0.4556,0.07846534024694783,0.002497642490673291
0.458244,0.07785770394006658,0.002445036097727915
0.460888,0.07699402920366259,0.002441150957669331
0.463531,0.07777201290233074,0.002485161535493264
0.466175,0.07130236473362929,0.002310320541794608
0.468819,0.07210730514705882,0.002380430502351415
0.471463,0.07269649341009989,0.002326895760239445
0.474106,0.07240433719478358,0.00237440179138173
0.47675,0.06569084475582686,0.00221486107307388
0.479394,0.06772259954217535,0.002271401070495087
0.482037,0.07105775360710323,0.002376018428578648
0.484681,0.06667234524139845,0.002158249320397223
0.487325,0.06328518458657048,0.002085656541617618
0.489969,0.0688914990982242,0.002154788343599439
0.492612,0.06619541557991121,0.002098021531376048
0.495256,0.06347700853218646,0.001998784877589484
0.4979,0.06447874486681464,0.001997811975541463
0.500543,0.06403322884295226,0.001974533453485224
0.5031870000000001,0.06235960738068813,0.001922100343036363
0.505831,0.06052204349334072,0.001884937348244669
0.508475,0.06074698876248614,0.001879897321069184
0.511118,0.06092893056326303,0.001856363198179243
0.5137620000000001,0.0601620330882353,0.001842386183694184
0.516406,0.06003055271920089,0.001820050276569071
0.519049,0.05728333476692564,0.001771471276193048
0.521693,0.06102291738346283,0.001823760578870898
0.5243370000000001,0.06176894034406216,0.001839074166511436
0.526981,0.05718920373196448,0.001744787471359402
0.529624,0.0569424614317425,0.001714582624177172
0.532268,0.05775308344894562,0.001738276401058382
0.5349120000000001,0.06205162187846838,0.001807275457221534
0.537555,0.05760009447835737,0.001715110968402263
0.540199,0.06028161917314096,0.001776723299053472
0.542843,0.05561035883740289,0.001669681062151392
0.5454870000000001,0.05383104168978912,0.00162649244182199
0.54813,0.05490267640122087,0.001614210728004495
0.550774,0.05617733802719201,0.001661742086622822
0.553418,0.05007372294672585,0.001517209729951046
0.556061,0.05166748834628191,0.001552150743995885
0.558705,0.04993765288568257,0.001523839691011338
0.561349,0.05314642903718091,0.001552614862278106
0.563993,0.05183852705327414,0.001540093294273404
0.566636,0.04895303232519423,0.001467104571189532
0.56928,0.05195757290510544,0.001540730423190667
0.571924,0.0500385620144284,0.00149196106477083
0.574567,0.04903629918146504,0.001465139723898719
0.577211,0.05059041009988901,0.001493246292801346
0.579855,0.04856999334073252,0.001434080241265202
0.582499,0.04889787132352941,0.001454846272407183
0.5851420000000001,0.05005902677580466,0.001466213190487243
0.587786,0.04731302663706993,0.001422716337710684
0.59043,0.04906469575471698,0.001446645112864824
0.593073,0.04417484475582686,0.001321181645247317
0.5957170000000001,0.04633824701720311,0.001372685288862414
0.598361,0.04900867633185349,0.001431126039558597
0.601005,0.04472323168701443,0.00133047759313698
0.603648,0.04411841557991121,0.001311287545692798
0.6062920000000001,0.04647359142619313,0.00135829353331786
0.608936,0.0431351204217536,0.001286787047022403
0.611579,0.04609817751109879,0.001336004144343003
0.614223,0.04481777018590456,0.001309437038156107
0.6168670000000001,0.04445549583795782,0.001299960039388881
0.619511,0.04692002081021088,0.001341218662162973
0.622154,0.04525212902330743,0.001310957564698465
0.624798,0.04394909142619311,0.00127348297656325
0.6274420000000001,0.04474114636514984,0.001283132546860813
0.630085,0.04465242452830189,0.001290103676652183
0.632729,0.04525947024139845,0.001292483663377448
0.635373,0.04167753038290787,0.001217329035470427
0.6380169999999999,0.04338602892619312,0.001242365996303757
0.64066,0.04197965801886792,0.001221992887262352
0.643304,0.04083168333795782,0.00119794156713529
0.645948,0.04465246115427303,0.001269699568701013
0.6485919999999999,0.04051629710044395,0.001180910014993666
0.651235,0.04113748959489456,0.001203288023050225
0.653879,0.0411096195199778,0.001198335837675899
0.656523,0.04278446795227526,0.00122565888757277
0.659166,0.04343459954217536,0.0012404934404458
0.66181,0.03966642577691454,0.001145937751512054
0.664454,0.04095156243063263,0.001185841806678573
0.667098,0.04109377649833519,0.001192020498824251
0.669741,0.0401964539400666,0.001170570387352637
0.672385,0.03949025714483907,0.001147487112389651
0.675029,0.04020124965316316,0.001154568573948557
0.6776720000000001,0.0392456322835738,0.001130933508881293
0.680316,0.03866031721698113,0.001122348111760023
0.68296,0.03939912257214206,0.00112671700149498
0.685604,0.03523300763041066,0.001048438160034764
0.6882470000000001,0.03945317334905661,0.00112869683224162
0.690891,0.04087774965316315,0.001160213638288975
0.693535,0.03581660814372919,0.00104790090631344
0.696178,0.03889947107380688,0.001112815008343485
0.6988220000000001,0.0374684646226415,0.001086714117946818
0.701466,0.03922231298557158,0.00111280614545136
0.70411,0.03968890954495006,0.001129332526980155
0.706753,0.03955630292730299,0.001111555186507321
0.7093970000000001,0.03979978551609323,0.001121716143504282
0.712041,0.03682802060210878,0.001061255658391747
0.714684,0.03978616752219756,0.001114607129700616
0.717328,0.03855046219478359,0.00108874819111913
0.7199719999999999,0.03826119027469479,0.001082571776455322
0.722616,0.0379692698390677,0.001070227346355124
0.725259,0.03779232748335183,0.001069112483364075
0.727903,0.03803620151220866,0.001059029074439132
0.7305469999999999,0.03735391918701443,0.001060531048212372
0.73319,0.03616673411487236,0.001031259671052992
0.735834,0.03780442778856826,0.001056043408912029
0.738478,0.03577211674528303,0.001010400452584148
0.7411219999999999,0.03642571864594894,0.001026625533157705
0.743765,0.03561121656492786,0.00101516223005503
0.746409,0.03334438256104329,0.0009502006319992701
0.749053,0.03463146725860156,0.0009881438565395881
0.751696,0.03476739081576027,0.0009797346845497453
0.75434,0.036113990427303,0.001016630811408821
0.756984,0.03398803364317425,0.0009569536113794359
0.759628,0.03591788811043285,0.001003713019949397
0.762271,0.03657973772197558,0.001014028437636673
0.764915,0.03419583337957825,0.0009593752129538704
0.767559,0.03512249562985572,0.0009906956811213702
0.7702020000000001,0.03802510384295228,0.001033348584831549
0.772846,0.0349975987791343,0.0009709194605754955
0.77549,0.03593321150110988,0.0009977017737465585
0.778134,0.03595360072142064,0.0009851100509987625
0.7807770000000001,0.03462061452552719,0.0009663642559799347
0.783421,0.03679025235849057,0.001002893072739524
0.786065,0.03449610453662597,0.0009582380532347919
0.788708,0.03399761820199778,0.0009482919717894686
0.7913520000000001,0.03496966918701443,0.0009580443251123101
0.793996,0.03557789379855716,0.0009757119601041753
0.79664,0.03351636896503885,0.0009278922935822367
0.799283,0.0325701598917869,0.0009080655380422563
0.8019269999999999,0.03249047551331854,0.0009059333088621625
0.804571,0.03594448772197559,0.000969730389195614
0.807214,0.03449113485016649,0.0009456107199541952
0.809858,0.03269490794950056,0.0008982401841101918
0.8125019999999999,0.03263015552164262,0.0009110778666406606
0.815146,0.03477276338790233,0.0009400623090516099
0.817789,0.03336205917036626,0.0009139726740100702
0.820433,0.03350805258046614,0.0009209873427060416
0.8230769999999999,0.03475999694783574,0.0009362877260261189
0.82572,0.03399847662319645,0.0009276559923717371
0.828364,0.03207489893174251,0.0008810943161678501
0.831008,0.03297368423973363,0.0009037621089243457
0.8336519999999999,0.03325952705327414,0.0008979539502684441
0.836295,0.03376788408712542,0.0009123078556372035
0.838939,0.03355086605160933,0.0009105673371800968
0.841583,0.03412996614872364,0.0009081133302218637
0.844226,0.03336617959211987,0.0009097506250601947
0.84687,0.03251452046337402,0.0008806076366043203
0.849514,0.03225487666481687,0.0008754938083435389
0.852158,0.03276273009156493,0.0008885825562204738
0.854801,0.03061743479467259,0.0008272524120044494
0.857445,0.03253939865427304,0.0008781627731332496
0.860089,0.03374857533296338,0.000892664653081155
0.8627320000000001,0.0318462223917869,0.0008568454724279177
0.865376,0.03043827427857936,0.0008577304397783108
0.86802,0.03038412049112098,0.000850578523174954
0.870664,0.03266861279134296,0.0009112224590007974
0.8733070000000001,0.03159053190899001,0.0008754060334543526
0.875951,0.03337098217258602,0.00092908060490598
0.878595,0.03261118555771365,0.0009126491480305204
0.881238,0.03416998231132076,0.0009401016364118508
0.8838819999999999,0.02906177413984462,0.0008482002663982013
0.886526,0.03039443756936737,0.0008559853617985666
0.88917,0.03509668576581576,0.0009628212521063819
0.891813,0.03143155917036626,0.0008889226606272391
0.8944569999999999,0.03124799667036626,0.0008655674761693753
0.897101,0.03299935904550499,0.0008929525040449453
0.899744,0.03407259385405106,0.000910050600782651
0.902388,0.03124938158990011,0.0008507321123318553
0.9050319999999999,0.03169278017480578,0.0008481394910157789
0.907676,0.02944326796614872,0.0008045409539985878
0.910319,0.03113473543285239,0.0008411511319326004
0.912963,0.03145287090732519,0.0008452479556256515
0.9156069999999999,0.0323136407463929,0.0008622667601112334
0.91825,0.03069945178967814,0.0008167365925294846
0.920894,0.03337497669256382,0.0008787106696812138
0.923538,0.02986140836570477,0.0008057704245603358
0.9261819999999999,0.03109643611265261,0.0008232283224799007
0.928825,0.03268995428690344,0.000864428759987118
0.931469,0.032244484045505,0.0008454048943017136
0.934113,0.03317556430355161,0.0008719422127565572
0.936756,0.03239644291065483,0.0008407179997865871
0.9394,0.03147481673140955,0.0008262045645861298
0.942044,0.03176583525249722,0.0008264252060003987
0.944688,0.03053661730022198,0.0008058870243827669
0.947331,0.03275479599056604,0.0008502144858969034
0.949975,0.03121757422308546,0.0008134457980524168
0.952619,0.02952671795227525,0.0007827446358314879
0.9552619999999999,0.03187762000554939,0.0008276564643544913
0.957906,0.03268180043007769,0.0008417295804170537
0.96055,0.03086195206714762,0.0008107761029147961
0.963194,0.03012325201165372,0.0007774660162364553
0.9658369999999999,0.02987928870699224,0.0007869272363093706
0.968481,0.03064149347946726,0.0007948718530448538
0.971125,0.02966346788290788,0.00077163762349737
0.973768,0.03151901283296338,0.000805839804644809
0.9764119999999999,0.03013565448113208,0.0007738442214806645
0.979056,0.0306156881936737,0.0007899460603768443
0.9817,0.02987913075749168,0.00077117443475814
0.984343,0.03073087687291898,0.0007825604743872871
0.9869869999999999,0.03138446503884573,0.0007917459209361581
0.989631,0.03050684725305216,0.0007861473205709408
0.992274,0.03211436112652608,0.000837988402779736
0.994918,0.02902642321032186,0.0007753587114869902
0.9975619999999999,0.02631977081021088,0.0007281456403539383
1.00021,0.03000538734739179,0.0008096755989898978
1.00285,0.0293306225027747,0.0007927002504523454
1.00549,0.03083913408712542,0.0008399684889853766
1.00814,0.02999477955049945,0.0008162552189452663
1.01078,0.03018327511098779,0.0008251919616107107
1.01342,0.02920378905382908,0.0008093215617493364
1.01607,0.02967336834073252,0.0008276653563444124
1.01871,0.02919297981409544,0.0008117106380620346
1.02136,0.02938979633740289,0.0008203435126363129
1.024,0.02909997044950055,0.0008216294304441767
1.02664,0.02931180819922309,0.0008272188659254741
1.02929,0.03105259024694784,0.0008667232231349799
1.03193,0.02938665337125416,0.0008295133223469604
1.03457,0.0306722158018868,0.0008546678031590272
1.03722,0.03061565614594895,0.0008634769621175961
1.03986,0.02809703232519423,0.0008022700949331416
1.04251,0.02968518708379578,0.0008430204817119151
1.04515,0.02842728870699223,0.0008018060011008743
1.04779,0.0276666336709212,0.0007786728539263155
1.05044,0.02878226761931188,0.0007941734962984031
1.05308,0.02811888429522752,0.0007670803421498991
1.05572,0.02955454911209767,0.0008016022895592649
1.05837,0.02903120747780245,0.0007769087199630906
1.06101,0.03049681631520533,0.0008144184379855613
1.06365,0.02931254300776914,0.0007787515151555221
1.0663,0.02928947551331854,0.0007787139150726295
1.06894,0.02894578655660377,0.0007707226877388745
1.07159,0.0283582121254162,0.0007478806877497288
1.07423,0.03011597717813541,0.0007901849996373899
1.07687,0.0287436386653718,0.0007534732108300603
1.07952,0.0289838569644839,0.000762862306934439
1.08216,0.029851599472808,0.0007746156383037765
1.0848,0.0273709224472808,0.0007127327757223445
1.08745,0.0282122942563818,0.0007364134726116709
1.09009,0.02949714476970034,0.0007562161902637148
1.09274,0.02979359538013319,0.0007658865517983713
1.09538,0.02971381943673696,0.0007612062197310402
1.09802,0.02893203579356271,0.0007394214594299884
1.10067,0.0313280908018868,0.0007894183322012875
1.10331,0.02859116932574916,0.0007280964744596572
1.10595,0.02854078572419535,0.0007311195916807918
1.1086,0.02910364220310765,0.000738938325242185
1.11124,0.02862349632352941,0.0007299904533264713
1.11389,0.02765687971698113,0.0007135004841669863
1.11653,0.02839079092674806,0.0007133560957179833
1.11917,0.02671659489456159,0.0006921685571573108
1.12182,0.02781496656492785,0.0007066774653766026
1.12446,0.02653843930355161,0.0006867507127114279
1.1271,0.02769450603496116,0.0007033483010699246
1.12975,0.02888297530521642,0.000721907038305644
1.13239,0.0274630917036626,0.0006986201155739762
1.13504,0.02836680320477248,0.0007125651775439817
1.13768,0.02727481360987792,0.0006921265368181932
1.14032,0.02722394929245283,0.0006925358282192078
1.14297,0.02590735321864595,0.0006661699013030629
1.14561,0.02792931971420643,0.0007101351216594792
1.14825,0.0263253631381798,0.0006659792141787616
1.1509,0.02700371732796892,0.0006830171713158454
1.15354,0.02560079841842398,0.0006552956428222659
1.15618,0.02560944443673696,0.0006519317237444997
1.15883,0.02437951456714761,0.0006365114375439081
1.16147,0.02870172024139845,0.0007059380569536148
1.16412,0.02765977316870144,0.0006960745595177002
1.16676,0.0253420015954495,0.0006398603187304498
1.1694,0.02591018028579356,0.000656885725494447
1.17205,0.02555062541620422,0.0006460516206324417
1.17469,0.02463332339067702,0.0006274266508472348
1.17733,0.02576952053274141,0.000651179148357139
1.17998,0.02722408435072142,0.0006709957608680347
1.18262,0.025355734045505,0.0006404021581887039
1.18527,0.02472888283851277,0.000625170123210187
1.18791,0.0263581685627081,0.0006582300416538513
1.19055,0.02452191634295228,0.0006234678285575942
1.1932,0.02620934579633741,0.0006477137178896185
1.19584,0.02615439997225305,0.000651968270351833
1.19848,0.02559423779134295,0.0006356364715705116
1.20113,0.02697252344617092,0.0006658892111609933
1.20377,0.02665509759988901,0.0006568960592952922
1.20642,0.02518372246115427,0.0006294545169712179
1.20906,0.02724597065760266,0.0006694343308971352
1.2117,0.0225525424528302,0.0005719038338987151
1.21435,0.02557597287735849,0.0006335302856531177
1.21699,0.02447267043562708,0.0006096489002921083
1.21963,0.02382784274417314,0.0005986224663265205
1.22228,0.02351269686459489,0.0005944640198051947
1.22492,0.0243730111681465,0.0006047177896497125
1.22757,0.02497793486403995,0.0006182759266011884
1.23021,0.0235585228218646,0.0005871703885968442
1.23285,0.02355907221143174,0.0005883033547427574
1.2355,0.0234960686736959,0.0005888702274546939
1.23814,0.02298080535516093,0.0005763325834017538
1.24078,0.02431265843507215,0.0006052558029991735
1.24343,0.02287370185904551,0.0005746859195251108
1.24607,0.0244801993618202,0.0006020553969107193
1.24871,0.02354454314650389,0.0005842025243806359
1.25136,0.02366586438679246,0.0005843413373319671
1.254,0.02037233115982242,0.0005222590694131151
1.25665,0.02332671476137625,0.0005786961211445411
1.25929,0.02213412049112098,0.0005568052755282174
1.26193,0.02323984253607104,0.0005712089758946983
1.26458,0.02204031222253052,0.0005495112415001312
1.26722,0.02275831173695893,0.0005654383424583099
1.26986,0.02277575714483906,0.0005645718565563275
1.27251,0.02119625527192009,0.0005348872170161595
1.27515,0.02319275985016648,0.000568888789873977
1.2778,0.02140853940066593,0.0005372706129029595
1.28044,0.02029196004439512,0.0005098138692772489
1.28308,0.02281117903718092,0.0005600929413760699
1.28573,0.02091608032741399,0.0005273370126317087
1.28837,0.01912585092952275,0.0004842072402277053
1.29101,0.0207327032463929,0.0005251377904843114
1.29366,0.02141881298557159,0.0005296824859232162
1.2963,0.02215937867647059,0.0005456323192257818
1.29895,0.0216871875,0.000537201852786286
1.30159,0.01955921628745838,0.0004903507880714526
1.30423,0.021082490427303,0.0005267109308799532
1.30688,0.01977097849611543,0.0004925850807491392
1.30952,0.02039706742508324,0.0005095970272656149
1.31216,0.02093055674250833,0.0005157429979110075
1.31481,0.02016818715316315,0.0005029031241042665
1.31745,0.01987686417869034,0.0004963380836785399
1.3201,0.01799353842952275,0.0004551105273924212
1.32274,0.01837743125693674,0.0004647895780506578
1.32538,0.019537549736404,0.0004842147992394398
1.32803,0.01864909981964485,0.0004666897154979821
1.33067,0.02008587486126526,0.0005002189947733519
1.33331,0.01841324687846837,0.0004591726417169506
1.33596,0.0187004265399556,0.0004692784641467247
1.3386,0.01846688790233075,0.0004633902569172332
1.34124,0.01767218902608213,0.0004459819857051226
1.34389,0.01969729619866815,0.0004856963238109791
1.34653,0.01896246247225305,0.0004683955331600227
1.34918,0.01801236417869034,0.0004537865368795293
1.35182,0.0170214943118757,0.0004296774262237469
1.35446,0.01880928808268591,0.0004685950393612418
1.35711,0.01834726519145394,0.00045811292782279
1.35975,0.01861525513318535,0.000463634130561251
1.36239,0.01872007637347392,0.0004666410337540091
1.36504,0.01689723612652608,0.0004246166838856567
1.36768,0.01845833115982242,0.000459831493748727
1.37033,0.01895452150388457,0.0004686142128934107
1.37297,0.01724098231132076,0.0004347582034345828
1.37561,0.01708279474195339,0.0004355606641061884
1.37826,0.01651774299389567,0.0004163243156085767
1.3809,0.01751595178967813,0.000441171741546703
1.38354,0.01633129848779135,0.0004160773884991934
1.38619,0.01700554827968923,0.0004304450960847711
1.38883,0.01766002004716981,0.0004401417682837429
1.39148,0.01804021594062154,0.0004490903358643591
1.39412,0.01700139123196449,0.0004290388026957259
1.39676,0.01718742827413984,0.0004284696259508392
1.39941,0.01530256423418424,0.0003918928601540984
1.40205,0.01503470706159823,0.0003850781269154941
1.40469,0.01789651623196448,0.0004484370559380378
1.40734,0.01577474854328524,0.0004002360034447753
1.40998,0.01580090635405106,0.0003999344694053841
1.41263,0.01515926741120977,0.0003854158056825757
1.41527,0.01665459593507214,0.0004167790377384698
1.41791,0.01675559662874584,0.0004203372039112426
1.42056,0.01631777434794673,0.0004108312123827462
1.4232,0.0141654468645949,0.0003648982485597815
1.42584,0.01427769402053274,0.0003667878002474513
1.42849,0.01519545387069923,0.0003872840997434419
1.43113,0.01593921059933407,0.000402454255053402
1.43377,0.01677243999722531,0.0004177344684051597
1.43642,0.01612470283018868,0.0004025235527415041
1.43906,0.01480237479189789,0.0003781010539702414
1.44171,0.01473619852941177,0.0003753532074898924
1.44435,0.01536578066037736,0.0003874980133282547
1.44699,0.01643340024972253,0.0004085194444428473
1.44964,0.01481825443951166,0.0003774579351139488
1.45228,0.01384684440899001,0.0003549466079840512
1.45492,0.01438369415926748,0.0003654711951753175
1.45757,0.01330140129023307,0.0003420321631876304
1.46021,0.01405205514705883,0.0003586514540530476
1.46286,0.01533147357103219,0.0003845587264427372
1.4655,0.01464722259988901,0.0003713797698265704
1.46814,0.01427070074916759,0.0003611507395548643
1.47079,0.01500968007769146,0.0003791031574416503
1.47343,0.01273759482519423,0.0003285113665734187
1.47607,0.01510384544950056,0.0003807962059192553
1.47872,0.01417906028024418,0.0003574611371958301
1.48136,0.01432048460044395,0.0003636492653832133
1.48401,0.0137359295227525,0.0003527690160933887
1.48665,0.01346237701165372,0.0003433411576090487
1.48929,0.01225831652330744,0.0003170568643630855
1.49194,0.01258837832963374,0.0003217785473570698
1.49458,0.01367560883740289,0.0003504706020851157
1.49722,0.01242227497225305,0.0003197454047744561
1.49987,0.01303407290510544,0.0003332815821736787
1.50251,0.01075983129855716,0.0002862497229280036
1.50516,0.01341215593784684,0.0003397745193578503
1.5078,0.01225807616537181,0.0003159250882449622
1.51044,0.01267332082408435,0.0003252533323529872
1.51309,0.01197103385127636,0.0003090392541161453
1.51573,0.01229206964483907,0.0003177153364959621
1.51837,0.01285897329356271,0.0003260191760229188
1.52102,0.01178379959766926,0.0003044118707720609
1.52366,0.01186703211709212,0.0003043619011096494
1.5263,0.01222526845172031,0.0003114949682052043
1.52895,0.01299087486126526,0.0003310645241770576
1.53159,0.01126519187014429,0.000293523590631081
1.53424,0.01200501359600444,0.0003110253100809331
1.53688,0.01104470123473918,0.0002875306322017878
1.53952,0.01159522849611543,0.0002979461809235507
1.54217,0.01279068645948946,0.0003222765209076124
1.54481,0.01169469318812431,0.0003008220955798846
1.54745,0.0127766083518313,0.0003261421603441829
1.5501,0.01230445609045505,0.0003178853753975969
1.55274,0.01233034836293008,0.000322425084209783
1.55539,0.0116162586709212,0.0003085512693749433
1.55803,0.01234633102108768,0.0003269425933135631
1.56067,0.01143417036625971,0.0003095362062178675
1.56332,0.0115128131936737,0.0003089477593188197
1.56596,0.01197342827413985,0.000325302788652951
1.5686,0.01152366592674806,0.0003123129949989038
1.57125,0.0105320887208657,0.0002950218086477829
1.57389,0.01174121046059934,0.0003213436214114889
1.57654,0.01118256825749167,0.0003077985851237136
1.57918,0.01262858448945616,0.000346829002035584
1.58182,0.01154832665094339,0.0003198866954731921
1.58447,0.01063920595172031,0.000300783562437315
1.58711,0.01173152746947836,0.0003245121104241144
1.58975,0.01115357422308546,0.0003124817895243824
1.5924,0.01083660162319645,0.0003107443020172558
1.59504,0.009960261168146505,0.0002840455929664483
1.59769,0.01221846746670366,0.0003422429247255749
1.60033,0.0103381519145394,0.0002957920394569428
1.60297,0.01158286265260822,0.0003259142849037077
1.60562,0.009893732380688126,0.0002850208081606503
1.60826,0.01192983192286349,0.0003261864974818035
1.6109,0.01090181874306326,0.0003022817351113441
1.61355,0.01164916710599334,0.0003149056079945597
1.61619,0.01015613457269701,0.0002803141516701404
1.61883,0.01091617154550499,0.0002979079648693257
1.62148,0.01082545588235294,0.0002924647916191706
1.62412,0.01024696469200888,0.0002817362887944045
1.62677,0.01042491655105439,0.000281420681120712
1.62941,0.01215009135682575,0.0003235558978063806
1.63205,0.01068553551609323,0.0002874553220950713
1.6347,0.01015540434239734,0.0002747343382271686
1.63734,0.01055361334628191,0.0002843911391971729
1.63998,0.01061400728357381,0.0002852273309540215
1.64263,0.01024532567980022,0.0002755513147493605
1.64527,0.009416315135960042,0.0002547203166886269
1.64792,0.01074129626803551,0.0002868535159859662
1.65056,0.0102353496809101,0.0002748234720647213
1.6532,0.01041696871531632,0.0002777549172805794
1.65585,0.008266809031631522,0.000228779886607027
1.65849,0.009534278232519422,0.0002555301497116031
1.66113,0.008678235432852389,0.0002370855415967609
1.66378,0.01023538172863485,0.0002738236018603157
1.66642,0.009299043354605992,0.0002521311692797563
1.66907,0.008880745005549391,0.0002436007979860385
1.67171,0.009815224611542729,0.0002620588578602713
1.67435,0.009936365011098779,0.0002660008784970892
1.677,0.01013187902330743,0.0002695357287501739
1.67964,0.009685845657602664,0.0002588210167345748
1.68228,0.00899770775527192,0.000242767258203462
1.68493,0.009766235086015538,0.0002603681181923751
1.68757,0.009671625624306325,0.0002581138777207687
1.69022,0.01066008275527192,0.0002790004615934226
1.69286,0.009749240635405106,0.0002592264168108169
1.6955,0.009592662319644838,0.0002571460893552734
1.69815,0.007932567286348502,0.0002171441942807502
1.70079,0.008442686945061041,0.0002307111989727573
1.70343,0.008024782325194229,0.0002168923631798065
1.70608,0.009323617092119872,0.0002483760331247136
1.70872,0.008694598085460598,0.0002326492016227593
1.71137,0.008522082894006661,0.0002299219110514176
1.71401,0.01004183865149833,0.0002649632980936142
1.71665,0.008777848917869036,0.0002357936492529252
1.7193,0.008275081922863482,0.0002243211273724568
1.72194,0.007998574153718093,0.0002164963231605326
1.72458,0.009216547932852389,0.0002454001060896473
1.72723,0.009513346490011098,0.0002508105845588302
1.72987,0.008228605854605995,0.0002216656099425357
1.73251,0.009461445199778026,0.0002515361840693551
1.73516,0.008616019353496117,0.0002284909184375495
1.7378,0.008017889775249721,0.0002164969614368735
1.74045,0.007881627427857939,0.0002122739126042808
1.74309,0.007163611889567149,0.0001957758249376676
1.74573,0.008884620491120977,0.0002362904393471459
1.74838,0.007587365219200889,0.0002038652333639586
1.75102,0.00787397488901221,0.0002141266804981422
1.75366,0.007865051886792455,0.0002100112790264195
1.75631,0.008324703246392898,0.0002216952616641444
1.75895,0.008709580396781354,0.0002319792836162747
1.7616,0.007255852108768037,0.000196680133052013
1.76424,0.008078711778579358,0.0002171691722907861
1.76688,0.008785366398446171,0.0002303795686627977
1.76953,0.007423873751387348,0.0002007612189693384
1.77217,0.007897923695893452,0.0002122804233074789
1.77481,0.007925635821309659,0.0002127060750717758
1.77746,0.009157413013318537,0.0002417169433225783
1.7801,0.007468271295782466,0.0001999017695030312
1.78275,0.007930541412319645,0.0002124969620140793
1.78539,0.00568628045227525,0.0001559008792428967
1.78803,0.008037759364594893,0.0002129705290647538
1.79068,0.009186819089900111,0.0002411847377305625
1.79332,0.007629050152608213,0.0002023319673787072
1.79596,0.009333112375138734,0.0002453926026907978
1.79861,0.007798919117647059,0.0002061686415906184
1.80125,0.008065650041620423,0.000214120228978249
1.8039,0.008551331021087683,0.0002256443902765865
1.80654,0.007190211501109877,0.0001928428085047437
1.80918,0.006314310557713654,0.0001735764008302348
1.81183,0.006976791967258604,0.0001883954852178027
1.81447,0.008140396781354054,0.0002157232696302917
1.81711,0.006997149139844616,0.0001882876354642332
1.81976,0.006543724195338513,0.0001770829109045099
1.8224,0.00830383102108768,0.0002208368680304871
1.82504,0.007795615912874585,0.0002073584128512204
1.82769,0.00847629127358491,0.0002250126316366823
1.83033,0.005814583518312983,0.0001599459673085129
1.83298,0.007739843715316318,0.0002059496896251129
1.83562,0.006623610016648172,0.0001807235608163129
1.83826,0.00634162666481687,0.0001746826480807203
1.84091,0.006099318396226418,0.0001687790504145955
1.84355,0.006687481132075471,0.0001823663653964422
1.84619,0.008145590801886791,0.0002172510329088901
1.84884,0.006658065899001107,0.0001798703423514614
1.85148,0.007473050985016649,0.0002019594240749099
1.85413,0.006135584975027746,0.0001698699825263746
1.85677,0.007928087472253051,0.0002106545368594584
1.85941,0.006554531145948944,0.0001798514404132187
1.86206,0.007543194298002221,0.0002012273482633083
1.8647,0.006524264359045504,0.0001789272875244895
1.86734,0.007716673210321864,0.0002068536061190952
1.86999,0.006001662111542729,0.0001647440965411319
1.87263,0.00623906936736959,0.0001730711229025627
1.87528,0.00823050811598224,0.0002186335925807986
1.87792,0.007265677025527192,0.0001968413171561257
1.88056,0.005833699986126529,0.0001616019697675186
1.88321,0.00745024445061043,0.0001999176320502188
1.88585,0.005946940621531628,0.0001658603181826923
1.88849,0.006834106340177578,0.0001845894050060274
1.89114,0.006028918701442842,0.0001669532586149502
1.89378,0.006228397475027747,0.000170030660493797
1.89643,0.006131830812985569,0.0001691170177980688
1.89907,0.00636637666481687,0.0001754617359591464
1.90171,0.007156169950055495,0.0001921566631909039
1.90436,0.006080952760821314,0.0001677958642190726
1.907,0.006228562291897892,0.0001703646020508945
1.90964,0.006823196379023307,0.0001864403704632688
1.91229,0.006389022960599335,0.0001755968198502458
1.91493,0.005545043840177579,0.0001537914124965179
1.91757,0.006250853773584909,0.0001712985423521184
1.92022,0.0062692285654828,0.0001728758292935167
1.92286,0.007607784198113205,0.0002054978583109537
1.92551,0.005196412666481687,0.0001442055817258404
1.92815,0.007033044880688125,0.0001899247229273077
1.93079,0.006757912874583795,0.0001854454361273643
1.93344,0.005354991675915649,0.0001486941918461173
1.93608,0.006800298279689237,0.0001848510789399694
1.93872,0.006856558060488347,0.0001861065321177856
1.94137,0.006806158435072143,0.0001869962964716516
1.94401,0.007367934447835739,0.0001991011055516902
1.94666,0.007161123612652611,0.0001932397206389497
1.9493,0.006321038290788016,0.0001738936177423472
1.95194,0.006173705743618202,0.0001690873323262966
1.95459,0.00581498640399556,0.0001608498561443292
1.95723,0.006820763041065481,0.0001862750252182618
1.95987,0.007077575194228634,0.0001911739800048979
1.96252,0.007085916759156493,0.0001931365618681135
1.96516,0.005947769284128745,0.0001635249683728136
1.96781,0.005662036348501664,0.0001568738200147675
1.97045,0.00664598848501665,0.0001810424905133336
1.97309,0.007323356062708102,0.0001978717410028667
1.97574,0.005791671684239736,0.0001608234813556974
1.97838,0.006168518590455051,0.0001694352178163182
1.98102,0.005321872641509436,0.000149359147175541
1.98367,0.006743489109322974,0.0001829210909897804
1.98631,0.006139725998890121,0.0001687422274781554
1.98896,0.007770719408990013,0.0002082715455753233
1.9916,0.005734846490011099,0.0001587272876827964
1.99424,0.005912448113207545,0.0001618746633963463
1.99689,0.005253473640399556,0.0001456893216880088
1.99953,0.005629942841287456,0.0001551945160075182
2.00217,0.004864588235294118,0.0001360090103931254
2.00482,0.006331476692563815,0.0001726942495671275
2.00746,0.005125262139289678,0.0001424667740070535
2.0101,0.005485359531076583,0.0001505054705921801
2.01275,0.004708522683129856,0.0001320529102712372
2.01539,0.005133676956159825,0.0001414054548748251
2.01804,0.00641976359600444,0.0001756461702808121
2.02068,0.004891357241953383,0.0001365796613604406
2.02332,0.005706761237513873,0.0001563717992502166
2.02597,0.005118907533296337,0.0001422493066274052
2.02861,0.005153248959489458,0.0001418894806237864
2.03125,0.005691591218091013,0.0001565294665931774
2.0339,0.006485898654273029,0.0001753827402586386
2.03654,0.005370788915094338,0.0001490629004233995
2.03919,0.006739419048279688,0.0001815686720416628
2.04183,0.004366339969478358,0.0001220278783690625
2.04447,0.004919854536625975,0.0001369600259803879
2.04712,0.006562499583795781,0.0001769157331232364
2.04976,0.004361287874583795,0.0001225071759538159
2.0524,0.005256618895671476,0.0001455737705100015
2.05505,0.005866729744728079,0.0001602020551939495
2.05769,0.005165541551054382,0.0001432785044601005
2.06034,0.004671525874028857,0.0001292276778865968
2.06298,0.004386907741398448,0.0001233156188934634
2.06562,0.0035230704772475,9.987914926403761e-05
2.06827,0.004872508601553827,0.0001349421234906806
2.07091,0.004066583865149833,0.0001150035020538889
2.07355,0.005188840246947838,0.0001426275385778194
2.0762,0.006127618826304107,0.0001667404771226444
2.07884,0.005346059517203108,0.0001466234067235696
2.08149,0.005474433546059937,0.0001501656449991044
2.08413,0.005848730369034406,0.0001606391752250208
2.08677,0.005110728496115427,0.0001401576288926177
2.08942,0.006317009433962262,0.000172707932573802
2.09206,0.005155338928967812,0.0001425850884456927
2.0947,0.00594376331853496,0.0001623569855269202
2.09735,0.004443570407880132,0.0001245382238219463
2.09999,0.004024757006104327,0.000113673633325495
2.10263,0.005495928412874581,0.0001527609103720659
2.10528,0.004971057644284129,0.0001364311720109947
2.10792,0.004340928412874587,0.0001226016101650288
2.11057,0.003874018243618203,0.0001106339226935226
2.11321,0.00513489019145394,0.0001465890675515587
2.11585,0.004973999167591565,0.0001447302882002599
2.1185,0.004651924112097669,0.0001343679771847257
2.12114,0.003989252705327411,0.0001195847225340517
2.12378,0.004504941800776916,0.0001314178195937661
2.12643,0.003252029134295224,9.845687781661194e-05
2.12907,0.004277290788013319,0.0001291357044314222
2.13172,0.003908206298557159,0.0001184864063806491
2.13436,0.005011753676470586,0.0001505000663243408
2.137,0.005358977039400665,0.0001591759920640295
2.13965,0.004044129855715873,0.0001242299363353752
2.14229,0.005268021018312989,0.000157987336752212
2.14493,0.004114708102108766,0.0001271765235764827
2.14758,0.005319054730854604,0.0001620515394821723
2.15022,0.005015910724195337,0.0001517987061295346
2.15287,0.005419631936736962,0.0001653248221097636
2.15551,0.005134430077691452,0.0001566492088813168
2.15815,0.004085189858490567,0.0001278562435557512
2.1608,0.004633027400110989,0.0001436423642246449
2.16344,0.004750992785793563,0.0001460638731678812
2.16608,0.005215893104883463,0.0001592460138551651
2.16873,0.006228253260266371,0.0001842473732182201
2.17137,0.002951998335183128,9.150326439474344e-05
2.17402,0.004054650665926749,0.0001221347570105113
2.17666,0.005508401845172034,0.0001621879094029318
2.1793,0.005062132699778025,0.000149084163005603
2.18195,0.004034618548834632,0.000120530952671028
2.18459,0.004994404411764703,0.0001463857592968346
2.18723,0.004845128399001109,0.00014247062119218
2.18988,0.005569157463928969,0.0001609784149229091
2.19252,0.005462081437291899,0.0001576375118118015
2.19516,0.004323750832408437,0.0001269493425314683
2.19781,0.003509218992785793,0.0001053242649828492
2.20045,0.005076963928967817,0.0001468095259739213
2.2031,0.005080207616537183,0.0001474564321880541
2.20574,0.003551622710876801,0.0001055670525495514
2.20838,0.004017402053274138,0.0001186450129832475
2.21103,0.003769595310765816,0.0001119436836683298
2.21367,0.003342005410654829,0.0001002953702438871
2.21631,0.002988152746947833,9.019217937192719e-05
2.21896,0.004464163360155384,0.0001299038330465525
2.2216,0.004356125901775806,0.0001265882353775471
2.22425,0.003335192980022198,9.943645476330354e-05
2.22689,0.005368834003884573,0.0001541694781169626
2.22953,0.004516391995005552,0.0001307265396324709
2.23218,0.005720953801331854,0.0001645234253508341
2.23482,0.003676952205882354,0.0001085514262618338
2.23746,0.004515448876248611,0.000132988496663305
2.24011,0.004757917383462823,0.0001379851546362002
2.24275,0.003805987791342951,0.0001134406072457099
2.2454,0.004029039955604883,0.0001186988179931397
2.24804,0.004004850790788016,0.0001186663711380176
2.25068,0.003946045504994448,0.0001169888705221167
2.25333,0.003634665233074363,0.0001076860125759323
2.25597,0.003588825541065485,0.0001071161153237101
2.25861,0.00539618444783574,0.0001555959055747953
2.26126,0.003653907602663706,0.0001090207581121
2.2639,0.005508079078801332,0.0001581797256572359
2.26655,0.003961973224195337,0.0001174403932317291
2.26919,0.004261255480022196,0.0001270661460882476
2.27183,0.004007698460044395,0.0001180339154612423
2.27448,0.003588846143174253,0.0001068257990383819
2.27712,0.003238248612652608,9.680946074328161e-05
2.27976,0.004751615427302994,0.0001406714977546768
2.28241,0.00482024334073252,0.000141377083631525
2.28505,0.004571630826859043,0.000133628671841518
2.28769,0.004982830604883463,0.0001446966836334815
2.29034,0.003929007561043288,0.0001152177104247206
2.29298,0.003725385474472809,0.0001111883016195741
2.29563,0.00381801713374029,0.0001128096885532863
2.29827,0.003384628884572697,0.0001011873107240255
2.30091,0.005320750971143176,0.0001561501400309124
2.30356,0.003325647336293008,9.864265963483187e-05
2.3062,0.004551312569367371,0.0001341226910672126
2.30884,0.003765300915649279,0.0001116052268904787
2.31149,0.004389288429522752,0.0001302271490731183
2.31413,0.001838161348501668,5.686881477864593e-05
2.31678,0.004216409267480579,0.0001249211817513484
2.31942,0.004673739456159823,0.0001375062406132567
2.32206,0.003170245629855715,9.448797482118979e-05
2.32471,0.00324372190621532,9.80309735616583e-05
2.32735,0.003859399902885683,0.000115327283286456
2.32999,0.004221481964483909,0.0001246789460303363
2.33264,0.004382631659267481,0.0001312568989911256
2.33528,0.003976055910099887,0.0001164414011588045
2.33793,0.004774486057158715,0.0001404824501666995
2.34057,0.003810382907880136,0.0001130950613210826
2.34321,0.004538335529966701,0.0001333448015866835
2.34586,0.005180995421753606,0.0001523544534543936
2.3485,0.003818992300221976,0.0001136226163818893
2.35114,0.003530107241953384,0.0001056586487437915
2.35379,0.004090466287458377,0.0001205450198071478
2.35643,0.004000334350721423,0.0001181251134649689
2.35908,0.005197628190899004,0.0001521272984619673
2.36172,0.004430762763596005,0.0001305004191458256
2.36436,0.003617579217536073,0.0001080858809347374
2.36701,0.002836887486126524,8.548742352198471e-05
2.36965,0.00241980923973363,7.377833985765189e-05
2.37229,0.003378754994450612,0.0001015424460168642
2.37494,0.003997253190899001,0.0001186063635353691
2.37758,0.005071813401775804,0.0001495432761814925
2.38022,0.003114068257491677,9.302161731476871e-05
2.38287,0.003597618063263044,0.0001088446099751704
2.38551,0.003963303204772474,0.000116345283444958
2.38816,0.004015364733629304,0.0001196258553909255
2.3908,0.003382408435072143,0.0001020469082598909
2.39344,0.004796333448945618,0.000140600596000356
2.39609,0.002680599889012208,8.192692096051778e-05
2.39873,0.004089710876803553,0.0001206036560923634
2.40137,0.003297845935072141,9.940412069479133e-05
2.40402,0.004047668840177578,0.000118439415897219
2.40666,0.003551915718645952,0.0001062839950990725
2.40931,0.003263717397336293,9.848668107002514e-05
2.41195,0.004436478704217535,0.0001298425159470176
2.41459,0.003013410932297449,9.155167179352171e-05
2.41724,0.00310940531354051,9.326676296654764e-05
2.41988,0.004518321725860155,0.000133021881900307
2.42252,0.003963193326859047,0.0001181942027223597
2.42517,0.003546984947280801,0.0001053858702962397
2.42781,0.003612813263041066,0.0001086144761887097
2.43046,0.004107067008879022,0.0001212460965030337
2.4331,0.002099938609877917,6.474537076096809e-05
2.43574,0.005185262347391789,0.0001506023034334701
2.43839,0.003238237167036628,9.801584583567865e-05
2.44103,0.0023999762763596,7.350424711829618e-05
2.44367,0.003662494103773585,0.0001092190919683671
2.44632,0.004326307783018866,0.000127925035084233
2.44896,0.003276032880133184,9.836397640565185e-05
2.45161,0.002740968645948947,8.317298265105221e-05
2.45425,0.004514107450055494,0.0001335443701784357
2.45689,0.0034021567008879,0.0001014166661678442
2.45954,0.003285285516093231,9.948089128378471e-05
2.46218,0.003910406145948944,0.0001166306215187318
2.46482,0.00383500471698113,0.0001134615405130432
2.46747,0.003025396781354054,9.12220397148151e-05
2.47011,0.003573607450055494,0.0001078198277300706
2.47275,0.003182400874028859,9.696091927521158e-05
2.4754,0.003839862236403996,0.0001137282826403374
2.47804,0.00297204418701443,9.013936864865308e-05
2.48069,0.004449604536625971,0.0001314597210158816
2.48333,0.003856662111542727,0.0001159731036624567
2.48597,0.004755564164816869,0.0001403177500625014
2.48862,0.002511797655382907,7.665522094132359e-05
2.49126,0.00354323307436182,0.0001072948881903117
2.4939,0.003588770602108768,0.0001071512290413848
2.49655,0.003637609045504996,0.0001095503305005812
2.49919,0.004150237583240843,0.0001230188093191848
2.50184,0.002093719062153165,6.459679050738327e-05
2.50448,0.002264196933962262,6.995396109123866e-05
2.50712,0.003922666689789125,0.0001177776690676063
2.50977,0.003135586015538291,9.479762043433288e-05
2.51241,0.003345214761376246,0.0001005961270755917
2.51505,0.002717658504439512,8.334471382561582e-05
2.5177,0.003866308476692564,0.0001163566759061264
2.52034,0.003187077552719202,9.613692468501927e-05
2.52299,0.00375192785793563,0.0001129469605335923
2.52563,0.003082400527192008,9.368779905904017e-05
2.52827,0.002106135266370699,6.536634236982627e-05
2.53092,0.003790755965593787,0.0001134954970860457
2.53356,0.003823879578246394,0.0001138588827468275
2.5362,0.003290566523307435,0.0001000592693781622
2.53885,0.003332867230854607,0.0001007634782514024
2.54149,0.004677672169811319,0.0001381434954969717
2.54414,0.003760910377358491,0.0001132370633049571
2.54678,0.004462936390122088,0.0001325332158081209
2.54942,0.003718380757491677,0.0001117992716182687
2.55207,0.00294508289400666,8.981448737730097e-05
2.55471,0.004782040163706993,0.0001408310499300684
2.55735,0.004894083587680355,0.0001444351075094395
2.56,0.003536635821309656,0.0001074167378563541
2.56264,0.004052636237513875,0.0001224050059755175
2.56529,0.004128273446170922,0.0001223445347239367
2.56793,0.002944423626526082,9.013692665235777e-05
2.57057,0.00318344471420644,9.643674260133474e-05
2.57322,0.004347498196448387,0.0001297326351009365
2.57586,0.004114847738623753,0.0001225787755324161
2.5785,0.004741165579911211,0.0001398145441593155
2.58115,0.003384892133740288,0.0001035746616020521
2.58379,0.003777495074916758,0.0001138320363638231
2.58643,0.003318177927302996,0.0001007740341594312
2.58908,0.003308076026637067,0.0001003843176488536
2.59172,0.003723297794117647,0.0001121899922898548
2.59437,0.004831009087125416,0.0001433972766400127
2.59701,0.004937833310210875,0.0001450319402942585
2.59965,0.003262659822419535,9.90155035723607e-05
2.6023,0.004051759503329633,0.0001214761902709232
2.60494,0.003627378953940066,0.0001101393080131729
2.60758,0.005174146365149836,0.0001539697430462466
2.61023,0.004479257838512762,0.0001335665249448187
2.61287,0.003745522891231966,0.0001133917209831149
2.61552,0.003558380202552719,0.0001083316160292604
2.61816,0.003325361195893452,0.0001011648050843821
2.6208,0.004295326789678138,0.0001280552833615059
2.62345,0.002217288221420645,6.91544719006003e-05
2.62609,0.003581791065482799,0.0001089693072713579
2.62873,0.003913024902885681,0.0001181737384124842
2.63138,0.003325725166481687,0.0001013685008606386
2.63402,0.003717455951720311,0.0001125563632540258
2.63667,0.003440568188124305,0.0001048435247326376
2.63931,0.003172356201442841,9.787063792642665e-05
2.64195,0.004556245629855714,0.0001359466606470112
2.6446,0.002838917938401775,8.678210984806672e-05
2.64724,0.003619561598224197,0.0001093859596447786
2.64988,0.0047839698945616,0.0001429611463042724
2.65253,0.004103688263041067,0.0001241808898607168
2.65517,0.00294271136237514,9.052511243740572e-05
2.65782,0.003617505965593784,0.0001098005125615234
2.66046,0.002157203315760269,6.749328675269064e-05
2.6631,0.003155982103218645,9.657062940970504e-05
2.66575,0.003538771573251941,0.0001069124150748619
2.66839,0.002230283573806882,7.013030347830326e-05
2.67103,0.003254489941731412,0.0001018196402307933
2.67368,0.002997231409544949,9.568220952935502e-05
2.67632,0.002442691315205326,8.006907962460768e-05
2.67896,0.003614761306881245,0.0001150717041108329
2.68161,0.002012171337402884,6.767634682523774e-05
2.68425,0.00275725804661487,9.220962835620353e-05
2.6869,0.003010194714206441,9.985992663786822e-05
2.68954,0.004250391301331854,0.0001383742452492535
2.69218,0.0007770772058823533,2.715405694750366e-05
2.69483,0.002620398238068814,8.971714235691733e-05
2.69747,0.003926416273584905,0.0001311152823346746
2.70011,0.004377657394561598,0.0001431496318588959
2.70276,0.003057716911764706,0.000105486711533761
2.7054,0.003712387832963375,0.0001252788700254863
2.70805,0.002642456229189787,9.218339229669457e-05
2.71069,0.003089567771920091,0.0001058579922058502
2.71333,0.002772524209211989,9.69901147221594e-05
2.71598,0.004297158088235296,0.0001476470586269977
2.71862,0.003921352733074363,0.0001362865118261994
2.72126,0.002643987652608215,9.432602955105604e-05
2.72391,0.002179256728634848,7.815666681258056e-05
2.72655,0.003815762347391787,0.0001305443617369635
2.7292,0.003058918701442841,0.0001047652686649668
2.73184,0.004328088720865703,0.0001427418614525876
2.73448,0.003495683407325196,0.0001165532884237571
2.73713,0.001478137208657047,5.03961993385781e-05
2.73977,0.003801732311320753,0.0001254125832588221
2.74241,0.00533299549112098,0.000169258040848993
2.74506,0.004096722461154272,0.0001314938817244471
2.7477,0.003243454078801335,0.0001064812406614561
2.75035,0.004230974958379579,0.0001346064482227928
2.75299,0.00210820463374029,7.057008928779542e-05
2.75563,0.00350715878190899,0.0001122655304712193
2.75828,0.003411420782463932,0.0001095282277966913
2.76092,0.003264564372918977,0.0001064788344677026
2.76356,0.001523091009988903,5.072388110455186e-05
2.76621,0.001433268104883461,4.781274954423464e-05
2.76885,0.003366203731964485,0.0001085966183485752
2.77149,0.00174843916481687,5.794700536621371e-05
2.77414,0.001871818326859043,6.196132824261786e-05
2.77678,0.003096240566037735,9.921007753284105e-05
2.77943,0.003070890815760269,9.845288398856479e-05
2.78207,0.003179262486126526,0.0001023101029584186
2.78471,0.002851817147613762,9.279198943275262e-05
2.78736,0.003064199708657048,9.870838840850869e-05
2.79,0.002103028926193119,6.83917753076441e-05
2.79264,0.003946576581576024,0.0001247926156438529
2.79529,0.003634074639289676,0.0001153464574880827
2.79793,0.003324633254716983,0.0001058091105195981
2.80058,0.002864986473362932,9.127176582476825e-05
2.80322,0.002860540996115427,9.244765191140092e-05
2.80586,0.003127249028856826,0.0001005015511546357
2.80851,0.001721251248612651,5.636067213248327e-05
2.81115,0.002255450194228637,7.278172877096596e-05
2.81379,0.002885094131520534,9.220737164446251e-05
2.81644,0.002487548973362928,8.067303177515848e-05
2.81908,0.002627430424528304,8.444245404028981e-05
2.82173,0.003607463582130964,0.00011371118774742
2.82437,0.002944370976692565,9.352244084131872e-05
2.82701,0.004690010543840179,0.0001442096945546347
2.82966,0.003752818326859047,0.0001183467310303361
2.8323,0.002617836709211987,8.334789107726956e-05
2.83494,0.003834768937291897,0.0001199103293221018
2.83759,0.003656645394006658,0.0001137927602005595
2.84023,0.003537636168146504,0.0001112320191234648
2.84288,0.003576397891231963,0.0001132159945350986
2.84552,0.00166429557436182,5.358001341281388e-05
2.84816,0.003654070130410654,0.0001156087558560039
2.85081,0.002510785862930079,8.058708254901442e-05
2.85345,0.004930544741953385,0.0001508675075172849
2.85609,0.0041262887763596,0.0001280063321153625
2.85874,0.00391624341009989,0.0001219868077926527
2.86138,0.003151520602108766,0.0001003858268414393
2.86402,0.003335202136514981,0.0001054573314407767
2.86667,0.002818041134850168,8.99345597995015e-05
2.86931,0.004127497433407326,0.000128219834192311
2.87196,0.002457174597669257,7.832819612884643e-05
2.8746,0.003337347044950058,0.0001062400055016193
2.87724,0.002001710044395115,6.500448832735046e-05
2.87989,0.003049089206437292,9.700306276738131e-05
2.88253,0.003055464414539404,9.705898134953228e-05
2.88517,0.004840950749167593,0.0001496786723587351
2.88782,0.003661578454495006,0.0001155922163983341
2.89046,0.003010897475027744,9.470890246834246e-05
2.89311,0.003302126595449502,0.0001049640041476566
2.89575,0.001995318812430633,6.489212458993055e-05
2.89839,0.0009074313263041062,2.98258381425441e-05
2.90104,0.004432264428412877,0.0001375810335441097
2.90368,0.002323922447280797,7.414534418245476e-05
2.90632,0.002855431673140954,9.093237843073274e-05
2.90897,0.003686007977247505,0.0001162292610390896
2.91161,0.002061657602663706,6.672378904801081e-05
2.91426,0.003396159198113208,0.0001064355239579058
2.9169,0.003547163498890123,0.0001121668512203249
2.91954,0.002616110710321867,8.398278653237093e-05
2.92219,0.00243979557436182,7.727400547735292e-05
2.92483,0.003014489109322975,9.559816040074233e-05
2.92747,0.004043399625416203,0.0001253675245731693
2.93012,0.004702907463928969,0.0001457955569398929
2.93276,0.004464623473917869,0.0001377544335297671
2.93541,0.001967641023862375,6.313297873263567e-05
2.93805,0.001903559309100997,6.144563954217576e-05
2.94069,0.002685198737513873,8.522843877862403e-05
2.94334,0.002026814858490566,6.60119155700142e-05
2.94598,0.002376219755826861,7.532007547160846e-05
2.94862,0.002708559239733632,8.674073966515595e-05
2.95127,0.00273156263873474,8.737929876607222e-05
2.95391,0.002560489594894562,8.169970164797401e-05
2.95655,0.003904136237513873,0.0001212446499114601
2.9592,0.003280219686459487,0.0001019967656326529
2.96184,0.002095809031631519,6.785073416767383e-05
2.96449,0.00270910862930078,8.72597700303667e-05
2.96713,0.00479819908435072,0.000146876617419709
2.96977,0.003461925707547169,0.0001091201070198841
2.97242,0.003086937569367368,9.751695893870067e-05
2.97506,0.00259749556048835,8.384284526298046e-05
2.9777,0.002837535307991122,9.016017017959836e-05
2.98035,0.004335354397891233,0.0001336117818435332
2.98299,0.001484011098779136,4.877752899029156e-05
2.98564,0.002820149417314098,8.937887869590006e-05
2.98828,0.002562288845726971,8.205017578152534e-05
2.99092,0.002678113901220862,8.492562698134437e-05
2.99357,0.003133821101553827,9.917050510822452e-05
2.99621,0.002498035446725862,8.038527705088338e-05
2.99885,0.002657882630410656,8.483551527022019e-05
3.0015,0.003982174736403996,0.0001238757694688989
3.00414,0.003093086154273032,9.805933872595124e-05
3.00679,0.003672575402330745,0.0001146849842793914
3.00943,0.003927700471698112,0.000122742240209752
3.01207,0.002169738554384017,6.933484363380585e-05
3.01472,0.003704252289123197,0.0001163236508878186
3.01736,0.003455152192008876,0.0001088394116284071
3.02,0.003473062291897894,0.0001089354575538179
3.02265,0.002766931881243062,8.792275331132912e-05
3.02529,0.003250060488346281,0.0001020047550133993
3.02794,0.002237208171476138,7.207865994549033e-05
3.03058,0.001070588582130964,3.50806624704247e-05
3.03322,0.002958341495560488,9.399781138056724e-05
3.03587,0.002149889567147613,6.917612213352712e-05
3.03851,0.002285114941731409,7.25671395112256e-05
3.04115,0.004037944644839067,0.0001250710433783154
3.0438,0.002217240149833518,7.094232660269109e-05
3.04644,0.002492086015538293,7.897200650893441e-05
3.04908,0.001793642480577135,5.823941402544411e-05
3.05173,0.003675915233074365,0.0001142474731057621
3.05437,0.002849292244728077,9.020074610972844e-05
3.05702,0.004140822419533852,0.0001271415426895752
3.05966,0.003986247086570475,0.000121581143768645
3.0623,0.002911444228634852,9.189537385780172e-05
3.06495,0.002153117230854604,6.854773796978849e-05
3.06759,0.001897561806326305,6.081628099252238e-05
3.07023,0.003334478773584907,0.0001041962285473339
3.07288,0.004023900874028855,0.0001241395792177605
3.07552,0.002596918701442839,8.269319124827318e-05
3.07817,0.002580201234739177,8.218320604887624e-05
3.08081,0.003062812499999997,9.569563884990662e-05
3.08345,0.001826395255271921,5.872349357170805e-05
3.0861,0.003317894076026636,0.0001032510022013584
3.08874,0.001867615496670366,5.984906968434272e-05
3.09138,0.004470875069367372,0.0001365558676373437
3.09403,0.002678592327968922,8.462997416320932e-05
3.09667,0.003988259225860154,0.0001238259040754158
3.09932,0.002172355022197558,6.871806312638684e-05
3.10196,0.003429095102663709,0.0001066320793695093
3.1046,0.00209649347946726,6.679182819692649e-05
3.10725,0.00316317452830189,9.884482301183428e-05
3.10989,0.002317837957824639,7.39795717697522e-05
3.11253,0.003166500624306328,9.880854605727179e-05
3.11518,0.00231643701442841,7.373239750684674e-05
3.11782,0.003076755549389566,9.603732997582408e-05
3.12047,0.003203543215871254,9.981225252977599e-05
3.12311,0.002870929037180911,9.057019064145393e-05
3.12575,0.00287062687291898,8.983632822300812e-05
3.1284,0.003128752982796895,9.817271984892702e-05
3.13104,0.002874296337402885,9.045316438916627e-05
3.13368,0.00368397981409545,0.0001151328514315813
3.13633,0.004388290371809101,0.0001336840705568418
3.13897,0.003544704980577136,0.0001096316636992562
3.14161,0.002081382977247502,6.694473147302331e-05
3.14426,0.002430767272475029,7.784746157899984e-05
3.1469,0.002957570061043286,9.30043009937609e-05
3.14955,0.003302609600443951,0.0001031145706217965
3.15219,0.00285355917036626,8.956473915567387e-05
3.15483,0.002906035030521642,9.113324969611724e-05
3.15748,0.003481912042175359,0.0001082621169703328
3.16012,0.003317221073806881,0.0001035301160229747
3.16276,0.002636257283573808,8.367351871135654e-05
3.16541,0.002619647405660376,8.325525909337484e-05
3.16805,0.003360380202552721,0.000104639174487492
3.1707,0.001884534406215315,6.05698171003636e-05
3.17334,0.001887024972253054,6.021857152080698e-05
3.17598,0.002880891301331855,9.085247864355174e-05
3.17863,0.002904943118756938,9.115078577534329e-05
3.18127,0.002233003052164263,7.102710221253201e-05
3.18391,0.002328420574361819,7.391062680190732e-05
3.18656,0.0030411551054384,9.491625294929099e-05
3.1892,0.003174388942841285,9.990170267179715e-05
3.19185,0.00349938720865705,0.0001085342292597953
3.19449,0.002820643867924527,8.870239542758285e-05
3.19713,0.003247702691453942,0.0001014841826623074
3.19978,0.002332975929522755,7.370195055812771e-05
3.20242,0.001852438609877915,5.92199111198653e-05
3.20506,0.001320624930632627,4.254973796287585e-05
3.20771,0.003613525180355162,0.0001111900437574945
3.21035,0.001704932089345173,5.452448516422182e-05
3.213,0.003088812361265258,9.604739792616742e-05
3.21564,0.003986020463374029,0.0001204115613473187
3.21828,0.002385442633185349,7.502318815745249e-05
3.22093,0.002804812291897892,8.753117951120087e-05
3.22357,0.003893462056048833,0.0001193343075700742
3.22621,0.00210752705327414,6.646318315338003e-05
3.22886,0.002275791342952274,7.145621376019248e-05
3.2315,0.003717732935627084,0.000117058458000976
3.23414,0.002806368895671478,9.153484804875222e-05
3.23679,0.002929876248612653,9.599684880956928e-05
3.23943,0.002137677094894562,7.178186763535353e-05
3.24208,0.003603684239733632,0.0001194896115949377
3.24472,0.001979104952830192,6.850694800231109e-05
3.24736,0.00300630091564928,0.0001014888559276507
3.25001,0.002583598293562712,8.934850958144483e-05
3.25265,0.003476196101553829,0.0001197736423326995
3.25529,0.003607566592674808,0.0001253124471616057
3.25794,0.002622762902330744,9.211909994667918e-05
3.26058,0.002265787874583793,8.070762269373652e-05
3.26323,0.003979491884017757,0.0001375123577305026
3.26587,0.00289528530799112,0.0001032031895591224
3.26851,0.004663953454495003,0.0001626231803096992
3.27116,0.00311545775527192,0.0001113493010999986
3.2738,0.002113428412874583,7.737031133443608e-05
3.27644,0.001941357311320754,7.202190996127469e-05
3.27909,0.002899888734739179,0.0001063265445702418
3.28173,0.003757440066592677,0.0001345448048990237
3.28438,0.002305087541620422,8.67199121767045e-05
3.28702,0.0009072459073251937,3.388743495950541e-05
3.28966,0.001618272752497222,5.897734150240512e-05
3.29231,0.002444302857935629,8.622966881363608e-05
3.29495,0.002853167730299667,9.900411787445076e-05
3.29759,0.002534842258601555,8.808556532357797e-05
3.30024,0.001928556534406218,6.739965461552942e-05
3.30288,0.00227566773029967,7.891288083247492e-05
3.30553,0.002363295366259712,8.139194727168254e-05
3.30817,0.003594385821309654,0.0001205422815905642
3.31081,0.003316206992230851,0.0001120608951853735
3.31346,0.00251581277746948,8.642601074453532e-05
3.3161,0.003472258809655939,0.0001160461341249274
3.31874,0.003571602178135405,0.0001197376888684263
3.32139,0.002252119519977805,7.690050976002191e-05
3.32403,0.002918174250832407,9.880368398320641e-05
3.32667,0.002748135890677026,9.229766982155853e-05
3.32932,0.002998808615427302,0.0001003955534948722
3.33196,0.002792361750832408,9.449814542932336e-05
3.33461,0.003092406284683686,0.0001037706407606116
3.33725,0.00418478731964484,0.0001369837788484858
3.33989,0.002999671614872365,0.0001003045556336595
3.34254,0.002019416412319645,6.801699961558892e-05
3.34518,0.002148719825194227,7.284230219403034e-05
3.34782,0.001926967882907884,6.530643704008546e-05
3.35047,0.003397534961154274,0.0001112991641661551
3.35311,0.004436719062153161,0.0001425864236183705
3.35576,0.002815424667036623,9.370188750360388e-05
3.3584,0.003495749791897894,0.0001142578214874856
3.36104,0.002781495283018865,9.199105702669758e-05
3.36369,0.00308803405937847,0.0001024165839083076
3.36633,0.004011102386237516,0.0001295687385971621
3.36897,0.002376776012763598,7.957898585437497e-05
3.37162,0.003510331506659268,0.000113305006530773
3.37426,0.005099997086570476,0.0001620738760281018
3.37691,0.00241081069644839,8.065397785007428e-05
3.37955,0.001978349542175364,6.615631875487485e-05
3.38219,0.004139728218645947,0.0001325991353899601
3.38484,0.002543939234184237,8.411343171931793e-05
3.38748,0.002005835044395119,6.722745097586258e-05
3.39012,0.002741328038290788,9.114419110830138e-05
3.39277,0.002548016162597114,8.433610998623606e-05
3.39541,0.003323188817980021,0.000107928526109261
3.39806,0.00260302379300777,8.651313041632904e-05
3.4007,0.002337245144284127,7.794784132194441e-05
3.40334,0.002601760197003331,8.631378338798226e-05
3.40599,0.002661522336293006,8.804494854275705e-05
3.40863,0.001714823390677023,5.73457721681368e-05
3.41127,0.002761953038290789,9.098119869546304e-05
3.41392,0.001903415094339625,6.371272444673771e-05
3.41656,0.003255936667591562,0.000106195136928674
3.41921,0.002977565552164264,9.767216575069454e-05
3.42185,0.0013912214900111,4.690710429349076e-05
3.42449,0.003983497849611546,0.0001286066696959453
3.42714,0.00204059995837958,6.75730017985325e-05
3.42978,0.004732885821309657,0.0001499978912058787
3.43242,0.004966708310210878,0.000157113074653832
3.43507,0.002275850860155382,7.573096148436488e-05
3.43771,0.001677817425083239,5.644699929926115e-05
3.44035,0.002186266023862373,7.236846717381413e-05
3.443,0.001557267619311878,5.246135905220495e-05
3.44564,0.003656801054384019,0.0001181993728933823
3.44829,0.001372592605438401,4.588511308140062e-05
3.45093,0.003427497294672587,0.0001106135866744159
3.45357,0.002324959420088788,7.656830305713856e-05
3.45622,0.003041612930077692,9.887178881818142e-05
3.45886,0.003499780937846841,0.0001133372494071942
3.4615,0.003414781215316316,0.0001091577344353281
3.46415,0.005085264289678135,0.0001584012125014043
3.46679,0.001167487167036625,3.929436862293971e-05
3.46944,0.002090763804106548,6.918744588992362e-05
3.47208,0.003903389983351833,0.0001243996040119428
3.47472,0.002553782463928968,8.354480970857479e-05
3.47737,0.001765195546614872,5.835366905742108e-05
3.48001,0.002880369381243063,9.270673233920675e-05
3.48265,0.001865292036625972,6.122233893606555e-05
3.4853,0.003799843784683685,0.0001203751437227637
3.48794,0.003313098362930078,0.0001066672544554485
3.49059,0.003600538984461708,0.0001152025666658206
3.49323,0.002514100513318537,8.102663178494544e-05
3.49587,0.002398611958934517,7.726476257419586e-05
3.49852,0.003446467258601556,0.0001103033657066461
3.50116,0.003026545921198672,9.769260611855083e-05
3.5038,0.004175234808546059,0.0001314546069964622
3.50645,0.00212141516370699,6.937789415398481e-05
3.50909,0.002803541828523862,9.050128379338845e-05
3.51174,0.003314238346281908,0.0001056570050099244
3.51438,0.003066186667591566,9.90763774646389e-05
3.51702,0.002186925291342952,7.116531390085377e-05
3.51967,0.00238516564927858,7.795615609026034e-05
3.52231,0.003941277261376249,0.0001243404821615407
3.52495,0.002178993479467262,7.172952786957236e-05
3.5276,0.003656748404550499,0.0001154960236449237
3.53024,0.002854307713651498,9.161777413720004e-05
3.53288,0.002697580604883462,8.710424931421599e-05
3.53553,0.002991053066037733,9.653460712814941e-05
3.53817,0.001509880480022197,5.021325336936086e-05
3.54082,0.004423842744173143,0.0001378520942938207
3.54346,0.003046145394006659,9.775218744943233e-05
3.5461,0.003959620005549391,0.0001260444152237504
3.54875,0.00191590683962264,6.294955351665673e-05
3.55139,0.00200005729744728,6.543053404894217e-05
3.55403,0.004401841981132076,0.0001380239607431209
3.55668,0.002680760127635959,8.619379584030673e-05
3.55932,0.002539605923973364,8.251088512455883e-05
3.56197,0.004652940482796891,0.0001445005970284948
3.56461,0.00158387867647059,5.214779622460365e-05
3.56725,0.00300334336847947,9.67131811861198e-05
3.5699,0.003376607796892339,0.0001081111562400802
3.57254,0.002870688679245285,9.167902064087024e-05
3.57518,0.002259533990011096,7.335469920136798e-05
3.57783,0.001975414886237515,6.489099041393139e-05
3.58047,0.003593937153163155,0.0001143068967190294
3.58312,0.002703340038845725,8.735640091159276e-05
3.58576,0.003708116329078802,0.0001170264934145584
3.5884,0.00308818743063263,9.903622662719664e-05
3.59105,0.004366113346281909,0.0001365179985143978
3.59369,0.002506965316315203,8.126722591342506e-05
3.59633,0.003711653024417315,0.0001169609832470974
3.59898,0.001591629647613761,5.234403166968802e-05
3.60162,0.003197250416204218,0.0001027343331701975
3.60427,0.002504838720865706,8.157638369767589e-05
3.60691,0.00322650541065483,0.0001027611282642545
3.60955,0.001554909822419535,5.13451282781531e-05
3.6122,0.003005481409544947,9.666494774908372e-05
3.61484,0.003537858213096559,0.000113172253538145
3.61748,0.001933576581576027,6.30887216796756e-05
3.62013,0.00170857637347392,5.61303336272586e-05
3.62277,0.003541935141509436,0.0001125313874513572
3.62541,0.001026532117092121,3.41830486489942e-05
3.62806,0.003241249653163151,0.0001040983735178457
3.6307,0.001808196725860154,5.945438910249066e-05
3.63335,0.002423254370144283,7.90942701611186e-05
3.63599,0.002902894353496116,9.343318711610954e-05
3.63863,0.001992986195893451,6.525228023991452e-05
3.64128,0.003444134642064374,0.0001096437934440869
3.64392,0.002808330674250833,9.048333822849139e-05
3.64656,0.003188496809101002,0.0001017681575577856
3.64921,0.003412270047169808,0.0001092706278987812
3.65185,0.002109497988346284,6.898070950802051e-05
3.6545,0.002677738485016648,8.625940817224783e-05
3.65714,0.002260177233629304,7.350791976062788e-05
3.65978,0.00239097773307436,7.776239706498149e-05
3.66243,0.003287098501664817,0.0001048945467123817
3.66507,0.002525314927857936,8.176518798334473e-05
3.66771,0.003252860086015537,0.0001038039312135956
3.67036,0.001327606756381802,4.389998407771866e-05
3.673,0.003578709905660376,0.0001132722022279148
3.67565,0.001663066315205327,5.44527869056782e-05
3.67829,0.002722580119311875,8.73112915173495e-05
3.68093,0.002939289123196447,9.46476109510639e-05
3.68358,0.0017946977663707,5.82941023309681e-05
3.68622,0.0033065743618202,0.0001054438795688598
3.68886,0.002449020740843509,7.848797612300162e-05
3.69151,0.001568731548279691,5.151289458353604e-05
3.69415,0.002973007907880131,9.433962273001629e-05
3.6968,0.002727055355160931,8.650944563016269e-05
3.69944,0.001881249514428413,6.150186336686283e-05
3.70208,0.002000794395116537,6.448698684575346e-05
3.70473,0.00204950006936737,6.6330778535226e-05
3.70737,0.002102378815205324,6.730593588418362e-05
3.71001,0.002629163290788014,8.331320259459444e-05
3.71266,0.003482232519422865,0.0001089642753458929
3.7153,0.003103883948390681,9.874954866192354e-05
3.71794,0.004217107450055497,0.0001305368894506583
3.72059,0.003849357519422862,0.0001200767081241209
3.72323,0.002438891370699222,7.787912742795867e-05
3.72588,0.003286134780799111,0.0001037449812821436
3.72852,0.003753724819644838,0.0001168794838983042
3.73116,0.002437316453940069,7.755106159217358e-05
3.73381,0.002589492785793564,8.287622316262028e-05
3.73645,0.002150695338512764,6.879331446178078e-05
3.73909,0.002948392966148724,9.391701649873344e-05
3.74174,0.001885189095449504,6.056031867243398e-05
3.74438,0.00136440212264151,4.459782330717415e-05
3.74703,0.002555616051609322,8.211517963099215e-05
3.74967,0.002870896989456158,9.154182907138828e-05
3.75231,0.002791265260821311,8.768557822494644e-05
3.75496,0.002840453940066592,9.007239719862038e-05
3.7576,0.001866207685904551,6.009095195437212e-05
3.76024,0.002543273099334073,8.139499505271137e-05
3.76289,0.0009172905799112111,3.019093301188984e-05
3.76553,0.003296431256936735,0.0001037441974297591
3.76818,0.003061526012763598,9.675823715133393e-05
3.77082,0.003372954356270813,0.0001052987652004796
3.77346,0.002647789886237512,8.439440380637081e-05
3.77611,0.002816582963374029,8.935568456287094e-05
3.77875,0.001091007561043284,3.581449502943847e-05
3.78139,0.002998433199223083,9.49811496874958e-05
3.78404,0.002572285446725861,8.204169953494517e-05
3.78668,0.002254388041065485,7.216345753051439e-05
3.78933,0.001837357866259709,5.932189962865624e-05
3.79197,0.001947659267480578,6.50277701930266e-05
3.79461,0.002263391162597114,7.624977791482909e-05
3.79726,0.00366940038845727,0.0001208483091859755
3.7999,0.00216436827136515,7.491722292960707e-05
3.80254,0.001875203940066593,6.575023992323072e-05
3.80519,0.002672368201997781,9.327331472651141e-05
3.80783,0.003727947003329631,0.0001281417870272951
3.81047,0.001407867993895675,5.12913530436323e-05
3.81312,0.003957894006659268,0.0001399178423318438
3.81576,0.002098778024417314,7.653275063334966e-05
3.81841,0.001561097322419533,5.752422850259535e-05
3.82105,0.003415900596559383,0.000123769864583022
3.82369,0.001036109808546063,3.928732491257722e-05
3.82634,0.002110857727524972,7.86765521614451e-05
3.82898,0.001683556256936735,6.373733925695013e-05
3.83162,0.00178169783573807,6.776474975583371e-05
3.83427,0.003048793909544948,0.000113927462118575
3.83691,0.002147696587125418,8.27026521831221e-05
3.83956,0.002854863970588236,0.000108484015592077
3.8422,0.002733545019422864,0.0001046078600152461
3.84484,0.001694088512763595,6.655325871610778e-05
3.84749,0.001683888179800225,6.455508998813465e-05
3.85013,0.003507122155937847,0.0001265169769312387
3.85277,0.003339599542175364,0.0001186443646843271
3.85542,0.003662878676470592,0.0001298958808764597
3.85806,0.002278904550499445,8.216963431152287e-05
3.86071,0.002661842813540506,9.457375813827574e-05
3.86335,0.002415127982796893,8.558295393784153e-05
3.86599,0.001623292799667036,5.809450742961216e-05
3.86864,0.001440531492785793,5.153917091782316e-05
3.87128,0.001346746115427304,4.858559698249011e-05
3.87392,0.002746041342952274,9.55524836700307e-05
3.87657,0.00355425978079911,0.0001217988976146018
3.87921,0.0025375205327414,8.867583094524152e-05
3.88186,0.001496983559933407,5.331454086716887e-05
3.8845,0.002019851345726971,7.119610853633526e-05
3.88714,0.002237862860710322,7.771382955567847e-05
3.88979,0.003178115635405105,0.0001093379727822666
3.89243,0.002675868271365151,9.253112381654264e-05
3.89507,0.001951456922863485,6.752176951560192e-05
3.89772,0.003375863831853496,0.0001133978573876778
3.90036,0.004198171822974473,0.0001382742207608957
3.903,0.002645915094339622,8.96313432492825e-05
3.90565,0.002499635543840181,8.489108451997618e-05
3.90829,0.002053721212541622,7.012288157227665e-05
3.91094,0.003706225513318534,0.0001230609394599428
3.91358,0.002058922100443951,7.014014228425471e-05
3.91622,0.002448984114872362,8.227349207841726e-05
3.91887,0.002236793840177584,7.626495306911278e-05
3.92151,0.00247595456437292,8.304240277442787e-05
3.92415,0.003087704425638177,0.00010229046499124
3.9268,0.003930690066592675,0.0001286339907727181
3.92944,0.001789206159822422,6.047775253405825e-05
3.93209,0.002818979675360711,9.358866895500864e-05
3.93473,0.002253747086570478,7.498760899377051e-05
3.93737,0.001741677094894562,5.872152998865813e-05
3.94002,0.001669056950610433,5.649619464317758e-05
3.94266,0.0036184651082131,0.0001179504469590748
3.9453,0.002909651845172034,9.604943143907301e-05
3.94795,0.003150669048279689,0.0001032696847601331
3.95059,0.00276025679800222,9.159202766873558e-05
3.95324,0.003721960946170919,0.000121479362079774
3.95588,0.002866538498890123,9.480843258665991e-05
3.95852,0.002075028371254162,6.98223844036894e-05
3.96117,0.003268048418423973,0.0001075814080470163
3.96381,0.003087118410099887,0.0001013344441418049
3.96645,0.002669623543285237,8.823198794625795e-05
3.9691,0.003072815968368479,0.00010091359619312
3.97174,0.002442135058268592,8.172997911550955e-05
3.97439,0.003527193188124307,0.0001156618279512982
3.97703,0.001538002358490566,5.161633246920812e-05
3.97967,0.001100862236403995,3.757244673830223e-05
3.98232,0.002282789192563819,7.585325040431415e-05
3.98496,0.0031911384572697,0.0001044858772113249
3.9876,0.00158687513873474,5.355826822576619e-05
3.99025,0.003367476484461708,0.0001097521244133972
3.99289,0.001602635751942287,5.4578763292724e-05
